0 1
0 2
0 3
0 5
0 6
1 0
1 2
1 3
1 4
1 5
1 6
1 7
1 9
2 0
2 1
2 3
2 4
2 5
2 6
2 7
2 8
2 24
3 0
3 1
3 2
3 4
3 5
3 6
3 7
3 8
3 9
3 22
3 23
3 24
3 25
3 26
4 1
4 2
4 3
4 5
4 6
4 7
4 8
4 9
4 10
4 22
4 23
4 24
4 25
4 26
5 0
5 1
5 2
5 3
5 4
5 6
5 7
5 8
5 9
5 10
5 11
5 24
5 25
6 0
6 1
6 2
6 3
6 4
6 5
6 7
6 8
6 9
6 10
6 11
6 12
6 22
6 23
6 24
6 25
7 1
7 2
7 3
7 4
7 5
7 6
7 8
7 9
7 10
7 11
7 12
7 13
7 19
7 21
7 22
7 23
7 24
7 25
7 26
8 2
8 3
8 4
8 5
8 6
8 7
8 9
8 10
8 11
8 12
8 13
8 14
8 19
8 22
8 23
8 24
8 25
9 1
9 3
9 4
9 5
9 6
9 7
9 8
9 10
9 11
9 12
9 13
9 14
9 22
10 4
10 5
10 6
10 7
10 8
10 9
10 11
10 12
10 13
10 14
10 15
10 17
10 19
10 21
10 22
10 23
10 24
11 5
11 6
11 7
11 8
11 9
11 10
11 12
11 13
11 14
11 15
11 16
11 17
11 18
11 19
11 21
11 22
12 6
12 7
12 8
12 9
12 10
12 11
12 13
12 14
12 15
12 16
12 17
13 7
13 8
13 9
13 10
13 11
13 12
13 14
13 15
13 16
13 17
14 8
14 9
14 10
14 11
14 12
14 13
14 15
14 16
14 17
14 18
14 19
14 22
15 10
15 11
15 12
15 13
15 14
15 16
15 17
15 18
15 19
16 11
16 12
16 13
16 14
16 15
16 17
16 18
16 19
16 158
16 161
17 10
17 11
17 12
17 13
17 14
17 15
17 16
17 18
17 19
17 20
17 21
17 22
17 158
18 11
18 14
18 15
18 16
18 17
18 19
18 20
18 21
18 22
18 154
18 155
18 157
18 158
19 7
19 8
19 10
19 11
19 14
19 15
19 16
19 17
19 18
19 20
19 21
19 22
19 23
19 25
19 27
19 152
19 153
19 154
19 155
19 157
19 158
20 17
20 18
20 19
20 21
20 22
20 23
20 24
20 25
20 26
20 27
20 28
20 152
20 153
20 154
20 155
20 157
20 158
21 7
21 10
21 11
21 17
21 18
21 19
21 20
21 22
21 23
21 24
21 25
21 154
22 3
22 4
22 6
22 7
22 8
22 9
22 10
22 11
22 14
22 17
22 18
22 19
22 20
22 21
22 23
22 24
22 25
22 26
23 3
23 4
23 6
23 7
23 8
23 10
23 19
23 20
23 21
23 22
23 24
23 25
23 26
23 27
24 2
24 3
24 4
24 5
24 6
24 7
24 8
24 10
24 20
24 21
24 22
24 23
24 25
24 26
24 27
24 28
25 3
25 4
25 5
25 6
25 7
25 8
25 19
25 20
25 21
25 22
25 23
25 24
25 26
25 27
25 28
26 3
26 4
26 7
26 20
26 22
26 23
26 24
26 25
26 27
26 28
26 29
26 30
26 31
26 152
27 19
27 20
27 23
27 24
27 25
27 26
27 28
27 29
27 30
27 31
27 32
27 151
27 152
27 153
27 154
28 20
28 24
28 25
28 26
28 27
28 29
28 30
28 31
28 32
28 33
28 152
29 26
29 27
29 28
29 30
29 31
29 32
29 33
29 34
30 26
30 27
30 28
30 29
30 31
30 32
30 33
30 34
30 35
30 118
30 119
30 151
30 152
31 26
31 27
31 28
31 29
31 30
31 32
31 33
31 34
31 35
31 36
31 118
31 119
31 151
31 152
32 27
32 28
32 29
32 30
32 31
32 33
32 34
32 35
32 36
32 37
32 119
33 28
33 29
33 30
33 31
33 32
33 34
33 35
33 36
33 37
33 38
33 118
33 119
34 29
34 30
34 31
34 32
34 33
34 35
34 36
34 37
34 38
34 39
34 117
34 118
34 119
34 120
35 30
35 31
35 32
35 33
35 34
35 36
35 37
35 38
35 39
35 40
35 118
35 119
35 120
36 31
36 32
36 33
36 34
36 35
36 37
36 38
36 39
36 40
36 41
37 32
37 33
37 34
37 35
37 36
37 38
37 39
37 40
37 41
37 118
38 33
38 34
38 35
38 36
38 37
38 39
38 40
38 41
38 42
38 83
38 84
38 85
38 114
38 117
38 118
38 119
38 120
39 34
39 35
39 36
39 37
39 38
39 40
39 41
39 42
39 43
39 44
39 47
39 48
39 83
39 85
40 35
40 36
40 37
40 38
40 39
40 41
40 42
40 43
40 44
40 47
41 36
41 37
41 38
41 39
41 40
41 42
41 43
41 44
41 47
41 82
41 83
42 38
42 39
42 40
42 41
42 43
42 44
42 45
42 46
42 47
42 48
42 80
42 82
42 83
43 39
43 40
43 41
43 42
43 44
43 45
43 46
43 47
43 48
43 80
44 39
44 40
44 41
44 42
44 43
44 45
44 46
44 47
44 48
44 49
44 50
45 42
45 43
45 44
45 46
45 47
45 48
45 49
45 50
46 42
46 43
46 44
46 45
46 47
46 48
46 49
46 50
46 51
46 52
46 76
46 79
46 80
47 39
47 40
47 41
47 42
47 43
47 44
47 45
47 46
47 48
47 49
47 50
47 51
47 52
47 53
47 76
47 79
47 80
47 83
48 39
48 42
48 43
48 44
48 45
48 46
48 47
48 49
48 50
48 51
48 52
48 53
48 54
49 44
49 45
49 46
49 47
49 48
49 50
49 51
49 52
49 53
49 54
49 55
49 75
49 76
49 79
49 80
50 44
50 45
50 46
50 47
50 48
50 49
50 51
50 52
50 53
50 54
50 55
50 56
50 72
50 73
50 74
50 75
50 76
50 77
50 78
50 79
50 80
50 81
50 83
50 85
50 86
51 46
51 47
51 48
51 49
51 50
51 52
51 53
51 54
51 55
51 56
51 57
51 73
51 76
51 80
51 83
51 85
51 86
52 46
52 47
52 48
52 49
52 50
52 51
52 53
52 54
52 55
52 56
52 57
52 58
52 72
52 73
52 76
53 47
53 48
53 49
53 50
53 51
53 52
53 54
53 55
53 56
53 57
53 58
53 59
53 69
53 71
53 72
53 73
53 74
53 75
53 76
53 77
53 79
53 86
54 48
54 49
54 50
54 51
54 52
54 53
54 55
54 56
54 57
54 58
54 59
54 60
54 69
54 70
54 71
54 72
54 73
54 74
54 75
54 76
54 77
54 85
54 86
54 87
54 89
54 90
55 49
55 50
55 51
55 52
55 53
55 54
55 56
55 57
55 58
55 59
55 60
55 61
55 69
55 72
55 73
55 76
55 86
55 89
56 50
56 51
56 52
56 53
56 54
56 55
56 57
56 58
56 59
56 60
56 61
56 62
56 68
56 69
56 71
56 72
56 73
57 51
57 52
57 53
57 54
57 55
57 56
57 58
57 59
57 60
57 61
57 62
57 63
57 65
57 66
57 67
57 68
57 69
57 70
57 71
57 72
57 73
57 74
57 75
57 76
57 86
57 89
57 90
57 93
58 52
58 53
58 54
58 55
58 56
58 57
58 59
58 60
58 61
58 62
58 63
58 64
58 65
58 66
58 68
58 69
58 70
58 72
58 73
58 89
58 90
58 92
58 93
59 53
59 54
59 55
59 56
59 57
59 58
59 60
59 61
59 62
59 63
59 64
59 65
59 66
59 68
59 69
60 54
60 55
60 56
60 57
60 58
60 59
60 61
60 62
60 63
60 64
60 65
60 66
60 67
60 68
60 69
60 70
60 71
60 72
60 93
61 55
61 56
61 57
61 58
61 59
61 60
61 62
61 63
61 64
61 65
61 66
61 67
61 68
61 69
61 70
61 89
61 90
61 92
61 93
61 96
62 56
62 57
62 58
62 59
62 60
62 61
62 63
62 64
62 65
62 66
62 69
62 93
63 57
63 58
63 59
63 60
63 61
63 62
63 64
63 65
63 66
63 68
63 69
64 58
64 59
64 60
64 61
64 62
64 63
64 65
64 66
64 67
64 68
64 69
64 93
64 96
64 97
65 57
65 58
65 59
65 60
65 61
65 62
65 63
65 64
65 66
65 67
65 68
65 69
65 70
65 93
65 97
66 57
66 58
66 59
66 60
66 61
66 62
66 63
66 64
66 65
66 67
66 68
66 69
66 70
66 71
66 72
66 90
66 92
66 93
66 94
66 95
66 96
66 97
67 57
67 60
67 61
67 64
67 65
67 66
67 68
67 69
67 70
67 71
67 72
67 93
67 94
67 97
68 56
68 57
68 58
68 59
68 60
68 61
68 63
68 64
68 65
68 66
68 67
68 69
68 70
68 71
68 72
68 73
68 74
68 93
69 53
69 54
69 55
69 56
69 57
69 58
69 59
69 60
69 61
69 62
69 63
69 64
69 65
69 66
69 67
69 68
69 70
69 71
69 72
69 73
69 74
69 89
69 90
69 92
69 93
69 94
70 54
70 57
70 58
70 60
70 61
70 65
70 66
70 67
70 68
70 69
70 71
70 72
70 73
70 74
70 75
70 76
70 89
70 90
70 91
70 92
70 93
70 94
70 97
71 53
71 54
71 56
71 57
71 60
71 66
71 67
71 68
71 69
71 70
71 72
71 73
71 74
71 75
71 76
71 77
71 90
72 50
72 52
72 53
72 54
72 55
72 56
72 57
72 58
72 60
72 66
72 67
72 68
72 69
72 70
72 71
72 73
72 74
72 75
72 76
72 77
72 78
72 86
72 89
72 90
73 50
73 51
73 52
73 53
73 54
73 55
73 56
73 57
73 58
73 68
73 69
73 70
73 71
73 72
73 74
73 75
73 76
73 77
73 78
73 79
73 85
73 86
73 87
73 88
73 89
73 90
73 91
73 93
74 50
74 53
74 54
74 57
74 68
74 69
74 70
74 71
74 72
74 73
74 75
74 76
74 77
74 78
74 79
74 81
74 86
74 87
74 89
74 90
75 49
75 50
75 53
75 54
75 57
75 70
75 71
75 72
75 73
75 74
75 76
75 77
75 78
75 79
75 80
75 81
75 86
76 46
76 47
76 49
76 50
76 51
76 52
76 53
76 54
76 55
76 57
76 70
76 71
76 72
76 73
76 74
76 75
76 77
76 78
76 79
76 80
76 81
76 83
76 85
76 86
76 87
76 90
77 50
77 53
77 54
77 71
77 72
77 73
77 74
77 75
77 76
77 78
77 79
77 80
77 81
77 82
77 83
77 84
77 85
77 86
77 87
77 90
78 50
78 72
78 73
78 74
78 75
78 76
78 77
78 79
78 80
78 81
78 82
78 83
78 86
79 46
79 47
79 49
79 50
79 53
79 73
79 74
79 75
79 76
79 77
79 78
79 80
79 81
79 82
79 83
80 42
80 43
80 46
80 47
80 49
80 50
80 51
80 75
80 76
80 77
80 78
80 79
80 81
80 82
80 83
80 84
80 86
81 50
81 74
81 75
81 76
81 77
81 78
81 79
81 80
81 82
81 83
81 84
81 86
81 87
81 113
82 41
82 42
82 77
82 78
82 79
82 80
82 81
82 83
82 84
82 85
82 86
82 87
82 109
82 110
82 112
82 113
82 114
83 38
83 39
83 41
83 42
83 47
83 50
83 51
83 76
83 77
83 78
83 79
83 80
83 81
83 82
83 84
83 85
83 86
83 87
83 88
83 109
83 110
83 113
83 114
83 120
84 38
84 77
84 80
84 81
84 82
84 83
84 85
84 86
84 87
84 88
84 89
84 106
84 107
84 108
84 109
84 110
84 111
84 112
84 113
84 114
84 115
84 119
84 120
84 121
84 123
84 124
85 38
85 39
85 50
85 51
85 54
85 73
85 76
85 77
85 82
85 83
85 84
85 86
85 87
85 88
85 89
85 90
85 91
85 106
85 107
85 110
85 111
85 113
85 114
85 119
85 120
85 121
85 123
85 124
86 50
86 51
86 53
86 54
86 55
86 57
86 72
86 73
86 74
86 75
86 76
86 77
86 78
86 80
86 81
86 82
86 83
86 84
86 85
86 87
86 88
86 89
86 90
86 91
86 106
86 107
86 110
86 120
87 54
87 73
87 74
87 76
87 77
87 81
87 82
87 83
87 84
87 85
87 86
87 88
87 89
87 90
87 91
87 92
87 93
87 103
87 104
87 105
87 106
87 107
87 108
87 109
87 110
87 111
87 113
87 120
87 124
88 73
88 83
88 84
88 85
88 86
88 87
88 89
88 90
88 91
88 92
88 93
88 94
88 103
88 104
88 106
88 107
88 108
88 109
88 110
88 111
88 120
88 121
88 123
88 124
88 125
88 127
89 54
89 55
89 57
89 58
89 61
89 69
89 70
89 72
89 73
89 74
89 84
89 85
89 86
89 87
89 88
89 90
89 91
89 92
89 93
89 94
89 103
89 106
89 107
89 110
89 120
89 123
89 124
90 54
90 57
90 58
90 61
90 66
90 69
90 70
90 71
90 72
90 73
90 74
90 76
90 77
90 85
90 86
90 87
90 88
90 89
90 91
90 92
90 93
90 94
90 95
90 96
90 102
90 103
90 106
90 107
91 70
91 73
91 85
91 86
91 87
91 88
91 89
91 90
91 92
91 93
91 94
91 95
91 96
91 97
91 99
91 100
91 101
91 102
91 103
91 104
91 105
91 106
91 107
91 108
91 110
91 124
91 127
91 128
92 58
92 61
92 66
92 69
92 70
92 87
92 88
92 89
92 90
92 91
92 93
92 94
92 95
92 96
92 97
92 98
92 99
92 100
92 102
92 103
92 104
92 106
92 107
92 124
92 127
93 57
93 58
93 60
93 61
93 62
93 64
93 65
93 66
93 67
93 68
93 69
93 70
93 73
93 87
93 88
93 89
93 90
93 91
93 92
93 94
93 95
93 96
93 97
93 98
93 99
93 100
93 102
93 103
94 66
94 67
94 69
94 70
94 88
94 89
94 90
94 91
94 92
94 93
94 95
94 96
94 97
94 98
94 99
94 100
94 101
94 102
94 103
94 104
94 106
95 66
95 90
95 91
95 92
95 93
95 94
95 96
95 97
95 98
95 99
95 100
95 101
95 102
95 103
95 104
95 127
95 131
96 61
96 64
96 66
96 90
96 91
96 92
96 93
96 94
96 95
96 97
96 98
96 99
96 100
96 103
97 64
97 65
97 66
97 67
97 70
97 91
97 92
97 93
97 94
97 95
97 96
97 98
97 99
97 100
97 103
98 92
98 93
98 94
98 95
98 96
98 97
98 99
98 100
98 101
98 102
98 103
99 91
99 92
99 93
99 94
99 95
99 96
99 97
99 98
99 100
99 101
99 102
99 103
99 104
100 91
100 92
100 93
100 94
100 95
100 96
100 97
100 98
100 99
100 101
100 102
100 103
100 104
100 105
100 106
100 128
100 131
101 91
101 94
101 95
101 98
101 99
101 100
101 102
101 103
101 104
101 105
101 106
101 107
102 90
102 91
102 92
102 93
102 94
102 95
102 98
102 99
102 100
102 101
102 103
102 104
102 105
102 106
102 107
102 108
103 87
103 88
103 89
103 90
103 91
103 92
103 93
103 94
103 95
103 96
103 97
103 98
103 99
103 100
103 101
103 102
103 104
103 105
103 106
103 107
103 108
103 109
103 127
103 128
103 131
104 87
104 88
104 91
104 92
104 94
104 95
104 99
104 100
104 101
104 102
104 103
104 105
104 106
104 107
104 108
104 109
104 110
104 124
104 127
104 128
104 131
104 132
105 87
105 91
105 100
105 101
105 102
105 103
105 104
105 106
105 107
105 108
105 109
105 110
106 84
106 85
106 86
106 87
106 88
106 89
106 90
106 91
106 92
106 94
106 100
106 101
106 102
106 103
106 104
106 105
106 107
106 108
106 109
106 110
106 111
106 112
106 124
107 84
107 85
107 86
107 87
107 88
107 89
107 90
107 91
107 92
107 101
107 102
107 103
107 104
107 105
107 106
107 108
107 109
107 110
107 111
107 112
107 113
107 120
107 121
107 123
107 124
107 125
107 126
107 127
107 128
108 84
108 87
108 88
108 91
108 102
108 103
108 104
108 105
108 106
108 107
108 109
108 110
108 111
108 112
108 113
108 114
108 116
108 121
108 124
108 125
108 128
109 82
109 83
109 84
109 87
109 88
109 103
109 104
109 105
109 106
109 107
109 108
109 110
109 111
109 112
109 113
109 114
109 115
109 121
109 124
110 82
110 83
110 84
110 85
110 86
110 87
110 88
110 89
110 91
110 104
110 105
110 106
110 107
110 108
110 109
110 111
110 112
110 113
110 114
110 115
110 116
110 120
110 121
110 122
110 123
110 124
110 125
111 84
111 85
111 87
111 88
111 106
111 107
111 108
111 109
111 110
111 112
111 113
111 114
111 115
111 116
111 117
111 118
111 120
111 121
111 122
111 123
111 124
111 125
112 82
112 84
112 106
112 107
112 108
112 109
112 110
112 111
112 113
112 114
112 115
112 116
112 117
112 121
113 81
113 82
113 83
113 84
113 85
113 87
113 107
113 108
113 109
113 110
113 111
113 112
113 114
113 115
113 116
113 117
113 120
113 121
114 38
114 82
114 83
114 84
114 85
114 108
114 109
114 110
114 111
114 112
114 113
114 115
114 116
114 117
114 118
114 119
114 120
114 121
114 122
114 124
115 84
115 109
115 110
115 111
115 112
115 113
115 114
115 116
115 117
115 118
115 120
115 121
116 108
116 110
116 111
116 112
116 113
116 114
116 115
116 117
116 118
116 119
116 120
116 121
116 122
116 124
116 125
116 147
116 148
116 151
117 34
117 38
117 111
117 112
117 113
117 114
117 115
117 116
117 118
117 119
117 120
117 121
117 122
117 147
117 148
117 150
117 151
118 30
118 31
118 33
118 34
118 35
118 37
118 38
118 111
118 114
118 115
118 116
118 117
118 119
118 120
118 121
118 122
118 123
118 148
118 151
118 152
119 30
119 31
119 32
119 33
119 34
119 35
119 38
119 84
119 85
119 114
119 116
119 117
119 118
119 120
119 121
119 122
119 123
119 124
119 148
119 151
119 152
119 153
120 34
120 35
120 38
120 83
120 84
120 85
120 86
120 87
120 88
120 89
120 107
120 110
120 111
120 113
120 114
120 115
120 116
120 117
120 118
120 119
120 121
120 122
120 123
120 124
120 125
121 84
121 85
121 88
121 107
121 108
121 109
121 110
121 111
121 112
121 113
121 114
121 115
121 116
121 117
121 118
121 119
121 120
121 122
121 123
121 124
121 125
121 126
121 127
121 147
121 148
121 151
122 110
122 111
122 114
122 116
122 117
122 118
122 119
122 120
122 121
122 123
122 124
122 125
122 126
122 127
122 144
122 145
122 147
122 148
122 149
122 150
122 151
122 152
122 153
122 156
123 84
123 85
123 88
123 89
123 107
123 110
123 111
123 118
123 119
123 120
123 121
123 122
123 124
123 125
123 126
123 127
123 128
123 129
123 148
123 151
123 153
123 156
124 84
124 85
124 87
124 88
124 89
124 91
124 92
124 104
124 106
124 107
124 108
124 109
124 110
124 111
124 114
124 116
124 119
124 120
124 121
124 122
124 123
124 125
124 126
124 127
124 128
124 129
124 130
124 144
124 145
124 147
124 148
125 88
125 107
125 108
125 110
125 111
125 116
125 120
125 121
125 122
125 123
125 124
125 126
125 127
125 128
125 129
125 130
125 131
125 141
125 142
125 143
125 144
125 145
125 146
125 147
125 148
125 149
125 151
125 153
125 156
126 107
126 121
126 122
126 123
126 124
126 125
126 127
126 128
126 129
126 130
126 131
126 132
126 141
126 142
126 144
126 145
126 146
126 147
126 148
126 149
126 153
126 155
126 156
126 159
127 88
127 91
127 92
127 95
127 103
127 104
127 107
127 121
127 122
127 123
127 124
127 125
127 126
127 128
127 129
127 130
127 131
127 132
127 133
127 141
127 144
127 145
127 148
127 156
128 91
128 100
128 103
128 104
128 107
128 108
128 123
128 124
128 125
128 126
128 127
128 129
128 130
128 131
128 132
128 133
128 134
128 140
128 141
128 143
128 144
128 145
129 123
129 124
129 125
129 126
129 127
129 128
129 130
129 131
129 132
129 133
129 134
129 135
129 137
129 138
129 139
129 140
129 141
129 142
129 143
129 144
129 145
129 146
129 147
129 148
129 156
129 159
130 124
130 125
130 126
130 127
130 128
130 129
130 131
130 132
130 133
130 134
130 135
130 136
130 137
130 138
130 140
130 141
130 142
130 144
130 145
130 156
130 159
131 95
131 100
131 103
131 104
131 125
131 126
131 127
131 128
131 129
131 130
131 132
131 133
131 134
131 135
131 136
131 137
131 138
131 140
131 141
132 104
132 126
132 127
132 128
132 129
132 130
132 131
132 133
132 134
132 135
132 136
132 137
132 138
132 139
132 140
132 141
132 142
132 143
132 144
133 127
133 128
133 129
133 130
133 131
133 132
133 134
133 135
133 136
133 137
133 138
133 139
133 140
133 141
133 142
133 159
133 163
134 128
134 129
134 130
134 131
134 132
134 133
134 135
134 136
134 137
134 138
134 141
135 129
135 130
135 131
135 132
135 133
135 134
135 136
135 137
135 138
135 140
135 141
136 130
136 131
136 132
136 133
136 134
136 135
136 137
136 138
136 139
136 140
136 141
137 129
137 130
137 131
137 132
137 133
137 134
137 135
137 136
137 138
137 139
137 140
137 141
137 142
138 129
138 130
138 131
138 132
138 133
138 134
138 135
138 136
138 137
138 139
138 140
138 141
138 142
138 143
138 144
138 163
139 129
139 132
139 133
139 136
139 137
139 138
139 140
139 141
139 142
139 143
139 144
139 145
139 163
140 128
140 129
140 130
140 131
140 132
140 133
140 135
140 136
140 137
140 138
140 139
140 141
140 142
140 143
140 144
140 145
140 146
141 125
141 126
141 127
141 128
141 129
141 130
141 131
141 132
141 133
141 134
141 135
141 136
141 137
141 138
141 139
141 140
141 142
141 143
141 144
141 145
141 146
141 156
141 159
141 160
141 163
142 125
142 126
142 129
142 130
142 132
142 133
142 137
142 138
142 139
142 140
142 141
142 143
142 144
142 145
142 146
142 147
142 148
142 156
142 157
142 159
142 160
142 161
142 162
142 163
142 164
143 125
143 128
143 129
143 132
143 138
143 139
143 140
143 141
143 142
143 144
143 145
143 146
143 147
143 148
143 149
143 160
144 122
144 124
144 125
144 126
144 127
144 128
144 129
144 130
144 132
144 138
144 139
144 140
144 141
144 142
144 143
144 145
144 146
144 147
144 148
144 149
144 150
144 156
144 160
145 122
145 124
145 125
145 126
145 127
145 128
145 129
145 130
145 139
145 140
145 141
145 142
145 143
145 144
145 146
145 147
145 148
145 149
145 150
145 151
145 153
145 154
145 155
145 156
145 157
145 158
145 159
145 160
145 163
146 125
146 126
146 129
146 140
146 141
146 142
146 143
146 144
146 145
146 147
146 148
146 149
146 150
146 151
146 152
146 153
146 156
146 157
146 159
146 160
147 116
147 117
147 121
147 122
147 124
147 125
147 126
147 129
147 142
147 143
147 144
147 145
147 146
147 148
147 149
147 150
147 151
147 152
147 153
147 156
147 157
148 116
148 117
148 118
148 119
148 121
148 122
148 123
148 124
148 125
148 126
148 127
148 129
148 142
148 143
148 144
148 145
148 146
148 147
148 149
148 150
148 151
148 152
148 153
148 154
148 155
148 156
148 157
149 122
149 125
149 126
149 143
149 144
149 145
149 146
149 147
149 148
149 150
149 151
149 152
149 153
149 154
149 155
149 156
149 157
149 158
149 159
149 160
150 117
150 122
150 144
150 145
150 146
150 147
150 148
150 149
150 151
150 152
150 153
150 154
150 156
150 157
151 27
151 30
151 31
151 116
151 117
151 118
151 119
151 121
151 122
151 123
151 125
151 145
151 146
151 147
151 148
151 149
151 150
151 152
151 153
151 154
151 156
152 19
152 20
152 26
152 27
152 28
152 30
152 31
152 118
152 119
152 122
152 146
152 147
152 148
152 149
152 150
152 151
152 153
152 154
152 155
152 156
152 157
153 19
153 20
153 27
153 119
153 122
153 123
153 125
153 126
153 145
153 146
153 147
153 148
153 149
153 150
153 151
153 152
153 154
153 155
153 156
153 157
153 158
153 159
154 18
154 19
154 20
154 21
154 27
154 145
154 148
154 149
154 150
154 151
154 152
154 153
154 155
154 156
154 157
154 158
154 159
155 18
155 19
155 20
155 126
155 145
155 148
155 149
155 152
155 153
155 154
155 156
155 157
155 158
155 159
155 160
156 122
156 123
156 125
156 126
156 127
156 129
156 130
156 141
156 142
156 144
156 145
156 146
156 147
156 148
156 149
156 150
156 151
156 152
156 153
156 154
156 155
156 157
156 158
156 159
156 160
156 161
156 162
157 18
157 19
157 20
157 142
157 145
157 146
157 147
157 148
157 149
157 150
157 152
157 153
157 154
157 155
157 156
157 158
157 159
157 160
157 161
157 162
157 163
158 16
158 17
158 18
158 19
158 20
158 145
158 149
158 153
158 154
158 155
158 156
158 157
158 159
158 160
158 161
158 162
158 163
159 126
159 129
159 130
159 133
159 141
159 142
159 145
159 146
159 149
159 153
159 154
159 155
159 156
159 157
159 158
159 160
159 161
159 162
159 163
159 164
160 141
160 142
160 143
160 144
160 145
160 146
160 149
160 155
160 156
160 157
160 158
160 159
160 161
160 162
160 163
160 164
160 165
160 167
161 16
161 142
161 156
161 157
161 158
161 159
161 160
161 162
161 163
161 164
161 165
161 166
161 167
161 168
162 142
162 156
162 157
162 158
162 159
162 160
162 161
162 163
162 164
162 165
162 166
162 167
162 168
163 133
163 138
163 139
163 141
163 142
163 145
163 157
163 158
163 159
163 160
163 161
163 162
163 164
163 165
163 166
163 167
163 168
164 142
164 159
164 160
164 161
164 162
164 163
164 165
164 166
164 167
164 168
164 169
165 160
165 161
165 162
165 163
165 164
165 166
165 167
165 168
165 169
165 170
165 171
166 161
166 162
166 163
166 164
166 165
166 167
166 168
166 169
166 170
166 171
166 172
167 160
167 161
167 162
167 163
167 164
167 165
167 166
167 168
167 169
167 170
167 171
167 172
167 173
168 161
168 162
168 163
168 164
168 165
168 166
168 167
168 169
168 170
168 171
168 172
168 173
168 174
169 164
169 165
169 166
169 167
169 168
169 170
169 171
169 172
169 173
169 174
169 175
170 165
170 166
170 167
170 168
170 169
170 171
170 172
170 173
170 174
170 175
170 176
171 165
171 166
171 167
171 168
171 169
171 170
171 172
171 173
171 174
171 175
171 176
171 177
172 166
172 167
172 168
172 169
172 170
172 171
172 173
172 174
172 175
172 176
172 177
172 178
173 167
173 168
173 169
173 170
173 171
173 172
173 174
173 175
173 176
173 177
173 178
173 179
174 168
174 169
174 170
174 171
174 172
174 173
174 175
174 176
174 177
174 178
174 179
174 180
175 169
175 170
175 171
175 172
175 173
175 174
175 176
175 177
175 178
175 179
175 180
175 181
176 170
176 171
176 172
176 173
176 174
176 175
176 177
176 178
176 179
176 180
176 181
177 171
177 172
177 173
177 174
177 175
177 176
177 178
177 179
177 180
177 181
177 182
178 172
178 173
178 174
178 175
178 176
178 177
178 179
178 180
178 181
178 182
178 183
179 173
179 174
179 175
179 176
179 177
179 178
179 180
179 181
179 182
179 183
179 184
180 174
180 175
180 176
180 177
180 178
180 179
180 181
180 182
180 183
180 184
180 185
181 175
181 176
181 177
181 178
181 179
181 180
181 182
181 183
181 184
181 185
182 177
182 178
182 179
182 180
182 181
182 183
182 184
182 185
183 178
183 179
183 180
183 181
183 182
183 184
183 185
183 186
184 179
184 180
184 181
184 182
184 183
184 185
184 186
184 187
185 180
185 181
185 182
185 183
185 184
185 186
185 187
185 188
186 183
186 184
186 185
186 187
186 188
187 184
187 185
187 186
187 188
188 185
188 186
188 187
