0 1
0 2
0 3
1 0
1 2
1 3
1 4
2 0
2 1
2 3
2 4
2 5
2 25
2 26
2 27
2 28
3 0
3 1
3 2
3 4
3 5
3 6
3 24
3 25
3 26
3 118
3 119
3 120
4 1
4 2
4 3
4 5
4 6
4 7
4 23
4 24
4 25
4 26
4 38
4 117
4 118
4 119
4 120
5 2
5 3
5 4
5 6
5 7
5 22
5 23
5 24
5 25
5 26
5 38
5 116
5 117
5 118
5 119
5 120
6 3
6 4
6 5
6 7
6 8
6 9
6 21
6 22
6 23
6 24
6 25
6 38
6 39
6 115
6 116
6 117
6 118
6 119
7 4
7 5
7 6
7 8
7 9
7 10
7 20
7 21
7 22
7 23
7 24
7 40
7 87
7 91
7 113
7 114
7 115
7 116
7 117
7 118
8 6
8 7
8 9
8 10
8 19
8 20
8 21
8 22
8 23
8 40
8 41
8 43
8 112
8 113
8 114
8 115
8 116
8 117
9 6
9 7
9 8
9 10
9 11
9 12
9 18
9 19
9 20
9 21
9 22
9 42
9 91
9 111
9 112
9 113
9 114
9 115
9 116
10 7
10 8
10 9
10 11
10 12
10 13
10 17
10 18
10 19
10 20
10 21
10 110
10 111
10 112
10 113
10 114
10 115
11 9
11 10
11 12
11 13
11 14
11 15
11 16
11 17
11 18
11 19
11 20
11 107
11 108
11 109
11 110
11 111
11 112
11 113
11 114
12 9
12 10
12 11
12 13
12 14
12 15
12 16
12 17
12 107
12 108
12 109
12 110
12 111
12 112
12 113
13 10
13 11
13 12
13 14
13 15
13 16
13 17
13 107
13 109
13 110
13 111
14 11
14 12
14 13
14 15
14 16
14 17
14 110
15 11
15 12
15 13
15 14
15 16
15 17
15 18
16 11
16 12
16 13
16 14
16 15
16 17
16 18
16 19
17 10
17 11
17 12
17 13
17 14
17 15
17 16
17 18
17 19
17 20
17 42
17 43
17 44
18 9
18 10
18 11
18 15
18 16
18 17
18 19
18 20
18 21
18 42
18 43
18 44
18 45
19 8
19 9
19 10
19 11
19 16
19 17
19 18
19 20
19 21
19 22
19 41
19 42
19 43
19 44
19 114
20 7
20 8
20 9
20 10
20 11
20 17
20 18
20 19
20 21
20 22
20 23
20 40
20 41
20 42
20 43
20 44
20 48
20 114
21 6
21 7
21 8
21 9
21 10
21 18
21 19
21 20
21 22
21 23
21 24
21 39
21 40
21 41
21 42
21 43
21 48
21 114
21 115
21 116
22 5
22 6
22 7
22 8
22 9
22 19
22 20
22 21
22 23
22 24
22 25
22 38
22 39
22 40
22 41
22 42
22 43
22 48
22 49
22 50
22 91
23 4
23 5
23 6
23 7
23 8
23 20
23 21
23 22
23 24
23 25
23 26
23 37
23 38
23 39
23 40
23 41
23 48
23 50
23 117
24 3
24 4
24 5
24 6
24 7
24 21
24 22
24 23
24 25
24 26
24 27
24 36
24 37
24 38
24 39
24 40
24 90
25 2
25 3
25 4
25 5
25 6
25 22
25 23
25 24
25 26
25 27
25 28
25 35
25 36
25 37
25 38
25 39
26 2
26 3
26 4
26 5
26 23
26 24
26 25
26 27
26 28
26 29
26 34
26 35
26 36
26 37
26 38
27 2
27 24
27 25
27 26
27 28
27 29
27 30
27 33
27 34
27 35
27 36
27 37
28 2
28 25
28 26
28 27
28 29
28 30
28 31
28 32
28 33
28 34
28 35
28 36
29 26
29 27
29 28
29 30
29 31
29 32
29 33
29 34
29 35
30 27
30 28
30 29
30 31
30 32
30 33
30 34
31 28
31 29
31 30
31 32
31 33
31 34
32 28
32 29
32 30
32 31
32 33
32 34
32 35
32 56
32 57
32 58
32 59
33 27
33 28
33 29
33 30
33 31
33 32
33 34
33 35
33 36
33 54
33 55
33 56
33 57
33 58
33 59
34 26
34 27
34 28
34 29
34 30
34 31
34 32
34 33
34 35
34 36
34 37
34 54
34 55
34 56
34 57
34 58
34 59
35 25
35 26
35 27
35 28
35 29
35 32
35 33
35 34
35 36
35 37
35 38
35 52
35 53
35 54
35 55
35 56
35 57
36 24
36 25
36 26
36 27
36 28
36 33
36 34
36 35
36 37
36 38
36 39
36 52
36 53
36 54
36 55
36 56
36 57
36 90
36 93
36 94
37 23
37 24
37 25
37 26
37 27
37 34
37 35
37 36
37 38
37 39
37 40
37 50
37 51
37 52
37 53
37 54
37 55
37 94
38 4
38 5
38 6
38 22
38 23
38 24
38 25
38 26
38 35
38 36
38 37
38 39
38 40
38 41
38 49
38 50
38 51
38 52
38 53
38 54
38 90
38 91
38 94
39 6
39 21
39 22
39 23
39 24
39 25
39 36
39 37
39 38
39 40
39 41
39 42
39 48
39 49
39 50
39 51
39 52
39 53
40 7
40 8
40 20
40 21
40 22
40 23
40 24
40 37
40 38
40 39
40 41
40 42
40 43
40 47
40 48
40 49
40 50
40 51
40 52
41 8
41 19
41 20
41 21
41 22
41 23
41 38
41 39
41 40
41 42
41 43
41 44
41 45
41 46
41 47
41 48
41 49
41 50
41 51
42 9
42 17
42 18
42 19
42 20
42 21
42 22
42 39
42 40
42 41
42 43
42 44
42 45
42 46
42 47
42 48
42 49
43 8
43 17
43 18
43 19
43 20
43 21
43 22
43 40
43 41
43 42
43 44
43 45
43 46
43 47
43 48
44 17
44 18
44 19
44 20
44 41
44 42
44 43
44 45
44 46
44 47
45 18
45 41
45 42
45 43
45 44
45 46
45 47
45 48
46 41
46 42
46 43
46 44
46 45
46 47
46 48
46 49
47 40
47 41
47 42
47 43
47 44
47 45
47 46
47 48
47 49
47 50
48 20
48 21
48 22
48 23
48 39
48 40
48 41
48 42
48 43
48 45
48 46
48 47
48 49
48 50
48 51
49 22
49 38
49 39
49 40
49 41
49 42
49 46
49 47
49 48
49 50
49 51
49 52
50 22
50 23
50 37
50 38
50 39
50 40
50 41
50 47
50 48
50 49
50 51
50 52
50 53
51 37
51 38
51 39
51 40
51 41
51 48
51 49
51 50
51 52
51 53
51 54
51 94
52 35
52 36
52 37
52 38
52 39
52 40
52 49
52 50
52 51
52 53
52 54
52 55
53 35
53 36
53 37
53 38
53 39
53 50
53 51
53 52
53 54
53 55
53 56
53 93
53 94
53 97
54 33
54 34
54 35
54 36
54 37
54 38
54 51
54 52
54 53
54 55
54 56
54 57
54 94
54 97
55 33
55 34
55 35
55 36
55 37
55 52
55 53
55 54
55 56
55 57
55 58
55 93
55 94
55 96
55 97
56 32
56 33
56 34
56 35
56 36
56 53
56 54
56 55
56 57
56 58
56 59
56 93
57 32
57 33
57 34
57 35
57 36
57 54
57 55
57 56
57 58
57 59
57 60
57 61
57 62
57 93
58 32
58 33
58 34
58 55
58 56
58 57
58 59
58 60
58 61
58 62
59 32
59 33
59 34
59 56
59 57
59 58
59 60
59 61
59 62
59 63
59 64
60 57
60 58
60 59
60 61
60 62
60 63
60 64
60 65
61 57
61 58
61 59
61 60
61 62
61 63
61 64
61 65
61 89
62 57
62 58
62 59
62 60
62 61
62 63
62 64
62 65
62 66
63 59
63 60
63 61
63 62
63 64
63 65
63 66
63 67
64 59
64 60
64 61
64 62
64 63
64 65
64 66
64 67
64 86
65 60
65 61
65 62
65 63
65 64
65 66
65 67
65 68
65 85
65 86
66 62
66 63
66 64
66 65
66 67
66 68
66 69
66 70
66 71
66 72
66 84
66 85
66 86
67 63
67 64
67 65
67 66
67 68
67 69
67 70
67 71
67 72
68 65
68 66
68 67
68 69
68 70
68 71
69 66
69 67
69 68
69 70
69 71
69 72
70 66
70 67
70 68
70 69
70 71
70 72
70 73
71 66
71 67
71 68
71 69
71 70
71 72
71 73
71 74
72 66
72 67
72 69
72 70
72 71
72 73
72 74
72 75
73 70
73 71
73 72
73 74
73 75
73 76
74 71
74 72
74 73
74 75
74 76
74 77
75 72
75 73
75 74
75 76
75 77
76 73
76 74
76 75
76 77
76 78
76 79
77 74
77 75
77 76
77 78
77 79
77 80
78 76
78 77
78 79
78 80
78 81
79 76
79 77
79 78
79 80
79 81
79 82
80 77
80 78
80 79
80 81
80 82
80 83
81 78
81 79
81 80
81 82
81 83
81 84
81 85
81 112
82 79
82 80
82 81
82 83
82 84
82 85
83 80
83 81
83 82
83 84
83 85
83 86
83 87
83 88
83 112
83 113
84 66
84 81
84 82
84 83
84 85
84 86
84 87
84 88
84 89
85 65
85 66
85 81
85 82
85 83
85 84
85 86
85 87
85 88
85 89
85 90
86 64
86 65
86 66
86 83
86 84
86 85
86 87
86 88
86 89
86 90
86 91
87 7
87 83
87 84
87 85
87 86
87 88
87 89
87 90
87 91
87 92
87 113
87 116
88 83
88 84
88 85
88 86
88 87
88 89
88 90
88 91
88 92
88 93
88 108
88 111
88 113
89 61
89 84
89 85
89 86
89 87
89 88
89 90
89 91
89 92
89 93
89 94
90 24
90 36
90 38
90 85
90 86
90 87
90 88
90 89
90 91
90 92
90 93
90 94
90 95
90 96
91 7
91 9
91 22
91 38
91 86
91 87
91 88
91 89
91 90
91 92
91 93
91 94
91 95
91 96
91 104
91 108
92 87
92 88
92 89
92 90
92 91
92 93
92 94
92 95
92 96
92 97
92 104
92 105
92 108
93 36
93 53
93 55
93 56
93 57
93 88
93 89
93 90
93 91
93 92
93 94
93 95
93 96
93 97
93 98
94 36
94 37
94 38
94 51
94 53
94 54
94 55
94 89
94 90
94 91
94 92
94 93
94 95
94 96
94 97
94 98
94 99
94 104
95 90
95 91
95 92
95 93
95 94
95 96
95 97
95 98
95 99
95 100
95 101
95 103
95 104
95 107
95 108
96 55
96 90
96 91
96 92
96 93
96 94
96 95
96 97
96 98
96 99
96 100
96 101
96 103
96 104
97 53
97 54
97 55
97 92
97 93
97 94
97 95
97 96
97 98
97 99
97 100
98 93
98 94
98 95
98 96
98 97
98 99
98 100
98 101
99 94
99 95
99 96
99 97
99 98
99 100
99 101
99 102
99 103
99 104
100 95
100 96
100 97
100 98
100 99
100 101
100 102
100 103
100 104
100 105
101 95
101 96
101 98
101 99
101 100
101 102
101 103
101 104
101 105
101 106
102 99
102 100
102 101
102 103
102 104
102 105
102 106
102 107
103 95
103 96
103 99
103 100
103 101
103 102
103 104
103 105
103 106
103 107
103 108
104 91
104 92
104 94
104 95
104 96
104 99
104 100
104 101
104 102
104 103
104 105
104 106
104 107
104 108
104 109
105 92
105 100
105 101
105 102
105 103
105 104
105 106
105 107
105 108
105 109
105 110
106 101
106 102
106 103
106 104
106 105
106 107
106 108
106 109
106 110
106 111
107 11
107 12
107 13
107 95
107 102
107 103
107 104
107 105
107 106
107 108
107 109
107 110
107 111
108 11
108 12
108 88
108 91
108 92
108 95
108 103
108 104
108 105
108 106
108 107
108 109
108 110
108 111
108 112
109 11
109 12
109 13
109 104
109 105
109 106
109 107
109 108
109 110
109 111
109 112
110 10
110 11
110 12
110 13
110 14
110 105
110 106
110 107
110 108
110 109
110 111
110 112
111 9
111 10
111 11
111 12
111 13
111 88
111 106
111 107
111 108
111 109
111 110
111 112
111 113
111 114
112 8
112 9
112 10
112 11
112 12
112 81
112 83
112 108
112 109
112 110
112 111
112 113
112 114
112 115
113 7
113 8
113 9
113 10
113 11
113 12
113 83
113 87
113 88
113 111
113 112
113 114
113 115
113 116
114 7
114 8
114 9
114 10
114 11
114 19
114 20
114 21
114 111
114 112
114 113
114 115
114 116
115 6
115 7
115 8
115 9
115 10
115 21
115 112
115 113
115 114
115 116
115 117
115 118
116 5
116 6
116 7
116 8
116 9
116 21
116 87
116 113
116 114
116 115
116 117
116 118
116 119
117 4
117 5
117 6
117 7
117 8
117 23
117 115
117 116
117 118
117 119
117 120
118 3
118 4
118 5
118 6
118 7
118 115
118 116
118 117
118 119
118 120
119 3
119 4
119 5
119 6
119 116
119 117
119 118
119 120
120 3
120 4
120 5
120 117
120 118
120 119
