0 1
0 2
1 0
1 2
1 3
2 0
2 1
2 3
2 4
3 1
3 2
3 4
3 5
4 2
4 3
4 5
4 6
5 3
5 4
5 6
5 7
6 4
6 5
6 7
6 8
7 5
7 6
7 8
7 9
7 10
8 6
8 7
8 9
8 10
8 11
9 7
9 8
9 10
9 11
9 12
10 7
10 8
10 9
10 11
10 12
11 8
11 9
11 10
11 12
11 13
11 14
12 9
12 10
12 11
12 13
12 14
12 15
13 11
13 12
13 14
13 15
13 16
13 17
14 11
14 12
14 13
14 15
14 16
14 17
14 18
15 12
15 13
15 14
15 16
15 17
15 18
15 19
16 13
16 14
16 15
16 17
16 18
16 19
16 20
17 13
17 14
17 15
17 16
17 18
17 19
17 20
17 21
18 14
18 15
18 16
18 17
18 19
18 20
18 21
18 22
19 15
19 16
19 17
19 18
19 20
19 21
19 22
19 23
19 24
20 16
20 17
20 18
20 19
20 21
20 22
20 23
20 24
20 25
21 17
21 18
21 19
21 20
21 22
21 23
21 24
21 25
21 26
22 18
22 19
22 20
22 21
22 23
22 24
22 25
22 26
22 27
23 19
23 20
23 21
23 22
23 24
23 25
23 26
23 27
23 28
24 19
24 20
24 21
24 22
24 23
24 25
24 26
24 27
24 28
24 29
25 20
25 21
25 22
25 23
25 24
25 26
25 27
25 28
25 29
25 30
26 21
26 22
26 23
26 24
26 25
26 27
26 28
26 29
26 30
26 31
27 22
27 23
27 24
27 25
27 26
27 28
27 29
27 30
27 31
27 32
28 23
28 24
28 25
28 26
28 27
28 29
28 30
28 31
28 32
28 33
29 24
29 25
29 26
29 27
29 28
29 30
29 31
29 32
29 33
29 34
30 25
30 26
30 27
30 28
30 29
30 31
30 32
30 33
30 34
30 35
31 26
31 27
31 28
31 29
31 30
31 32
31 33
31 34
31 35
32 27
32 28
32 29
32 30
32 31
32 33
32 34
32 35
32 36
32 37
33 28
33 29
33 30
33 31
33 32
33 34
33 35
33 36
33 37
34 29
34 30
34 31
34 32
34 33
34 35
34 36
34 37
35 30
35 31
35 32
35 33
35 34
35 36
35 37
35 38
36 32
36 33
36 34
36 35
36 37
36 38
36 39
37 32
37 33
37 34
37 35
37 36
37 38
37 39
37 40
38 35
38 36
38 37
38 39
38 40
38 41
39 36
39 37
39 38
39 40
39 41
39 42
39 43
40 37
40 38
40 39
40 41
40 42
40 43
41 38
41 39
41 40
41 42
41 43
41 44
42 39
42 40
42 41
42 43
42 44
42 45
42 46
42 47
42 220
43 39
43 40
43 41
43 42
43 44
43 45
43 46
43 47
43 48
43 219
43 220
44 41
44 42
44 43
44 45
44 46
44 47
44 48
44 49
44 220
45 42
45 43
45 44
45 46
45 47
45 48
45 49
45 190
45 219
45 220
45 221
46 42
46 43
46 44
46 45
46 47
46 48
46 49
46 190
46 218
46 219
46 220
46 221
46 252
47 42
47 43
47 44
47 45
47 46
47 48
47 49
47 50
47 175
47 176
47 188
47 189
47 190
47 219
47 220
47 221
47 222
47 250
47 252
48 43
48 44
48 45
48 46
48 47
48 49
48 50
48 51
48 170
48 171
48 172
48 187
48 188
48 189
48 190
48 191
48 219
48 220
48 221
48 222
49 44
49 45
49 46
49 47
49 48
49 50
49 51
49 52
49 171
49 187
49 188
49 189
49 190
49 191
50 47
50 48
50 49
50 51
50 52
50 53
50 98
50 171
50 172
50 173
50 184
50 185
50 186
50 187
50 188
50 189
50 190
51 48
51 49
51 50
51 52
51 53
51 54
51 55
51 56
51 98
51 170
51 171
51 172
51 186
51 187
51 188
51 189
51 190
52 49
52 50
52 51
52 53
52 54
52 55
52 56
52 98
52 187
52 188
52 189
53 50
53 51
53 52
53 54
53 55
53 56
53 57
53 96
53 97
53 98
53 99
53 151
53 186
53 187
54 51
54 52
54 53
54 55
54 56
54 57
54 58
54 59
54 96
54 97
54 98
54 150
54 151
54 152
54 187
55 51
55 52
55 53
55 54
55 56
55 57
55 58
55 59
55 96
55 98
55 150
55 151
55 152
55 171
55 187
55 189
56 51
56 52
56 53
56 54
56 55
56 57
56 58
56 59
56 60
56 73
56 96
56 97
56 98
56 151
56 152
56 153
56 154
56 155
56 170
56 171
56 187
56 188
56 189
56 231
57 53
57 54
57 55
57 56
57 58
57 59
57 60
57 73
57 74
57 95
57 96
57 97
57 98
57 148
57 149
57 150
57 151
57 152
57 153
57 154
57 155
58 54
58 55
58 56
58 57
58 59
58 60
58 72
58 73
58 74
58 75
58 76
58 80
58 95
58 96
58 97
58 151
58 152
58 153
58 154
58 155
58 156
58 230
58 231
58 238
59 54
59 55
59 56
59 57
59 58
59 60
59 61
59 62
59 71
59 72
59 73
59 74
59 75
59 80
59 93
59 94
59 95
59 96
59 97
59 98
59 151
59 152
59 153
59 154
59 155
59 171
59 172
59 187
59 229
59 230
59 231
60 56
60 57
60 58
60 59
60 61
60 62
60 63
60 70
60 71
60 72
60 73
60 74
60 80
60 81
60 82
60 92
60 93
60 94
60 95
60 96
60 97
60 98
60 106
60 107
60 108
60 152
60 172
60 229
60 230
60 231
61 59
61 60
61 62
61 63
61 68
61 69
61 70
61 71
61 72
61 73
61 91
61 92
61 93
61 94
61 95
61 96
61 97
61 98
61 99
61 100
61 108
61 172
61 173
61 226
61 227
61 229
61 230
62 59
62 60
62 61
62 63
62 64
62 65
62 66
62 67
62 68
62 69
62 70
62 71
62 72
62 73
62 80
62 82
62 86
62 90
62 91
62 92
62 93
62 94
62 95
62 108
62 109
62 110
62 111
62 226
62 227
62 229
63 60
63 61
63 62
63 64
63 65
63 66
63 67
63 68
63 69
63 70
63 71
63 89
63 90
63 91
63 92
63 93
63 94
63 100
63 110
64 62
64 63
64 65
64 66
64 67
64 68
64 69
64 70
64 86
64 88
64 89
64 90
64 91
64 92
64 93
65 62
65 63
65 64
65 66
65 67
65 68
65 69
65 89
65 90
65 91
65 92
66 62
66 63
66 64
66 65
66 67
66 68
66 69
66 92
66 101
67 62
67 63
67 64
67 65
67 66
67 68
67 69
67 70
67 92
67 100
68 61
68 62
68 63
68 64
68 65
68 66
68 67
68 69
68 70
68 71
68 91
68 92
68 93
68 100
68 101
68 173
68 183
68 226
68 227
69 61
69 62
69 63
69 64
69 65
69 66
69 67
69 68
69 70
69 71
69 86
69 87
69 91
69 92
69 225
69 226
69 227
69 228
69 229
70 60
70 61
70 62
70 63
70 64
70 67
70 68
70 69
70 71
70 72
70 82
70 83
70 85
70 86
70 87
70 91
70 93
70 172
70 173
70 174
70 225
70 226
70 227
70 228
70 229
70 230
70 242
71 59
71 60
71 61
71 62
71 63
71 68
71 69
71 70
71 72
71 73
71 80
71 81
71 82
71 83
71 86
71 93
71 94
71 171
71 172
71 173
71 174
71 225
71 226
71 227
71 228
71 229
71 230
71 231
71 241
71 242
72 58
72 59
72 60
72 61
72 62
72 70
72 71
72 73
72 74
72 75
72 79
72 80
72 81
72 82
72 83
72 86
72 93
72 94
72 95
72 138
72 139
72 140
72 172
72 227
72 228
72 229
72 230
72 231
72 241
72 242
73 56
73 57
73 58
73 59
73 60
73 61
73 62
73 71
73 72
73 74
73 75
73 76
73 79
73 80
73 81
73 82
73 83
73 93
73 95
73 139
73 140
73 153
73 154
73 155
73 229
73 230
73 231
73 232
73 238
73 241
74 57
74 58
74 59
74 60
74 72
74 73
74 75
74 76
74 77
74 78
74 79
74 80
74 81
74 82
74 93
74 95
74 96
74 139
74 140
74 146
74 152
74 153
74 154
74 155
74 156
74 231
75 58
75 59
75 72
75 73
75 74
75 76
75 77
75 78
75 79
75 80
75 81
75 82
75 139
75 153
75 154
75 155
75 156
75 157
75 238
75 268
75 272
76 58
76 73
76 74
76 75
76 77
76 78
76 79
76 80
76 81
76 141
76 142
76 145
76 146
76 148
76 153
76 154
76 155
76 156
76 157
76 272
77 74
77 75
77 76
77 78
77 79
77 80
77 141
77 142
77 144
77 145
77 146
77 147
77 148
77 152
77 153
77 154
78 74
78 75
78 76
78 77
78 79
78 80
78 109
78 111
78 140
78 141
78 142
78 143
78 144
78 145
78 146
78 147
78 154
78 272
78 275
79 72
79 73
79 74
79 75
79 76
79 77
79 78
79 80
79 81
79 82
79 93
79 111
79 113
79 114
79 139
79 140
79 141
79 142
79 143
79 144
79 145
79 146
79 154
79 271
79 272
79 275
80 58
80 59
80 60
80 62
80 71
80 72
80 73
80 74
80 75
80 76
80 77
80 78
80 79
80 81
80 82
80 93
80 95
80 111
80 114
80 138
80 139
80 140
80 141
80 142
80 154
80 229
81 60
81 71
81 72
81 73
81 74
81 75
81 76
81 79
81 80
81 82
81 83
81 84
81 114
81 115
81 116
81 137
81 138
81 139
81 140
81 141
81 229
81 230
81 231
81 241
81 268
82 60
82 62
82 70
82 71
82 72
82 73
82 74
82 75
82 79
82 80
82 81
82 83
82 84
82 85
82 86
82 87
82 116
82 136
82 137
82 138
82 139
82 140
82 227
82 228
82 229
82 230
82 231
82 240
82 241
82 242
82 243
82 259
83 70
83 71
83 72
83 73
83 81
83 82
83 84
83 85
83 86
83 87
83 116
83 117
83 133
83 135
83 136
83 137
83 138
83 139
83 227
83 228
83 229
83 230
83 241
83 242
83 243
83 244
83 258
83 259
84 81
84 82
84 83
84 85
84 86
84 87
84 88
84 114
84 115
84 116
84 117
84 120
84 121
84 122
84 133
84 134
84 135
84 136
84 137
84 138
84 139
84 140
84 228
84 229
84 243
85 70
85 82
85 83
85 84
85 86
85 87
85 88
85 116
85 120
85 121
85 122
85 123
85 133
85 136
85 137
85 138
85 228
85 229
85 243
85 244
86 62
86 64
86 69
86 70
86 71
86 72
86 82
86 83
86 84
86 85
86 87
86 88
86 89
86 91
86 116
86 136
86 137
86 138
86 226
86 228
86 229
86 243
87 69
87 70
87 82
87 83
87 84
87 85
87 86
87 88
87 89
87 90
87 91
87 114
87 115
87 116
87 137
87 138
87 139
87 140
88 64
88 84
88 85
88 86
88 87
88 89
88 90
88 91
88 114
89 63
89 64
89 65
89 86
89 87
89 88
89 90
89 91
89 92
89 111
89 114
90 62
90 63
90 64
90 65
90 87
90 88
90 89
90 91
90 92
90 110
90 111
90 112
90 113
90 114
90 140
91 61
91 62
91 63
91 64
91 65
91 68
91 69
91 70
91 86
91 87
91 88
91 89
91 90
91 92
91 93
91 94
91 109
91 110
91 111
91 112
91 113
91 114
91 140
91 142
92 60
92 61
92 62
92 63
92 64
92 65
92 66
92 67
92 68
92 69
92 89
92 90
92 91
92 93
92 94
92 95
92 108
92 109
92 110
92 111
92 112
92 140
92 142
92 143
93 59
93 60
93 61
93 62
93 63
93 64
93 68
93 70
93 71
93 72
93 73
93 74
93 79
93 80
93 91
93 92
93 94
93 95
93 96
93 97
93 106
93 107
93 108
93 109
93 110
93 111
93 140
93 141
93 142
93 143
94 59
94 60
94 61
94 62
94 63
94 71
94 72
94 91
94 92
94 93
94 95
94 96
94 97
94 98
94 100
94 103
94 105
94 106
94 107
94 108
94 109
94 110
94 146
95 57
95 58
95 59
95 60
95 61
95 62
95 72
95 73
95 74
95 80
95 92
95 93
95 94
95 96
95 97
95 98
95 105
95 106
95 107
95 108
95 109
95 146
95 147
95 151
95 152
95 153
96 53
96 54
96 55
96 56
96 57
96 58
96 59
96 60
96 61
96 74
96 93
96 94
96 95
96 97
96 98
96 99
96 104
96 105
96 106
96 107
96 108
96 146
96 148
96 149
96 150
96 151
96 152
96 153
97 53
97 54
97 56
97 57
97 58
97 59
97 60
97 61
97 93
97 94
97 95
97 96
97 98
97 99
97 100
97 101
97 102
97 103
97 104
97 105
97 106
97 107
97 108
97 151
97 152
97 186
97 187
98 50
98 51
98 52
98 53
98 54
98 55
98 56
98 57
98 59
98 60
98 61
98 94
98 95
98 96
98 97
98 99
98 100
98 101
98 102
98 103
98 104
98 106
98 151
98 172
98 173
98 185
98 186
98 187
98 188
99 53
99 61
99 96
99 97
99 98
99 100
99 101
99 102
99 103
99 104
99 106
99 173
99 183
99 184
99 185
99 186
99 187
100 61
100 63
100 67
100 68
100 94
100 97
100 98
100 99
100 101
100 102
100 103
100 104
100 173
100 183
100 184
100 185
100 186
100 187
101 66
101 68
101 97
101 98
101 99
101 100
101 102
101 103
101 104
101 183
101 184
101 185
101 186
102 97
102 98
102 99
102 100
102 101
102 103
102 104
102 105
102 106
102 185
102 186
103 94
103 97
103 98
103 99
103 100
103 101
103 102
103 104
103 105
103 106
103 107
103 108
104 96
104 97
104 98
104 99
104 100
104 101
104 102
104 103
104 105
104 106
104 107
105 94
105 95
105 96
105 97
105 102
105 103
105 104
105 106
105 107
105 108
105 151
106 60
106 93
106 94
106 95
106 96
106 97
106 98
106 99
106 102
106 103
106 104
106 105
106 107
106 108
106 109
106 146
106 151
106 152
107 60
107 93
107 94
107 95
107 96
107 97
107 103
107 104
107 105
107 106
107 108
107 109
107 145
107 146
107 147
107 151
107 152
108 60
108 61
108 62
108 92
108 93
108 94
108 95
108 96
108 97
108 103
108 105
108 106
108 107
108 109
108 110
108 111
108 142
108 144
108 146
109 62
109 78
109 91
109 92
109 93
109 94
109 95
109 106
109 107
109 108
109 110
109 111
109 112
109 141
109 142
109 143
109 144
109 145
109 146
110 62
110 63
110 90
110 91
110 92
110 93
110 94
110 108
110 109
110 111
110 112
110 113
110 140
110 141
110 142
110 143
110 144
111 62
111 78
111 79
111 80
111 89
111 90
111 91
111 92
111 93
111 108
111 109
111 110
111 112
111 113
111 114
111 139
111 140
111 141
111 142
111 143
111 144
112 90
112 91
112 92
112 109
112 110
112 111
112 113
112 114
112 140
112 141
112 142
112 143
112 144
113 79
113 90
113 91
113 110
113 111
113 112
113 114
113 115
113 116
113 139
113 140
113 141
113 142
113 143
113 275
114 79
114 80
114 81
114 84
114 87
114 88
114 89
114 90
114 91
114 111
114 112
114 113
114 115
114 116
114 117
114 138
114 139
114 140
114 141
114 142
115 81
115 84
115 87
115 113
115 114
115 116
115 117
115 118
115 137
115 138
115 139
115 140
115 141
115 268
115 271
116 81
116 82
116 83
116 84
116 85
116 86
116 87
116 113
116 114
116 115
116 117
116 118
116 119
116 120
116 121
116 135
116 136
116 137
116 138
116 139
116 140
117 83
117 84
117 114
117 115
117 116
117 118
117 119
117 120
117 121
117 134
117 135
117 136
117 137
117 138
117 139
117 264
117 267
117 268
117 271
118 115
118 116
118 117
118 119
118 120
118 121
118 135
118 136
118 137
118 138
118 267
119 116
119 117
119 118
119 120
119 121
119 122
119 134
119 135
119 136
119 137
120 84
120 85
120 116
120 117
120 118
120 119
120 121
120 122
120 123
120 132
120 133
120 134
120 135
120 136
120 137
120 138
121 84
121 85
121 116
121 117
121 118
121 119
121 120
121 122
121 123
121 124
121 132
121 133
121 134
121 135
121 136
122 84
122 85
122 119
122 120
122 121
122 123
122 124
122 125
122 131
122 132
122 133
122 134
122 135
122 136
123 85
123 120
123 121
123 122
123 124
123 125
123 126
123 127
123 128
123 129
123 130
123 131
123 132
123 133
123 134
123 136
124 121
124 122
124 123
124 125
124 126
124 127
124 128
124 129
124 130
124 131
124 132
124 133
125 122
125 123
125 124
125 126
125 127
125 128
125 129
125 130
125 131
125 132
125 133
126 123
126 124
126 125
126 127
126 128
126 129
126 130
126 131
126 244
126 245
126 246
126 247
127 123
127 124
127 125
127 126
127 128
127 129
127 130
127 131
127 132
127 245
127 246
127 247
128 123
128 124
128 125
128 126
128 127
128 129
128 130
128 131
128 132
128 204
128 205
128 206
128 207
128 246
129 123
129 124
129 125
129 126
129 127
129 128
129 130
129 131
129 132
129 204
129 205
129 206
129 207
129 208
130 123
130 124
130 125
130 126
130 127
130 128
130 129
130 131
130 132
130 133
130 207
131 122
131 123
131 124
131 125
131 126
131 127
131 128
131 129
131 130
131 132
131 133
131 134
131 207
131 208
131 244
132 120
132 121
132 122
132 123
132 124
132 125
132 127
132 128
132 129
132 130
132 131
132 133
132 134
132 135
132 136
132 207
132 208
132 209
132 244
133 83
133 84
133 85
133 120
133 121
133 122
133 123
133 124
133 125
133 130
133 131
133 132
133 134
133 135
133 136
133 137
133 207
133 208
133 212
133 243
133 244
133 257
133 258
133 259
134 84
134 117
134 119
134 120
134 121
134 122
134 123
134 131
134 132
134 133
134 135
134 136
134 137
134 207
134 208
134 209
134 210
134 211
134 212
134 243
134 258
134 259
135 83
135 84
135 116
135 117
135 118
135 119
135 120
135 121
135 122
135 132
135 133
135 134
135 136
135 137
135 138
135 209
135 211
135 212
135 243
135 258
135 259
135 260
135 261
135 263
135 264
136 82
136 83
136 84
136 85
136 86
136 116
136 117
136 118
136 119
136 120
136 121
136 122
136 123
136 132
136 133
136 134
136 135
136 137
136 138
136 211
136 212
136 229
136 241
136 242
136 243
136 244
136 258
136 259
136 260
137 81
137 82
137 83
137 84
137 85
137 86
137 87
137 115
137 116
137 117
137 118
137 119
137 120
137 133
137 134
137 135
137 136
137 138
137 139
137 229
137 241
137 242
137 243
137 258
137 259
137 260
137 261
137 264
137 268
138 72
138 80
138 81
138 82
138 83
138 84
138 85
138 86
138 87
138 114
138 115
138 116
138 117
138 118
138 120
138 135
138 136
138 137
138 139
138 140
138 141
138 229
138 241
138 268
139 72
139 73
139 74
139 75
139 79
139 80
139 81
139 82
139 83
139 84
139 87
139 111
139 113
139 114
139 115
139 116
139 117
139 137
139 138
139 140
139 141
139 142
139 268
139 271
139 272
140 72
140 73
140 74
140 78
140 79
140 80
140 81
140 82
140 84
140 87
140 90
140 91
140 92
140 93
140 110
140 111
140 112
140 113
140 114
140 115
140 116
140 138
140 139
140 141
140 142
140 143
140 272
141 76
141 77
141 78
141 79
141 80
141 81
141 93
141 109
141 110
141 111
141 112
141 113
141 114
141 115
141 138
141 139
141 140
141 142
141 143
141 144
141 145
141 271
141 272
141 275
142 76
142 77
142 78
142 79
142 80
142 91
142 92
142 93
142 108
142 109
142 110
142 111
142 112
142 113
142 114
142 139
142 140
142 141
142 143
142 144
142 145
142 146
143 78
143 79
143 92
143 93
143 109
143 110
143 111
143 112
143 113
143 140
143 141
143 142
143 144
143 145
143 146
144 77
144 78
144 79
144 108
144 109
144 110
144 111
144 112
144 141
144 142
144 143
144 145
144 146
144 147
145 76
145 77
145 78
145 79
145 107
145 109
145 141
145 142
145 143
145 144
145 146
145 147
145 148
146 74
146 76
146 77
146 78
146 79
146 94
146 95
146 96
146 106
146 107
146 108
146 109
146 142
146 143
146 144
146 145
146 147
146 148
146 149
146 152
146 153
146 154
147 77
147 78
147 95
147 107
147 144
147 145
147 146
147 148
147 149
147 151
147 152
147 153
148 57
148 76
148 77
148 96
148 145
148 146
148 147
148 149
148 150
148 151
148 152
148 153
148 154
149 57
149 96
149 146
149 147
149 148
149 150
149 151
149 152
149 153
149 154
150 54
150 55
150 57
150 96
150 148
150 149
150 151
150 152
150 153
151 53
151 54
151 55
151 56
151 57
151 58
151 59
151 95
151 96
151 97
151 98
151 105
151 106
151 107
151 147
151 148
151 149
151 150
151 152
151 153
152 54
152 55
152 56
152 57
152 58
152 59
152 60
152 74
152 77
152 95
152 96
152 97
152 106
152 107
152 146
152 147
152 148
152 149
152 150
152 151
152 153
152 154
152 155
153 56
153 57
153 58
153 59
153 73
153 74
153 75
153 76
153 77
153 95
153 96
153 146
153 147
153 148
153 149
153 150
153 151
153 152
153 154
153 155
153 156
154 56
154 57
154 58
154 59
154 73
154 74
154 75
154 76
154 77
154 78
154 79
154 80
154 146
154 148
154 149
154 152
154 153
154 155
154 156
154 157
155 56
155 57
155 58
155 59
155 73
155 74
155 75
155 76
155 152
155 153
155 154
155 156
155 157
155 158
155 231
155 233
155 236
155 237
155 238
156 58
156 74
156 75
156 76
156 153
156 154
156 155
156 157
156 158
156 159
156 233
156 235
156 236
156 237
156 238
156 239
157 75
157 76
157 154
157 155
157 156
157 158
157 159
157 160
157 233
157 236
157 237
157 238
157 239
157 240
157 261
157 262
157 265
157 268
157 269
158 155
158 156
158 157
158 159
158 160
158 161
158 162
158 233
158 234
158 235
158 236
158 237
158 238
158 239
158 240
158 260
158 261
158 262
158 263
158 264
158 265
159 156
159 157
159 158
159 160
159 161
159 162
159 237
159 238
159 239
159 261
159 262
159 263
159 265
160 157
160 158
160 159
160 161
160 162
160 163
160 237
160 239
160 261
160 262
160 263
160 265
161 158
161 159
161 160
161 162
161 163
161 164
161 213
161 234
161 237
161 238
161 239
161 240
161 260
161 261
161 262
161 263
162 158
162 159
162 160
162 161
162 163
162 164
162 165
162 166
162 167
162 168
162 194
162 213
162 233
162 234
162 235
162 237
162 238
162 239
162 240
162 260
162 261
162 262
163 160
163 161
163 162
163 164
163 165
163 166
163 167
163 193
163 194
163 195
163 196
163 213
163 234
163 239
164 161
164 162
164 163
164 165
164 166
164 167
164 193
164 194
164 195
164 196
164 197
164 199
164 213
164 214
164 215
165 162
165 163
165 164
165 166
165 167
165 168
165 192
165 193
165 194
165 195
165 196
165 215
166 162
166 163
166 164
166 165
166 167
166 168
166 192
166 193
166 194
166 195
166 215
166 234
166 235
167 162
167 163
167 164
167 165
167 166
167 168
167 169
167 191
167 192
167 193
167 194
167 215
167 216
167 233
167 234
167 235
168 162
168 165
168 166
168 167
168 169
168 170
168 190
168 191
168 192
168 193
168 194
168 215
168 216
168 231
168 232
168 233
168 234
168 235
168 236
168 237
168 238
168 239
168 240
169 167
169 168
169 170
169 171
169 189
169 190
169 191
169 192
169 193
169 215
169 216
169 231
169 232
169 233
169 234
169 235
169 236
169 238
169 239
170 48
170 51
170 56
170 168
170 169
170 171
170 172
170 188
170 189
170 190
170 191
170 192
170 215
170 216
170 223
170 227
170 230
170 231
170 232
170 233
170 234
170 240
170 241
170 242
171 48
171 49
171 50
171 51
171 55
171 56
171 59
171 71
171 169
171 170
171 172
171 173
171 174
171 187
171 188
171 189
171 190
171 191
171 223
171 227
171 230
171 231
171 232
171 233
172 48
172 50
172 51
172 59
172 60
172 61
172 70
172 71
172 72
172 98
172 170
172 171
172 173
172 174
172 175
172 183
172 184
172 186
172 187
172 188
172 189
172 190
172 223
172 224
172 226
172 227
172 228
172 229
172 230
172 231
173 50
173 61
173 68
173 70
173 71
173 98
173 99
173 100
173 171
173 172
173 174
173 175
173 176
173 181
173 182
173 183
173 184
173 185
173 186
173 187
173 188
173 189
173 223
173 224
173 226
173 227
173 230
174 70
174 71
174 171
174 172
174 173
174 175
174 176
174 177
174 181
174 182
174 183
174 184
174 185
174 186
174 187
174 188
174 222
174 223
174 224
174 225
174 226
174 227
174 228
174 249
174 250
175 47
175 172
175 173
175 174
175 176
175 177
175 178
175 180
175 181
175 182
175 183
175 184
175 185
175 188
175 221
175 222
175 223
175 224
175 225
175 226
175 227
175 249
175 250
176 47
176 173
176 174
176 175
176 177
176 178
176 179
176 180
176 181
176 182
176 183
176 184
176 220
176 221
176 222
176 223
176 224
176 225
176 247
176 248
176 249
176 250
176 251
176 252
177 174
177 175
177 176
177 178
177 179
177 180
177 181
177 182
177 224
177 247
177 248
177 249
177 250
177 251
178 175
178 176
178 177
178 179
178 180
178 181
178 182
178 248
178 249
178 250
179 176
179 177
179 178
179 180
179 181
179 182
179 247
179 248
179 249
180 175
180 176
180 177
180 178
180 179
180 181
180 182
180 183
180 248
181 173
181 174
181 175
181 176
181 177
181 178
181 179
181 180
181 182
181 183
181 184
181 224
181 225
181 226
181 248
181 249
182 173
182 174
182 175
182 176
182 177
182 178
182 179
182 180
182 181
182 183
182 184
182 185
182 224
182 226
183 68
183 99
183 100
183 101
183 172
183 173
183 174
183 175
183 176
183 180
183 181
183 182
183 184
183 185
183 186
183 187
183 224
183 226
183 227
184 50
184 99
184 100
184 101
184 172
184 173
184 174
184 175
184 176
184 181
184 182
184 183
184 185
184 186
184 187
184 188
185 50
185 98
185 99
185 100
185 101
185 102
185 173
185 174
185 175
185 182
185 183
185 184
185 186
185 187
185 188
186 50
186 51
186 53
186 97
186 98
186 99
186 100
186 101
186 102
186 172
186 173
186 174
186 183
186 184
186 185
186 187
186 188
187 48
187 49
187 50
187 51
187 52
187 53
187 54
187 55
187 56
187 59
187 97
187 98
187 99
187 100
187 171
187 172
187 173
187 174
187 183
187 184
187 185
187 186
187 188
187 189
188 47
188 48
188 49
188 50
188 51
188 52
188 56
188 98
188 170
188 171
188 172
188 173
188 174
188 175
188 184
188 185
188 186
188 187
188 189
188 190
189 47
189 48
189 49
189 50
189 51
189 52
189 55
189 56
189 169
189 170
189 171
189 172
189 173
189 187
189 188
189 190
189 191
189 192
189 221
190 45
190 46
190 47
190 48
190 49
190 50
190 51
190 168
190 169
190 170
190 171
190 172
190 188
190 189
190 191
190 192
190 216
190 218
190 219
190 220
190 221
190 222
190 223
191 48
191 49
191 167
191 168
191 169
191 170
191 171
191 189
191 190
191 192
191 193
191 215
191 216
191 218
191 219
191 221
191 232
191 233
191 234
192 165
192 166
192 167
192 168
192 169
192 170
192 189
192 190
192 191
192 193
192 194
192 195
192 214
192 215
192 216
192 217
192 218
192 219
192 220
192 221
192 222
192 232
192 233
192 234
192 255
193 163
193 164
193 165
193 166
193 167
193 168
193 169
193 191
193 192
193 194
193 195
193 196
193 214
193 215
193 216
193 217
193 218
193 219
193 234
193 255
194 162
194 163
194 164
194 165
194 166
194 167
194 168
194 192
194 193
194 195
194 196
194 197
194 199
194 200
194 213
194 214
194 215
194 216
194 217
194 218
194 232
194 234
194 255
194 256
195 163
195 164
195 165
195 166
195 192
195 193
195 194
195 196
195 197
195 198
195 199
195 200
195 201
195 213
195 214
195 215
195 216
195 217
195 255
195 256
196 163
196 164
196 165
196 193
196 194
196 195
196 197
196 198
196 199
196 200
196 201
196 213
196 214
196 215
197 164
197 194
197 195
197 196
197 198
197 199
197 200
197 201
197 202
197 204
197 208
197 209
197 210
197 212
197 213
197 214
198 195
198 196
198 197
198 199
198 200
198 201
198 202
198 203
198 204
198 205
198 208
199 164
199 194
199 195
199 196
199 197
199 198
199 200
199 201
199 202
199 203
199 204
199 214
199 255
200 194
200 195
200 196
200 197
200 198
200 199
200 201
200 202
200 203
200 204
200 205
200 206
200 207
200 208
200 213
200 214
200 215
200 254
200 255
200 256
200 257
201 195
201 196
201 197
201 198
201 199
201 200
201 202
201 203
201 204
201 205
201 206
201 207
201 208
201 209
201 214
202 197
202 198
202 199
202 200
202 201
202 203
202 204
202 205
202 206
202 254
203 198
203 199
203 200
203 201
203 202
203 204
203 205
203 206
203 207
203 208
203 246
203 253
203 254
203 255
204 128
204 129
204 197
204 198
204 199
204 200
204 201
204 202
204 203
204 205
204 206
204 207
204 208
204 214
204 254
204 255
204 257
205 128
205 129
205 198
205 200
205 201
205 202
205 203
205 204
205 206
205 207
205 208
206 128
206 129
206 200
206 201
206 202
206 203
206 204
206 205
206 207
206 208
206 209
207 128
207 129
207 130
207 131
207 132
207 133
207 134
207 200
207 201
207 203
207 204
207 205
207 206
207 208
207 209
207 212
208 129
208 131
208 132
208 133
208 134
208 197
208 198
208 200
208 201
208 203
208 204
208 205
208 206
208 207
208 209
208 210
208 211
208 212
208 213
208 214
208 257
208 258
209 132
209 134
209 135
209 197
209 201
209 206
209 207
209 208
209 210
209 211
209 212
209 213
209 259
209 260
210 134
210 197
210 208
210 209
210 211
210 212
210 213
210 259
210 260
210 263
211 134
211 135
211 136
211 208
211 209
211 210
211 212
211 213
211 258
211 259
211 260
211 261
211 262
211 263
211 264
212 133
212 134
212 135
212 136
212 197
212 207
212 208
212 209
212 210
212 211
212 213
212 214
212 240
212 241
212 242
212 243
212 257
212 258
212 259
212 260
212 261
212 263
213 161
213 162
213 163
213 164
213 194
213 195
213 196
213 197
213 200
213 208
213 209
213 210
213 211
213 212
213 214
213 215
213 232
213 239
213 240
213 241
213 242
213 243
213 255
213 256
213 257
213 258
213 259
213 260
213 261
214 164
214 192
214 193
214 194
214 195
214 196
214 197
214 199
214 200
214 201
214 204
214 208
214 212
214 213
214 215
214 216
214 217
214 240
214 242
214 244
214 245
214 254
214 255
214 256
214 257
214 258
214 259
214 260
215 164
215 165
215 166
215 167
215 168
215 169
215 170
215 191
215 192
215 193
215 194
215 195
215 196
215 200
215 213
215 214
215 216
215 217
215 218
215 222
215 232
215 240
215 242
215 254
215 255
215 256
215 257
215 258
216 167
216 168
216 169
216 170
216 190
216 191
216 192
216 193
216 194
216 195
216 214
216 215
216 217
216 218
216 219
216 220
216 221
216 222
216 223
216 252
216 253
216 254
216 255
216 256
216 257
217 192
217 193
217 194
217 195
217 214
217 215
217 216
217 218
217 219
217 220
217 221
217 222
217 251
217 252
217 253
217 254
217 255
217 256
218 46
218 190
218 191
218 192
218 193
218 194
218 215
218 216
218 217
218 219
218 220
218 221
218 252
218 253
218 255
219 43
219 45
219 46
219 47
219 48
219 190
219 191
219 192
219 193
219 216
219 217
219 218
219 220
219 221
219 222
219 252
220 42
220 43
220 44
220 45
220 46
220 47
220 48
220 176
220 190
220 192
220 216
220 217
220 218
220 219
220 221
220 222
220 250
220 251
220 252
220 253
220 254
221 45
221 46
221 47
221 48
221 175
221 176
221 189
221 190
221 191
221 192
221 216
221 217
221 218
221 219
221 220
221 222
221 223
221 224
221 249
221 250
221 251
221 252
221 253
221 254
221 255
221 256
222 47
222 48
222 174
222 175
222 176
222 190
222 192
222 215
222 216
222 217
222 219
222 220
222 221
222 223
222 224
222 225
222 245
222 246
222 247
222 248
222 249
222 250
222 251
222 252
222 253
222 254
222 255
222 256
223 170
223 171
223 172
223 173
223 174
223 175
223 176
223 190
223 216
223 221
223 222
223 224
223 225
223 226
223 227
223 228
223 230
223 242
223 243
223 244
223 245
223 246
223 247
223 248
223 249
223 250
223 251
223 252
223 255
223 256
223 257
224 172
224 173
224 174
224 175
224 176
224 177
224 181
224 182
224 183
224 221
224 222
224 223
224 225
224 226
224 227
224 228
224 242
224 244
224 245
224 246
224 247
224 248
224 249
224 250
224 256
225 69
225 70
225 71
225 174
225 175
225 176
225 181
225 222
225 223
225 224
225 226
225 227
225 228
225 229
225 242
225 243
225 244
225 245
225 246
225 247
225 248
225 249
226 61
226 62
226 68
226 69
226 70
226 71
226 86
226 172
226 173
226 174
226 175
226 181
226 182
226 183
226 223
226 224
226 225
226 227
226 228
226 229
226 230
226 242
226 244
226 249
227 61
227 62
227 68
227 69
227 70
227 71
227 72
227 82
227 83
227 170
227 171
227 172
227 173
227 174
227 175
227 183
227 223
227 224
227 225
227 226
227 228
227 229
227 230
227 231
227 241
227 242
227 243
227 244
228 69
228 70
228 71
228 72
228 82
228 83
228 84
228 85
228 86
228 172
228 174
228 223
228 224
228 225
228 226
228 227
228 229
228 230
228 231
228 241
228 242
228 243
228 244
228 245
228 258
229 59
229 60
229 61
229 62
229 69
229 70
229 71
229 72
229 73
229 80
229 81
229 82
229 83
229 84
229 85
229 86
229 136
229 137
229 138
229 172
229 225
229 226
229 227
229 228
229 230
229 231
229 232
229 240
229 241
229 242
229 243
229 244
229 258
229 259
230 58
230 59
230 60
230 61
230 70
230 71
230 72
230 73
230 81
230 82
230 83
230 170
230 171
230 172
230 173
230 223
230 226
230 227
230 228
230 229
230 231
230 232
230 233
230 238
230 240
230 241
230 242
230 243
230 258
231 56
231 58
231 59
231 60
231 71
231 72
231 73
231 74
231 81
231 82
231 155
231 168
231 169
231 170
231 171
231 172
231 227
231 228
231 229
231 230
231 232
231 233
231 234
231 237
231 238
231 239
231 240
231 241
231 242
231 258
231 259
232 73
232 168
232 169
232 170
232 171
232 191
232 192
232 194
232 213
232 215
232 229
232 230
232 231
232 233
232 234
232 236
232 237
232 238
232 239
232 240
232 241
232 242
232 258
232 259
232 260
232 261
233 155
233 156
233 157
233 158
233 162
233 167
233 168
233 169
233 170
233 171
233 191
233 192
233 230
233 231
233 232
233 234
233 235
233 236
233 237
233 238
233 239
233 240
233 241
234 158
234 161
234 162
234 163
234 166
234 167
234 168
234 169
234 170
234 191
234 192
234 193
234 194
234 231
234 232
234 233
234 235
234 236
234 237
234 238
234 239
234 240
235 156
235 158
235 162
235 166
235 167
235 168
235 169
235 233
235 234
235 236
235 237
235 238
235 239
236 155
236 156
236 157
236 158
236 168
236 169
236 232
236 233
236 234
236 235
236 237
236 238
236 239
237 155
237 156
237 157
237 158
237 159
237 160
237 161
237 162
237 168
237 231
237 232
237 233
237 234
237 235
237 236
237 238
237 239
237 240
237 261
237 262
238 58
238 73
238 75
238 155
238 156
238 157
238 158
238 159
238 161
238 162
238 168
238 169
238 230
238 231
238 232
238 233
238 234
238 235
238 236
238 237
238 239
238 240
238 241
238 260
238 261
238 262
239 156
239 157
239 158
239 159
239 160
239 161
239 162
239 163
239 168
239 169
239 213
239 231
239 232
239 233
239 234
239 235
239 236
239 237
239 238
239 240
239 241
239 258
239 259
239 260
239 261
239 262
239 263
240 82
240 157
240 158
240 161
240 162
240 168
240 170
240 212
240 213
240 214
240 215
240 229
240 230
240 231
240 232
240 233
240 234
240 237
240 238
240 239
240 241
240 242
240 243
240 257
240 258
240 259
240 260
240 261
240 262
241 71
241 72
241 73
241 81
241 82
241 83
241 136
241 137
241 138
241 170
241 212
241 213
241 227
241 228
241 229
241 230
241 231
241 232
241 233
241 238
241 239
241 240
241 242
241 243
241 244
241 257
241 258
241 259
241 260
241 261
242 70
242 71
242 72
242 82
242 83
242 136
242 137
242 170
242 212
242 213
242 214
242 215
242 223
242 224
242 225
242 226
242 227
242 228
242 229
242 230
242 231
242 232
242 240
242 241
242 243
242 244
242 245
242 256
242 257
242 258
242 259
242 260
243 82
243 83
243 84
243 85
243 86
243 133
243 134
243 135
243 136
243 137
243 212
243 213
243 223
243 225
243 227
243 228
243 229
243 230
243 240
243 241
243 242
243 244
243 245
243 256
243 257
243 258
243 259
243 260
244 83
244 85
244 126
244 131
244 132
244 133
244 136
244 214
244 223
244 224
244 225
244 226
244 227
244 228
244 229
244 241
244 242
244 243
244 245
244 246
244 247
244 255
244 256
244 257
244 258
244 259
245 126
245 127
245 214
245 222
245 223
245 224
245 225
245 228
245 242
245 243
245 244
245 246
245 247
245 248
245 249
245 250
245 251
245 254
245 255
245 256
245 257
245 258
246 126
246 127
246 128
246 203
246 222
246 223
246 224
246 225
246 244
246 245
246 247
246 248
246 249
246 250
246 251
246 252
246 253
246 254
246 255
246 256
246 257
247 126
247 127
247 176
247 177
247 179
247 222
247 223
247 224
247 225
247 244
247 245
247 246
247 248
247 249
247 250
247 251
247 254
248 176
248 177
248 178
248 179
248 180
248 181
248 222
248 223
248 224
248 225
248 245
248 246
248 247
248 249
248 250
248 251
249 174
249 175
249 176
249 177
249 178
249 179
249 181
249 221
249 222
249 223
249 224
249 225
249 226
249 245
249 246
249 247
249 248
249 250
249 251
249 252
249 254
249 256
250 47
250 174
250 175
250 176
250 177
250 178
250 220
250 221
250 222
250 223
250 224
250 245
250 246
250 247
250 248
250 249
250 251
250 252
250 253
250 254
251 176
251 177
251 217
251 220
251 221
251 222
251 223
251 245
251 246
251 247
251 248
251 249
251 250
251 252
251 253
251 254
251 255
252 46
252 47
252 176
252 216
252 217
252 218
252 219
252 220
252 221
252 222
252 223
252 246
252 249
252 250
252 251
252 253
252 254
252 255
252 256
253 203
253 216
253 217
253 218
253 220
253 221
253 222
253 246
253 250
253 251
253 252
253 254
253 255
253 256
254 200
254 202
254 203
254 204
254 214
254 215
254 216
254 217
254 220
254 221
254 222
254 245
254 246
254 247
254 249
254 250
254 251
254 252
254 253
254 255
254 256
254 257
255 192
255 193
255 194
255 195
255 199
255 200
255 203
255 204
255 213
255 214
255 215
255 216
255 217
255 218
255 221
255 222
255 223
255 244
255 245
255 246
255 251
255 252
255 253
255 254
255 256
255 257
255 258
256 194
256 195
256 200
256 213
256 214
256 215
256 216
256 217
256 221
256 222
256 223
256 224
256 242
256 243
256 244
256 245
256 246
256 249
256 252
256 253
256 254
256 255
256 257
256 258
257 133
257 200
257 204
257 208
257 212
257 213
257 214
257 215
257 216
257 223
257 240
257 241
257 242
257 243
257 244
257 245
257 246
257 254
257 255
257 256
257 258
257 259
257 260
258 83
258 133
258 134
258 135
258 136
258 137
258 208
258 211
258 212
258 213
258 214
258 215
258 228
258 229
258 230
258 231
258 232
258 239
258 240
258 241
258 242
258 243
258 244
258 245
258 255
258 256
258 257
258 259
258 260
258 261
259 82
259 83
259 133
259 134
259 135
259 136
259 137
259 209
259 210
259 211
259 212
259 213
259 214
259 229
259 231
259 232
259 239
259 240
259 241
259 242
259 243
259 244
259 257
259 258
259 260
259 261
259 262
259 263
259 264
260 135
260 136
260 137
260 158
260 161
260 162
260 209
260 210
260 211
260 212
260 213
260 214
260 232
260 238
260 239
260 240
260 241
260 242
260 243
260 257
260 258
260 259
260 261
260 262
260 263
260 264
260 265
261 135
261 137
261 157
261 158
261 159
261 160
261 161
261 162
261 211
261 212
261 213
261 232
261 237
261 238
261 239
261 240
261 241
261 258
261 259
261 260
261 262
261 263
261 264
261 265
261 266
261 268
262 157
262 158
262 159
262 160
262 161
262 162
262 211
262 237
262 238
262 239
262 240
262 259
262 260
262 261
262 263
262 264
262 265
262 266
262 268
263 135
263 158
263 159
263 160
263 161
263 210
263 211
263 212
263 239
263 259
263 260
263 261
263 262
263 264
263 265
263 266
263 267
263 268
264 117
264 135
264 137
264 158
264 211
264 259
264 260
264 261
264 262
264 263
264 265
264 266
264 267
264 268
264 269
264 270
265 157
265 158
265 159
265 160
265 260
265 261
265 262
265 263
265 264
265 266
265 267
265 268
265 269
265 270
265 271
266 261
266 262
266 263
266 264
266 265
266 267
266 268
266 269
266 270
266 271
267 117
267 118
267 263
267 264
267 265
267 266
267 268
267 269
267 270
267 271
267 272
268 75
268 81
268 115
268 117
268 137
268 138
268 139
268 157
268 261
268 262
268 263
268 264
268 265
268 266
268 267
268 269
268 270
268 271
268 272
268 273
269 157
269 264
269 265
269 266
269 267
269 268
269 270
269 271
269 272
269 273
269 274
270 264
270 265
270 266
270 267
270 268
270 269
270 271
270 272
270 273
270 274
270 275
271 79
271 115
271 117
271 139
271 141
271 265
271 266
271 267
271 268
271 269
271 270
271 272
271 273
271 274
271 275
272 75
272 76
272 78
272 79
272 139
272 140
272 141
272 267
272 268
272 269
272 270
272 271
272 273
272 274
272 275
273 268
273 269
273 270
273 271
273 272
273 274
273 275
274 269
274 270
274 271
274 272
274 273
274 275
275 78
275 79
275 113
275 141
275 270
275 271
275 272
275 273
275 274
