0 1
0 2
0 3
1 0
1 2
1 3
1 4
1 5
2 0
2 1
2 3
2 4
2 5
2 6
3 0
3 1
3 2
3 4
3 5
3 6
3 7
3 8
4 1
4 2
4 3
4 5
4 6
4 7
4 8
4 9
5 1
5 2
5 3
5 4
5 6
5 7
5 8
5 9
5 10
6 2
6 3
6 4
6 5
6 7
6 8
6 9
6 10
6 11
7 3
7 4
7 5
7 6
7 8
7 9
7 10
7 11
7 12
7 13
8 3
8 4
8 5
8 6
8 7
8 9
8 10
8 11
8 12
8 13
8 14
9 4
9 5
9 6
9 7
9 8
9 10
9 11
9 12
9 13
9 14
9 15
10 5
10 6
10 7
10 8
10 9
10 11
10 12
10 13
10 14
10 15
10 16
11 6
11 7
11 8
11 9
11 10
11 12
11 13
11 14
11 15
11 16
11 17
12 7
12 8
12 9
12 10
12 11
12 13
12 14
12 15
12 16
12 17
12 18
13 7
13 8
13 9
13 10
13 11
13 12
13 14
13 15
13 16
13 17
13 18
13 19
14 8
14 9
14 10
14 11
14 12
14 13
14 15
14 16
14 17
14 18
14 19
14 20
15 9
15 10
15 11
15 12
15 13
15 14
15 16
15 17
15 18
15 19
15 20
15 21
15 22
16 10
16 11
16 12
16 13
16 14
16 15
16 17
16 18
16 19
16 20
16 21
16 22
17 11
17 12
17 13
17 14
17 15
17 16
17 18
17 19
17 20
17 21
17 22
17 23
18 12
18 13
18 14
18 15
18 16
18 17
18 19
18 20
18 21
18 22
18 23
18 24
19 13
19 14
19 15
19 16
19 17
19 18
19 20
19 21
19 22
19 23
19 24
19 25
20 14
20 15
20 16
20 17
20 18
20 19
20 21
20 22
20 23
20 24
20 25
20 26
21 15
21 16
21 17
21 18
21 19
21 20
21 22
21 23
21 24
21 25
21 26
22 15
22 16
22 17
22 18
22 19
22 20
22 21
22 23
22 24
22 25
22 26
22 27
23 17
23 18
23 19
23 20
23 21
23 22
23 24
23 25
23 26
23 27
24 18
24 19
24 20
24 21
24 22
24 23
24 25
24 26
24 27
24 28
25 19
25 20
25 21
25 22
25 23
25 24
25 26
25 27
25 28
25 29
26 20
26 21
26 22
26 23
26 24
26 25
26 27
26 28
26 29
26 30
27 22
27 23
27 24
27 25
27 26
27 28
27 29
27 30
28 24
28 25
28 26
28 27
28 29
28 30
28 31
29 25
29 26
29 27
29 28
29 30
29 31
29 32
29 302
30 26
30 27
30 28
30 29
30 31
30 32
30 33
30 302
30 328
30 329
31 28
31 29
31 30
31 32
31 33
31 34
31 302
31 328
31 329
32 29
32 30
32 31
32 33
32 34
32 35
32 329
33 30
33 31
33 32
33 34
33 35
33 36
33 328
33 329
33 330
33 331
34 31
34 32
34 33
34 35
34 36
34 37
34 38
34 331
35 32
35 33
35 34
35 36
35 37
35 38
35 39
35 158
35 159
35 160
35 161
35 331
36 33
36 34
36 35
36 37
36 38
36 39
36 158
36 159
36 160
36 161
36 163
36 164
36 165
37 34
37 35
37 36
37 38
37 39
37 40
37 157
37 158
37 159
37 160
37 161
38 34
38 35
38 36
38 37
38 39
38 40
38 41
38 156
38 157
38 158
38 159
39 35
39 36
39 37
39 38
39 40
39 41
39 42
39 66
39 142
39 143
39 144
39 145
39 155
39 156
39 157
39 158
39 159
40 37
40 38
40 39
40 41
40 42
40 65
40 66
40 67
40 144
40 155
40 156
40 157
40 158
40 159
41 38
41 39
41 40
41 42
41 43
41 44
41 65
41 66
41 144
41 145
41 146
41 147
41 154
41 155
41 156
41 157
41 158
42 39
42 40
42 41
42 43
42 44
42 45
42 63
42 64
42 65
42 66
42 144
42 145
42 146
42 147
42 153
42 154
42 155
42 156
42 157
43 41
43 42
43 44
43 45
43 46
43 62
43 63
43 64
43 65
43 66
43 146
43 152
43 153
43 154
43 155
43 156
44 41
44 42
44 43
44 45
44 46
44 47
44 61
44 62
44 63
44 64
44 65
44 71
44 72
44 73
44 130
44 131
44 152
44 153
44 154
44 155
45 42
45 43
45 44
45 46
45 47
45 61
45 62
45 63
45 64
45 65
45 72
45 153
46 43
46 44
46 45
46 47
46 48
46 49
46 60
46 61
46 62
46 63
46 64
46 72
46 73
47 44
47 45
47 46
47 48
47 49
47 50
47 60
47 61
47 62
47 63
47 72
47 73
47 74
48 46
48 47
48 49
48 50
48 51
48 54
48 55
48 60
48 61
48 62
48 63
49 46
49 47
49 48
49 50
49 51
49 52
49 53
49 54
49 55
49 59
49 60
49 61
49 62
49 63
49 72
49 73
49 74
49 115
50 47
50 48
50 49
50 51
50 52
50 53
50 54
50 55
51 48
51 49
51 50
51 52
51 53
51 54
51 55
51 115
52 49
52 50
52 51
52 53
52 54
52 55
52 56
53 49
53 50
53 51
53 52
53 54
53 55
53 56
53 59
53 74
53 115
54 48
54 49
54 50
54 51
54 52
54 53
54 55
54 56
54 57
54 58
54 59
54 60
54 61
54 74
54 75
54 76
54 115
55 48
55 49
55 50
55 51
55 52
55 53
55 54
55 56
55 57
55 58
55 59
55 60
56 52
56 53
56 54
56 55
56 57
56 58
56 59
56 60
56 76
57 54
57 55
57 56
57 58
57 59
57 60
57 76
58 54
58 55
58 56
58 57
58 59
58 60
58 75
58 76
58 77
59 49
59 53
59 54
59 55
59 56
59 57
59 58
59 60
59 61
59 74
59 75
59 76
59 77
59 110
59 111
59 112
60 46
60 47
60 48
60 49
60 54
60 55
60 56
60 57
60 58
60 59
60 61
60 62
60 73
60 74
60 75
60 76
60 77
60 110
60 112
61 44
61 45
61 46
61 47
61 48
61 49
61 54
61 59
61 60
61 62
61 63
61 64
61 72
61 73
61 74
61 75
61 76
61 112
61 113
61 114
61 115
62 43
62 44
62 45
62 46
62 47
62 48
62 49
62 60
62 61
62 63
62 64
62 71
62 72
62 73
62 74
62 75
62 114
63 42
63 43
63 44
63 45
63 46
63 47
63 48
63 49
63 61
63 62
63 64
63 65
63 70
63 71
63 72
63 73
63 74
63 114
63 115
64 42
64 43
64 44
64 45
64 46
64 61
64 62
64 63
64 65
64 66
64 67
64 69
64 70
64 71
64 72
64 73
64 155
64 157
65 40
65 41
65 42
65 43
65 44
65 45
65 63
65 64
65 66
65 67
65 68
65 69
65 70
65 71
65 72
65 157
66 39
66 40
66 41
66 42
66 43
66 64
66 65
66 67
66 68
66 69
66 70
66 71
66 156
66 157
67 40
67 64
67 65
67 66
67 68
67 69
67 70
67 71
67 157
67 159
68 65
68 66
68 67
68 69
68 70
68 71
69 64
69 65
69 66
69 67
69 68
69 70
69 71
70 63
70 64
70 65
70 66
70 67
70 68
70 69
70 71
70 72
70 73
70 115
71 44
71 62
71 63
71 64
71 65
71 66
71 67
71 68
71 69
71 70
71 72
71 73
71 74
71 114
71 115
71 116
71 117
71 137
72 44
72 45
72 46
72 47
72 49
72 61
72 62
72 63
72 64
72 65
72 70
72 71
72 73
72 74
72 75
72 113
72 114
72 115
72 116
72 117
73 44
73 46
73 47
73 49
73 60
73 61
73 62
73 63
73 64
73 70
73 71
73 72
73 74
73 75
73 111
73 112
73 113
73 114
73 115
73 116
73 117
73 120
73 121
73 122
73 135
74 47
74 49
74 53
74 54
74 59
74 60
74 61
74 62
74 63
74 71
74 72
74 73
74 75
74 76
74 110
74 111
74 112
74 113
74 114
74 115
74 122
75 54
75 58
75 59
75 60
75 61
75 62
75 72
75 73
75 74
75 76
75 77
75 78
75 109
75 110
75 111
75 112
75 113
75 114
75 121
75 122
75 123
75 124
76 54
76 56
76 57
76 58
76 59
76 60
76 61
76 74
76 75
76 77
76 78
76 79
76 107
76 108
76 109
76 110
76 111
76 112
76 113
76 122
76 123
76 124
77 58
77 59
77 60
77 75
77 76
77 78
77 79
77 80
77 81
77 106
77 107
77 108
77 109
77 110
77 111
77 112
77 123
77 124
77 125
78 75
78 76
78 77
78 79
78 80
78 81
78 82
78 106
78 107
78 108
78 109
78 110
78 111
78 112
78 123
78 124
78 125
78 238
78 241
78 242
78 250
79 76
79 77
79 78
79 80
79 81
79 82
79 83
79 84
79 105
79 106
79 107
79 108
79 109
79 110
79 111
79 252
80 77
80 78
80 79
80 81
80 82
80 83
80 84
80 106
80 109
80 207
80 238
80 241
80 250
80 251
80 252
80 253
80 403
81 77
81 78
81 79
81 80
81 82
81 83
81 84
81 106
81 109
81 110
81 209
81 234
81 237
81 238
81 241
81 250
81 251
81 252
81 253
81 254
82 78
82 79
82 80
82 81
82 83
82 84
82 85
82 86
82 104
82 105
82 106
82 209
82 210
82 234
82 237
82 238
82 251
82 252
82 253
82 254
82 255
82 404
83 79
83 80
83 81
83 82
83 84
83 85
83 86
83 87
83 104
83 106
83 209
83 210
83 252
83 253
83 254
83 255
83 403
83 404
83 405
83 406
84 79
84 80
84 81
84 82
84 83
84 85
84 86
84 87
84 101
84 103
84 104
84 106
84 253
84 254
84 403
84 404
84 405
84 406
84 411
85 82
85 83
85 84
85 86
85 87
85 88
85 100
85 101
85 102
85 103
85 104
85 254
85 255
85 404
85 405
85 406
85 407
85 408
85 411
86 82
86 83
86 84
86 85
86 87
86 88
86 89
86 100
86 101
86 102
86 103
86 104
86 211
86 253
86 254
86 255
86 256
86 404
86 406
87 83
87 84
87 85
87 86
87 88
87 89
87 90
87 98
87 99
87 100
87 101
87 102
87 211
87 253
87 254
87 255
87 256
87 257
87 289
87 290
87 406
88 85
88 86
88 87
88 89
88 90
88 98
88 99
88 100
88 101
88 102
88 212
88 213
88 226
88 227
88 230
88 254
88 255
88 256
88 257
88 258
89 86
89 87
89 88
89 90
89 91
89 97
89 98
89 99
89 100
89 101
89 213
89 226
89 255
89 256
89 257
89 258
89 259
89 260
90 87
90 88
90 89
90 91
90 92
90 95
90 96
90 97
90 98
90 99
90 100
90 214
90 226
90 256
90 257
90 258
90 259
90 260
90 261
91 89
91 90
91 92
91 93
91 94
91 95
91 96
91 97
91 98
91 99
91 257
91 258
91 259
91 260
91 261
91 262
92 90
92 91
92 93
92 94
92 95
92 96
92 97
92 98
92 259
92 260
92 261
92 262
93 91
93 92
93 94
93 95
93 96
93 97
93 260
93 261
93 262
94 91
94 92
94 93
94 95
94 96
94 97
94 261
95 90
95 91
95 92
95 93
95 94
95 96
95 97
95 98
95 259
95 260
95 261
95 262
95 264
96 90
96 91
96 92
96 93
96 94
96 95
96 97
96 98
96 261
97 89
97 90
97 91
97 92
97 93
97 94
97 95
97 96
97 98
97 99
97 257
97 259
97 260
97 261
98 87
98 88
98 89
98 90
98 91
98 92
98 95
98 96
98 97
98 99
98 100
98 257
99 87
99 88
99 89
99 90
99 91
99 97
99 98
99 100
99 101
99 102
99 256
99 257
100 85
100 86
100 87
100 88
100 89
100 90
100 98
100 99
100 101
100 102
100 103
100 256
101 84
101 85
101 86
101 87
101 88
101 89
101 99
101 100
101 102
101 103
101 104
101 255
102 85
102 86
102 87
102 88
102 99
102 100
102 101
102 103
102 104
102 105
102 227
102 230
103 84
103 85
103 86
103 100
103 101
103 102
103 104
103 105
103 106
103 424
104 82
104 83
104 84
104 85
104 86
104 101
104 102
104 103
104 105
104 106
104 107
104 108
104 127
104 231
104 234
105 79
105 82
105 102
105 103
105 104
105 106
105 107
105 108
105 109
105 126
105 127
106 77
106 78
106 79
106 80
106 81
106 82
106 83
106 84
106 103
106 104
106 105
106 107
106 108
106 109
106 110
106 127
107 76
107 77
107 78
107 79
107 104
107 105
107 106
107 108
107 109
107 110
107 125
107 126
107 127
108 76
108 77
108 78
108 79
108 104
108 105
108 106
108 107
108 109
108 110
108 124
108 125
108 126
108 127
108 128
108 129
108 130
108 131
109 75
109 76
109 77
109 78
109 79
109 80
109 81
109 105
109 106
109 107
109 108
109 110
109 111
109 123
109 124
109 125
109 126
109 127
109 131
109 132
109 133
109 234
109 235
109 238
109 239
110 59
110 60
110 74
110 75
110 76
110 77
110 78
110 79
110 81
110 106
110 107
110 108
110 109
110 111
110 112
110 122
110 123
110 124
110 125
110 126
110 131
110 133
110 238
110 239
110 242
111 59
111 73
111 74
111 75
111 76
111 77
111 78
111 79
111 109
111 110
111 112
111 113
111 121
111 122
111 123
111 124
111 125
111 134
111 135
111 238
111 239
111 241
111 242
111 245
112 59
112 60
112 61
112 73
112 74
112 75
112 76
112 77
112 78
112 110
112 111
112 113
112 114
112 115
112 120
112 121
112 122
112 123
112 124
112 135
112 242
113 61
113 72
113 73
113 74
113 75
113 76
113 111
113 112
113 114
113 115
113 116
113 117
113 118
113 119
113 120
113 121
113 122
113 123
113 135
113 136
113 137
114 61
114 62
114 63
114 71
114 72
114 73
114 74
114 75
114 112
114 113
114 115
114 116
114 117
114 118
114 119
114 120
114 121
114 122
114 135
114 136
114 137
114 138
115 49
115 51
115 53
115 54
115 61
115 63
115 70
115 71
115 72
115 73
115 74
115 112
115 113
115 114
115 116
115 117
115 118
115 120
116 71
116 72
116 73
116 113
116 114
116 115
116 117
116 118
116 119
116 120
117 71
117 72
117 73
117 113
117 114
117 115
117 116
117 118
117 119
117 120
117 121
117 136
117 137
117 138
118 113
118 114
118 115
118 116
118 117
118 119
118 120
118 121
118 137
118 138
119 113
119 114
119 116
119 117
119 118
119 120
119 121
119 136
119 137
119 138
119 139
119 246
119 359
119 374
120 73
120 112
120 113
120 114
120 115
120 116
120 117
120 118
120 119
120 121
120 122
120 135
120 136
120 137
120 138
120 139
120 140
120 141
120 373
121 73
121 75
121 111
121 112
121 113
121 114
121 117
121 118
121 119
121 120
121 122
121 123
121 124
121 134
121 135
121 136
121 137
121 138
121 141
121 239
121 242
121 243
121 245
121 373
121 374
122 73
122 74
122 75
122 76
122 110
122 111
122 112
122 113
122 114
122 120
122 121
122 123
122 124
122 133
122 134
122 135
122 136
122 137
122 141
122 142
122 239
122 242
122 243
123 75
123 76
123 77
123 78
123 109
123 110
123 111
123 112
123 113
123 121
123 122
123 124
123 125
123 131
123 132
123 133
123 134
123 135
123 136
123 143
123 235
123 236
123 237
123 238
123 239
123 240
123 241
123 242
123 243
123 333
124 75
124 76
124 77
124 78
124 108
124 109
124 110
124 111
124 112
124 121
124 122
124 123
124 125
124 126
124 127
124 130
124 131
124 132
124 133
124 134
124 135
124 143
124 144
124 145
124 235
124 238
124 239
124 242
125 77
125 78
125 107
125 108
125 109
125 110
125 111
125 123
125 124
125 126
125 127
125 128
125 129
125 130
125 131
125 132
125 133
125 134
125 144
125 145
125 231
125 234
125 235
125 238
125 239
126 105
126 107
126 108
126 109
126 110
126 124
126 125
126 127
126 128
126 129
126 130
126 131
126 132
126 133
126 146
127 104
127 105
127 106
127 107
127 108
127 109
127 124
127 125
127 126
127 128
127 129
127 130
127 131
127 132
127 231
127 235
128 108
128 125
128 126
128 127
128 129
128 130
128 131
128 132
128 146
128 231
129 108
129 125
129 126
129 127
129 128
129 130
129 131
129 132
129 146
129 153
130 44
130 108
130 124
130 125
130 126
130 127
130 128
130 129
130 131
130 132
130 144
130 145
130 146
130 147
130 148
130 150
130 153
130 154
130 155
131 44
131 108
131 109
131 110
131 123
131 124
131 125
131 126
131 127
131 128
131 129
131 130
131 132
131 133
131 134
131 143
131 144
131 145
131 146
131 147
131 153
131 154
131 155
131 156
132 109
132 123
132 124
132 125
132 126
132 127
132 128
132 129
132 130
132 131
132 133
132 134
132 135
132 143
132 144
132 145
132 146
132 155
132 156
132 157
132 235
132 332
133 109
133 110
133 122
133 123
133 124
133 125
133 126
133 131
133 132
133 134
133 135
133 142
133 143
133 144
133 145
133 146
133 157
133 235
133 236
133 238
133 239
133 331
133 332
133 333
134 111
134 121
134 122
134 123
134 124
134 125
134 131
134 132
134 133
134 135
134 136
134 137
134 141
134 142
134 143
134 144
134 145
134 157
134 158
134 160
134 235
134 236
134 238
134 239
134 242
134 332
134 333
134 336
135 73
135 111
135 112
135 113
135 114
135 120
135 121
135 122
135 123
135 124
135 132
135 133
135 134
135 136
135 137
135 138
135 140
135 141
135 142
135 143
135 144
135 157
135 158
135 159
135 239
135 333
136 113
136 114
136 117
136 119
136 120
136 121
136 122
136 123
136 134
136 135
136 137
136 138
136 139
136 140
136 141
136 142
136 143
136 159
136 372
136 373
137 71
137 113
137 114
137 117
137 118
137 119
137 120
137 121
137 122
137 134
137 135
137 136
137 138
137 139
137 140
137 141
137 142
138 114
138 117
138 118
138 119
138 120
138 121
138 135
138 136
138 137
138 139
138 140
138 141
138 359
138 360
139 119
139 120
139 136
139 137
139 138
139 140
139 141
139 359
139 360
139 361
139 362
139 371
139 372
139 373
140 120
140 135
140 136
140 137
140 138
140 139
140 141
140 142
140 159
140 160
140 161
140 162
140 360
140 371
140 372
140 373
141 120
141 121
141 122
141 134
141 135
141 136
141 137
141 138
141 139
141 140
141 142
141 143
141 144
141 158
141 159
141 160
141 161
141 162
141 333
141 334
141 371
141 372
141 373
142 39
142 122
142 133
142 134
142 135
142 136
142 137
142 140
142 141
142 143
142 144
142 145
142 156
142 157
142 158
142 159
142 160
142 161
142 333
143 39
143 123
143 124
143 131
143 132
143 133
143 134
143 135
143 136
143 141
143 142
143 144
143 145
143 156
143 157
143 158
143 159
143 160
143 331
143 332
143 333
143 334
144 39
144 40
144 41
144 42
144 124
144 125
144 130
144 131
144 132
144 133
144 134
144 135
144 141
144 142
144 143
144 145
144 146
144 147
144 155
144 156
144 157
144 158
144 159
144 332
144 333
145 39
145 41
145 42
145 124
145 125
145 130
145 131
145 132
145 133
145 134
145 142
145 143
145 144
145 146
145 147
145 148
145 154
145 155
145 156
145 157
145 158
146 41
146 42
146 43
146 126
146 128
146 129
146 130
146 131
146 132
146 133
146 144
146 145
146 147
146 148
146 149
146 150
146 153
146 154
146 155
146 156
146 157
147 41
147 42
147 130
147 131
147 144
147 145
147 146
147 148
147 149
147 150
147 151
147 152
147 153
147 154
147 155
147 156
148 130
148 145
148 146
148 147
148 149
148 150
148 151
148 153
148 154
148 155
149 146
149 147
149 148
149 150
149 151
149 152
149 153
149 154
150 130
150 146
150 147
150 148
150 149
150 151
150 152
150 153
150 154
150 155
151 147
151 148
151 149
151 150
151 152
151 153
151 154
152 43
152 44
152 147
152 149
152 150
152 151
152 153
152 154
152 155
153 42
153 43
153 44
153 45
153 129
153 130
153 131
153 146
153 147
153 148
153 149
153 150
153 151
153 152
153 154
153 155
154 41
154 42
154 43
154 44
154 130
154 131
154 145
154 146
154 147
154 148
154 149
154 150
154 151
154 152
154 153
154 155
154 156
154 157
155 39
155 40
155 41
155 42
155 43
155 44
155 64
155 130
155 131
155 132
155 144
155 145
155 146
155 147
155 148
155 150
155 152
155 153
155 154
155 156
155 157
155 158
156 38
156 39
156 40
156 41
156 42
156 43
156 66
156 131
156 132
156 142
156 143
156 144
156 145
156 146
156 147
156 154
156 155
156 157
156 158
156 159
157 37
157 38
157 39
157 40
157 41
157 42
157 64
157 65
157 66
157 67
157 132
157 133
157 134
157 135
157 142
157 143
157 144
157 145
157 146
157 154
157 155
157 156
157 158
157 159
157 160
158 35
158 36
158 37
158 38
158 39
158 40
158 41
158 134
158 135
158 141
158 142
158 143
158 144
158 145
158 155
158 156
158 157
158 159
158 160
158 161
159 35
159 36
159 37
159 38
159 39
159 40
159 67
159 135
159 136
159 140
159 141
159 142
159 143
159 144
159 156
159 157
159 158
159 160
159 161
159 162
160 35
160 36
160 37
160 134
160 140
160 141
160 142
160 143
160 157
160 158
160 159
160 161
160 162
160 163
160 164
160 331
160 333
160 334
160 371
160 372
161 35
161 36
161 37
161 140
161 141
161 142
161 158
161 159
161 160
161 162
161 163
161 164
161 165
161 370
161 371
162 140
162 141
162 159
162 160
162 161
162 163
162 164
162 165
162 362
162 369
162 370
162 371
162 372
163 36
163 160
163 161
163 162
163 164
163 165
163 166
163 169
163 369
163 370
163 371
164 36
164 160
164 161
164 162
164 163
164 165
164 166
164 167
164 168
164 169
164 170
164 369
164 370
164 371
165 36
165 161
165 162
165 163
165 164
165 166
165 167
165 168
165 169
166 163
166 164
166 165
166 167
166 168
166 169
166 170
167 164
167 165
167 166
167 168
167 169
167 170
167 305
168 164
168 165
168 166
168 167
168 169
168 170
168 171
168 305
169 163
169 164
169 165
169 166
169 167
169 168
169 170
169 171
169 305
169 306
169 368
169 369
169 370
170 164
170 166
170 167
170 168
170 169
170 171
170 172
170 173
170 304
170 305
170 306
170 307
170 308
170 367
170 368
170 369
170 370
171 168
171 169
171 170
171 172
171 173
171 174
171 175
171 304
171 305
171 306
171 307
171 308
171 309
171 338
171 366
171 367
171 368
171 369
171 370
172 170
172 171
172 173
172 174
172 175
172 305
172 306
172 307
172 308
172 309
172 310
172 325
172 338
172 341
172 342
172 351
172 365
172 366
172 367
172 368
172 369
173 170
173 171
173 172
173 174
173 175
173 178
173 270
173 271
173 272
173 304
173 305
173 306
173 307
173 308
173 309
173 310
173 324
173 325
173 342
173 367
173 368
174 171
174 172
174 173
174 175
174 176
174 177
174 178
174 179
174 180
174 271
174 272
174 306
174 307
174 308
174 309
174 310
174 311
174 312
174 342
174 345
174 350
174 351
174 367
175 171
175 172
175 173
175 174
175 176
175 177
175 178
175 179
175 180
175 181
175 309
175 350
175 351
175 367
176 174
176 175
176 177
176 178
176 179
176 180
176 181
176 182
176 350
176 351
176 367
177 174
177 175
177 176
177 178
177 179
177 180
177 181
177 182
177 183
178 173
178 174
178 175
178 176
178 177
178 179
178 180
178 181
178 182
178 183
178 184
178 311
178 312
179 174
179 175
179 176
179 177
179 178
179 180
179 181
179 182
179 183
179 184
179 310
179 311
179 312
179 313
179 345
179 348
179 349
179 350
179 351
180 174
180 175
180 176
180 177
180 178
180 179
180 181
180 182
180 183
180 184
180 185
180 312
180 350
181 175
181 176
181 177
181 178
181 179
181 180
181 182
181 183
181 184
181 185
181 186
181 312
182 176
182 177
182 178
182 179
182 180
182 181
182 183
182 184
182 185
182 186
182 187
182 311
182 312
182 313
182 314
183 177
183 178
183 179
183 180
183 181
183 182
183 184
183 185
183 186
183 187
183 188
183 311
183 312
183 313
183 348
184 178
184 179
184 180
184 181
184 182
184 183
184 185
184 186
184 187
184 188
185 180
185 181
185 182
185 183
185 184
185 186
185 187
185 188
186 181
186 182
186 183
186 184
186 185
186 187
186 188
186 189
186 312
186 313
186 314
187 182
187 183
187 184
187 185
187 186
187 188
187 189
187 190
188 183
188 184
188 185
188 186
188 187
188 189
188 190
188 191
188 389
189 186
189 187
189 188
189 190
189 191
189 192
189 389
190 187
190 188
190 189
190 191
190 192
190 193
191 188
191 189
191 190
191 192
191 193
191 194
191 385
192 189
192 190
192 191
192 193
192 194
192 195
193 190
193 191
193 192
193 194
193 195
193 196
193 381
193 382
193 385
194 191
194 192
194 193
194 195
194 196
194 197
194 381
195 192
195 193
195 194
195 196
195 197
195 198
195 377
195 378
195 381
196 193
196 194
196 195
196 197
196 198
196 199
196 200
196 201
196 377
196 381
197 194
197 195
197 196
197 198
197 199
197 200
197 201
197 377
197 378
197 380
197 381
198 195
198 196
198 197
198 199
198 200
198 201
198 202
198 357
198 358
198 375
198 376
198 377
198 378
198 379
198 380
198 381
199 196
199 197
199 198
199 200
199 201
199 202
199 358
199 377
200 196
200 197
200 198
200 199
200 201
200 202
200 203
201 196
201 197
201 198
201 199
201 200
201 202
201 203
201 204
201 246
201 247
201 377
201 380
201 381
202 198
202 199
202 200
202 201
202 203
202 204
202 205
202 247
202 248
202 576
202 577
202 599
203 200
203 201
203 202
203 204
203 205
203 206
203 246
203 247
203 248
203 249
203 380
203 384
203 577
203 598
203 599
204 201
204 202
204 203
204 205
204 206
204 247
204 248
204 249
204 384
204 395
204 396
204 577
204 596
204 597
204 598
204 599
204 600
205 202
205 203
205 204
205 206
205 207
205 245
205 247
205 248
205 249
205 250
205 394
205 395
205 396
205 597
205 598
205 599
205 600
206 203
206 204
206 205
206 207
206 208
206 209
206 244
206 245
206 247
206 248
206 249
206 250
206 251
206 387
206 391
206 392
206 393
206 394
206 395
206 396
206 397
206 598
206 600
207 80
207 205
207 206
207 208
207 209
207 210
207 248
207 249
207 250
207 251
207 252
207 293
207 393
207 394
207 395
207 396
207 397
207 403
208 206
208 207
208 209
208 210
208 211
208 241
208 244
208 249
208 250
208 251
208 252
208 253
208 254
208 292
208 293
208 294
208 315
208 316
208 343
208 347
208 391
208 393
208 394
208 395
208 396
209 81
209 82
209 83
209 206
209 207
209 208
209 210
209 211
209 250
209 251
209 252
209 253
209 254
209 255
209 291
209 292
209 293
209 294
209 295
209 316
209 393
209 394
209 403
210 82
210 83
210 207
210 208
210 209
210 211
210 212
210 237
210 251
210 252
210 253
210 254
210 255
210 256
210 291
210 292
210 293
210 294
210 295
210 296
210 321
210 322
210 343
211 86
211 87
211 208
211 209
211 210
211 212
211 213
211 252
211 253
211 254
211 255
211 256
211 257
211 286
211 290
211 291
211 292
211 293
211 294
211 295
211 296
211 297
211 322
212 88
212 210
212 211
212 213
212 214
212 215
212 230
212 233
212 234
212 237
212 253
212 254
212 255
212 256
212 257
212 258
212 294
212 295
212 296
212 297
212 298
212 323
212 324
213 88
213 89
213 211
213 212
213 214
213 215
213 216
213 233
213 255
213 256
213 257
213 258
213 259
213 278
213 282
213 286
213 295
213 296
213 297
213 298
213 299
213 324
214 90
214 212
214 213
214 215
214 216
214 217
214 218
214 219
214 226
214 229
214 230
214 233
214 256
214 257
214 258
214 259
214 260
214 263
214 296
214 297
214 298
214 299
214 300
214 324
214 325
214 327
215 212
215 213
215 214
215 216
215 217
215 218
215 219
215 220
215 257
215 258
215 259
215 260
215 261
215 262
215 263
215 264
215 265
215 266
215 267
215 297
215 298
215 299
215 300
215 327
216 213
216 214
216 215
216 217
216 218
216 219
216 220
216 221
216 222
216 224
216 258
216 259
216 260
216 261
216 262
216 263
216 264
216 267
216 298
216 299
216 300
217 214
217 215
217 216
217 218
217 219
217 220
217 221
217 222
217 224
217 259
217 260
217 262
217 263
217 267
217 268
217 298
217 299
217 300
217 301
218 214
218 215
218 216
218 217
218 219
218 220
218 221
218 222
218 223
218 224
218 229
218 258
218 259
218 260
218 298
218 299
218 300
218 301
218 326
218 327
218 328
218 329
219 214
219 215
219 216
219 217
219 218
219 220
219 221
219 222
219 223
219 224
219 225
219 226
219 227
219 228
219 229
219 230
219 258
219 259
219 260
219 261
219 262
219 298
219 299
219 300
220 215
220 216
220 217
220 218
220 219
220 221
220 222
220 223
220 224
220 225
220 226
220 229
220 259
220 260
220 261
220 262
220 300
221 216
221 217
221 218
221 219
221 220
221 222
221 223
221 224
221 225
221 229
221 300
221 328
221 329
221 330
222 216
222 217
222 218
222 219
222 220
222 221
222 223
222 224
222 225
222 226
222 227
222 228
222 229
222 232
222 329
222 330
223 218
223 219
223 220
223 221
223 222
223 224
223 225
223 226
223 228
223 229
224 216
224 217
224 218
224 219
224 220
224 221
224 222
224 223
224 225
224 226
224 227
224 228
224 229
224 260
224 261
225 219
225 220
225 221
225 222
225 223
225 224
225 226
225 227
225 228
225 229
225 230
225 260
226 88
226 89
226 90
226 214
226 219
226 220
226 222
226 223
226 224
226 225
226 227
226 228
226 229
226 230
226 231
226 232
226 258
226 259
226 260
227 88
227 102
227 219
227 222
227 224
227 225
227 226
227 228
227 229
227 230
227 231
227 232
227 233
228 219
228 222
228 223
228 224
228 225
228 226
228 227
228 229
228 230
228 231
228 232
228 233
228 234
229 214
229 218
229 219
229 220
229 221
229 222
229 223
229 224
229 225
229 226
229 227
229 228
229 230
229 231
229 232
229 233
229 234
229 256
229 258
230 88
230 102
230 212
230 214
230 219
230 225
230 226
230 227
230 228
230 229
230 231
230 232
230 233
230 234
230 235
230 236
230 256
230 257
230 258
231 104
231 125
231 127
231 128
231 226
231 227
231 228
231 229
231 230
231 232
231 233
231 234
231 235
231 236
231 237
232 222
232 226
232 227
232 228
232 229
232 230
232 231
232 233
232 234
232 235
232 236
232 237
232 238
232 330
232 331
232 332
233 212
233 213
233 214
233 227
233 228
233 229
233 230
233 231
233 232
233 234
233 235
233 236
233 237
233 238
233 253
233 256
233 298
233 332
233 336
234 81
234 82
234 104
234 109
234 125
234 212
234 228
234 229
234 230
234 231
234 232
234 233
234 235
234 236
234 237
234 238
234 239
234 240
234 253
234 256
235 109
235 123
235 124
235 125
235 127
235 132
235 133
235 134
235 230
235 231
235 232
235 233
235 234
235 236
235 237
235 238
235 239
235 240
235 332
235 333
235 336
236 123
236 133
236 134
236 230
236 231
236 232
236 233
236 234
236 235
236 237
236 238
236 239
236 240
236 241
236 331
236 332
236 333
236 334
236 335
236 336
236 337
236 339
236 340
237 81
237 82
237 123
237 210
237 212
237 231
237 232
237 233
237 234
237 235
237 236
237 238
237 239
237 240
237 241
237 242
237 243
237 251
237 252
237 253
237 332
237 335
237 336
237 339
237 340
238 78
238 80
238 81
238 82
238 109
238 110
238 111
238 123
238 124
238 125
238 133
238 134
238 232
238 233
238 234
238 235
238 236
238 237
238 239
238 240
238 241
238 242
238 243
238 251
238 252
238 253
238 336
239 109
239 110
239 111
239 121
239 122
239 123
239 124
239 125
239 133
239 134
239 135
239 234
239 235
239 236
239 237
239 238
239 240
239 241
239 242
239 243
239 244
239 251
239 332
239 333
239 335
239 336
239 337
239 339
239 340
239 373
240 123
240 234
240 235
240 236
240 237
240 238
240 239
240 241
240 242
240 243
240 244
240 245
240 250
240 251
240 333
240 335
240 336
240 337
240 338
240 339
240 340
240 341
240 343
240 373
241 78
241 80
241 81
241 111
241 123
241 208
241 236
241 237
241 238
241 239
241 240
241 242
241 243
241 244
241 245
241 246
241 248
241 249
241 250
241 251
241 252
241 253
241 336
241 340
242 78
242 110
242 111
242 112
242 121
242 122
242 123
242 124
242 134
242 237
242 238
242 239
242 240
242 241
242 243
242 244
242 245
242 246
242 247
242 249
242 250
242 251
242 340
242 373
243 121
243 122
243 123
243 237
243 238
243 239
243 240
243 241
243 242
243 244
243 245
243 246
243 247
243 248
243 249
243 250
243 251
243 336
243 337
243 340
243 341
243 364
243 372
243 373
243 374
243 375
244 206
244 208
244 239
244 240
244 241
244 242
244 243
244 245
244 246
244 247
244 248
244 249
244 250
244 251
244 340
244 343
244 344
244 373
244 374
244 375
245 111
245 121
245 205
245 206
245 240
245 241
245 242
245 243
245 244
245 246
245 247
245 248
245 249
245 250
245 251
246 119
246 201
246 203
246 241
246 242
246 243
246 244
246 245
246 247
246 248
246 249
246 250
246 374
246 375
246 380
247 201
247 202
247 203
247 204
247 205
247 206
247 242
247 243
247 244
247 245
247 246
247 248
247 249
247 250
247 375
247 379
247 380
247 383
247 384
248 202
248 203
248 204
248 205
248 206
248 207
248 241
248 243
248 244
248 245
248 246
248 247
248 249
248 250
248 251
249 203
249 204
249 205
249 206
249 207
249 208
249 241
249 242
249 243
249 244
249 245
249 246
249 247
249 248
249 250
249 251
249 252
249 394
249 395
250 78
250 80
250 81
250 205
250 206
250 207
250 208
250 209
250 240
250 241
250 242
250 243
250 244
250 245
250 246
250 247
250 248
250 249
250 251
250 252
250 253
250 394
251 80
251 81
251 82
251 206
251 207
251 208
251 209
251 210
251 237
251 238
251 239
251 240
251 241
251 242
251 243
251 244
251 245
251 248
251 249
251 250
251 252
251 253
251 254
251 343
251 394
252 79
252 80
252 81
252 82
252 83
252 207
252 208
252 209
252 210
252 211
252 237
252 238
252 241
252 249
252 250
252 251
252 253
252 254
252 255
252 292
252 293
252 403
253 80
253 81
253 82
253 83
253 84
253 86
253 87
253 208
253 209
253 210
253 211
253 212
253 233
253 234
253 237
253 238
253 241
253 250
253 251
253 252
253 254
253 255
253 256
253 292
253 295
254 81
254 82
254 83
254 84
254 85
254 86
254 87
254 88
254 208
254 209
254 210
254 211
254 212
254 251
254 252
254 253
254 255
254 256
254 290
254 291
254 292
254 293
254 294
254 295
254 404
255 82
255 83
255 85
255 86
255 87
255 88
255 89
255 101
255 209
255 210
255 211
255 212
255 213
255 252
255 253
255 254
255 256
255 257
255 290
255 291
255 292
255 295
256 86
256 87
256 88
256 89
256 90
256 99
256 100
256 210
256 211
256 212
256 213
256 214
256 229
256 230
256 233
256 234
256 253
256 254
256 255
256 257
256 258
256 259
256 290
256 295
256 296
257 87
257 88
257 89
257 90
257 91
257 97
257 98
257 99
257 211
257 212
257 213
257 214
257 215
257 230
257 255
257 256
257 258
257 259
257 260
257 286
257 297
258 88
258 89
258 90
258 91
258 212
258 213
258 214
258 215
258 216
258 218
258 219
258 226
258 229
258 230
258 256
258 257
258 259
258 260
258 261
258 262
258 263
258 297
258 298
259 89
259 90
259 91
259 92
259 95
259 97
259 213
259 214
259 215
259 216
259 217
259 218
259 219
259 220
259 226
259 256
259 257
259 258
259 260
259 261
259 262
259 263
259 264
260 89
260 90
260 91
260 92
260 93
260 95
260 97
260 214
260 215
260 216
260 217
260 218
260 219
260 220
260 224
260 225
260 226
260 257
260 258
260 259
260 261
260 262
260 263
261 90
261 91
261 92
261 93
261 94
261 95
261 96
261 97
261 215
261 216
261 219
261 220
261 224
261 258
261 259
261 260
261 262
261 263
261 264
262 91
262 92
262 93
262 95
262 215
262 216
262 217
262 219
262 220
262 258
262 259
262 260
262 261
262 263
262 264
262 265
263 214
263 215
263 216
263 217
263 258
263 259
263 260
263 261
263 262
263 264
263 265
263 266
263 267
264 95
264 215
264 216
264 259
264 261
264 262
264 263
264 265
264 266
264 267
264 277
264 278
264 281
265 215
265 262
265 263
265 264
265 266
265 267
265 268
265 274
265 277
265 278
265 280
265 281
266 215
266 263
266 264
266 265
266 267
266 268
266 269
266 270
266 271
266 273
266 274
266 277
266 278
267 215
267 216
267 217
267 263
267 264
267 265
267 266
267 268
267 269
267 270
267 271
267 273
267 274
267 275
267 277
267 278
267 297
267 298
267 299
267 300
267 301
267 324
268 217
268 265
268 266
268 267
268 269
268 270
268 271
268 273
268 274
268 299
268 300
268 301
268 302
268 303
268 304
269 266
269 267
269 268
269 270
269 271
269 272
269 273
269 274
269 301
269 303
269 304
270 173
270 266
270 267
270 268
270 269
270 271
270 272
270 273
270 274
270 275
270 304
270 306
271 173
271 174
271 266
271 267
271 268
271 269
271 270
271 272
271 273
271 274
271 275
271 276
271 277
271 299
271 301
271 304
271 306
271 307
271 308
271 309
271 310
271 323
271 324
271 325
271 326
272 173
272 174
272 269
272 270
272 271
272 273
272 274
272 275
272 276
272 277
272 278
272 308
272 309
272 310
272 311
272 323
272 324
273 266
273 267
273 268
273 269
273 270
273 271
273 272
273 274
273 275
273 276
273 277
273 278
273 279
274 265
274 266
274 267
274 268
274 269
274 270
274 271
274 272
274 273
274 275
274 276
274 277
274 278
274 279
274 280
274 297
274 299
274 309
274 323
274 324
275 267
275 270
275 271
275 272
275 273
275 274
275 276
275 277
275 278
275 279
275 280
275 281
275 296
275 297
275 308
275 309
275 310
275 311
275 320
275 322
275 323
275 324
275 325
276 271
276 272
276 273
276 274
276 275
276 277
276 278
276 279
276 280
276 281
276 282
276 310
276 311
276 319
276 320
276 322
276 323
276 324
277 264
277 265
277 266
277 267
277 271
277 272
277 273
277 274
277 275
277 276
277 278
277 279
277 280
277 281
277 282
277 283
278 213
278 264
278 265
278 266
278 267
278 272
278 273
278 274
278 275
278 276
278 277
278 279
278 280
278 281
278 282
278 283
278 295
278 296
278 297
278 319
278 322
278 323
278 324
279 273
279 274
279 275
279 276
279 277
279 278
279 280
279 281
279 282
279 283
279 284
279 285
279 286
279 295
279 296
279 297
279 311
279 318
279 319
279 320
279 321
279 322
279 323
279 324
280 265
280 274
280 275
280 276
280 277
280 278
280 279
280 281
280 282
280 283
280 284
280 285
280 286
280 318
280 319
280 320
280 322
281 264
281 265
281 275
281 276
281 277
281 278
281 279
281 280
281 282
281 283
281 284
281 285
281 286
281 287
281 319
282 213
282 276
282 277
282 278
282 279
282 280
282 281
282 283
282 284
282 285
282 286
282 287
282 288
282 289
282 295
282 296
282 297
282 318
282 319
282 320
282 321
282 322
283 277
283 278
283 279
283 280
283 281
283 282
283 284
283 285
283 286
283 287
283 288
283 318
283 319
283 320
283 321
284 279
284 280
284 281
284 282
284 283
284 285
284 286
284 287
284 288
284 289
284 319
285 279
285 280
285 281
285 282
285 283
285 284
285 286
285 287
285 288
285 289
285 290
286 211
286 213
286 257
286 279
286 280
286 281
286 282
286 283
286 284
286 285
286 287
286 288
286 289
286 290
286 291
286 292
286 295
287 281
287 282
287 283
287 284
287 285
287 286
287 288
287 289
287 290
287 291
287 292
287 293
287 295
287 318
287 319
288 282
288 283
288 284
288 285
288 286
288 287
288 289
288 290
288 291
289 87
289 282
289 284
289 285
289 286
289 287
289 288
289 290
289 291
289 292
290 87
290 211
290 254
290 255
290 256
290 285
290 286
290 287
290 288
290 289
290 291
290 292
291 209
291 210
291 211
291 254
291 255
291 286
291 287
291 288
291 289
291 290
291 292
291 293
291 294
291 405
292 208
292 209
292 210
292 211
292 252
292 253
292 254
292 255
292 286
292 287
292 289
292 290
292 291
292 293
292 294
292 295
292 315
292 316
292 321
292 393
292 394
293 207
293 208
293 209
293 210
293 211
293 252
293 254
293 287
293 291
293 292
293 294
293 295
293 314
293 315
293 316
293 317
293 318
293 321
293 322
293 346
293 391
293 392
293 393
293 394
294 208
294 209
294 210
294 211
294 212
294 254
294 291
294 292
294 293
294 295
294 296
294 314
294 315
294 316
294 317
294 318
294 319
294 320
294 321
294 322
294 323
294 343
294 346
294 347
294 394
295 209
295 210
295 211
295 212
295 213
295 253
295 254
295 255
295 256
295 278
295 279
295 282
295 286
295 287
295 292
295 293
295 294
295 296
295 297
295 298
295 310
295 315
295 319
295 320
295 321
295 322
295 323
295 324
295 343
295 346
296 210
296 211
296 212
296 213
296 214
296 256
296 275
296 278
296 279
296 282
296 294
296 295
296 297
296 298
296 299
296 308
296 309
296 310
296 321
296 322
296 323
296 324
296 325
296 339
296 342
296 343
297 211
297 212
297 213
297 214
297 215
297 257
297 258
297 267
297 274
297 275
297 278
297 279
297 282
297 295
297 296
297 298
297 299
297 308
297 309
297 310
297 322
297 323
297 324
297 325
297 326
297 327
297 339
298 212
298 213
298 214
298 215
298 216
298 217
298 218
298 219
298 233
298 258
298 267
298 295
298 296
298 297
298 299
298 300
298 301
298 308
298 323
298 324
298 325
298 326
298 327
298 328
298 335
298 339
299 213
299 214
299 215
299 216
299 217
299 218
299 219
299 267
299 268
299 271
299 274
299 296
299 297
299 298
299 300
299 301
299 302
299 308
299 324
299 325
299 326
299 327
299 328
300 214
300 215
300 216
300 217
300 218
300 219
300 220
300 221
300 267
300 268
300 298
300 299
300 301
300 302
300 303
300 325
300 326
300 327
300 328
300 329
301 217
301 218
301 267
301 268
301 269
301 271
301 298
301 299
301 300
301 302
301 303
301 304
301 305
301 306
301 307
301 325
301 326
301 327
301 328
301 329
302 29
302 30
302 31
302 268
302 299
302 300
302 301
302 303
302 304
302 305
302 326
302 327
302 328
302 329
303 268
303 269
303 300
303 301
303 302
303 304
303 305
303 306
303 328
304 170
304 171
304 173
304 268
304 269
304 270
304 271
304 301
304 302
304 303
304 305
304 306
304 307
304 308
304 326
305 167
305 168
305 169
305 170
305 171
305 172
305 173
305 301
305 302
305 303
305 304
305 306
305 307
305 308
305 326
306 169
306 170
306 171
306 172
306 173
306 174
306 270
306 271
306 301
306 303
306 304
306 305
306 307
306 308
306 309
306 325
306 326
306 368
306 369
307 170
307 171
307 172
307 173
307 174
307 271
307 301
307 304
307 305
307 306
307 308
307 309
307 324
307 325
307 326
307 327
307 328
307 335
307 338
307 339
307 341
307 342
307 367
307 368
307 369
308 170
308 171
308 172
308 173
308 174
308 271
308 272
308 275
308 296
308 297
308 298
308 299
308 304
308 305
308 306
308 307
308 309
308 310
308 323
308 324
308 325
308 326
308 327
308 335
308 338
308 339
308 341
308 342
309 171
309 172
309 173
309 174
309 175
309 271
309 272
309 274
309 275
309 296
309 297
309 306
309 307
309 308
309 310
309 311
309 312
309 322
309 323
309 324
309 325
309 326
309 338
309 339
309 341
309 342
309 343
309 345
309 346
310 172
310 173
310 174
310 179
310 271
310 272
310 275
310 276
310 295
310 296
310 297
310 308
310 309
310 311
310 312
310 313
310 314
310 320
310 321
310 322
310 323
310 324
310 325
310 339
310 341
310 342
310 343
310 344
310 345
310 346
310 347
311 174
311 178
311 179
311 182
311 183
311 272
311 275
311 276
311 279
311 309
311 310
311 312
311 313
311 314
311 315
311 317
311 319
311 320
311 321
311 322
311 323
311 324
311 342
311 343
311 344
311 345
311 346
311 347
311 348
312 174
312 178
312 179
312 180
312 181
312 182
312 183
312 186
312 309
312 310
312 311
312 313
312 314
312 315
312 320
312 321
312 322
312 323
312 342
312 343
312 344
312 345
312 346
312 347
312 348
312 349
312 350
312 386
313 179
313 182
313 183
313 186
313 310
313 311
313 312
313 314
313 315
313 316
313 317
313 320
313 321
313 343
313 344
313 345
313 346
313 347
313 348
313 349
313 350
313 382
313 383
313 385
313 386
313 387
313 389
313 390
313 391
314 182
314 186
314 293
314 294
314 310
314 311
314 312
314 313
314 315
314 316
314 317
314 318
314 319
314 320
314 321
314 322
314 323
314 343
314 344
314 345
314 346
314 347
314 348
314 386
314 390
314 391
315 208
315 292
315 293
315 294
315 295
315 311
315 312
315 313
315 314
315 316
315 317
315 318
315 319
315 320
315 321
315 322
315 343
315 344
315 345
315 346
315 347
315 348
315 386
315 387
315 390
315 391
315 392
315 393
315 394
316 208
316 209
316 292
316 293
316 294
316 313
316 314
316 315
316 317
316 318
316 319
316 320
316 321
316 322
316 346
316 347
316 387
316 390
316 391
316 392
316 393
316 394
317 293
317 294
317 311
317 313
317 314
317 315
317 316
317 318
317 319
317 320
317 321
317 322
317 346
317 390
317 391
317 393
318 279
318 280
318 282
318 283
318 287
318 293
318 294
318 314
318 315
318 316
318 317
318 319
318 320
318 321
318 322
319 276
319 278
319 279
319 280
319 281
319 282
319 283
319 284
319 287
319 294
319 295
319 311
319 314
319 315
319 316
319 317
319 318
319 320
319 321
319 322
320 275
320 276
320 279
320 280
320 282
320 283
320 294
320 295
320 310
320 311
320 312
320 313
320 314
320 315
320 316
320 317
320 318
320 319
320 321
320 322
320 323
320 346
321 210
321 279
321 282
321 283
321 292
321 293
321 294
321 295
321 296
321 310
321 311
321 312
321 313
321 314
321 315
321 316
321 317
321 318
321 319
321 320
321 322
321 323
321 343
321 346
321 347
322 210
322 211
322 275
322 276
322 278
322 279
322 280
322 282
322 293
322 294
322 295
322 296
322 297
322 309
322 310
322 311
322 312
322 314
322 315
322 316
322 317
322 318
322 319
322 320
322 321
322 323
322 324
322 342
322 343
322 345
322 346
323 212
323 271
323 272
323 274
323 275
323 276
323 278
323 279
323 294
323 295
323 296
323 297
323 298
323 308
323 309
323 310
323 311
323 312
323 314
323 320
323 321
323 322
323 324
323 325
323 339
323 342
323 343
323 345
323 346
324 173
324 212
324 213
324 214
324 267
324 271
324 272
324 274
324 275
324 276
324 278
324 279
324 295
324 296
324 297
324 298
324 299
324 307
324 308
324 309
324 310
324 311
324 322
324 323
324 325
324 326
324 327
324 338
324 339
324 342
324 343
325 172
325 173
325 214
325 271
325 275
325 296
325 297
325 298
325 299
325 300
325 301
325 306
325 307
325 308
325 309
325 310
325 323
325 324
325 326
325 327
325 328
325 335
325 336
325 338
325 339
325 340
325 341
325 342
325 343
326 218
326 271
326 297
326 298
326 299
326 300
326 301
326 302
326 304
326 305
326 306
326 307
326 308
326 309
326 324
326 325
326 327
326 328
326 329
326 335
326 338
326 339
327 214
327 215
327 218
327 297
327 298
327 299
327 300
327 301
327 302
327 307
327 308
327 324
327 325
327 326
327 328
327 329
327 330
327 331
327 332
327 334
327 335
327 336
327 338
327 339
328 30
328 31
328 33
328 218
328 221
328 298
328 299
328 300
328 301
328 302
328 303
328 307
328 325
328 326
328 327
328 329
328 330
328 331
328 334
328 335
329 30
329 31
329 32
329 33
329 218
329 221
329 222
329 300
329 301
329 302
329 326
329 327
329 328
329 330
329 331
329 332
329 334
329 335
330 33
330 221
330 222
330 232
330 327
330 328
330 329
330 331
330 332
330 333
330 334
330 335
331 33
331 34
331 35
331 133
331 143
331 160
331 232
331 236
331 327
331 328
331 329
331 330
331 332
331 333
331 334
331 335
331 336
332 132
332 133
332 134
332 143
332 144
332 232
332 233
332 235
332 236
332 237
332 239
332 327
332 329
332 330
332 331
332 333
332 334
332 335
332 336
332 337
332 338
333 123
333 133
333 134
333 135
333 141
333 142
333 143
333 144
333 160
333 235
333 236
333 239
333 240
333 330
333 331
333 332
333 334
333 335
333 336
333 337
333 338
333 339
333 371
333 372
333 373
334 141
334 143
334 160
334 236
334 327
334 328
334 329
334 330
334 331
334 332
334 333
334 335
334 336
334 337
334 338
334 339
334 340
334 369
334 370
334 371
334 372
335 236
335 237
335 239
335 240
335 298
335 307
335 308
335 325
335 326
335 327
335 328
335 329
335 330
335 331
335 332
335 333
335 334
335 336
335 337
335 338
335 339
335 340
335 341
336 134
336 233
336 235
336 236
336 237
336 238
336 239
336 240
336 241
336 243
336 325
336 327
336 331
336 332
336 333
336 334
336 335
336 337
336 338
336 339
336 340
336 341
336 342
336 373
337 236
337 239
337 240
337 243
337 332
337 333
337 334
337 335
337 336
337 338
337 339
337 340
337 341
337 342
337 343
337 364
337 365
337 369
337 370
337 371
337 372
337 373
338 171
338 172
338 240
338 307
338 308
338 309
338 324
338 325
338 326
338 327
338 332
338 333
338 334
338 335
338 336
338 337
338 339
338 340
338 341
338 342
338 343
338 344
338 364
338 365
338 369
338 370
338 371
339 236
339 237
339 239
339 240
339 296
339 297
339 298
339 307
339 308
339 309
339 310
339 323
339 324
339 325
339 326
339 327
339 333
339 334
339 335
339 336
339 337
339 338
339 340
339 341
339 342
339 343
339 344
339 345
340 236
340 237
340 239
340 240
340 241
340 242
340 243
340 244
340 325
340 334
340 335
340 336
340 337
340 338
340 339
340 341
340 342
340 343
340 344
340 345
340 364
340 365
340 373
340 375
341 172
341 240
341 243
341 307
341 308
341 309
341 310
341 325
341 335
341 336
341 337
341 338
341 339
341 340
341 342
341 343
341 344
341 345
341 346
341 347
341 349
341 350
341 351
341 363
341 364
341 365
341 366
341 367
341 369
341 375
342 172
342 173
342 174
342 296
342 307
342 308
342 309
342 310
342 311
342 312
342 322
342 323
342 324
342 325
342 336
342 337
342 338
342 339
342 340
342 341
342 343
342 344
342 345
342 346
342 347
342 348
342 349
342 350
342 364
342 365
343 208
343 210
343 240
343 244
343 251
343 294
343 295
343 296
343 309
343 310
343 311
343 312
343 313
343 314
343 315
343 321
343 322
343 323
343 324
343 325
343 337
343 338
343 339
343 340
343 341
343 342
343 344
343 345
343 346
343 347
343 348
343 349
344 244
344 310
344 311
344 312
344 313
344 314
344 315
344 338
344 339
344 340
344 341
344 342
344 343
344 345
344 346
344 347
344 348
344 349
344 350
344 351
344 364
344 365
344 375
344 379
344 382
344 383
345 174
345 179
345 309
345 310
345 311
345 312
345 313
345 314
345 315
345 322
345 323
345 339
345 340
345 341
345 342
345 343
345 344
345 346
345 347
345 348
345 349
345 350
345 351
345 365
345 379
345 382
345 383
346 293
346 294
346 295
346 309
346 310
346 311
346 312
346 313
346 314
346 315
346 316
346 317
346 320
346 321
346 322
346 323
346 341
346 342
346 343
346 344
346 345
346 347
346 348
346 349
346 350
346 383
346 386
347 208
347 294
347 310
347 311
347 312
347 313
347 314
347 315
347 316
347 321
347 341
347 342
347 343
347 344
347 345
347 346
347 348
347 349
347 350
347 379
347 382
347 383
347 384
347 385
347 386
347 387
347 390
347 391
348 179
348 183
348 311
348 312
348 313
348 314
348 315
348 342
348 343
348 344
348 345
348 346
348 347
348 349
348 350
348 379
348 380
348 381
348 382
348 383
348 384
348 385
348 386
348 387
348 390
348 391
349 179
349 312
349 313
349 341
349 342
349 343
349 344
349 345
349 346
349 347
349 348
349 350
349 351
349 352
349 365
349 375
349 376
349 378
349 379
349 380
349 381
349 382
349 383
349 384
349 385
349 386
350 174
350 175
350 176
350 179
350 180
350 312
350 313
350 341
350 342
350 344
350 345
350 346
350 347
350 348
350 349
350 351
350 352
350 353
350 365
350 366
350 367
350 378
350 379
350 382
350 383
351 172
351 174
351 175
351 176
351 179
351 341
351 344
351 345
351 349
351 350
351 352
351 353
351 354
351 356
351 363
351 364
351 365
351 366
351 367
351 368
351 376
351 378
351 379
352 349
352 350
352 351
352 353
352 354
352 355
352 356
352 357
352 358
352 362
352 363
352 364
352 365
352 366
352 367
352 375
352 376
352 377
352 378
352 379
353 350
353 351
353 352
353 354
353 355
353 356
353 357
353 365
353 366
353 367
353 376
353 378
354 351
354 352
354 353
354 355
354 356
354 357
354 366
355 352
355 353
355 354
355 356
355 357
355 376
355 377
355 378
356 351
356 352
356 353
356 354
356 355
356 357
356 358
356 362
356 363
356 365
356 366
356 375
356 376
356 377
356 378
356 379
357 198
357 352
357 353
357 354
357 355
357 356
357 358
357 359
357 360
357 361
357 362
357 363
357 374
357 375
357 376
357 377
357 378
357 379
358 198
358 199
358 352
358 356
358 357
358 359
358 360
358 361
358 362
358 363
358 364
358 372
358 373
358 374
358 375
358 376
358 377
358 378
358 379
359 119
359 138
359 139
359 357
359 358
359 360
359 361
359 362
359 363
359 372
359 373
359 374
359 375
359 376
359 377
360 138
360 139
360 140
360 357
360 358
360 359
360 361
360 362
360 363
360 364
360 371
360 372
360 373
360 374
360 375
360 376
361 139
361 357
361 358
361 359
361 360
361 362
361 363
361 370
361 371
361 372
361 374
362 139
362 162
362 352
362 356
362 357
362 358
362 359
362 360
362 361
362 363
362 364
362 365
362 366
362 367
362 368
362 369
362 370
362 371
362 372
362 373
362 374
362 375
362 376
363 341
363 351
363 352
363 356
363 357
363 358
363 359
363 360
363 361
363 362
363 364
363 365
363 366
363 367
363 370
363 371
363 372
363 373
363 374
363 375
363 376
363 377
363 378
363 379
364 243
364 337
364 338
364 340
364 341
364 342
364 344
364 351
364 352
364 358
364 360
364 362
364 363
364 365
364 366
364 367
364 368
364 369
364 370
364 371
364 372
364 373
364 374
364 375
364 376
364 379
365 172
365 337
365 338
365 340
365 341
365 342
365 344
365 345
365 349
365 350
365 351
365 352
365 353
365 356
365 362
365 363
365 364
365 366
365 367
365 368
365 369
365 370
365 372
365 373
365 374
365 375
365 376
365 378
365 379
366 171
366 172
366 341
366 350
366 351
366 352
366 353
366 354
366 356
366 362
366 363
366 364
366 365
366 367
366 368
366 369
366 370
366 371
366 372
366 375
366 376
367 170
367 171
367 172
367 173
367 174
367 175
367 176
367 307
367 341
367 350
367 351
367 352
367 353
367 362
367 363
367 364
367 365
367 366
367 368
367 369
367 370
368 169
368 170
368 171
368 172
368 173
368 306
368 307
368 351
368 362
368 364
368 365
368 366
368 367
368 369
368 370
368 371
369 162
369 163
369 164
369 169
369 170
369 171
369 172
369 306
369 307
369 334
369 337
369 338
369 341
369 362
369 364
369 365
369 366
369 367
369 368
369 370
369 371
369 372
370 161
370 162
370 163
370 164
370 169
370 170
370 171
370 334
370 337
370 338
370 361
370 362
370 363
370 364
370 365
370 366
370 367
370 368
370 369
370 371
370 372
370 373
371 139
371 140
371 141
371 160
371 161
371 162
371 163
371 164
371 333
371 334
371 337
371 338
371 360
371 361
371 362
371 363
371 364
371 366
371 368
371 369
371 370
371 372
371 373
371 374
372 136
372 139
372 140
372 141
372 160
372 162
372 243
372 333
372 334
372 337
372 358
372 359
372 360
372 361
372 362
372 363
372 364
372 365
372 366
372 369
372 370
372 371
372 373
372 374
372 375
373 120
373 121
373 136
373 139
373 140
373 141
373 239
373 240
373 242
373 243
373 244
373 333
373 336
373 337
373 340
373 358
373 359
373 360
373 362
373 363
373 364
373 365
373 370
373 371
373 372
373 374
373 375
374 119
374 121
374 243
374 244
374 246
374 357
374 358
374 359
374 360
374 361
374 362
374 363
374 364
374 365
374 371
374 372
374 373
374 375
374 376
374 377
374 379
375 198
375 243
375 244
375 246
375 247
375 340
375 341
375 344
375 349
375 352
375 356
375 357
375 358
375 359
375 360
375 362
375 363
375 364
375 365
375 366
375 372
375 373
375 374
375 376
375 377
375 378
375 379
375 380
376 198
376 349
376 351
376 352
376 353
376 355
376 356
376 357
376 358
376 359
376 360
376 362
376 363
376 364
376 365
376 366
376 374
376 375
376 377
376 378
376 379
376 380
376 381
376 382
377 195
377 196
377 197
377 198
377 199
377 201
377 352
377 355
377 356
377 357
377 358
377 359
377 363
377 374
377 375
377 376
377 378
377 379
377 380
377 381
377 382
378 195
378 197
378 198
378 349
378 350
378 351
378 352
378 353
378 355
378 356
378 357
378 358
378 363
378 365
378 375
378 376
378 377
378 379
378 380
378 381
378 382
378 383
378 384
379 198
379 247
379 344
379 345
379 347
379 348
379 349
379 350
379 351
379 352
379 356
379 357
379 358
379 363
379 364
379 365
379 374
379 375
379 376
379 377
379 378
379 380
379 381
379 382
379 383
379 384
379 385
380 197
380 198
380 201
380 203
380 246
380 247
380 348
380 349
380 375
380 376
380 377
380 378
380 379
380 381
380 382
380 383
380 384
380 385
381 193
381 194
381 195
381 196
381 197
381 198
381 201
381 348
381 349
381 376
381 377
381 378
381 379
381 380
381 382
381 383
381 384
381 385
381 386
382 193
382 313
382 344
382 345
382 347
382 348
382 349
382 350
382 376
382 377
382 378
382 379
382 380
382 381
382 383
382 384
382 385
382 386
382 387
383 247
383 313
383 344
383 345
383 346
383 347
383 348
383 349
383 350
383 378
383 379
383 380
383 381
383 382
383 384
383 385
383 386
383 387
383 388
383 391
384 203
384 204
384 247
384 347
384 348
384 349
384 378
384 379
384 380
384 381
384 382
384 383
384 385
384 386
384 387
384 388
384 389
384 391
385 191
385 193
385 313
385 347
385 348
385 349
385 379
385 380
385 381
385 382
385 383
385 384
385 386
385 387
385 388
385 389
385 390
385 391
386 312
386 313
386 314
386 315
386 346
386 347
386 348
386 349
386 381
386 382
386 383
386 384
386 385
386 387
386 388
386 389
386 390
386 391
387 206
387 313
387 315
387 316
387 347
387 348
387 382
387 383
387 384
387 385
387 386
387 388
387 389
387 390
387 391
387 392
387 393
387 394
387 395
388 383
388 384
388 385
388 386
388 387
388 389
388 390
388 391
388 392
388 395
388 548
388 597
388 598
389 188
389 189
389 313
389 384
389 385
389 386
389 387
389 388
389 390
389 391
389 392
389 548
390 313
390 314
390 315
390 316
390 317
390 347
390 348
390 385
390 386
390 387
390 388
390 389
390 391
390 392
390 393
390 394
391 206
391 208
391 293
391 313
391 314
391 315
391 316
391 317
391 347
391 348
391 383
391 384
391 385
391 386
391 387
391 388
391 389
391 390
391 392
391 393
391 394
391 395
392 206
392 293
392 315
392 316
392 387
392 388
392 389
392 390
392 391
392 393
392 394
392 395
392 396
392 547
392 548
393 206
393 207
393 208
393 209
393 292
393 293
393 315
393 316
393 317
393 387
393 390
393 391
393 392
393 394
393 395
393 396
393 397
394 205
394 206
394 207
394 208
394 209
394 249
394 250
394 251
394 292
394 293
394 294
394 315
394 316
394 387
394 390
394 391
394 392
394 393
394 395
394 396
394 397
395 204
395 205
395 206
395 207
395 208
395 249
395 387
395 388
395 391
395 392
395 393
395 394
395 396
395 397
395 398
395 597
395 598
395 600
396 204
396 205
396 206
396 207
396 208
396 392
396 393
396 394
396 395
396 397
396 398
396 399
396 400
396 402
396 403
396 597
396 598
396 599
396 600
397 206
397 207
397 393
397 394
397 395
397 396
397 398
397 399
397 400
397 401
397 402
397 403
397 600
398 395
398 396
398 397
398 399
398 400
398 401
398 402
398 403
398 600
398 601
398 602
399 396
399 397
399 398
399 400
399 401
399 402
399 403
399 600
400 396
400 397
400 398
400 399
400 401
400 402
400 403
400 404
400 600
401 397
401 398
401 399
401 400
401 402
401 403
401 404
401 405
402 396
402 397
402 398
402 399
402 400
402 401
402 403
402 404
402 405
402 406
403 80
403 83
403 84
403 207
403 209
403 252
403 396
403 397
403 398
403 399
403 400
403 401
403 402
403 404
403 405
403 406
404 82
404 83
404 84
404 85
404 86
404 254
404 400
404 401
404 402
404 403
404 405
404 406
404 407
405 83
405 84
405 85
405 291
405 401
405 402
405 403
405 404
405 406
405 407
405 408
406 83
406 84
406 85
406 86
406 87
406 402
406 403
406 404
406 405
406 407
406 408
406 411
407 85
407 404
407 405
407 406
407 408
407 409
407 410
407 411
407 413
407 414
407 415
407 416
408 85
408 405
408 406
408 407
408 409
408 410
408 411
408 412
408 413
408 414
408 415
408 416
408 418
408 421
408 423
408 438
409 407
409 408
409 410
409 411
409 412
409 413
409 414
409 415
409 417
409 418
409 419
409 420
409 421
409 422
409 423
409 424
409 436
409 437
409 438
409 439
410 407
410 408
410 409
410 411
410 412
410 413
410 414
410 420
410 421
410 422
410 423
410 424
410 425
410 427
410 428
410 436
410 437
410 438
411 84
411 85
411 406
411 407
411 408
411 409
411 410
411 412
411 413
411 414
411 415
411 421
411 422
411 423
411 424
412 408
412 409
412 410
412 411
412 413
412 414
412 415
412 420
412 421
412 422
412 423
412 424
412 427
412 438
412 448
413 407
413 408
413 409
413 410
413 411
413 412
413 414
413 415
413 416
413 418
413 420
413 421
413 422
413 423
414 407
414 408
414 409
414 410
414 411
414 412
414 413
414 415
414 416
414 417
414 418
414 419
414 420
414 421
414 422
414 423
414 438
414 448
415 407
415 408
415 409
415 411
415 412
415 413
415 414
415 416
415 417
415 418
415 419
415 420
415 421
415 438
416 407
416 408
416 413
416 414
416 415
416 417
416 418
416 419
417 409
417 414
417 415
417 416
417 418
417 419
417 420
417 438
417 439
418 408
418 409
418 413
418 414
418 415
418 416
418 417
418 419
418 420
418 421
418 437
418 438
418 439
418 440
419 409
419 414
419 415
419 416
419 417
419 418
419 420
419 421
419 434
419 435
419 437
419 438
419 439
419 440
419 441
419 445
419 446
419 447
419 448
420 409
420 410
420 412
420 413
420 414
420 415
420 417
420 418
420 419
420 421
420 422
420 423
420 433
420 434
420 435
420 436
420 437
420 438
420 439
420 440
420 441
420 446
420 447
420 448
421 408
421 409
421 410
421 411
421 412
421 413
421 414
421 415
421 418
421 419
421 420
421 422
421 423
421 424
421 427
421 428
421 431
421 433
421 434
421 435
421 436
421 437
421 438
421 439
421 440
421 447
421 448
422 409
422 410
422 411
422 412
422 413
422 414
422 420
422 421
422 423
422 424
422 425
422 426
422 427
422 428
422 429
422 430
422 431
422 432
422 433
422 434
422 435
422 436
422 437
422 438
422 439
422 440
422 447
422 448
423 408
423 409
423 410
423 411
423 412
423 413
423 414
423 420
423 421
423 422
423 424
423 425
423 426
423 427
423 428
423 429
423 431
423 434
423 435
423 436
423 438
424 103
424 409
424 410
424 411
424 412
424 421
424 422
424 423
424 425
424 426
424 427
424 428
424 429
424 436
425 410
425 422
425 423
425 424
425 426
425 427
425 428
425 429
425 430
425 431
425 435
425 436
425 437
426 422
426 423
426 424
426 425
426 427
426 428
426 429
426 430
426 431
426 436
427 410
427 412
427 421
427 422
427 423
427 424
427 425
427 426
427 428
427 429
427 430
427 431
427 434
427 435
427 436
428 410
428 421
428 422
428 423
428 424
428 425
428 426
428 427
428 429
428 430
428 431
428 432
428 433
428 434
428 435
428 436
428 437
428 438
429 422
429 423
429 424
429 425
429 426
429 427
429 428
429 430
429 431
429 432
429 434
429 435
429 436
430 422
430 425
430 426
430 427
430 428
430 429
430 431
430 432
430 433
430 434
430 435
431 421
431 422
431 423
431 425
431 426
431 427
431 428
431 429
431 430
431 432
431 433
431 434
431 435
431 436
431 441
431 447
431 455
432 422
432 428
432 429
432 430
432 431
432 433
432 434
432 435
432 440
432 441
432 444
432 447
432 454
432 455
433 420
433 421
433 422
433 428
433 430
433 431
433 432
433 434
433 435
433 439
433 440
433 441
433 442
433 443
433 444
433 445
433 446
433 447
433 448
433 453
433 454
433 455
433 456
434 419
434 420
434 421
434 422
434 423
434 427
434 428
434 429
434 430
434 431
434 432
434 433
434 435
434 436
434 437
434 438
434 439
434 440
434 441
434 442
434 444
434 446
434 447
434 448
434 455
435 419
435 420
435 421
435 422
435 423
435 425
435 427
435 428
435 429
435 430
435 431
435 432
435 433
435 434
435 436
435 437
435 438
435 439
435 440
435 441
435 442
435 447
436 409
436 410
436 420
436 421
436 422
436 423
436 424
436 425
436 426
436 427
436 428
436 429
436 431
436 434
436 435
436 437
436 438
436 439
436 440
436 441
437 409
437 410
437 418
437 419
437 420
437 421
437 422
437 425
437 428
437 434
437 435
437 436
437 438
437 439
437 440
438 408
438 409
438 410
438 412
438 414
438 415
438 417
438 418
438 419
438 420
438 421
438 422
438 423
438 428
438 434
438 435
438 436
438 437
438 439
438 440
438 441
439 409
439 417
439 418
439 419
439 420
439 421
439 422
439 433
439 434
439 435
439 436
439 437
439 438
439 440
439 441
439 442
439 444
439 446
439 447
440 418
440 419
440 420
440 421
440 422
440 432
440 433
440 434
440 435
440 436
440 437
440 438
440 439
440 441
440 442
440 443
440 444
440 445
440 446
440 447
440 455
441 419
441 420
441 431
441 432
441 433
441 434
441 435
441 436
441 438
441 439
441 440
441 442
441 443
441 444
441 445
441 446
441 447
441 455
442 433
442 434
442 435
442 439
442 440
442 441
442 443
442 444
442 445
443 433
443 440
443 441
443 442
443 444
443 445
443 446
443 455
443 456
444 432
444 433
444 434
444 439
444 440
444 441
444 442
444 443
444 445
444 446
444 447
444 452
444 454
444 455
444 456
444 457
445 419
445 433
445 440
445 441
445 442
445 443
445 444
445 446
445 447
445 448
445 452
445 453
445 454
445 455
445 456
445 457
445 480
445 481
445 482
446 419
446 420
446 433
446 434
446 439
446 440
446 441
446 443
446 444
446 445
446 447
446 448
446 449
446 451
446 452
446 453
446 454
446 455
446 456
446 457
446 481
446 482
446 483
447 419
447 420
447 421
447 422
447 431
447 432
447 433
447 434
447 435
447 439
447 440
447 441
447 444
447 445
447 446
447 448
447 449
447 451
447 452
447 453
447 454
447 455
447 456
447 457
447 482
448 412
448 414
448 419
448 420
448 421
448 422
448 433
448 434
448 445
448 446
448 447
448 449
448 450
448 451
448 452
448 453
448 454
448 455
448 456
448 457
448 482
448 483
449 446
449 447
449 448
449 450
449 451
449 452
449 453
449 457
449 464
449 481
449 482
449 483
449 484
450 448
450 449
450 451
450 452
450 453
450 457
450 458
450 462
450 463
450 464
450 465
450 477
450 481
450 482
450 483
450 484
451 446
451 447
451 448
451 449
451 450
451 452
451 453
451 456
451 457
451 458
451 459
451 460
451 462
451 463
451 464
451 465
451 476
451 477
451 478
451 479
451 480
451 481
451 482
451 483
451 484
451 485
452 444
452 445
452 446
452 447
452 448
452 449
452 450
452 451
452 453
452 454
452 455
452 456
452 457
452 458
452 459
452 477
452 479
452 481
452 482
452 483
452 484
453 433
453 445
453 446
453 447
453 448
453 449
453 450
453 451
453 452
453 454
453 455
453 456
453 457
453 458
453 459
453 482
454 432
454 433
454 444
454 445
454 446
454 447
454 448
454 452
454 453
454 455
454 456
454 457
454 458
455 431
455 432
455 433
455 434
455 440
455 441
455 443
455 444
455 445
455 446
455 447
455 448
455 452
455 453
455 454
455 456
455 457
455 458
455 482
456 433
456 443
456 444
456 445
456 446
456 447
456 448
456 451
456 452
456 453
456 454
456 455
456 457
456 458
456 459
456 479
456 480
456 481
456 482
457 444
457 445
457 446
457 447
457 448
457 449
457 450
457 451
457 452
457 453
457 454
457 455
457 456
457 458
457 459
457 460
457 477
457 478
457 479
457 480
457 481
457 482
457 483
458 450
458 451
458 452
458 453
458 454
458 455
458 456
458 457
458 459
458 460
458 461
458 462
458 463
458 464
458 476
458 477
458 478
458 479
458 480
458 481
458 482
458 483
458 484
459 451
459 452
459 453
459 456
459 457
459 458
459 460
459 461
459 462
459 463
459 476
459 477
459 478
459 479
459 480
459 481
459 677
460 451
460 457
460 458
460 459
460 461
460 462
460 463
460 476
460 477
460 478
460 479
460 480
460 481
460 674
460 675
460 676
460 677
460 678
461 458
461 459
461 460
461 462
461 463
461 464
461 475
461 476
461 477
461 478
461 479
461 667
461 669
461 673
461 674
461 675
461 676
461 677
461 678
461 679
462 450
462 451
462 458
462 459
462 460
462 461
462 463
462 464
462 465
462 475
462 476
462 477
462 478
462 479
462 484
462 674
462 675
462 676
462 677
462 678
463 450
463 451
463 458
463 459
463 460
463 461
463 462
463 464
463 465
463 466
463 474
463 475
463 476
463 477
463 478
463 484
463 673
463 674
463 675
463 676
463 677
464 449
464 450
464 451
464 458
464 461
464 462
464 463
464 465
464 466
464 474
464 475
464 476
464 477
464 478
464 483
464 484
464 485
464 673
464 674
465 450
465 451
465 462
465 463
465 464
465 466
465 467
465 468
465 473
465 474
465 475
465 476
465 477
465 484
465 485
465 486
465 487
465 673
466 463
466 464
466 465
466 467
466 468
466 469
466 472
466 473
466 474
466 475
466 476
466 487
467 465
467 466
467 468
467 469
467 470
467 471
467 472
467 473
467 474
467 475
467 487
467 488
467 489
467 505
468 465
468 466
468 467
468 469
468 470
468 471
468 472
468 473
468 474
468 489
468 505
468 506
469 466
469 467
469 468
469 470
469 471
469 472
469 473
469 474
469 489
469 496
469 505
469 506
469 507
470 467
470 468
470 469
470 471
470 472
470 473
470 489
470 490
470 495
470 496
470 497
470 502
470 505
470 506
470 507
471 467
471 468
471 469
471 470
471 472
471 473
471 488
471 489
471 490
471 491
471 492
471 494
471 495
471 496
471 501
471 502
471 503
471 504
471 505
471 506
471 507
471 646
472 466
472 467
472 468
472 469
472 470
472 471
472 473
472 474
472 475
472 487
472 488
472 489
472 490
472 491
472 502
472 503
472 504
472 505
472 506
472 507
472 646
472 647
473 465
473 466
473 467
473 468
473 469
473 470
473 471
473 472
473 474
473 475
473 487
473 488
473 489
473 490
473 505
473 644
473 646
473 647
473 652
473 669
473 670
473 673
474 463
474 464
474 465
474 466
474 467
474 468
474 469
474 472
474 473
474 475
474 476
474 485
474 487
474 488
474 489
474 652
474 669
474 670
474 673
474 674
474 676
475 461
475 462
475 463
475 464
475 465
475 466
475 467
475 472
475 473
475 474
475 476
475 477
475 478
475 484
475 485
475 486
475 487
475 488
475 489
475 669
475 670
475 672
475 673
475 674
475 675
475 676
476 451
476 458
476 459
476 460
476 461
476 462
476 463
476 464
476 465
476 466
476 474
476 475
476 477
476 478
476 479
476 483
476 484
476 485
476 669
476 672
476 673
476 674
476 675
476 676
476 677
477 450
477 451
477 452
477 457
477 458
477 459
477 460
477 461
477 462
477 463
477 464
477 465
477 475
477 476
477 478
477 479
477 480
477 481
477 482
477 483
477 484
477 485
477 673
477 674
477 675
477 676
477 677
478 451
478 457
478 458
478 459
478 460
478 461
478 462
478 463
478 464
478 475
478 476
478 477
478 479
478 480
478 481
478 482
478 483
478 484
478 485
478 672
478 673
478 674
478 675
478 676
479 451
479 452
479 456
479 457
479 458
479 459
479 460
479 461
479 462
479 476
479 477
479 478
479 480
479 481
479 482
479 483
479 484
479 674
479 675
480 445
480 451
480 456
480 457
480 458
480 459
480 460
480 477
480 478
480 479
480 481
480 482
480 483
481 445
481 446
481 449
481 450
481 451
481 452
481 456
481 457
481 458
481 459
481 460
481 477
481 478
481 479
481 480
481 482
481 483
481 484
481 485
482 445
482 446
482 447
482 448
482 449
482 450
482 451
482 452
482 453
482 455
482 456
482 457
482 458
482 477
482 478
482 479
482 480
482 481
482 483
482 484
482 485
483 446
483 448
483 449
483 450
483 451
483 452
483 457
483 458
483 464
483 476
483 477
483 478
483 479
483 480
483 481
483 482
483 484
483 485
483 486
484 449
484 450
484 451
484 452
484 458
484 462
484 463
484 464
484 465
484 475
484 476
484 477
484 478
484 479
484 481
484 482
484 483
484 485
484 486
484 487
484 673
484 674
485 451
485 464
485 465
485 474
485 475
485 476
485 477
485 478
485 481
485 482
485 483
485 484
485 486
485 487
485 488
485 672
485 673
485 674
486 465
486 475
486 483
486 484
486 485
486 487
486 488
486 489
486 672
486 673
486 674
487 465
487 466
487 467
487 472
487 473
487 474
487 475
487 484
487 485
487 486
487 488
487 489
487 505
487 647
487 672
487 673
488 467
488 471
488 472
488 473
488 474
488 475
488 485
488 486
488 487
488 489
488 490
488 491
488 504
488 505
488 646
488 647
488 648
488 652
488 670
488 672
488 673
489 467
489 468
489 469
489 470
489 471
489 472
489 473
489 474
489 475
489 486
489 487
489 488
489 490
489 491
489 492
489 502
489 503
489 504
489 505
489 506
489 644
489 645
489 646
489 647
489 648
489 652
489 673
490 470
490 471
490 472
490 473
490 488
490 489
490 491
490 492
490 493
490 494
490 495
490 496
490 501
490 502
490 503
490 504
490 505
490 506
490 644
490 645
490 646
490 647
490 648
490 649
490 650
490 651
490 652
491 471
491 472
491 488
491 489
491 490
491 492
491 493
491 494
491 495
491 501
491 502
491 503
491 504
491 505
491 628
491 630
491 631
491 634
491 635
491 644
491 645
491 646
491 647
491 648
491 649
491 650
491 651
492 471
492 489
492 490
492 491
492 493
492 494
492 495
492 501
492 502
492 503
492 504
492 505
492 506
492 507
492 610
492 627
492 628
492 629
492 630
492 631
492 645
492 646
492 647
493 490
493 491
493 492
493 494
493 495
493 496
493 500
493 501
493 502
493 503
493 504
493 507
493 610
493 616
493 618
493 627
493 628
493 629
493 630
493 631
494 471
494 490
494 491
494 492
494 493
494 495
494 496
494 497
494 500
494 501
494 502
494 503
494 507
494 630
494 644
494 645
494 646
495 470
495 471
495 490
495 491
495 492
495 493
495 494
495 496
495 497
495 498
495 499
495 500
495 501
495 502
495 503
495 507
496 469
496 470
496 471
496 490
496 493
496 494
496 495
496 497
496 498
496 499
496 500
496 501
496 502
496 503
496 506
496 507
496 508
497 470
497 494
497 495
497 496
497 498
497 499
497 500
497 501
497 502
497 507
497 508
497 509
498 495
498 496
498 497
498 499
498 500
498 501
498 509
499 495
499 496
499 497
499 498
499 500
499 501
499 507
499 508
499 509
499 611
499 612
499 614
499 615
500 493
500 494
500 495
500 496
500 497
500 498
500 499
500 501
500 502
500 503
500 506
500 507
500 508
500 509
500 510
500 610
500 611
500 612
500 618
501 471
501 490
501 491
501 492
501 493
501 494
501 495
501 496
501 497
501 498
501 499
501 500
501 502
501 503
501 504
501 505
501 506
501 507
501 508
501 509
501 610
501 611
501 612
501 618
501 627
502 470
502 471
502 472
502 489
502 490
502 491
502 492
502 493
502 494
502 495
502 496
502 497
502 500
502 501
502 503
502 504
502 505
502 506
502 507
502 508
502 610
502 611
503 471
503 472
503 489
503 490
503 491
503 492
503 493
503 494
503 495
503 496
503 500
503 501
503 502
503 504
503 505
503 506
503 507
503 508
503 608
503 609
503 610
503 611
503 618
503 619
503 620
503 627
503 628
503 647
504 471
504 472
504 488
504 489
504 490
504 491
504 492
504 493
504 501
504 502
504 503
504 505
504 506
504 507
504 609
504 610
504 647
505 467
505 468
505 469
505 470
505 471
505 472
505 473
505 487
505 488
505 489
505 490
505 491
505 492
505 501
505 502
505 503
505 504
505 506
505 507
505 508
505 610
505 646
505 647
506 468
506 469
506 470
506 471
506 472
506 489
506 490
506 492
506 496
506 500
506 501
506 502
506 503
506 504
506 505
506 507
506 508
506 509
506 608
506 609
506 610
506 611
507 469
507 470
507 471
507 472
507 492
507 493
507 494
507 495
507 496
507 497
507 499
507 500
507 501
507 502
507 503
507 504
507 505
507 506
507 508
507 509
507 512
507 608
507 609
507 610
507 611
508 496
508 497
508 499
508 500
508 501
508 502
508 503
508 505
508 506
508 507
508 509
508 510
508 511
508 512
508 513
508 607
508 608
508 609
508 610
508 611
508 612
508 618
508 619
509 497
509 498
509 499
509 500
509 501
509 506
509 507
509 508
509 510
509 511
509 512
509 513
509 514
509 523
509 524
509 607
509 608
509 609
509 610
509 611
509 612
509 613
510 500
510 508
510 509
510 511
510 512
510 513
510 514
510 515
510 516
510 523
510 524
510 525
510 559
510 560
510 563
510 564
510 565
510 607
510 608
510 611
510 612
510 613
511 508
511 509
511 510
511 512
511 513
511 514
511 515
511 516
511 520
511 521
511 522
511 523
511 524
511 525
511 563
511 564
511 565
511 566
512 507
512 508
512 509
512 510
512 511
512 513
512 514
512 515
512 516
512 517
512 519
512 520
512 522
512 523
512 524
513 508
513 509
513 510
513 511
513 512
513 514
513 515
513 516
513 517
513 518
513 519
513 522
513 523
513 524
513 563
513 564
513 565
513 604
513 605
513 606
513 607
513 608
513 611
514 509
514 510
514 511
514 512
514 513
514 515
514 516
514 517
514 518
514 519
514 520
514 521
514 522
514 523
514 524
514 525
514 563
514 564
514 565
514 566
514 567
514 568
514 591
514 592
514 604
514 605
515 510
515 511
515 512
515 513
515 514
515 516
515 517
515 518
515 519
515 520
515 521
515 522
515 523
515 524
515 565
515 566
515 567
515 568
516 510
516 511
516 512
516 513
516 514
516 515
516 517
516 518
516 519
516 520
516 522
516 523
516 604
517 512
517 513
517 514
517 515
517 516
517 518
517 519
517 520
517 522
517 523
517 563
517 565
517 568
517 571
517 572
517 573
517 574
517 592
517 593
517 604
517 605
518 513
518 514
518 515
518 516
518 517
518 519
518 520
518 521
518 522
518 523
518 565
518 566
518 567
518 568
518 569
518 570
518 571
518 572
518 573
518 574
518 580
518 591
518 592
518 593
519 512
519 513
519 514
519 515
519 516
519 517
519 518
519 520
519 521
519 522
519 523
519 567
519 568
519 569
519 570
519 571
519 572
520 511
520 512
520 514
520 515
520 516
520 517
520 518
520 519
520 521
520 522
520 523
520 567
520 568
520 569
521 511
521 514
521 515
521 518
521 519
521 520
521 522
521 523
521 566
521 567
521 568
521 569
521 570
522 511
522 512
522 513
522 514
522 515
522 516
522 517
522 518
522 519
522 520
522 521
522 523
522 524
522 525
522 565
522 566
522 567
522 568
522 569
522 570
522 591
523 509
523 510
523 511
523 512
523 513
523 514
523 515
523 516
523 517
523 518
523 519
523 520
523 521
523 522
523 524
523 525
523 526
523 564
523 565
523 566
523 567
523 568
523 591
524 509
524 510
524 511
524 512
524 513
524 514
524 515
524 522
524 523
524 525
524 526
524 527
524 529
524 530
524 563
524 564
524 565
524 566
524 567
524 590
524 591
525 510
525 511
525 514
525 522
525 523
525 524
525 526
525 527
525 528
525 529
525 530
525 563
525 564
525 565
525 566
525 567
525 588
525 589
525 590
525 591
525 592
526 523
526 524
526 525
526 527
526 528
526 529
526 530
526 531
526 559
526 564
526 565
526 566
526 585
526 586
526 588
526 589
526 590
527 524
527 525
527 526
527 528
527 529
527 530
527 531
527 532
527 558
527 559
527 564
527 613
528 525
528 526
528 527
528 529
528 530
528 531
528 532
528 533
528 558
528 564
528 585
528 586
528 588
528 590
529 524
529 525
529 526
529 527
529 528
529 530
529 531
529 532
529 533
529 534
529 558
529 559
529 563
529 564
529 565
529 566
529 583
529 584
529 585
529 586
529 588
529 589
529 590
529 591
529 592
530 524
530 525
530 526
530 527
530 528
530 529
530 531
530 532
530 533
530 534
530 535
530 541
530 542
530 553
530 555
530 557
530 558
530 559
530 560
530 561
530 562
530 563
530 564
530 565
530 590
530 592
531 526
531 527
531 528
531 529
531 530
531 532
531 533
531 534
531 535
531 536
531 541
531 553
531 554
531 555
531 556
531 557
531 558
531 559
531 561
531 564
532 527
532 528
532 529
532 530
532 531
532 533
532 534
532 535
532 536
532 541
532 558
532 583
532 585
532 590
533 528
533 529
533 530
533 531
533 532
533 534
533 535
533 536
533 537
533 538
533 539
533 540
533 541
533 542
533 552
533 553
533 558
533 561
533 562
533 563
533 564
533 583
533 590
533 592
534 529
534 530
534 531
534 532
534 533
534 535
534 536
534 537
534 538
534 539
534 540
534 541
534 542
534 543
534 544
534 551
534 552
534 553
534 554
534 555
534 557
534 558
534 559
534 560
534 561
534 562
534 563
534 564
535 530
535 531
535 532
535 533
535 534
535 536
535 537
535 538
535 541
535 542
535 543
535 551
535 552
535 553
535 554
535 555
535 557
535 558
535 561
536 531
536 532
536 533
536 534
536 535
536 537
536 538
536 539
536 540
536 541
536 542
536 543
536 550
536 551
536 552
536 553
536 554
537 533
537 534
537 535
537 536
537 538
537 539
537 540
537 541
537 542
537 543
537 544
537 545
537 549
537 550
537 551
537 552
537 553
537 561
538 533
538 534
538 535
538 536
538 537
538 539
538 540
538 541
538 542
538 543
538 544
538 545
538 549
538 550
538 551
538 552
538 594
538 595
538 596
539 533
539 534
539 536
539 537
539 538
539 540
539 541
539 542
539 544
539 545
539 549
539 550
539 551
539 562
539 579
539 593
539 594
539 595
539 596
539 597
540 533
540 534
540 536
540 537
540 538
540 539
540 541
540 542
540 550
540 561
540 562
540 563
540 564
540 579
540 580
540 581
540 591
540 592
540 593
540 594
540 595
540 596
540 605
541 530
541 531
541 532
541 533
541 534
541 535
541 536
541 537
541 538
541 539
541 540
541 542
541 543
541 544
541 550
541 551
541 552
541 553
541 558
541 561
541 562
541 563
541 564
541 592
541 593
541 594
541 595
541 605
541 606
542 530
542 533
542 534
542 535
542 536
542 537
542 538
542 539
542 540
542 541
542 543
542 544
542 545
542 549
542 550
542 551
542 552
542 553
542 554
542 557
542 558
542 560
542 561
542 562
542 563
542 594
542 595
542 606
542 622
543 534
543 535
543 536
543 537
543 538
543 541
543 542
543 544
543 545
543 546
543 550
543 551
543 552
543 553
543 554
543 557
543 558
543 559
543 560
543 561
543 562
543 606
543 607
543 621
543 622
543 623
544 534
544 537
544 538
544 539
544 541
544 542
544 543
544 545
544 546
544 547
544 549
544 550
544 551
544 552
544 553
544 560
544 561
544 562
544 595
544 596
544 606
544 621
544 622
545 537
545 538
545 539
545 542
545 543
545 544
545 546
545 547
545 548
545 549
545 550
545 551
545 552
545 595
545 596
545 597
546 543
546 544
546 545
546 547
546 548
546 549
546 550
546 551
546 597
547 392
547 544
547 545
547 546
547 548
547 549
547 550
547 597
548 388
548 389
548 392
548 545
548 546
548 547
548 549
548 550
548 551
548 596
548 597
549 537
549 538
549 539
549 542
549 544
549 545
549 546
549 547
549 548
549 550
549 551
549 552
549 596
549 597
550 536
550 537
550 538
550 539
550 540
550 541
550 542
550 543
550 544
550 545
550 546
550 547
550 548
550 549
550 551
550 552
550 553
550 595
550 596
550 597
551 534
551 535
551 536
551 537
551 538
551 539
551 541
551 542
551 543
551 544
551 545
551 546
551 548
551 549
551 550
551 552
551 553
551 554
551 561
552 533
552 534
552 535
552 536
552 537
552 538
552 541
552 542
552 543
552 544
552 545
552 549
552 550
552 551
552 553
552 554
552 555
552 557
552 558
552 561
553 530
553 531
553 533
553 534
553 535
553 536
553 537
553 541
553 542
553 543
553 544
553 550
553 551
553 552
553 554
553 555
553 556
553 557
553 558
553 559
553 560
553 561
553 562
553 622
553 623
554 531
554 534
554 535
554 536
554 542
554 543
554 551
554 552
554 553
554 555
554 556
554 557
554 558
554 559
554 560
554 561
554 623
554 624
555 530
555 531
555 534
555 535
555 552
555 553
555 554
555 556
555 557
555 558
555 559
555 624
556 531
556 553
556 554
556 555
556 557
556 558
556 559
556 560
556 613
556 614
556 623
556 624
556 625
557 530
557 531
557 534
557 535
557 542
557 543
557 552
557 553
557 554
557 555
557 556
557 558
557 559
557 560
557 561
557 613
557 614
557 618
557 619
557 620
557 622
557 623
557 624
557 625
558 527
558 528
558 529
558 530
558 531
558 532
558 533
558 534
558 535
558 541
558 542
558 543
558 552
558 553
558 554
558 555
558 556
558 557
558 559
558 560
558 561
558 562
558 563
558 607
558 613
558 619
558 622
558 623
558 624
559 510
559 526
559 527
559 529
559 530
559 531
559 534
559 543
559 553
559 554
559 555
559 556
559 557
559 558
559 560
559 561
559 562
559 563
559 564
559 607
559 611
559 612
559 613
559 614
559 618
559 619
559 622
559 623
559 624
560 510
560 530
560 534
560 542
560 543
560 544
560 553
560 554
560 556
560 557
560 558
560 559
560 561
560 562
560 563
560 606
560 607
560 608
560 609
560 610
560 611
560 612
560 613
560 618
560 619
560 620
560 621
560 622
560 623
560 624
560 625
561 530
561 531
561 533
561 534
561 535
561 537
561 540
561 541
561 542
561 543
561 544
561 551
561 552
561 553
561 554
561 557
561 558
561 559
561 560
561 562
561 563
561 564
561 605
561 606
561 607
561 608
561 619
561 621
561 622
561 623
561 624
562 530
562 533
562 534
562 539
562 540
562 541
562 542
562 543
562 544
562 553
562 558
562 559
562 560
562 561
562 563
562 564
562 565
562 592
562 593
562 594
562 595
562 603
562 604
562 605
562 606
562 607
562 608
562 622
563 510
563 511
563 513
563 514
563 517
563 524
563 525
563 529
563 530
563 533
563 534
563 540
563 541
563 542
563 558
563 559
563 560
563 561
563 562
563 564
563 565
563 590
563 591
563 592
563 593
563 594
563 604
563 605
563 606
563 607
563 608
564 510
564 511
564 513
564 514
564 523
564 524
564 525
564 526
564 527
564 528
564 529
564 530
564 531
564 533
564 534
564 540
564 541
564 559
564 561
564 562
564 563
564 565
564 566
564 581
564 582
564 589
564 590
564 591
564 592
564 593
564 605
564 606
564 607
565 510
565 511
565 513
565 514
565 515
565 517
565 518
565 522
565 523
565 524
565 525
565 526
565 529
565 530
565 562
565 563
565 564
565 566
565 567
565 568
565 582
565 589
565 590
565 591
565 592
565 593
566 511
566 514
566 515
566 518
566 521
566 522
566 523
566 524
566 525
566 526
566 529
566 564
566 565
566 567
566 568
566 569
566 582
566 588
566 589
566 590
566 591
566 592
567 514
567 515
567 518
567 519
567 520
567 521
567 522
567 523
567 524
567 525
567 565
567 566
567 568
567 569
567 570
567 588
567 589
567 590
567 591
568 514
568 515
568 517
568 518
568 519
568 520
568 521
568 522
568 523
568 565
568 566
568 567
568 569
568 570
568 571
568 572
568 582
568 589
568 590
568 591
569 518
569 519
569 520
569 521
569 522
569 566
569 567
569 568
569 570
569 571
569 572
570 518
570 519
570 521
570 522
570 567
570 568
570 569
570 571
570 572
570 573
571 517
571 518
571 519
571 568
571 569
571 570
571 572
571 573
571 574
571 580
571 591
572 517
572 518
572 519
572 568
572 569
572 570
572 571
572 573
572 574
572 575
572 580
573 517
573 518
573 570
573 571
573 572
573 574
573 575
573 576
573 578
573 580
574 517
574 518
574 571
574 572
574 573
574 575
574 576
574 577
574 578
574 579
574 580
574 593
575 572
575 573
575 574
575 576
575 577
575 578
575 579
575 601
576 202
576 573
576 574
576 575
576 577
576 578
576 579
576 599
576 601
577 202
577 203
577 204
577 574
577 575
577 576
577 578
577 579
577 594
577 595
577 596
577 598
577 599
577 600
577 601
578 573
578 574
578 575
578 576
578 577
578 579
578 580
578 581
578 593
578 594
578 595
578 596
578 599
578 601
578 603
578 604
579 539
579 540
579 574
579 575
579 576
579 577
579 578
579 580
579 581
579 582
579 592
579 593
579 594
579 595
580 518
580 540
580 571
580 572
580 573
580 574
580 578
580 579
580 581
580 582
580 591
580 592
580 593
580 594
581 540
581 564
581 578
581 579
581 580
581 582
581 583
581 590
581 591
581 592
581 593
581 594
582 564
582 565
582 566
582 568
582 579
582 580
582 581
582 583
582 584
582 589
582 590
582 591
582 592
582 593
583 529
583 532
583 533
583 581
583 582
583 584
583 585
583 588
583 589
583 590
583 591
583 592
584 529
584 582
584 583
584 585
584 586
584 587
584 588
584 589
584 590
584 591
585 526
585 528
585 529
585 532
585 583
585 584
585 586
585 587
585 588
585 589
585 590
586 526
586 528
586 529
586 584
586 585
586 587
586 588
586 589
586 590
587 584
587 585
587 586
587 588
587 589
587 590
588 525
588 526
588 528
588 529
588 566
588 567
588 583
588 584
588 585
588 586
588 587
588 589
588 590
588 591
589 525
589 526
589 529
589 564
589 565
589 566
589 567
589 568
589 582
589 583
589 584
589 585
589 586
589 587
589 588
589 590
589 591
590 524
590 525
590 526
590 528
590 529
590 530
590 532
590 533
590 563
590 564
590 565
590 566
590 567
590 568
590 581
590 582
590 583
590 584
590 585
590 586
590 587
590 588
590 589
590 591
590 592
591 514
591 518
591 522
591 523
591 524
591 525
591 529
591 540
591 563
591 564
591 565
591 566
591 567
591 568
591 571
591 580
591 581
591 582
591 583
591 584
591 588
591 589
591 590
591 592
591 593
592 514
592 517
592 518
592 525
592 529
592 530
592 533
592 540
592 541
592 562
592 563
592 564
592 565
592 566
592 579
592 580
592 581
592 582
592 583
592 590
592 591
592 593
592 594
592 595
592 605
593 517
593 518
593 539
593 540
593 541
593 562
593 563
593 564
593 565
593 574
593 578
593 579
593 580
593 581
593 582
593 591
593 592
593 594
593 595
593 603
593 604
593 605
593 606
594 538
594 539
594 540
594 541
594 542
594 562
594 563
594 577
594 578
594 579
594 580
594 581
594 592
594 593
594 595
594 596
594 603
594 604
594 605
594 606
595 538
595 539
595 540
595 541
595 542
595 544
595 545
595 550
595 562
595 577
595 578
595 579
595 592
595 593
595 594
595 596
595 597
595 598
595 599
595 601
595 602
595 603
595 604
595 605
595 606
596 204
596 538
596 539
596 540
596 544
596 545
596 548
596 549
596 550
596 577
596 578
596 594
596 595
596 597
596 598
596 599
596 600
596 603
597 204
597 205
597 388
597 395
597 396
597 539
597 545
597 546
597 547
597 548
597 549
597 550
597 595
597 596
597 598
597 599
597 600
598 203
598 204
598 205
598 206
598 388
598 395
598 396
598 577
598 595
598 596
598 597
598 599
598 600
598 601
599 202
599 203
599 204
599 205
599 396
599 576
599 577
599 578
599 595
599 596
599 597
599 598
599 600
599 601
599 602
599 603
600 204
600 205
600 206
600 395
600 396
600 397
600 398
600 399
600 400
600 577
600 596
600 597
600 598
600 599
600 601
600 602
600 603
601 398
601 575
601 576
601 577
601 578
601 595
601 598
601 599
601 600
601 602
601 603
601 604
602 398
602 595
602 599
602 600
602 601
602 603
602 604
602 605
602 606
603 562
603 578
603 593
603 594
603 595
603 596
603 599
603 600
603 601
603 602
603 604
603 605
603 606
603 607
603 608
604 513
604 514
604 516
604 517
604 562
604 563
604 578
604 593
604 594
604 595
604 601
604 602
604 603
604 605
604 606
604 607
604 608
605 513
605 514
605 517
605 540
605 541
605 561
605 562
605 563
605 564
605 592
605 593
605 594
605 595
605 602
605 603
605 604
605 606
605 607
605 608
606 513
606 541
606 542
606 543
606 544
606 560
606 561
606 562
606 563
606 564
606 593
606 594
606 595
606 602
606 603
606 604
606 605
606 607
606 608
606 609
606 622
607 508
607 509
607 510
607 513
607 543
607 558
607 559
607 560
607 561
607 562
607 563
607 564
607 603
607 604
607 605
607 606
607 608
607 609
607 610
607 611
607 612
607 613
607 619
607 620
607 621
607 622
608 503
608 506
608 507
608 508
608 509
608 510
608 513
608 560
608 561
608 562
608 563
608 603
608 604
608 605
608 606
608 607
608 609
608 610
608 611
608 612
608 618
608 619
608 620
608 621
608 622
609 503
609 504
609 506
609 507
609 508
609 509
609 560
609 606
609 607
609 608
609 610
609 611
609 612
609 618
609 619
609 620
609 621
609 622
609 623
609 624
610 492
610 493
610 500
610 501
610 502
610 503
610 504
610 505
610 506
610 507
610 508
610 509
610 560
610 607
610 608
610 609
610 611
610 612
610 613
610 617
610 618
610 619
610 620
610 621
610 624
610 625
610 627
611 499
611 500
611 501
611 502
611 503
611 506
611 507
611 508
611 509
611 510
611 513
611 559
611 560
611 607
611 608
611 609
611 610
611 612
611 613
611 614
611 617
611 618
611 619
611 620
611 624
612 499
612 500
612 501
612 508
612 509
612 510
612 559
612 560
612 607
612 608
612 609
612 610
612 611
612 613
612 614
612 615
612 616
612 617
612 618
612 619
612 620
612 624
612 625
612 626
612 627
613 509
613 510
613 527
613 556
613 557
613 558
613 559
613 560
613 607
613 610
613 611
613 612
613 614
613 615
613 616
613 617
613 618
613 619
613 620
613 623
613 624
613 625
613 626
613 627
614 499
614 556
614 557
614 559
614 611
614 612
614 613
614 615
614 616
614 617
614 618
614 619
614 624
614 625
614 626
614 627
615 499
615 612
615 613
615 614
615 616
615 617
615 618
615 626
615 627
616 493
616 612
616 613
616 614
616 615
616 617
616 618
616 624
616 625
616 626
616 627
616 628
616 629
617 610
617 611
617 612
617 613
617 614
617 615
617 616
617 618
617 619
617 620
617 623
617 624
617 625
617 626
617 627
617 628
618 493
618 500
618 501
618 503
618 508
618 557
618 559
618 560
618 608
618 609
618 610
618 611
618 612
618 613
618 614
618 615
618 616
618 617
618 619
618 620
618 621
618 622
618 623
618 624
618 625
618 626
618 627
618 628
619 503
619 508
619 557
619 558
619 559
619 560
619 561
619 607
619 608
619 609
619 610
619 611
619 612
619 613
619 614
619 617
619 618
619 620
619 621
619 622
619 623
619 624
619 625
619 626
619 627
620 503
620 557
620 560
620 607
620 608
620 609
620 610
620 611
620 612
620 613
620 617
620 618
620 619
620 621
620 622
620 623
620 624
620 625
620 626
620 627
621 543
621 544
621 560
621 561
621 607
621 608
621 609
621 610
621 618
621 619
621 620
621 622
621 623
621 624
621 625
622 542
622 543
622 544
622 553
622 557
622 558
622 559
622 560
622 561
622 562
622 606
622 607
622 608
622 609
622 618
622 619
622 620
622 621
622 623
622 624
622 625
623 543
623 553
623 554
623 556
623 557
623 558
623 559
623 560
623 561
623 609
623 613
623 617
623 618
623 619
623 620
623 621
623 622
623 624
623 625
623 626
624 554
624 555
624 556
624 557
624 558
624 559
624 560
624 561
624 609
624 610
624 611
624 612
624 613
624 614
624 616
624 617
624 618
624 619
624 620
624 621
624 622
624 623
624 625
624 626
624 627
625 556
625 557
625 560
625 610
625 612
625 613
625 614
625 616
625 617
625 618
625 619
625 620
625 621
625 622
625 623
625 624
625 626
625 627
625 628
626 612
626 613
626 614
626 615
626 616
626 617
626 618
626 619
626 620
626 623
626 624
626 625
626 627
626 628
626 629
627 492
627 493
627 501
627 503
627 610
627 612
627 613
627 614
627 615
627 616
627 617
627 618
627 619
627 620
627 624
627 625
627 626
627 628
627 629
627 630
628 491
628 492
628 493
628 503
628 616
628 617
628 618
628 625
628 626
628 627
628 629
628 630
628 631
629 492
629 493
629 616
629 626
629 627
629 628
629 630
629 631
629 632
630 491
630 492
630 493
630 494
630 627
630 628
630 629
630 631
630 632
630 633
630 634
630 635
630 645
630 649
631 491
631 492
631 493
631 628
631 629
631 630
631 632
631 633
631 634
631 635
631 645
631 647
631 649
632 629
632 630
632 631
632 633
632 634
632 635
632 638
632 649
633 630
633 631
633 632
633 634
633 635
633 638
633 645
633 648
633 649
633 650
634 491
634 630
634 631
634 632
634 633
634 635
634 636
634 637
634 638
634 639
634 644
634 645
634 646
634 647
634 648
634 649
634 650
634 651
634 661
635 491
635 630
635 631
635 632
635 633
635 634
635 636
635 637
635 638
635 639
635 640
635 641
635 643
635 644
635 645
635 649
635 650
635 651
636 634
636 635
636 637
636 638
636 639
636 640
636 641
636 642
636 643
636 644
636 645
636 651
636 661
637 634
637 635
637 636
637 638
637 639
637 640
637 641
637 642
637 643
637 644
637 645
637 661
637 662
638 632
638 633
638 634
638 635
638 636
638 637
638 639
638 640
638 641
638 642
638 643
638 644
638 645
638 650
638 651
638 660
638 661
638 662
638 663
639 634
639 635
639 636
639 637
639 638
639 640
639 641
639 642
639 643
639 644
639 645
639 650
639 651
639 652
639 653
639 654
639 657
639 658
639 659
639 660
639 661
639 662
639 663
640 635
640 636
640 637
640 638
640 639
640 641
640 642
640 643
640 644
640 651
640 653
640 657
640 661
640 662
640 663
640 664
641 635
641 636
641 637
641 638
641 639
641 640
641 642
641 643
641 644
641 651
641 653
641 654
641 661
641 662
641 663
642 636
642 637
642 638
642 639
642 640
642 641
642 643
642 644
642 651
642 652
642 653
642 654
642 655
642 656
642 657
642 658
642 661
642 662
642 663
642 668
643 635
643 636
643 637
643 638
643 639
643 640
643 641
643 642
643 644
643 645
643 646
643 650
643 651
643 652
643 653
643 654
643 655
643 657
643 658
643 659
643 660
643 661
643 662
643 663
643 668
643 669
643 670
644 473
644 489
644 490
644 491
644 494
644 634
644 635
644 636
644 637
644 638
644 639
644 640
644 641
644 642
644 643
644 645
644 646
644 649
644 650
644 651
644 652
644 653
644 654
644 661
644 662
644 669
644 670
645 489
645 490
645 491
645 492
645 494
645 630
645 631
645 633
645 634
645 635
645 636
645 637
645 638
645 639
645 643
645 644
645 646
645 647
645 648
645 649
645 650
645 651
645 652
645 653
645 661
645 670
646 471
646 472
646 473
646 488
646 489
646 490
646 491
646 492
646 494
646 505
646 634
646 643
646 644
646 645
646 647
646 648
646 649
646 650
646 651
646 652
646 653
646 670
646 672
646 673
647 472
647 473
647 487
647 488
647 489
647 490
647 491
647 492
647 503
647 504
647 505
647 631
647 634
647 645
647 646
647 648
647 649
647 650
647 651
647 652
647 672
648 488
648 489
648 490
648 491
648 633
648 634
648 645
648 646
648 647
648 649
648 650
648 651
648 670
648 671
648 672
649 490
649 491
649 630
649 631
649 632
649 633
649 634
649 635
649 644
649 645
649 646
649 647
649 648
649 650
649 651
649 652
649 672
650 490
650 491
650 633
650 634
650 635
650 638
650 639
650 643
650 644
650 645
650 646
650 647
650 648
650 649
650 651
650 652
650 653
650 659
650 660
650 661
650 670
650 671
650 672
651 490
651 491
651 634
651 635
651 636
651 638
651 639
651 640
651 641
651 642
651 643
651 644
651 645
651 646
651 647
651 648
651 649
651 650
651 652
651 653
651 654
651 658
651 659
651 660
651 661
651 662
651 668
651 669
651 670
651 671
651 672
652 473
652 474
652 488
652 489
652 490
652 639
652 642
652 643
652 644
652 645
652 646
652 647
652 649
652 650
652 651
652 653
652 654
652 655
652 657
652 658
652 659
652 660
652 661
652 662
652 668
652 669
652 670
652 671
652 672
652 673
653 639
653 640
653 641
653 642
653 643
653 644
653 645
653 646
653 650
653 651
653 652
653 654
653 655
653 656
653 657
653 658
653 659
653 660
653 661
653 662
653 663
653 664
653 665
653 666
653 667
653 668
653 669
653 670
653 671
654 639
654 641
654 642
654 643
654 644
654 651
654 652
654 653
654 655
654 656
654 657
654 658
654 659
654 662
654 666
654 667
654 668
654 669
654 670
655 642
655 643
655 652
655 653
655 654
655 656
655 657
655 658
655 662
655 665
655 666
655 667
655 668
655 669
655 676
656 642
656 653
656 654
656 655
656 657
656 658
656 662
656 663
656 664
656 665
656 666
656 667
656 668
656 669
657 639
657 640
657 642
657 643
657 652
657 653
657 654
657 655
657 656
657 658
657 659
657 660
657 661
657 662
657 663
657 664
657 665
657 666
657 667
657 668
657 669
657 670
658 639
658 642
658 643
658 651
658 652
658 653
658 654
658 655
658 656
658 657
658 659
658 660
658 661
658 662
658 663
658 664
658 665
658 666
658 667
658 668
658 669
658 670
658 671
658 675
658 676
659 639
659 643
659 650
659 651
659 652
659 653
659 654
659 657
659 658
659 660
659 661
659 662
659 663
659 664
659 665
659 666
659 667
659 668
659 669
659 670
659 671
659 672
659 675
660 638
660 639
660 643
660 650
660 651
660 652
660 653
660 657
660 658
660 659
660 661
660 662
660 663
660 664
660 668
660 669
660 670
660 671
660 672
661 634
661 636
661 637
661 638
661 639
661 640
661 641
661 642
661 643
661 644
661 645
661 650
661 651
661 652
661 653
661 657
661 658
661 659
661 660
661 662
661 663
661 664
661 670
661 671
662 637
662 638
662 639
662 640
662 641
662 642
662 643
662 644
662 651
662 652
662 653
662 654
662 655
662 656
662 657
662 658
662 659
662 660
662 661
662 663
662 664
662 665
662 666
662 668
662 669
662 670
663 638
663 639
663 640
663 641
663 642
663 643
663 653
663 656
663 657
663 658
663 659
663 660
663 661
663 662
663 664
663 665
663 666
664 640
664 653
664 656
664 657
664 658
664 659
664 660
664 661
664 662
664 663
664 665
664 666
665 653
665 655
665 656
665 657
665 658
665 659
665 662
665 663
665 664
665 666
665 667
665 668
666 653
666 654
666 655
666 656
666 657
666 658
666 659
666 662
666 663
666 664
666 665
666 667
666 668
666 669
666 675
666 676
666 678
666 679
667 461
667 653
667 654
667 655
667 656
667 657
667 658
667 659
667 665
667 666
667 668
667 669
667 670
667 675
667 676
667 677
667 678
667 679
668 642
668 643
668 651
668 652
668 653
668 654
668 655
668 656
668 657
668 658
668 659
668 660
668 662
668 665
668 666
668 667
668 669
668 670
668 671
668 674
668 675
668 676
668 677
668 678
669 461
669 473
669 474
669 475
669 476
669 643
669 644
669 651
669 652
669 653
669 654
669 655
669 656
669 657
669 658
669 659
669 660
669 662
669 666
669 667
669 668
669 670
669 671
669 672
669 673
669 674
669 675
669 676
669 677
670 473
670 474
670 475
670 488
670 643
670 644
670 645
670 646
670 648
670 650
670 651
670 652
670 653
670 654
670 657
670 658
670 659
670 660
670 661
670 662
670 667
670 668
670 669
670 671
670 672
670 673
670 674
670 675
670 676
671 648
671 650
671 651
671 652
671 653
671 658
671 659
671 660
671 661
671 668
671 669
671 670
671 672
671 673
671 674
671 675
672 475
672 476
672 478
672 485
672 486
672 487
672 488
672 646
672 647
672 648
672 649
672 650
672 651
672 652
672 659
672 660
672 669
672 670
672 671
672 673
672 674
672 675
673 461
673 463
673 464
673 465
673 473
673 474
673 475
673 476
673 477
673 478
673 484
673 485
673 486
673 487
673 488
673 489
673 646
673 652
673 669
673 670
673 671
673 672
673 674
673 675
673 676
674 460
674 461
674 462
674 463
674 464
674 474
674 475
674 476
674 477
674 478
674 479
674 484
674 485
674 486
674 668
674 669
674 670
674 671
674 672
674 673
674 675
674 676
674 677
675 460
675 461
675 462
675 463
675 475
675 476
675 477
675 478
675 479
675 658
675 659
675 666
675 667
675 668
675 669
675 670
675 671
675 672
675 673
675 674
675 676
675 677
675 678
676 460
676 461
676 462
676 463
676 474
676 475
676 476
676 477
676 478
676 655
676 658
676 666
676 667
676 668
676 669
676 670
676 673
676 674
676 675
676 677
676 678
676 679
677 459
677 460
677 461
677 462
677 463
677 476
677 477
677 667
677 668
677 669
677 674
677 675
677 676
677 678
677 679
677 680
678 460
678 461
678 462
678 666
678 667
678 668
678 675
678 676
678 677
678 679
678 680
678 681
679 461
679 666
679 667
679 676
679 677
679 678
679 680
679 681
679 682
679 683
679 684
680 677
680 678
680 679
680 681
680 682
680 683
680 684
680 685
680 686
681 678
681 679
681 680
681 682
681 683
681 684
681 685
681 686
681 687
682 679
682 680
682 681
682 683
682 684
682 685
682 686
682 687
682 688
683 679
683 680
683 681
683 682
683 684
683 685
683 686
683 687
683 688
683 689
684 679
684 680
684 681
684 682
684 683
684 685
684 686
684 687
684 688
684 689
684 690
685 680
685 681
685 682
685 683
685 684
685 686
685 687
685 688
685 689
685 690
685 691
685 692
686 680
686 681
686 682
686 683
686 684
686 685
686 687
686 688
686 689
686 690
686 691
686 692
687 681
687 682
687 683
687 684
687 685
687 686
687 688
687 689
687 690
687 691
687 692
687 693
688 682
688 683
688 684
688 685
688 686
688 687
688 689
688 690
688 691
688 692
688 693
688 694
689 683
689 684
689 685
689 686
689 687
689 688
689 690
689 691
689 692
689 693
689 694
689 695
690 684
690 685
690 686
690 687
690 688
690 689
690 691
690 692
690 693
690 694
690 695
690 696
691 685
691 686
691 687
691 688
691 689
691 690
691 692
691 693
691 694
691 695
691 696
691 697
692 685
692 686
692 687
692 688
692 689
692 690
692 691
692 693
692 694
692 695
692 696
692 697
692 698
693 687
693 688
693 689
693 690
693 691
693 692
693 694
693 695
693 696
693 697
693 698
693 699
694 688
694 689
694 690
694 691
694 692
694 693
694 695
694 696
694 697
694 698
694 699
695 689
695 690
695 691
695 692
695 693
695 694
695 696
695 697
695 698
695 699
695 700
695 701
696 690
696 691
696 692
696 693
696 694
696 695
696 697
696 698
696 699
696 700
696 701
697 691
697 692
697 693
697 694
697 695
697 696
697 698
697 699
697 700
697 701
697 702
698 692
698 693
698 694
698 695
698 696
698 697
698 699
698 700
698 701
698 702
698 703
698 704
699 693
699 694
699 695
699 696
699 697
699 698
699 700
699 701
699 702
699 703
699 704
699 705
700 695
700 696
700 697
700 698
700 699
700 701
700 702
700 703
700 704
700 705
700 706
701 695
701 696
701 697
701 698
701 699
701 700
701 702
701 703
701 704
701 705
701 706
701 707
702 697
702 698
702 699
702 700
702 701
702 703
702 704
702 705
702 706
702 707
702 708
703 698
703 699
703 700
703 701
703 702
703 704
703 705
703 706
703 707
703 708
703 709
704 698
704 699
704 700
704 701
704 702
704 703
704 705
704 706
704 707
704 708
704 709
704 710
705 699
705 700
705 701
705 702
705 703
705 704
705 706
705 707
705 708
705 709
705 710
705 711
706 700
706 701
706 702
706 703
706 704
706 705
706 707
706 708
706 709
706 710
706 711
706 712
707 701
707 702
707 703
707 704
707 705
707 706
707 708
707 709
707 710
707 711
707 712
707 713
708 702
708 703
708 704
708 705
708 706
708 707
708 709
708 710
708 711
708 712
708 713
708 714
709 703
709 704
709 705
709 706
709 707
709 708
709 710
709 711
709 712
709 713
709 714
709 715
710 704
710 705
710 706
710 707
710 708
710 709
710 711
710 712
710 713
710 714
710 715
710 716
711 705
711 706
711 707
711 708
711 709
711 710
711 712
711 713
711 714
711 715
711 716
712 706
712 707
712 708
712 709
712 710
712 711
712 713
712 714
712 715
712 716
712 717
712 718
713 707
713 708
713 709
713 710
713 711
713 712
713 714
713 715
713 716
713 717
713 718
713 719
714 708
714 709
714 710
714 711
714 712
714 713
714 715
714 716
714 717
714 718
714 719
715 709
715 710
715 711
715 712
715 713
715 714
715 716
715 717
715 718
715 719
715 720
716 710
716 711
716 712
716 713
716 714
716 715
716 717
716 718
716 719
716 720
716 721
716 722
717 712
717 713
717 714
717 715
717 716
717 718
717 719
717 720
717 721
717 722
718 712
718 713
718 714
718 715
718 716
718 717
718 719
718 720
718 721
718 722
718 723
719 713
719 714
719 715
719 716
719 717
719 718
719 720
719 721
719 722
719 723
719 724
720 715
720 716
720 717
720 718
720 719
720 721
720 722
720 723
720 724
720 725
721 716
721 717
721 718
721 719
721 720
721 722
721 723
721 724
721 725
722 716
722 717
722 718
722 719
722 720
722 721
722 723
722 724
722 725
723 718
723 719
723 720
723 721
723 722
723 724
723 725
724 719
724 720
724 721
724 722
724 723
724 725
725 720
725 721
725 722
725 723
725 724
