0 1
0 2
0 3
1 0
1 2
1 3
1 4
2 0
2 1
2 3
2 4
2 5
3 0
3 1
3 2
3 4
3 5
3 6
4 1
4 2
4 3
4 5
4 6
4 7
5 2
5 3
5 4
5 6
5 7
5 8
6 3
6 4
6 5
6 7
6 8
6 9
7 4
7 5
7 6
7 8
7 9
7 10
8 5
8 6
8 7
8 9
8 10
8 11
9 6
9 7
9 8
9 10
9 11
9 12
10 7
10 8
10 9
10 11
10 12
10 13
11 8
11 9
11 10
11 12
11 13
11 14
12 9
12 10
12 11
12 13
12 14
12 15
13 10
13 11
13 12
13 14
13 15
13 16
14 11
14 12
14 13
14 15
14 16
14 17
15 12
15 13
15 14
15 16
15 17
15 18
16 13
16 14
16 15
16 17
16 18
16 19
17 14
17 15
17 16
17 18
17 19
17 20
18 15
18 16
18 17
18 19
18 20
18 21
19 16
19 17
19 18
19 20
19 21
19 22
20 17
20 18
20 19
20 21
20 22
20 23
21 18
21 19
21 20
21 22
21 23
21 24
21 561
22 19
22 20
22 21
22 23
22 24
22 25
22 561
22 562
23 20
23 21
23 22
23 24
23 25
23 26
23 561
24 21
24 22
24 23
24 25
24 26
24 27
24 423
24 561
25 22
25 23
25 24
25 26
25 27
25 28
26 23
26 24
26 25
26 27
26 28
26 29
26 30
27 24
27 25
27 26
27 28
27 29
27 30
27 31
28 25
28 26
28 27
28 29
28 30
28 31
28 32
29 26
29 27
29 28
29 30
29 31
29 32
29 33
29 34
29 43
29 122
30 26
30 27
30 28
30 29
30 31
30 32
30 33
30 34
30 41
30 42
30 43
30 44
30 122
31 27
31 28
31 29
31 30
31 32
31 33
31 34
31 41
31 42
31 43
31 44
31 45
31 46
31 118
31 119
31 121
31 122
31 123
32 28
32 29
32 30
32 31
32 33
32 34
32 35
32 41
32 42
32 43
32 44
32 45
32 46
32 118
32 119
32 120
32 121
32 122
32 123
32 124
32 125
33 29
33 30
33 31
33 32
33 34
33 35
33 36
33 37
33 40
33 41
33 42
33 43
33 44
33 45
33 46
33 120
33 121
33 122
33 123
33 124
33 125
33 126
34 29
34 30
34 31
34 32
34 33
34 35
34 36
34 37
34 38
34 39
34 40
34 41
34 42
34 43
34 121
34 122
34 125
34 126
35 32
35 33
35 34
35 36
35 37
35 38
35 39
35 40
35 41
35 42
35 125
35 126
35 127
35 128
35 129
36 33
36 34
36 35
36 37
36 38
36 39
36 40
36 41
36 126
37 33
37 34
37 35
37 36
37 38
37 39
37 40
37 41
38 34
38 35
38 36
38 37
38 39
38 40
38 41
39 34
39 35
39 36
39 37
39 38
39 40
39 41
39 42
40 33
40 34
40 35
40 36
40 37
40 38
40 39
40 41
40 42
40 43
40 125
40 126
41 30
41 31
41 32
41 33
41 34
41 35
41 36
41 37
41 38
41 39
41 40
41 42
41 43
41 44
41 46
41 125
41 126
42 30
42 31
42 32
42 33
42 34
42 35
42 39
42 40
42 41
42 43
42 44
42 45
42 46
42 47
42 48
42 121
42 122
42 123
42 124
42 125
42 126
43 29
43 30
43 31
43 32
43 33
43 34
43 40
43 41
43 42
43 44
43 45
43 46
43 47
43 121
43 122
43 123
43 124
43 125
44 30
44 31
44 32
44 33
44 41
44 42
44 43
44 45
44 46
44 47
44 122
44 123
45 31
45 32
45 33
45 42
45 43
45 44
45 46
45 47
45 48
45 93
45 94
45 119
45 121
45 122
45 123
45 124
45 125
46 31
46 32
46 33
46 41
46 42
46 43
46 44
46 45
46 47
46 48
46 49
46 92
46 93
46 94
46 120
46 121
46 122
46 123
46 124
46 125
46 126
47 42
47 43
47 44
47 45
47 46
47 48
47 49
47 50
47 89
47 90
47 91
47 92
47 93
47 94
47 122
47 123
47 124
47 125
47 126
48 42
48 45
48 46
48 47
48 49
48 50
48 51
48 52
48 53
48 91
48 92
48 93
48 123
48 124
48 125
48 126
48 127
49 46
49 47
49 48
49 50
49 51
49 52
49 53
49 54
49 55
49 90
49 91
49 92
49 93
49 124
49 125
49 126
49 127
49 128
50 47
50 48
50 49
50 51
50 52
50 53
50 54
50 55
50 91
50 92
50 125
50 126
50 127
51 48
51 49
51 50
51 52
51 53
51 54
51 55
51 56
51 91
51 190
52 48
52 49
52 50
52 51
52 53
52 54
52 55
52 56
52 57
52 58
52 90
52 91
52 92
52 187
52 190
52 191
53 48
53 49
53 50
53 51
53 52
53 54
53 55
53 56
53 57
53 58
53 59
53 91
53 92
53 103
53 104
53 105
53 106
53 107
53 108
53 127
53 128
53 187
53 190
54 49
54 50
54 51
54 52
54 53
54 55
54 56
54 57
54 58
54 59
54 60
54 105
54 106
54 190
55 49
55 50
55 51
55 52
55 53
55 54
55 56
55 57
55 58
55 59
55 60
55 61
55 186
55 187
55 189
55 190
55 191
56 51
56 52
56 53
56 54
56 55
56 57
56 58
56 59
56 60
56 61
56 62
56 68
56 91
56 103
56 104
56 105
56 186
56 187
56 188
56 189
56 190
56 191
57 52
57 53
57 54
57 55
57 56
57 58
57 59
57 60
57 61
57 62
57 63
57 65
57 66
57 67
57 68
57 103
57 104
57 105
57 106
57 107
57 186
57 190
58 52
58 53
58 54
58 55
58 56
58 57
58 59
58 60
58 61
58 62
58 63
58 64
58 65
58 105
58 186
58 190
59 53
59 54
59 55
59 56
59 57
59 58
59 60
59 61
59 62
59 63
59 64
59 65
59 68
59 185
59 186
59 187
59 189
59 190
60 54
60 55
60 56
60 57
60 58
60 59
60 61
60 62
60 63
60 64
60 65
60 66
60 67
60 68
60 103
60 104
60 105
60 152
60 153
60 154
60 186
60 187
61 55
61 56
61 57
61 58
61 59
61 60
61 62
61 63
61 64
61 65
61 66
61 67
61 105
62 56
62 57
62 58
62 59
62 60
62 61
62 63
62 64
62 65
63 57
63 58
63 59
63 60
63 61
63 62
63 64
63 65
63 66
63 152
63 154
63 180
63 182
63 186
64 58
64 59
64 60
64 61
64 62
64 63
64 65
64 66
64 67
64 151
64 152
64 153
64 154
65 57
65 58
65 59
65 60
65 61
65 62
65 63
65 64
65 66
65 67
65 68
65 104
65 105
65 147
65 151
65 152
65 153
65 154
65 155
65 178
65 179
65 180
66 57
66 60
66 61
66 63
66 64
66 65
66 67
66 68
66 103
66 104
66 105
66 106
66 143
66 146
66 147
66 148
66 150
66 151
66 152
66 153
66 154
66 177
66 178
67 57
67 60
67 61
67 64
67 65
67 66
67 68
67 69
67 102
67 103
67 104
67 105
67 106
67 107
67 108
67 143
67 146
67 147
67 151
67 152
67 153
67 154
67 155
67 179
67 180
68 56
68 57
68 59
68 60
68 65
68 66
68 67
68 69
68 70
68 101
68 102
68 103
68 104
68 105
68 108
68 143
68 152
68 153
68 154
68 155
68 156
68 179
68 180
68 182
68 186
68 187
69 67
69 68
69 70
69 71
69 88
69 100
69 101
69 102
69 103
69 104
69 109
69 110
69 139
69 153
69 154
69 155
69 156
69 159
69 160
69 179
70 68
70 69
70 71
70 72
70 73
70 87
70 88
70 89
70 91
70 92
70 99
70 100
70 101
70 102
70 103
70 110
70 154
70 155
70 156
70 159
70 160
70 185
70 186
70 187
71 69
71 70
71 72
71 73
71 74
71 86
71 87
71 88
71 89
71 98
71 99
71 100
71 101
71 102
71 110
71 111
71 155
71 156
71 159
71 160
72 70
72 71
72 73
72 74
72 77
72 79
72 80
72 81
72 85
72 86
72 87
72 88
72 89
72 95
72 96
72 97
72 98
72 99
72 100
72 101
72 159
72 160
73 70
73 71
73 72
73 74
73 75
73 76
73 77
73 78
73 79
73 80
73 81
73 82
73 85
73 86
73 87
73 88
73 97
73 98
73 99
73 100
73 158
73 159
73 160
73 161
74 71
74 72
74 73
74 75
74 76
74 77
74 78
74 79
74 80
74 81
74 82
74 84
74 85
74 86
74 87
74 158
74 159
74 160
74 329
75 73
75 74
75 76
75 77
75 78
75 81
75 85
75 156
75 157
75 158
75 159
75 160
75 161
75 239
75 240
75 241
75 262
75 263
75 327
75 328
75 329
75 330
75 331
75 332
76 73
76 74
76 75
76 77
76 78
76 79
76 81
76 158
76 159
76 160
76 161
76 238
76 239
76 240
76 241
76 242
76 262
76 263
76 264
76 327
76 328
76 329
77 72
77 73
77 74
77 75
77 76
77 78
77 79
77 80
77 81
77 158
77 159
77 160
77 161
77 239
77 240
77 241
77 326
77 327
77 328
77 329
78 73
78 74
78 75
78 76
78 77
78 79
78 80
78 81
78 82
78 240
78 241
78 242
78 255
78 256
78 258
78 260
78 327
78 530
79 72
79 73
79 74
79 76
79 77
79 78
79 80
79 81
79 97
79 255
79 256
79 258
79 530
79 531
79 532
80 72
80 73
80 74
80 77
80 78
80 79
80 81
80 82
80 83
80 85
80 97
80 255
80 256
80 257
80 258
80 415
80 530
81 72
81 73
81 74
81 75
81 76
81 77
81 78
81 79
81 80
81 82
81 83
81 84
81 85
81 86
81 97
81 254
81 255
81 256
81 257
81 258
82 73
82 74
82 78
82 80
82 81
82 83
82 84
82 85
82 86
82 196
82 197
82 198
82 199
82 253
82 254
82 255
82 256
83 80
83 81
83 82
83 84
83 85
83 86
83 87
83 89
83 90
83 195
83 196
83 197
83 198
83 199
83 254
83 255
83 256
84 74
84 81
84 82
84 83
84 85
84 86
84 87
84 90
84 188
84 194
84 195
84 196
84 197
84 198
84 199
84 254
85 72
85 73
85 74
85 75
85 80
85 81
85 82
85 83
85 84
85 86
85 87
85 88
85 89
85 90
85 159
85 188
85 195
85 196
85 197
85 198
86 71
86 72
86 73
86 74
86 81
86 82
86 83
86 84
86 85
86 87
86 88
86 89
86 90
86 91
86 94
86 95
86 97
86 187
86 195
86 196
87 70
87 71
87 72
87 73
87 74
87 83
87 84
87 85
87 86
87 88
87 89
87 90
87 91
87 92
87 93
87 95
87 101
87 185
87 186
87 187
87 188
87 191
87 195
88 69
88 70
88 71
88 72
88 73
88 85
88 86
88 87
88 89
88 90
88 91
88 92
88 93
88 94
88 95
88 96
88 97
88 98
88 99
88 100
88 101
88 102
88 110
88 187
89 47
89 70
89 71
89 72
89 83
89 85
89 86
89 87
89 88
89 90
89 91
89 92
89 93
89 94
89 95
89 96
89 97
89 99
89 100
89 101
89 123
89 124
90 47
90 49
90 52
90 83
90 84
90 85
90 86
90 87
90 88
90 89
90 91
90 92
90 93
90 94
90 95
90 187
90 191
90 195
91 47
91 48
91 49
91 50
91 51
91 52
91 53
91 56
91 70
91 86
91 87
91 88
91 89
91 90
91 92
91 93
91 94
91 101
91 103
91 124
91 187
91 188
91 190
91 191
92 46
92 47
92 48
92 49
92 50
92 52
92 53
92 70
92 87
92 88
92 89
92 90
92 91
92 93
92 94
92 95
92 101
92 102
92 108
92 109
92 110
92 120
92 123
92 124
92 125
92 127
92 128
93 45
93 46
93 47
93 48
93 49
93 87
93 88
93 89
93 90
93 91
93 92
93 94
93 95
93 96
93 120
93 122
93 123
93 124
93 125
93 128
94 45
94 46
94 47
94 86
94 88
94 89
94 90
94 91
94 92
94 93
94 95
94 96
94 97
94 98
94 99
94 101
94 110
94 112
94 116
94 117
94 119
94 120
94 121
94 122
94 123
94 124
94 125
94 128
95 72
95 86
95 87
95 88
95 89
95 90
95 92
95 93
95 94
95 96
95 97
95 98
95 99
95 116
95 119
95 120
95 123
95 124
96 72
96 88
96 89
96 93
96 94
96 95
96 97
96 98
96 99
96 112
96 113
96 115
96 116
96 117
96 119
96 120
96 123
97 72
97 73
97 79
97 80
97 81
97 86
97 88
97 89
97 94
97 95
97 96
97 98
97 99
97 100
97 112
97 115
97 116
98 71
98 72
98 73
98 88
98 94
98 95
98 96
98 97
98 99
98 100
98 111
98 112
98 113
98 114
98 115
98 116
98 134
99 70
99 71
99 72
99 73
99 88
99 89
99 94
99 95
99 96
99 97
99 98
99 100
99 101
99 110
99 111
99 112
99 113
99 116
99 120
99 131
99 132
99 134
99 135
100 69
100 70
100 71
100 72
100 73
100 88
100 89
100 97
100 98
100 99
100 101
100 102
100 109
100 110
100 111
100 112
100 131
100 134
100 135
100 136
100 139
101 68
101 69
101 70
101 71
101 72
101 87
101 88
101 89
101 91
101 92
101 94
101 99
101 100
101 102
101 103
101 108
101 109
101 110
101 111
101 112
101 128
101 129
101 130
101 131
101 139
102 67
102 68
102 69
102 70
102 71
102 88
102 92
102 100
102 101
102 103
102 104
102 107
102 108
102 109
102 110
102 111
102 128
102 129
102 139
102 142
102 143
102 153
102 154
102 155
103 53
103 56
103 57
103 60
103 66
103 67
103 68
103 69
103 70
103 91
103 101
103 102
103 104
103 105
103 106
103 107
103 108
103 109
103 110
103 128
103 143
103 153
103 154
104 53
104 56
104 57
104 60
104 65
104 66
104 67
104 68
104 69
104 102
104 103
104 105
104 106
104 107
104 108
104 109
104 143
104 146
104 147
104 153
105 53
105 54
105 56
105 57
105 58
105 60
105 61
105 65
105 66
105 67
105 68
105 103
105 104
105 106
105 107
105 108
105 146
105 147
106 53
106 54
106 57
106 66
106 67
106 103
106 104
106 105
106 107
106 108
106 127
106 146
106 147
107 53
107 57
107 67
107 102
107 103
107 104
107 105
107 106
107 108
107 109
107 127
107 128
107 129
107 146
108 53
108 67
108 68
108 92
108 101
108 102
108 103
108 104
108 105
108 106
108 107
108 109
108 110
108 126
108 127
108 128
108 129
108 130
109 69
109 92
109 100
109 101
109 102
109 103
109 104
109 107
109 108
109 110
109 111
109 127
109 128
109 129
109 130
109 131
109 139
109 142
110 69
110 70
110 71
110 88
110 92
110 94
110 99
110 100
110 101
110 102
110 103
110 108
110 109
110 111
110 112
110 117
110 120
110 124
110 128
110 129
110 130
110 131
110 132
110 134
110 139
111 71
111 98
111 99
111 100
111 101
111 102
111 109
111 110
111 112
111 113
111 116
111 117
111 120
111 129
111 130
111 131
111 132
111 133
111 134
111 135
111 136
111 138
111 139
112 94
112 96
112 97
112 98
112 99
112 100
112 101
112 110
112 111
112 113
112 114
112 115
112 116
112 117
112 120
112 130
112 131
112 132
112 133
112 134
112 135
113 96
113 98
113 99
113 111
113 112
113 114
113 115
113 116
113 117
113 131
113 132
113 133
113 134
113 135
114 98
114 112
114 113
114 115
114 116
114 117
114 118
114 119
114 132
114 133
114 134
115 96
115 97
115 98
115 112
115 113
115 114
115 116
115 117
115 118
115 119
115 120
115 427
115 428
115 429
115 430
116 94
116 95
116 96
116 97
116 98
116 99
116 111
116 112
116 113
116 114
116 115
116 117
116 118
116 119
116 120
116 121
116 122
116 132
117 94
117 96
117 110
117 111
117 112
117 113
117 114
117 115
117 116
117 118
117 119
117 120
117 121
117 122
117 130
117 131
117 132
118 31
118 32
118 114
118 115
118 116
118 117
118 119
118 120
118 121
118 122
118 123
119 31
119 32
119 45
119 94
119 95
119 96
119 114
119 115
119 116
119 117
119 118
119 120
119 121
119 122
119 123
119 124
120 32
120 33
120 46
120 92
120 93
120 94
120 95
120 96
120 99
120 110
120 111
120 112
120 115
120 116
120 117
120 118
120 119
120 121
120 122
120 123
120 124
120 125
120 128
120 129
120 130
120 131
121 31
121 32
121 33
121 34
121 42
121 43
121 45
121 46
121 94
121 116
121 117
121 118
121 119
121 120
121 122
121 123
121 124
121 125
121 126
121 128
121 129
121 130
122 29
122 30
122 31
122 32
122 33
122 34
122 42
122 43
122 44
122 45
122 46
122 47
122 93
122 94
122 116
122 117
122 118
122 119
122 120
122 121
122 123
122 124
122 125
123 31
123 32
123 33
123 42
123 43
123 44
123 45
123 46
123 47
123 48
123 89
123 92
123 93
123 94
123 95
123 96
123 118
123 119
123 120
123 121
123 122
123 124
123 125
124 32
124 33
124 42
124 43
124 45
124 46
124 47
124 48
124 49
124 89
124 91
124 92
124 93
124 94
124 95
124 110
124 119
124 120
124 121
124 122
124 123
124 125
124 126
124 127
124 128
124 129
124 130
125 32
125 33
125 34
125 35
125 40
125 41
125 42
125 43
125 45
125 46
125 47
125 48
125 49
125 50
125 92
125 93
125 94
125 120
125 121
125 122
125 123
125 124
125 126
125 127
125 128
125 129
126 33
126 34
126 35
126 36
126 40
126 41
126 42
126 46
126 47
126 48
126 49
126 50
126 108
126 121
126 124
126 125
126 127
126 128
126 129
126 130
127 35
127 48
127 49
127 50
127 53
127 92
127 106
127 107
127 108
127 109
127 124
127 125
127 126
127 128
127 129
128 35
128 49
128 53
128 92
128 93
128 94
128 101
128 102
128 103
128 107
128 108
128 109
128 110
128 120
128 121
128 124
128 125
128 126
128 127
128 129
128 130
128 131
129 35
129 101
129 102
129 107
129 108
129 109
129 110
129 111
129 120
129 121
129 124
129 125
129 126
129 127
129 128
129 130
129 131
130 101
130 108
130 109
130 110
130 111
130 112
130 117
130 120
130 121
130 124
130 126
130 128
130 129
130 131
130 132
130 133
131 99
131 100
131 101
131 109
131 110
131 111
131 112
131 113
131 117
131 120
131 128
131 129
131 130
131 132
131 133
131 134
131 138
131 139
131 142
132 99
132 110
132 111
132 112
132 113
132 114
132 116
132 117
132 130
132 131
132 133
132 134
132 135
132 138
133 111
133 112
133 113
133 114
133 130
133 131
133 132
133 134
133 135
133 136
133 137
133 138
133 139
134 98
134 99
134 100
134 110
134 111
134 112
134 113
134 114
134 131
134 132
134 133
134 135
134 136
134 137
134 138
134 139
135 99
135 100
135 111
135 112
135 113
135 132
135 133
135 134
135 136
135 137
135 138
135 139
135 140
135 164
135 167
135 168
136 100
136 111
136 133
136 134
136 135
136 137
136 138
136 139
136 140
136 141
136 164
136 165
136 166
136 167
136 168
136 169
136 170
136 171
136 172
137 133
137 134
137 135
137 136
137 138
137 139
137 140
137 141
137 142
137 143
137 167
137 168
137 170
137 171
137 172
138 111
138 131
138 132
138 133
138 134
138 135
138 136
138 137
138 139
138 140
138 141
138 142
138 143
138 144
138 171
139 69
139 100
139 101
139 102
139 109
139 110
139 111
139 131
139 133
139 134
139 135
139 136
139 137
139 138
139 140
139 141
139 142
139 143
139 144
139 168
139 171
140 135
140 136
140 137
140 138
140 139
140 141
140 142
140 143
140 144
140 145
140 146
140 153
140 167
140 168
140 169
140 171
140 172
141 136
141 137
141 138
141 139
141 140
141 142
141 143
141 144
141 145
141 146
141 171
141 172
142 102
142 109
142 131
142 137
142 138
142 139
142 140
142 141
142 143
142 144
142 145
142 146
142 147
143 66
143 67
143 68
143 102
143 103
143 104
143 137
143 138
143 139
143 140
143 141
143 142
143 144
143 145
143 146
143 147
143 148
143 151
143 153
143 172
143 177
144 138
144 139
144 140
144 141
144 142
144 143
144 145
144 146
144 147
144 148
144 149
144 151
144 172
144 175
144 176
144 177
145 140
145 141
145 142
145 143
145 144
145 146
145 147
145 148
145 149
146 66
146 67
146 104
146 105
146 106
146 107
146 140
146 141
146 142
146 143
146 144
146 145
146 147
146 148
146 151
147 65
147 66
147 67
147 104
147 105
147 106
147 142
147 143
147 144
147 145
147 146
147 148
147 149
147 150
147 151
147 152
147 153
147 177
148 66
148 143
148 144
148 145
148 146
148 147
148 149
148 150
148 151
148 152
148 175
148 176
148 177
149 144
149 145
149 147
149 148
149 150
149 151
149 152
149 175
149 176
149 177
149 178
150 66
150 147
150 148
150 149
150 151
150 152
150 153
150 175
150 176
150 177
150 178
151 64
151 65
151 66
151 67
151 143
151 144
151 146
151 147
151 148
151 149
151 150
151 152
151 153
151 154
151 175
151 176
151 177
151 178
151 179
152 60
152 63
152 64
152 65
152 66
152 67
152 68
152 147
152 148
152 149
152 150
152 151
152 153
152 154
152 155
152 176
152 177
152 178
152 179
152 180
153 60
153 64
153 65
153 66
153 67
153 68
153 69
153 102
153 103
153 104
153 140
153 143
153 147
153 150
153 151
153 152
153 154
153 155
153 172
153 177
153 178
153 179
153 180
153 181
153 182
154 60
154 63
154 64
154 65
154 66
154 67
154 68
154 69
154 70
154 102
154 103
154 151
154 152
154 153
154 155
154 156
154 157
154 178
154 179
154 180
154 181
154 182
154 183
154 185
154 186
155 65
155 67
155 68
155 69
155 70
155 71
155 102
155 152
155 153
155 154
155 156
155 157
155 158
155 159
155 160
155 165
155 179
155 180
155 181
155 182
155 183
155 184
155 185
155 186
156 68
156 69
156 70
156 71
156 75
156 154
156 155
156 157
156 158
156 159
156 160
156 180
156 181
156 182
156 183
156 184
156 185
156 186
156 187
156 329
156 330
156 331
157 75
157 154
157 155
157 156
157 158
157 159
157 160
157 161
157 162
157 165
157 180
157 181
157 182
157 183
157 184
157 185
157 329
157 330
157 331
157 332
157 333
157 334
158 73
158 74
158 75
158 76
158 77
158 155
158 156
158 157
158 159
158 160
158 161
158 162
158 181
158 182
158 183
158 184
158 185
158 328
158 329
158 330
158 331
158 332
158 333
159 69
159 70
159 71
159 72
159 73
159 74
159 75
159 76
159 77
159 85
159 155
159 156
159 157
159 158
159 160
159 161
159 162
159 164
159 165
159 183
159 185
159 328
159 329
159 330
159 331
160 69
160 70
160 71
160 72
160 73
160 74
160 75
160 76
160 77
160 155
160 156
160 157
160 158
160 159
160 161
160 162
160 163
160 164
160 165
160 166
160 168
160 181
160 328
160 329
160 330
160 331
161 73
161 75
161 76
161 77
161 157
161 158
161 159
161 160
161 162
161 163
161 164
161 165
161 166
161 167
161 325
161 326
161 327
161 328
161 329
161 330
161 331
161 332
161 333
162 157
162 158
162 159
162 160
162 161
162 163
162 164
162 165
162 166
162 167
162 325
162 326
162 327
162 328
162 329
162 330
162 331
162 332
162 333
162 334
163 160
163 161
163 162
163 164
163 165
163 166
163 167
163 168
163 169
163 325
163 326
163 328
163 329
163 330
164 135
164 136
164 159
164 160
164 161
164 162
164 163
164 165
164 166
164 167
164 168
164 169
164 170
164 329
164 330
165 136
165 155
165 157
165 159
165 160
165 161
165 162
165 163
165 164
165 166
165 167
165 168
165 169
165 170
165 171
165 179
165 181
165 329
165 330
165 331
166 136
166 160
166 161
166 162
166 163
166 164
166 165
166 167
166 168
166 169
166 170
166 171
166 172
166 330
167 135
167 136
167 137
167 140
167 161
167 162
167 163
167 164
167 165
167 166
167 168
167 169
167 170
167 171
167 172
168 135
168 136
168 137
168 139
168 140
168 160
168 163
168 164
168 165
168 166
168 167
168 169
168 170
168 171
168 172
168 173
168 179
169 136
169 140
169 163
169 164
169 165
169 166
169 167
169 168
169 170
169 171
169 172
169 173
169 177
169 178
169 179
169 180
170 136
170 137
170 164
170 165
170 166
170 167
170 168
170 169
170 171
170 172
170 173
170 174
171 136
171 137
171 138
171 139
171 140
171 141
171 165
171 166
171 167
171 168
171 169
171 170
171 172
171 173
171 174
171 175
172 136
172 137
172 140
172 141
172 143
172 144
172 153
172 166
172 167
172 168
172 169
172 170
172 171
172 173
172 174
172 175
172 176
172 177
172 178
172 179
173 168
173 169
173 170
173 171
173 172
173 174
173 175
173 176
173 177
173 178
173 179
174 170
174 171
174 172
174 173
174 175
174 176
174 177
175 144
175 148
175 149
175 150
175 151
175 171
175 172
175 173
175 174
175 176
175 177
175 178
176 144
176 148
176 149
176 150
176 151
176 152
176 172
176 173
176 174
176 175
176 177
176 178
177 66
177 143
177 144
177 147
177 148
177 149
177 150
177 151
177 152
177 153
177 169
177 172
177 173
177 174
177 175
177 176
177 178
177 179
177 180
178 65
178 66
178 149
178 150
178 151
178 152
178 153
178 154
178 169
178 172
178 173
178 175
178 176
178 177
178 179
178 180
178 181
179 65
179 67
179 68
179 69
179 151
179 152
179 153
179 154
179 155
179 165
179 168
179 169
179 172
179 173
179 177
179 178
179 180
179 181
179 182
180 63
180 65
180 67
180 68
180 152
180 153
180 154
180 155
180 156
180 157
180 169
180 177
180 178
180 179
180 181
180 182
180 183
181 153
181 154
181 155
181 156
181 157
181 158
181 160
181 165
181 178
181 179
181 180
181 182
181 183
181 184
181 185
181 330
181 331
181 334
182 63
182 68
182 153
182 154
182 155
182 156
182 157
182 158
182 179
182 180
182 181
182 183
182 184
182 185
182 186
182 331
183 154
183 155
183 156
183 157
183 158
183 159
183 180
183 181
183 182
183 184
183 185
183 186
183 331
184 155
184 156
184 157
184 158
184 181
184 182
184 183
184 185
184 186
184 187
184 188
184 189
185 59
185 70
185 87
185 154
185 155
185 156
185 157
185 158
185 159
185 181
185 182
185 183
185 184
185 186
185 187
185 188
185 189
185 190
186 55
186 56
186 57
186 58
186 59
186 60
186 63
186 68
186 70
186 87
186 154
186 155
186 156
186 182
186 183
186 184
186 185
186 187
186 188
186 189
186 190
186 191
186 192
187 52
187 53
187 55
187 56
187 59
187 60
187 68
187 70
187 86
187 87
187 88
187 90
187 91
187 156
187 184
187 185
187 186
187 188
187 189
187 190
187 191
187 192
187 195
188 56
188 84
188 85
188 87
188 91
188 184
188 185
188 186
188 187
188 189
188 190
188 191
188 192
188 193
188 194
188 195
189 55
189 56
189 59
189 184
189 185
189 186
189 187
189 188
189 190
189 191
189 192
189 193
189 195
190 51
190 52
190 53
190 54
190 55
190 56
190 57
190 58
190 59
190 91
190 185
190 186
190 187
190 188
190 189
190 191
190 192
190 193
190 194
190 195
191 52
191 55
191 56
191 87
191 90
191 91
191 186
191 187
191 188
191 189
191 190
191 192
191 193
191 194
191 195
191 196
192 186
192 187
192 188
192 189
192 190
192 191
192 193
192 194
192 195
192 196
193 188
193 189
193 190
193 191
193 192
193 194
193 195
193 196
193 197
194 84
194 188
194 190
194 191
194 192
194 193
194 195
194 196
194 197
195 83
195 84
195 85
195 86
195 87
195 90
195 187
195 188
195 189
195 190
195 191
195 192
195 193
195 194
195 196
195 197
195 198
196 82
196 83
196 84
196 85
196 86
196 191
196 192
196 193
196 194
196 195
196 197
196 198
196 199
197 82
197 83
197 84
197 85
197 193
197 194
197 195
197 196
197 198
197 199
197 200
198 82
198 83
198 84
198 85
198 195
198 196
198 197
198 199
198 200
198 201
198 254
198 255
198 261
198 262
198 277
199 82
199 83
199 84
199 196
199 197
199 198
199 200
199 201
199 202
199 252
199 253
199 254
199 255
199 261
199 262
199 277
199 280
200 197
200 198
200 199
200 201
200 202
200 203
200 252
200 253
200 254
200 261
200 277
200 279
200 280
201 198
201 199
201 200
201 202
201 203
201 204
201 252
201 253
201 254
201 261
201 279
201 280
201 281
202 199
202 200
202 201
202 203
202 204
202 205
202 251
202 252
202 253
202 261
202 277
202 279
202 280
202 281
202 282
202 285
203 200
203 201
203 202
203 204
203 205
203 206
203 245
203 250
203 251
203 252
203 253
203 254
203 259
203 260
203 261
203 276
203 277
203 278
203 279
203 280
203 281
203 282
203 285
203 286
204 201
204 202
204 203
204 205
204 206
204 207
204 245
204 249
204 250
204 251
204 252
204 261
204 280
204 281
204 282
204 284
204 285
204 286
204 288
205 202
205 203
205 204
205 206
205 207
205 208
205 215
205 245
205 248
205 249
205 250
205 251
205 252
205 281
205 284
205 285
205 286
205 288
205 289
206 203
206 204
206 205
206 207
206 208
206 209
206 210
206 211
206 245
206 246
206 248
206 249
206 250
206 251
206 252
206 455
206 456
206 528
207 204
207 205
207 206
207 208
207 209
207 210
207 211
207 212
207 214
207 249
207 250
207 455
207 456
208 205
208 206
208 207
208 209
208 210
208 211
208 212
208 213
208 214
208 249
209 206
209 207
209 208
209 210
209 211
209 212
209 213
209 359
209 360
209 363
209 455
209 456
210 206
210 207
210 208
210 209
210 211
210 212
210 213
210 249
210 359
210 360
210 362
210 363
210 364
210 454
210 455
210 456
210 457
210 527
210 528
211 206
211 207
211 208
211 209
211 210
211 212
211 213
211 214
211 215
211 246
211 249
211 356
211 357
211 358
211 359
211 360
211 363
211 455
211 456
211 527
211 528
212 207
212 208
212 209
212 210
212 211
212 213
212 214
212 215
212 356
212 357
212 358
212 359
212 360
212 361
212 362
212 363
213 208
213 209
213 210
213 211
213 212
213 214
213 215
213 216
213 217
213 218
213 247
213 249
213 357
213 358
213 359
213 360
214 207
214 208
214 211
214 212
214 213
214 215
214 216
214 217
214 218
214 219
214 220
214 247
214 248
214 249
215 205
215 211
215 212
215 213
215 214
215 216
215 217
215 218
215 219
215 220
215 221
215 245
215 246
215 247
215 248
215 249
215 250
215 288
215 289
215 297
216 213
216 214
216 215
216 217
216 218
216 219
216 220
216 221
216 222
216 247
216 248
216 289
216 296
216 297
216 298
217 213
217 214
217 215
217 216
217 218
217 219
217 220
217 221
217 222
217 223
217 247
217 248
218 213
218 214
218 215
218 216
218 217
218 219
218 220
218 221
218 222
218 223
218 224
218 246
218 247
218 248
218 249
218 349
218 352
218 353
219 214
219 215
219 216
219 217
219 218
219 220
219 221
219 222
219 223
219 224
219 225
219 247
219 248
219 267
219 268
219 269
219 272
219 296
219 297
219 349
220 214
220 215
220 216
220 217
220 218
220 219
220 221
220 222
220 223
220 224
220 225
220 226
220 269
220 296
220 297
221 215
221 216
221 217
221 218
221 219
221 220
221 222
221 223
221 224
221 225
221 226
221 348
221 349
221 352
222 216
222 217
222 218
222 219
222 220
222 221
222 223
222 224
222 225
222 226
222 227
222 228
222 235
222 236
222 247
222 267
222 268
222 269
222 347
222 348
222 349
222 352
223 217
223 218
223 219
223 220
223 221
223 222
223 224
223 225
223 226
223 227
223 228
223 229
223 233
223 234
223 235
223 236
223 267
223 268
223 269
223 270
223 348
224 218
224 219
224 220
224 221
224 222
224 223
224 225
224 226
224 227
224 228
224 229
224 269
225 219
225 220
225 221
225 222
225 223
225 224
225 226
225 227
225 228
225 229
225 230
225 232
225 233
225 348
225 349
225 352
226 220
226 221
226 222
226 223
226 224
226 225
226 227
226 228
226 229
226 230
226 231
226 232
226 233
226 234
226 235
226 236
226 268
226 269
226 321
226 322
226 348
227 222
227 223
227 224
227 225
227 226
227 228
227 229
227 230
227 231
227 232
227 233
227 234
227 269
228 222
228 223
228 224
228 225
228 226
228 227
228 229
228 230
228 231
228 232
228 233
229 223
229 224
229 225
229 226
229 227
229 228
229 230
229 231
229 232
229 233
229 322
229 342
229 348
230 225
230 226
230 227
230 228
230 229
230 231
230 232
230 233
230 342
231 226
231 227
231 228
231 229
231 230
231 232
231 233
231 234
231 320
231 321
231 322
231 341
231 342
231 343
232 225
232 226
232 227
232 228
232 229
232 230
232 231
232 233
232 234
232 235
232 319
232 320
232 321
232 322
232 342
233 223
233 225
233 226
233 227
233 228
233 229
233 230
233 231
233 232
233 234
233 235
233 236
233 268
233 269
233 319
233 320
233 321
233 322
233 323
233 340
233 341
233 342
233 343
234 223
234 226
234 227
234 231
234 232
234 233
234 235
234 236
234 267
234 268
234 269
234 270
234 318
234 319
234 320
234 321
234 322
234 340
234 342
235 222
235 223
235 226
235 232
235 233
235 234
235 236
235 237
235 238
235 265
235 266
235 267
235 268
235 269
235 270
235 271
235 272
235 314
235 319
235 320
235 321
235 322
235 323
235 341
235 342
236 222
236 223
236 226
236 233
236 234
236 235
236 237
236 238
236 239
236 265
236 266
236 267
236 268
236 269
236 272
236 320
236 321
236 322
236 323
236 324
236 342
236 347
236 348
236 349
237 235
237 236
237 238
237 239
237 240
237 244
237 264
237 265
237 266
237 267
237 268
237 273
237 311
237 321
237 322
237 323
237 324
237 328
237 332
237 347
237 349
238 76
238 235
238 236
238 237
238 239
238 240
238 241
238 242
238 243
238 244
238 247
238 263
238 264
238 265
238 266
238 267
238 274
238 322
238 323
238 324
238 327
238 328
238 332
238 347
238 348
238 349
238 350
239 75
239 76
239 77
239 236
239 237
239 238
239 240
239 241
239 242
239 243
239 244
239 262
239 263
239 264
239 265
239 266
239 323
239 324
239 325
239 326
239 327
239 328
239 329
239 332
239 347
240 75
240 76
240 77
240 78
240 237
240 238
240 239
240 241
240 242
240 243
240 244
240 245
240 260
240 262
240 263
240 264
240 265
240 324
240 326
240 327
240 328
240 329
240 347
240 349
240 350
241 75
241 76
241 77
241 78
241 238
241 239
241 240
241 242
241 243
241 244
241 245
241 246
241 251
241 254
241 255
241 258
241 259
241 260
241 261
241 262
241 263
241 264
241 265
241 327
241 529
241 530
242 76
242 78
242 238
242 239
242 240
242 241
242 243
242 244
242 245
242 246
242 247
242 249
242 250
242 251
242 258
242 259
242 260
242 261
242 262
242 263
242 349
242 350
242 353
242 526
242 529
242 530
242 533
242 534
243 238
243 239
243 240
243 241
243 242
243 244
243 245
243 246
243 247
243 248
243 249
243 260
243 263
243 264
243 265
243 327
243 347
243 348
243 349
243 350
243 351
243 352
243 353
243 529
244 237
244 238
244 239
244 240
244 241
244 242
244 243
244 245
244 246
244 247
244 248
244 249
244 250
244 251
244 260
244 261
244 262
244 263
244 264
244 265
244 266
244 274
244 275
244 349
244 350
245 203
245 204
245 205
245 206
245 215
245 240
245 241
245 242
245 243
245 244
245 246
245 247
245 248
245 249
245 250
245 251
245 252
245 259
245 260
245 261
245 262
245 263
245 264
245 265
245 529
246 206
246 211
246 215
246 218
246 241
246 242
246 243
246 244
246 245
246 247
246 248
246 249
246 250
246 251
246 260
246 349
246 350
246 352
246 353
246 526
246 527
246 528
246 529
247 213
247 214
247 215
247 216
247 217
247 218
247 219
247 222
247 238
247 242
247 243
247 244
247 245
247 246
247 248
247 249
247 250
247 265
247 349
247 350
247 352
247 353
248 205
248 206
248 214
248 215
248 216
248 217
248 218
248 219
248 243
248 244
248 245
248 246
248 247
248 249
248 250
248 251
248 274
248 288
248 289
248 299
249 204
249 205
249 206
249 207
249 208
249 210
249 211
249 213
249 214
249 215
249 218
249 242
249 243
249 244
249 245
249 246
249 247
249 248
249 250
249 251
250 203
250 204
250 205
250 206
250 207
250 215
250 242
250 244
250 245
250 246
250 247
250 248
250 249
250 251
250 252
250 259
250 260
250 261
250 285
250 288
250 289
251 202
251 203
251 204
251 205
251 206
251 241
251 242
251 244
251 245
251 246
251 248
251 249
251 250
251 252
251 253
251 254
251 258
251 259
251 260
251 261
251 455
251 528
251 529
252 199
252 200
252 201
252 202
252 203
252 204
252 205
252 206
252 245
252 250
252 251
252 253
252 254
252 255
252 258
252 259
252 260
252 261
252 262
252 280
253 82
253 199
253 200
253 201
253 202
253 203
253 251
253 252
253 254
253 255
253 256
253 257
253 258
253 259
253 260
253 261
253 262
253 411
254 81
254 82
254 83
254 84
254 198
254 199
254 200
254 201
254 203
254 241
254 251
254 252
254 253
254 255
254 256
254 257
254 258
254 259
254 260
254 261
254 262
255 78
255 79
255 80
255 81
255 82
255 83
255 198
255 199
255 241
255 252
255 253
255 254
255 256
255 257
255 258
255 259
255 260
255 261
255 262
256 78
256 79
256 80
256 81
256 82
256 83
256 253
256 254
256 255
256 257
256 258
256 259
256 260
256 412
256 413
256 414
256 415
256 416
257 80
257 81
257 253
257 254
257 255
257 256
257 258
257 259
257 260
257 411
257 412
257 413
257 414
257 415
257 416
257 451
257 452
257 453
257 458
257 528
257 529
257 530
257 531
258 78
258 79
258 80
258 81
258 241
258 242
258 251
258 252
258 253
258 254
258 255
258 256
258 257
258 259
258 260
258 261
258 411
258 412
258 413
258 414
258 415
258 453
258 458
258 526
258 528
258 529
258 530
258 531
258 532
259 203
259 241
259 242
259 245
259 250
259 251
259 252
259 253
259 254
259 255
259 256
259 257
259 258
259 260
259 261
259 411
259 414
259 453
259 455
259 528
259 529
259 530
260 78
260 203
260 240
260 241
260 242
260 243
260 244
260 245
260 246
260 250
260 251
260 252
260 253
260 254
260 255
260 256
260 257
260 258
260 259
260 261
260 262
260 263
260 528
260 529
260 530
261 198
261 199
261 200
261 201
261 202
261 203
261 204
261 241
261 242
261 244
261 245
261 250
261 251
261 252
261 253
261 254
261 255
261 258
261 259
261 260
261 262
261 263
261 264
261 276
261 277
261 280
262 75
262 76
262 198
262 199
262 239
262 240
262 241
262 242
262 244
262 245
262 252
262 253
262 254
262 255
262 260
262 261
262 263
262 264
262 275
262 276
262 277
262 304
263 75
263 76
263 238
263 239
263 240
263 241
263 242
263 243
263 244
263 245
263 260
263 261
263 262
263 264
263 265
263 274
263 275
263 276
263 277
263 302
263 303
263 304
263 305
263 307
264 76
264 237
264 238
264 239
264 240
264 241
264 243
264 244
264 245
264 261
264 262
264 263
264 265
264 266
264 267
264 273
264 274
264 275
264 276
264 302
264 303
264 304
264 305
264 306
264 307
265 235
265 236
265 237
265 238
265 239
265 240
265 241
265 243
265 244
265 245
265 247
265 263
265 264
265 266
265 267
265 268
265 272
265 273
265 274
265 275
265 276
265 299
265 300
265 301
265 302
265 304
265 307
266 235
266 236
266 237
266 238
266 239
266 244
266 264
266 265
266 267
266 268
266 271
266 272
266 273
266 274
266 275
266 299
266 300
266 307
266 310
266 311
266 314
266 321
266 322
267 219
267 222
267 223
267 234
267 235
267 236
267 237
267 238
267 264
267 265
267 266
267 268
267 269
267 270
267 271
267 272
267 273
267 274
267 296
267 299
267 321
267 322
268 219
268 222
268 223
268 226
268 233
268 234
268 235
268 236
268 237
268 265
268 266
268 267
268 269
268 270
268 271
268 272
268 273
268 296
268 319
268 320
268 321
268 322
269 219
269 220
269 222
269 223
269 224
269 226
269 227
269 233
269 234
269 235
269 236
269 267
269 268
269 270
269 271
269 272
269 296
270 223
270 234
270 235
270 267
270 268
270 269
270 271
270 272
270 294
270 295
270 296
270 297
270 298
271 235
271 266
271 267
271 268
271 269
271 270
271 272
271 273
271 294
271 295
271 296
271 297
271 298
271 299
271 300
272 219
272 235
272 236
272 265
272 266
272 267
272 268
272 269
272 270
272 271
272 273
272 274
272 275
272 291
272 294
272 295
272 296
272 297
272 298
272 299
272 300
272 301
273 237
273 264
273 265
273 266
273 267
273 268
273 271
273 272
273 274
273 275
273 276
273 291
273 298
273 299
273 300
273 301
273 302
273 307
273 310
274 238
274 244
274 248
274 263
274 264
274 265
274 266
274 267
274 272
274 273
274 275
274 276
274 277
274 278
274 291
274 299
274 300
274 301
274 302
274 303
274 304
274 307
275 244
275 262
275 263
275 264
275 265
275 266
275 272
275 273
275 274
275 276
275 277
275 278
275 300
275 301
275 302
275 303
275 304
275 305
275 306
275 307
275 310
276 203
276 261
276 262
276 263
276 264
276 265
276 273
276 274
276 275
276 277
276 278
276 279
276 280
276 281
276 301
276 302
276 303
276 304
276 305
276 306
276 307
277 198
277 199
277 200
277 202
277 203
277 261
277 262
277 263
277 274
277 275
277 276
277 278
277 279
277 280
277 281
277 301
277 302
277 303
277 304
277 305
278 203
278 274
278 275
278 276
278 277
278 279
278 280
278 281
278 282
278 286
278 301
278 302
278 303
278 304
279 200
279 201
279 202
279 203
279 276
279 277
279 278
279 280
279 281
279 282
279 303
280 199
280 200
280 201
280 202
280 203
280 204
280 252
280 261
280 276
280 277
280 278
280 279
280 281
280 282
280 283
280 285
281 201
281 202
281 203
281 204
281 205
281 276
281 277
281 278
281 279
281 280
281 282
281 283
281 284
281 285
281 286
281 287
281 301
282 202
282 203
282 204
282 278
282 279
282 280
282 281
282 283
282 284
282 285
282 286
282 287
282 288
283 280
283 281
283 282
283 284
283 285
283 286
283 287
283 288
283 289
283 291
284 204
284 205
284 281
284 282
284 283
284 285
284 286
284 287
284 288
284 289
284 290
285 202
285 203
285 204
285 205
285 250
285 280
285 281
285 282
285 283
285 284
285 286
285 287
285 288
285 289
285 290
285 291
286 203
286 204
286 205
286 278
286 281
286 282
286 283
286 284
286 285
286 287
286 288
286 289
286 290
286 291
286 292
286 298
286 299
286 300
286 301
287 281
287 282
287 283
287 284
287 285
287 286
287 288
287 289
287 290
287 291
287 292
287 293
287 298
287 299
288 204
288 205
288 215
288 248
288 250
288 282
288 283
288 284
288 285
288 286
288 287
288 289
288 290
288 291
288 298
288 299
289 205
289 215
289 216
289 248
289 250
289 283
289 284
289 285
289 286
289 287
289 288
289 290
289 291
289 292
289 293
289 297
289 298
289 299
289 300
289 301
290 284
290 285
290 286
290 287
290 288
290 289
290 291
290 292
290 293
290 294
290 295
290 297
290 298
290 299
290 300
291 272
291 273
291 274
291 283
291 285
291 286
291 287
291 288
291 289
291 290
291 292
291 293
291 294
291 295
291 297
291 298
291 299
291 300
291 301
292 286
292 287
292 289
292 290
292 291
292 293
292 294
292 295
292 298
292 299
292 300
292 301
293 287
293 289
293 290
293 291
293 292
293 294
293 295
293 296
293 297
293 298
293 299
293 300
294 270
294 271
294 272
294 290
294 291
294 292
294 293
294 295
294 296
294 297
294 298
294 299
294 300
295 270
295 271
295 272
295 290
295 291
295 292
295 293
295 294
295 296
295 297
295 298
295 299
295 300
296 216
296 219
296 220
296 267
296 268
296 269
296 270
296 271
296 272
296 293
296 294
296 295
296 297
296 298
296 299
297 215
297 216
297 219
297 220
297 270
297 271
297 272
297 289
297 290
297 291
297 293
297 294
297 295
297 296
297 298
297 299
297 300
298 216
298 270
298 271
298 272
298 273
298 286
298 287
298 288
298 289
298 290
298 291
298 292
298 293
298 294
298 295
298 296
298 297
298 299
298 300
298 301
299 248
299 265
299 266
299 267
299 271
299 272
299 273
299 274
299 286
299 287
299 288
299 289
299 290
299 291
299 292
299 293
299 294
299 295
299 296
299 297
299 298
299 300
299 301
299 302
300 265
300 266
300 271
300 272
300 273
300 274
300 275
300 286
300 289
300 290
300 291
300 292
300 293
300 294
300 295
300 297
300 298
300 299
300 301
300 302
301 265
301 272
301 273
301 274
301 275
301 276
301 277
301 278
301 281
301 286
301 289
301 291
301 292
301 298
301 299
301 300
301 302
301 303
301 304
302 263
302 264
302 265
302 273
302 274
302 275
302 276
302 277
302 278
302 299
302 300
302 301
302 303
302 304
302 305
302 306
302 307
302 310
303 263
303 264
303 274
303 275
303 276
303 277
303 278
303 279
303 301
303 302
303 304
303 305
303 306
303 307
304 262
304 263
304 264
304 265
304 274
304 275
304 276
304 277
304 278
304 301
304 302
304 303
304 305
304 306
304 307
304 308
305 263
305 264
305 275
305 276
305 277
305 302
305 303
305 304
305 306
305 307
305 308
305 309
305 310
306 264
306 275
306 276
306 302
306 303
306 304
306 305
306 307
306 308
306 309
306 310
306 311
307 263
307 264
307 265
307 266
307 273
307 274
307 275
307 276
307 302
307 303
307 304
307 305
307 306
307 308
307 309
307 310
307 311
307 312
307 313
307 332
308 304
308 305
308 306
308 307
308 309
308 310
308 311
308 312
308 313
308 314
308 331
308 332
308 335
308 336
309 305
309 306
309 307
309 308
309 310
309 311
309 312
309 313
309 314
309 315
309 335
310 266
310 273
310 275
310 302
310 305
310 306
310 307
310 308
310 309
310 311
310 312
310 313
310 314
310 315
311 237
311 266
311 306
311 307
311 308
311 309
311 310
311 312
311 313
311 314
311 315
311 316
311 321
311 332
311 335
311 336
312 307
312 308
312 309
312 310
312 311
312 313
312 314
312 315
312 316
312 317
312 332
312 335
312 336
312 337
313 307
313 308
313 309
313 310
313 311
313 312
313 314
313 315
313 316
313 317
314 235
314 266
314 308
314 309
314 310
314 311
314 312
314 313
314 315
314 316
314 317
314 318
314 319
314 320
314 321
314 336
315 309
315 310
315 311
315 312
315 313
315 314
315 316
315 317
315 318
315 319
315 320
315 321
315 335
315 336
315 337
315 340
315 341
316 311
316 312
316 313
316 314
316 315
316 317
316 318
316 319
316 336
316 337
316 340
317 312
317 313
317 314
317 315
317 316
317 318
317 319
317 320
317 340
318 234
318 314
318 315
318 316
318 317
318 319
318 320
318 340
319 232
319 233
319 234
319 235
319 268
319 314
319 315
319 316
319 317
319 318
319 320
319 321
319 322
319 339
319 340
319 341
320 231
320 232
320 233
320 234
320 235
320 236
320 268
320 314
320 315
320 317
320 318
320 319
320 321
320 322
320 323
320 336
320 337
320 338
320 339
320 340
320 341
320 342
320 343
321 226
321 231
321 232
321 233
321 234
321 235
321 236
321 237
321 266
321 267
321 268
321 311
321 314
321 315
321 319
321 320
321 322
321 323
321 336
321 337
321 338
321 339
321 340
321 341
321 342
321 343
322 226
322 229
322 231
322 232
322 233
322 234
322 235
322 236
322 237
322 238
322 266
322 267
322 268
322 319
322 320
322 321
322 323
322 324
322 325
322 340
322 341
322 342
322 343
322 344
322 346
322 347
322 348
323 233
323 235
323 236
323 237
323 238
323 239
323 320
323 321
323 322
323 324
323 325
323 326
323 327
323 328
323 332
323 333
323 341
323 342
323 343
323 344
323 345
323 346
323 347
323 348
324 236
324 237
324 238
324 239
324 240
324 322
324 323
324 325
324 326
324 327
324 328
324 342
324 343
324 344
324 345
324 346
324 347
324 348
324 349
324 350
324 351
325 161
325 162
325 163
325 239
325 322
325 323
325 324
325 326
325 327
325 328
325 329
325 330
325 333
325 342
325 343
325 344
325 345
325 346
325 347
326 77
326 161
326 162
326 163
326 239
326 240
326 323
326 324
326 325
326 327
326 328
326 329
326 343
326 344
326 345
326 346
326 347
326 534
326 535
326 541
327 75
327 76
327 77
327 78
327 161
327 162
327 238
327 239
327 240
327 241
327 243
327 323
327 324
327 325
327 326
327 328
327 329
327 330
327 345
327 346
327 347
327 350
327 534
328 75
328 76
328 77
328 158
328 159
328 160
328 161
328 162
328 163
328 237
328 238
328 239
328 240
328 323
328 324
328 325
328 326
328 327
328 329
328 330
328 331
328 332
328 333
328 345
328 346
328 347
329 74
329 75
329 76
329 77
329 156
329 157
329 158
329 159
329 160
329 161
329 162
329 163
329 164
329 165
329 239
329 240
329 325
329 326
329 327
329 328
329 330
329 331
329 332
329 333
329 334
330 75
330 156
330 157
330 158
330 159
330 160
330 161
330 162
330 163
330 164
330 165
330 166
330 181
330 325
330 327
330 328
330 329
330 331
330 332
330 333
330 334
330 335
331 75
331 156
331 157
331 158
331 159
331 160
331 161
331 162
331 165
331 181
331 182
331 183
331 308
331 328
331 329
331 330
331 332
331 333
331 334
331 335
331 336
332 75
332 157
332 158
332 161
332 162
332 237
332 238
332 239
332 307
332 308
332 311
332 312
332 323
332 328
332 329
332 330
332 331
332 333
332 334
332 335
332 336
333 157
333 158
333 161
333 162
333 323
333 325
333 328
333 329
333 330
333 331
333 332
333 334
333 335
333 336
333 337
333 338
333 341
334 157
334 162
334 181
334 329
334 330
334 331
334 332
334 333
334 335
334 336
334 337
334 338
335 308
335 309
335 311
335 312
335 315
335 330
335 331
335 332
335 333
335 334
335 336
335 337
335 338
336 308
336 311
336 312
336 314
336 315
336 316
336 320
336 321
336 331
336 332
336 333
336 334
336 335
336 337
336 338
336 339
336 340
336 341
337 312
337 315
337 316
337 320
337 321
337 333
337 334
337 335
337 336
337 338
337 339
337 340
337 341
338 320
338 321
338 333
338 334
338 335
338 336
338 337
338 339
338 340
338 341
338 342
338 343
339 319
339 320
339 321
339 336
339 337
339 338
339 340
339 341
339 342
340 233
340 234
340 315
340 316
340 317
340 318
340 319
340 320
340 321
340 322
340 336
340 337
340 338
340 339
340 341
340 342
340 343
341 231
341 233
341 235
341 315
341 319
341 320
341 321
341 322
341 323
341 333
341 336
341 337
341 338
341 339
341 340
341 342
341 343
341 344
342 229
342 230
342 231
342 232
342 233
342 234
342 235
342 236
342 320
342 321
342 322
342 323
342 324
342 325
342 338
342 339
342 340
342 341
342 343
342 344
343 231
343 233
343 320
343 321
343 322
343 323
343 324
343 325
343 326
343 338
343 340
343 341
343 342
343 344
343 345
343 346
343 347
344 322
344 323
344 324
344 325
344 326
344 341
344 342
344 343
344 345
344 346
344 347
344 348
345 323
345 324
345 325
345 326
345 327
345 328
345 343
345 344
345 346
345 347
345 348
345 350
345 351
345 535
345 541
345 543
346 322
346 323
346 324
346 325
346 326
346 327
346 328
346 343
346 344
346 345
346 347
346 348
346 349
346 350
346 351
346 534
346 535
346 543
347 222
347 236
347 237
347 238
347 239
347 240
347 243
347 322
347 323
347 324
347 325
347 326
347 327
347 328
347 343
347 344
347 345
347 346
347 348
347 349
347 350
347 351
347 352
348 221
348 222
348 223
348 225
348 226
348 229
348 236
348 238
348 243
348 322
348 323
348 324
348 344
348 345
348 346
348 347
348 349
348 350
348 351
348 352
348 353
349 218
349 219
349 221
349 222
349 225
349 236
349 237
349 238
349 240
349 242
349 243
349 244
349 246
349 247
349 324
349 346
349 347
349 348
349 350
349 351
349 352
349 353
349 354
350 238
350 240
350 242
350 243
350 244
350 246
350 247
350 324
350 327
350 345
350 346
350 347
350 348
350 349
350 351
350 352
350 353
350 354
350 355
350 533
350 534
350 535
350 536
351 243
351 324
351 345
351 346
351 347
351 348
351 349
351 350
351 352
351 353
351 354
351 355
351 534
351 535
351 536
351 543
352 218
352 221
352 222
352 225
352 243
352 246
352 247
352 347
352 348
352 349
352 350
352 351
352 353
352 354
352 355
352 356
352 357
353 218
353 242
353 243
353 246
353 247
353 348
353 349
353 350
353 351
353 352
353 354
353 355
353 356
353 357
353 526
353 527
353 533
353 534
353 535
353 548
353 549
354 349
354 350
354 351
354 352
354 353
354 355
354 356
354 357
354 524
354 525
354 526
354 527
354 533
354 534
354 535
354 536
354 543
354 545
354 546
354 547
354 548
354 549
354 550
354 551
355 350
355 351
355 352
355 353
355 354
355 356
355 357
355 358
355 360
355 361
355 524
355 526
355 536
355 545
355 546
355 547
355 548
355 549
355 550
355 572
355 573
356 211
356 212
356 352
356 353
356 354
356 355
356 357
356 358
356 359
356 360
356 361
356 362
356 364
356 525
356 526
356 527
356 547
356 548
356 549
356 550
356 572
357 211
357 212
357 213
357 352
357 353
357 354
357 355
357 356
357 358
357 359
357 360
357 361
357 362
357 363
357 548
357 549
358 211
358 212
358 213
358 355
358 356
358 357
358 359
358 360
358 361
358 362
358 363
358 548
359 209
359 210
359 211
359 212
359 213
359 356
359 357
359 358
359 360
359 361
359 362
359 363
359 364
359 365
359 456
360 209
360 210
360 211
360 212
360 213
360 355
360 356
360 357
360 358
360 359
360 361
360 362
360 363
360 364
360 365
360 366
360 456
360 457
360 526
360 527
360 528
360 548
361 212
361 355
361 356
361 357
361 358
361 359
361 360
361 362
361 363
361 364
361 365
361 366
361 456
361 457
361 527
361 548
361 549
361 550
361 572
362 210
362 212
362 356
362 357
362 358
362 359
362 360
362 361
362 363
362 364
362 365
362 366
362 367
362 456
362 457
363 209
363 210
363 211
363 212
363 357
363 358
363 359
363 360
363 361
363 362
363 364
363 365
363 366
363 367
363 368
363 454
363 455
363 456
363 457
363 458
363 527
363 528
364 210
364 356
364 359
364 360
364 361
364 362
364 363
364 365
364 366
364 367
364 368
364 369
364 454
364 455
364 456
364 457
364 458
364 459
364 525
364 526
364 527
364 528
364 550
364 570
364 572
364 590
365 359
365 360
365 361
365 362
365 363
365 364
365 366
365 367
365 368
365 369
365 370
365 456
365 457
365 459
365 570
365 571
365 572
365 589
365 590
365 591
366 360
366 361
366 362
366 363
366 364
366 365
366 367
366 368
366 369
366 370
366 371
366 456
366 457
366 590
366 623
367 362
367 363
367 364
367 365
367 366
367 368
367 369
367 370
367 371
367 372
367 407
367 408
367 409
367 410
367 452
367 453
367 454
367 455
367 456
367 457
367 458
367 459
367 527
367 590
367 591
368 363
368 364
368 365
368 366
368 367
368 369
368 370
368 371
368 372
368 373
368 374
368 451
368 452
368 454
368 456
368 457
368 458
368 459
368 460
368 461
368 570
368 590
368 591
368 592
368 593
368 623
368 624
369 364
369 365
369 366
369 367
369 368
369 370
369 371
369 372
369 373
369 374
369 459
369 590
369 591
369 592
369 593
369 620
369 623
369 624
369 625
369 627
370 365
370 366
370 367
370 368
370 369
370 371
370 372
370 373
370 374
370 375
370 404
370 406
370 407
370 408
370 409
370 410
370 452
370 454
370 459
370 592
370 623
370 624
370 627
370 628
371 366
371 367
371 368
371 369
371 370
371 372
371 373
371 374
371 375
371 376
371 377
371 403
371 404
371 407
371 408
371 410
371 451
371 452
371 453
371 454
371 457
371 458
371 459
371 460
371 461
371 591
371 592
371 593
371 624
372 367
372 368
372 369
372 370
372 371
372 373
372 374
372 375
372 376
372 377
372 378
372 404
372 459
372 461
372 590
372 591
372 592
372 593
372 594
372 620
372 623
372 624
372 627
372 628
373 368
373 369
373 370
373 371
373 372
373 374
373 375
373 376
373 377
373 378
373 379
373 403
373 404
373 407
373 592
373 593
373 624
373 625
373 627
373 628
373 631
373 633
373 636
373 637
373 640
374 368
374 369
374 370
374 371
374 372
374 373
374 375
374 376
374 377
374 378
374 379
374 399
374 400
374 401
374 402
374 403
374 404
374 405
374 406
374 407
374 452
374 593
374 628
375 370
375 371
375 372
375 373
375 374
375 376
375 377
375 378
375 379
375 380
375 381
375 399
375 400
375 401
375 403
375 404
375 448
375 450
375 451
375 461
375 462
375 463
375 592
375 593
376 371
376 372
376 373
376 374
376 375
376 377
376 378
376 379
376 380
376 381
376 382
376 400
376 403
376 592
376 593
376 594
376 624
376 628
376 636
376 637
376 639
376 640
377 371
377 372
377 373
377 374
377 375
377 376
377 378
377 379
377 380
377 381
377 382
377 399
377 400
377 403
377 404
377 628
377 633
377 635
377 636
377 637
377 639
377 640
378 372
378 373
378 374
378 375
378 376
378 377
378 379
378 380
378 381
378 382
378 383
378 396
378 397
378 399
378 400
378 401
378 402
378 403
378 404
378 636
379 373
379 374
379 375
379 376
379 377
379 378
379 380
379 381
379 382
379 383
379 384
379 385
379 400
379 448
379 463
379 465
379 593
379 636
379 639
380 375
380 376
380 377
380 378
380 379
380 381
380 382
380 383
380 384
380 385
380 635
380 636
380 637
380 639
380 640
381 375
381 376
381 377
381 378
381 379
381 380
381 382
381 383
381 384
381 385
381 386
381 396
381 399
381 400
381 636
382 376
382 377
382 378
382 379
382 380
382 381
382 383
382 384
382 385
382 386
382 387
382 388
382 390
382 391
382 396
382 399
382 400
382 440
382 467
383 378
383 379
383 380
383 381
383 382
383 384
383 385
383 386
383 387
383 388
383 442
383 465
383 466
383 467
384 379
384 380
384 381
384 382
384 383
384 385
384 386
384 387
384 388
384 467
385 379
385 380
385 381
385 382
385 383
385 384
385 386
385 387
385 388
385 389
385 390
385 391
385 440
385 441
385 442
386 381
386 382
386 383
386 384
386 385
386 387
386 388
386 389
386 390
386 391
386 392
386 396
386 439
386 440
386 441
386 442
386 467
387 382
387 383
387 384
387 385
387 386
387 388
387 389
387 390
387 391
387 440
387 441
387 442
387 443
387 467
387 468
388 382
388 383
388 384
388 385
388 386
388 387
388 389
388 390
388 391
388 440
388 441
388 442
389 385
389 386
389 387
389 388
389 390
389 391
389 392
389 439
389 440
389 441
389 442
390 382
390 385
390 386
390 387
390 388
390 389
390 391
390 392
390 395
390 396
390 439
390 440
390 441
391 382
391 385
391 386
391 387
391 388
391 389
391 390
391 392
391 393
391 394
391 395
391 396
391 397
391 399
391 438
391 439
391 440
391 441
392 386
392 389
392 390
392 391
392 393
392 394
392 395
392 396
392 397
392 419
392 420
392 421
392 432
392 434
392 437
392 438
392 439
392 440
392 441
393 391
393 392
393 394
393 395
393 396
393 397
393 398
393 417
393 418
393 419
393 420
393 421
393 424
393 431
393 432
393 433
393 434
393 436
393 437
393 438
393 439
393 440
393 446
393 447
393 448
394 391
394 392
394 393
394 395
394 396
394 397
394 398
394 399
394 417
394 418
394 419
394 420
394 431
394 432
394 433
394 434
394 435
394 436
394 437
394 438
394 439
394 440
395 390
395 391
395 392
395 393
395 394
395 396
395 397
395 398
395 399
395 400
395 419
395 432
395 433
395 434
395 437
395 439
395 440
396 378
396 381
396 382
396 386
396 390
396 391
396 392
396 393
396 394
396 395
396 397
396 398
396 399
396 400
396 401
396 402
396 417
396 418
396 419
396 420
396 432
396 439
396 440
396 448
397 378
397 391
397 392
397 393
397 394
397 395
397 396
397 398
397 399
397 400
397 401
397 402
397 416
397 417
397 418
397 419
397 420
397 431
397 432
397 433
397 448
397 449
397 450
398 393
398 394
398 395
398 396
398 397
398 399
398 400
398 401
398 402
398 403
398 404
398 417
398 419
399 374
399 375
399 377
399 378
399 381
399 382
399 391
399 394
399 395
399 396
399 397
399 398
399 400
399 401
399 402
399 403
399 404
399 405
400 374
400 375
400 376
400 377
400 378
400 379
400 381
400 382
400 395
400 396
400 397
400 398
400 399
400 401
400 402
400 403
400 404
400 405
400 413
400 417
400 419
400 448
400 450
400 451
400 452
401 374
401 375
401 378
401 396
401 397
401 398
401 399
401 400
401 402
401 403
401 404
401 405
401 406
401 410
401 412
401 413
401 414
401 416
401 417
401 450
401 451
401 452
402 374
402 378
402 396
402 397
402 398
402 399
402 400
402 401
402 403
402 404
402 405
402 406
402 407
402 412
402 413
403 371
403 373
403 374
403 375
403 376
403 377
403 378
403 398
403 399
403 400
403 401
403 402
403 404
403 405
403 406
403 407
403 410
404 370
404 371
404 372
404 373
404 374
404 375
404 377
404 378
404 398
404 399
404 400
404 401
404 402
404 403
404 405
404 406
404 407
404 408
404 409
404 410
404 411
404 412
404 413
404 451
404 452
404 453
404 454
405 374
405 399
405 400
405 401
405 402
405 403
405 404
405 406
405 407
405 408
405 409
405 410
405 411
405 412
405 413
405 452
405 453
405 454
406 370
406 374
406 401
406 402
406 403
406 404
406 405
406 407
406 408
406 409
406 410
406 411
406 412
407 367
407 370
407 371
407 373
407 374
407 402
407 403
407 404
407 405
407 406
407 408
407 409
407 410
407 411
407 412
407 452
407 454
408 367
408 370
408 371
408 404
408 405
408 406
408 407
408 409
408 410
408 411
408 454
408 455
408 456
409 367
409 370
409 404
409 405
409 406
409 407
409 408
409 410
409 411
409 412
409 453
409 454
409 455
409 456
409 457
410 367
410 370
410 371
410 401
410 403
410 404
410 405
410 406
410 407
410 408
410 409
410 411
410 412
410 413
410 452
410 453
410 454
410 455
410 456
410 457
410 458
411 253
411 257
411 258
411 259
411 404
411 405
411 406
411 407
411 408
411 409
411 410
411 412
411 413
411 414
411 452
411 453
411 454
411 455
411 458
411 528
412 256
412 257
412 258
412 401
412 402
412 404
412 405
412 406
412 407
412 409
412 410
412 411
412 413
412 414
412 415
412 451
412 452
412 453
412 454
413 256
413 257
413 258
413 400
413 401
413 402
413 404
413 405
413 410
413 411
413 412
413 414
413 415
413 416
413 417
413 450
413 451
413 452
413 453
413 454
413 458
413 459
413 460
413 531
414 256
414 257
414 258
414 259
414 401
414 411
414 412
414 413
414 415
414 416
414 417
414 450
414 451
414 452
414 453
414 454
414 457
414 458
414 459
414 460
414 528
414 529
414 530
414 531
414 532
415 80
415 256
415 257
415 258
415 412
415 413
415 414
415 416
415 417
415 418
415 449
415 450
415 451
415 452
415 453
415 459
415 460
415 530
415 531
415 532
416 256
416 257
416 397
416 401
416 413
416 414
416 415
416 417
416 418
416 419
416 429
416 430
416 431
416 432
416 449
416 450
416 451
416 452
417 393
417 394
417 396
417 397
417 398
417 400
417 401
417 413
417 414
417 415
417 416
417 418
417 419
417 420
417 429
417 430
417 431
417 432
417 448
417 449
417 450
417 451
417 452
418 393
418 394
418 396
418 397
418 415
418 416
418 417
418 419
418 420
418 421
418 424
418 425
418 427
418 428
418 429
418 430
418 431
418 432
418 447
418 448
418 449
418 450
418 451
418 462
419 392
419 393
419 394
419 395
419 396
419 397
419 398
419 400
419 416
419 417
419 418
419 420
419 421
419 424
419 425
419 430
419 431
419 432
419 433
419 437
419 438
419 440
419 446
419 447
419 448
419 449
419 450
419 462
420 392
420 393
420 394
420 396
420 397
420 417
420 418
420 419
420 421
420 422
420 423
420 424
420 425
420 426
420 427
420 428
420 429
420 430
420 431
420 432
420 437
420 438
420 439
420 440
420 444
420 445
420 446
420 447
420 448
420 449
420 464
420 563
420 564
421 392
421 393
421 418
421 419
421 420
421 422
421 423
421 424
421 425
421 426
421 432
421 437
421 438
421 439
421 440
421 441
421 442
421 443
421 444
421 445
421 446
421 447
421 448
421 464
421 465
421 466
421 562
421 563
421 564
422 420
422 421
422 423
422 424
422 425
422 426
422 427
422 438
422 439
422 440
422 441
422 443
422 444
422 445
422 446
422 447
422 466
422 559
422 560
422 561
422 562
422 563
422 564
422 565
423 24
423 420
423 421
423 422
423 424
423 425
423 426
423 427
423 438
423 444
423 445
423 446
423 558
423 559
423 560
423 561
423 562
423 563
423 564
424 393
424 418
424 419
424 420
424 421
424 422
424 423
424 425
424 426
424 427
424 428
424 429
424 430
424 431
424 432
424 437
424 438
424 445
424 446
424 447
424 558
424 560
424 561
424 562
424 563
424 564
425 418
425 419
425 420
425 421
425 422
425 423
425 424
425 426
425 427
425 428
425 429
425 430
425 431
425 444
425 445
425 446
425 447
425 448
425 449
425 464
425 557
425 558
425 559
425 560
425 561
425 562
425 563
425 564
425 565
425 566
426 420
426 421
426 422
426 423
426 424
426 425
426 427
426 428
426 429
426 430
426 445
426 447
426 556
426 557
426 558
426 559
426 560
426 561
426 562
426 563
426 564
426 565
426 566
427 115
427 418
427 420
427 422
427 423
427 424
427 425
427 426
427 428
427 429
427 430
427 431
427 558
427 559
427 560
427 561
427 562
427 563
427 564
427 565
428 115
428 418
428 420
428 424
428 425
428 426
428 427
428 429
428 430
428 431
428 447
428 449
428 517
428 518
428 519
428 556
428 557
428 558
428 564
428 565
428 566
429 115
429 416
429 417
429 418
429 420
429 424
429 425
429 426
429 427
429 428
429 430
429 431
429 449
429 519
430 115
430 416
430 417
430 418
430 419
430 420
430 424
430 425
430 426
430 427
430 428
430 429
430 431
430 432
430 433
430 449
431 393
431 394
431 397
431 416
431 417
431 418
431 419
431 420
431 424
431 425
431 427
431 428
431 429
431 430
431 432
431 433
431 436
431 437
431 449
432 392
432 393
432 394
432 395
432 396
432 397
432 416
432 417
432 418
432 419
432 420
432 421
432 424
432 430
432 431
432 433
432 434
432 435
432 436
432 437
432 438
433 393
433 394
433 395
433 397
433 419
433 430
433 431
433 432
433 434
433 435
433 436
433 437
433 438
434 392
434 393
434 394
434 395
434 432
434 433
434 435
434 436
434 437
435 394
435 432
435 433
435 434
435 436
435 437
435 438
436 393
436 394
436 431
436 432
436 433
436 434
436 435
436 437
436 438
437 392
437 393
437 394
437 395
437 419
437 420
437 421
437 424
437 431
437 432
437 433
437 434
437 435
437 436
437 438
437 439
437 440
438 391
438 392
438 393
438 394
438 419
438 420
438 421
438 422
438 423
438 424
438 432
438 433
438 435
438 436
438 437
438 439
438 440
438 441
439 386
439 389
439 390
439 391
439 392
439 393
439 394
439 395
439 396
439 420
439 421
439 422
439 437
439 438
439 440
439 441
440 382
440 385
440 386
440 387
440 388
440 389
440 390
440 391
440 392
440 393
440 394
440 395
440 396
440 419
440 420
440 421
440 422
440 437
440 438
440 439
440 441
440 442
440 443
440 444
440 445
440 446
441 385
441 386
441 387
441 388
441 389
441 390
441 391
441 392
441 421
441 422
441 438
441 439
441 440
441 442
441 443
441 444
441 445
441 446
441 466
441 467
441 468
442 383
442 385
442 386
442 387
442 388
442 389
442 421
442 440
442 441
442 443
442 444
442 445
442 446
442 465
442 466
442 467
442 468
442 469
442 470
443 387
443 421
443 422
443 440
443 441
443 442
443 444
443 445
443 446
443 466
443 467
443 468
443 469
443 470
443 471
444 420
444 421
444 422
444 423
444 425
444 440
444 441
444 442
444 443
444 445
444 446
444 447
444 465
444 466
444 467
444 468
444 469
444 470
444 471
444 562
444 563
445 420
445 421
445 422
445 423
445 424
445 425
445 426
445 440
445 441
445 442
445 443
445 444
445 446
445 447
445 464
445 465
445 466
445 467
445 468
445 469
445 470
445 474
445 562
445 563
445 564
445 565
445 599
446 393
446 419
446 420
446 421
446 422
446 423
446 424
446 425
446 440
446 441
446 442
446 443
446 444
446 445
446 447
446 448
446 449
446 463
446 464
446 465
446 466
446 467
446 563
446 564
446 565
447 393
447 418
447 419
447 420
447 421
447 422
447 424
447 425
447 426
447 428
447 444
447 445
447 446
447 448
447 449
447 450
447 462
447 463
447 464
447 465
447 466
447 563
447 564
447 565
447 566
447 567
448 375
448 379
448 393
448 396
448 397
448 400
448 417
448 418
448 419
448 420
448 421
448 425
448 446
448 447
448 449
448 450
448 451
448 461
448 462
448 463
448 464
448 465
448 565
448 566
448 567
449 397
449 415
449 416
449 417
449 418
449 419
449 420
449 425
449 428
449 429
449 430
449 431
449 446
449 447
449 448
449 450
449 451
449 460
449 461
449 462
449 463
449 464
449 566
449 567
449 568
450 375
450 397
450 400
450 401
450 413
450 414
450 415
450 416
450 417
450 418
450 419
450 447
450 448
450 449
450 451
450 452
450 459
450 460
450 461
450 462
450 463
450 568
451 257
451 368
451 371
451 375
451 400
451 401
451 404
451 412
451 413
451 414
451 415
451 416
451 417
451 418
451 448
451 449
451 450
451 452
451 453
451 454
451 458
451 459
451 460
451 461
451 462
451 531
452 257
452 367
452 368
452 370
452 371
452 374
452 400
452 401
452 404
452 405
452 407
452 410
452 411
452 412
452 413
452 414
452 415
452 416
452 417
452 450
452 451
452 453
452 454
452 457
452 458
452 459
452 460
452 461
452 528
452 531
453 257
453 258
453 259
453 367
453 371
453 404
453 405
453 409
453 410
453 411
453 412
453 413
453 414
453 415
453 451
453 452
453 454
453 455
453 456
453 457
453 458
453 459
453 460
453 526
453 527
453 528
453 529
453 530
453 531
454 210
454 363
454 364
454 367
454 368
454 370
454 371
454 404
454 405
454 407
454 408
454 409
454 410
454 411
454 412
454 413
454 414
454 451
454 452
454 453
454 455
454 456
454 457
454 458
454 459
454 527
454 528
454 529
455 206
455 207
455 209
455 210
455 211
455 251
455 259
455 363
455 364
455 367
455 408
455 409
455 410
455 411
455 453
455 454
455 456
455 457
455 458
455 527
455 528
455 529
456 206
456 207
456 209
456 210
456 211
456 359
456 360
456 361
456 362
456 363
456 364
456 365
456 366
456 367
456 368
456 408
456 409
456 410
456 453
456 454
456 455
456 457
456 458
456 527
456 528
456 529
457 210
457 360
457 361
457 362
457 363
457 364
457 365
457 366
457 367
457 368
457 371
457 409
457 410
457 414
457 452
457 453
457 454
457 455
457 456
457 458
457 459
457 525
457 526
457 527
457 528
457 529
457 530
457 531
458 257
458 258
458 363
458 364
458 367
458 368
458 371
458 410
458 411
458 413
458 414
458 451
458 452
458 453
458 454
458 455
458 456
458 457
458 459
458 460
458 525
458 526
458 527
458 528
458 529
458 530
458 531
458 532
458 533
459 364
459 365
459 367
459 368
459 369
459 370
459 371
459 372
459 413
459 414
459 415
459 450
459 451
459 452
459 453
459 454
459 457
459 458
459 460
459 461
459 525
459 526
459 527
459 528
459 530
459 531
459 552
459 569
459 570
459 590
459 591
460 368
460 371
460 413
460 414
460 415
460 449
460 450
460 451
460 452
460 453
460 458
460 459
460 461
460 462
460 525
460 531
460 532
460 551
460 552
460 553
460 554
460 568
460 569
460 570
460 591
461 368
461 371
461 372
461 375
461 448
461 449
461 450
461 451
461 452
461 459
461 460
461 462
461 463
461 552
461 553
461 554
461 566
461 567
461 568
461 569
461 570
461 591
461 592
461 593
462 375
462 418
462 419
462 447
462 448
462 449
462 450
462 451
462 460
462 461
462 463
462 464
462 552
462 553
462 554
462 555
462 556
462 565
462 566
462 567
462 568
462 569
462 570
462 591
462 593
462 595
463 375
463 379
463 446
463 447
463 448
463 449
463 450
463 461
463 462
463 464
463 465
463 554
463 565
463 566
463 567
463 568
463 569
463 593
463 594
463 595
463 596
464 420
464 421
464 425
464 445
464 446
464 447
464 448
464 449
464 462
464 463
464 465
464 466
464 478
464 556
464 563
464 564
464 565
464 566
464 567
464 568
464 595
464 596
464 599
465 379
465 383
465 421
465 442
465 444
465 445
465 446
465 447
465 448
465 463
465 464
465 466
465 467
465 468
465 470
465 478
465 565
465 595
465 596
465 597
465 598
465 599
466 383
466 421
466 422
466 441
466 442
466 443
466 444
466 445
466 446
466 447
466 464
466 465
466 467
466 468
466 469
466 470
466 474
466 596
466 597
466 598
466 599
467 382
467 383
467 384
467 386
467 387
467 441
467 442
467 443
467 444
467 445
467 446
467 465
467 466
467 468
467 469
467 470
467 596
467 598
467 599
468 387
468 441
468 442
468 443
468 444
468 445
468 465
468 466
468 467
468 469
468 470
468 471
468 598
469 442
469 443
469 444
469 445
469 466
469 467
469 468
469 470
469 471
469 472
469 474
469 475
469 598
469 599
470 442
470 443
470 444
470 445
470 465
470 466
470 467
470 468
470 469
470 471
470 472
470 473
470 474
470 475
470 598
470 599
470 600
471 443
471 444
471 468
471 469
471 470
471 472
471 473
471 474
471 475
471 476
471 599
472 469
472 470
472 471
472 473
472 474
472 475
472 476
472 477
472 478
472 599
472 601
473 470
473 471
473 472
473 474
473 475
473 476
473 477
473 478
473 479
473 599
474 445
474 466
474 469
474 470
474 471
474 472
474 473
474 475
474 476
474 477
474 478
474 479
474 480
474 559
474 562
474 563
474 564
474 565
474 599
474 600
474 601
475 469
475 470
475 471
475 472
475 473
475 474
475 476
475 477
475 478
475 479
475 480
475 481
475 597
475 598
475 599
475 600
475 601
475 602
475 604
476 471
476 472
476 473
476 474
476 475
476 477
476 478
476 479
476 480
476 481
476 482
476 510
476 513
476 599
476 600
476 601
476 602
476 603
476 604
477 472
477 473
477 474
477 475
477 476
477 478
477 479
477 480
477 481
477 482
477 483
477 509
477 510
477 513
477 515
477 516
477 556
477 557
477 558
477 559
477 564
477 565
477 599
477 600
477 601
478 464
478 465
478 472
478 473
478 474
478 475
478 476
478 477
478 479
478 480
478 481
478 482
478 483
478 484
478 510
478 556
478 557
478 564
478 565
478 566
478 567
478 595
478 596
478 599
478 600
478 601
479 473
479 474
479 475
479 476
479 477
479 478
479 480
479 481
479 482
479 483
479 484
479 485
479 509
479 510
479 565
479 595
479 596
479 597
479 599
479 600
479 601
479 602
479 603
479 604
479 605
480 474
480 475
480 476
480 477
480 478
480 479
480 481
480 482
480 483
480 484
480 485
480 486
480 506
480 507
480 508
480 509
480 510
480 511
480 512
480 513
480 515
480 555
480 556
480 557
480 600
480 601
480 604
480 605
481 475
481 476
481 477
481 478
481 479
481 480
481 482
481 483
481 484
481 485
481 486
481 487
481 506
481 507
481 508
481 509
481 510
481 515
481 516
481 517
481 554
481 555
481 556
481 557
481 565
481 566
481 567
481 568
482 476
482 477
482 478
482 479
482 480
482 481
482 483
482 484
482 485
482 486
482 487
482 506
482 509
482 510
482 554
482 555
482 556
482 565
482 566
482 567
482 568
482 595
482 599
482 600
482 605
482 609
482 613
483 477
483 478
483 479
483 480
483 481
483 482
483 484
483 485
483 486
483 487
483 488
483 489
483 505
483 506
483 507
483 508
483 509
483 510
483 555
483 604
483 605
483 606
483 609
483 610
483 613
484 478
484 479
484 480
484 481
484 482
484 483
484 485
484 486
484 487
484 488
484 489
484 503
484 504
484 505
484 506
484 507
484 508
484 509
484 510
484 521
484 553
484 554
484 555
484 556
484 567
485 479
485 480
485 481
485 482
485 483
485 484
485 486
485 487
485 488
485 489
485 490
485 505
485 506
485 507
485 509
485 521
485 552
485 553
485 554
485 555
485 556
485 566
485 567
485 568
485 569
486 480
486 481
486 482
486 483
486 484
486 485
486 487
486 488
486 489
486 490
486 491
486 505
486 506
486 553
486 555
486 567
486 569
486 589
486 608
486 609
486 610
486 612
486 613
486 616
487 481
487 482
487 483
487 484
487 485
487 486
487 488
487 489
487 490
487 491
487 492
487 502
487 503
487 504
487 505
487 506
487 507
487 508
487 509
487 608
487 609
487 612
488 483
488 484
488 485
488 486
488 487
488 489
488 490
488 491
488 492
488 493
488 502
488 503
488 504
488 505
488 506
488 507
488 521
488 553
488 554
488 555
488 586
488 587
489 483
489 484
489 485
489 486
489 487
489 488
489 490
489 491
489 492
489 505
489 506
489 552
489 553
489 569
489 570
489 571
489 572
489 573
489 586
489 587
489 588
489 589
489 612
490 485
490 486
490 487
490 488
490 489
490 491
490 492
490 493
490 505
490 586
490 587
490 588
490 589
490 608
490 609
490 612
491 486
491 487
491 488
491 489
491 490
491 492
491 493
491 502
491 505
491 506
491 576
491 585
491 586
491 587
492 487
492 488
492 489
492 490
492 491
492 493
492 494
492 495
492 502
492 574
492 575
492 576
492 577
492 578
492 584
492 585
492 586
492 587
493 488
493 490
493 491
493 492
493 494
493 495
493 496
493 497
493 498
493 501
493 502
493 545
493 575
493 576
493 578
493 583
493 584
493 585
493 586
493 587
494 492
494 493
494 495
494 496
494 497
494 498
494 545
494 575
494 576
494 582
494 583
494 584
494 585
494 586
495 492
495 493
495 494
495 496
495 497
495 498
495 544
495 545
495 546
495 547
495 574
495 575
495 576
495 582
495 583
495 584
495 585
495 586
496 493
496 494
496 495
496 497
496 498
496 499
496 543
496 544
496 545
496 546
496 547
496 583
496 584
496 585
497 493
497 494
497 495
497 496
497 498
497 499
497 500
497 501
497 502
497 543
497 544
497 545
497 546
497 584
497 585
498 493
498 494
498 495
498 496
498 497
498 499
498 500
498 501
498 502
498 503
498 536
498 537
498 538
498 539
498 540
498 541
498 542
498 543
498 544
498 545
498 546
499 496
499 497
499 498
499 500
499 501
499 502
499 503
499 504
499 521
499 522
499 523
499 536
499 537
499 538
499 539
499 540
499 541
499 542
499 543
499 544
499 545
499 551
500 497
500 498
500 499
500 501
500 502
500 503
500 504
500 520
500 521
500 537
500 538
500 539
500 540
500 541
500 542
500 543
500 544
500 545
501 493
501 497
501 498
501 499
501 500
501 502
501 503
501 504
501 505
501 538
501 539
501 540
501 544
502 487
502 488
502 491
502 492
502 493
502 497
502 498
502 499
502 500
502 501
502 503
502 504
502 505
502 506
502 507
502 521
502 538
503 484
503 487
503 488
503 498
503 499
503 500
503 501
503 502
503 504
503 505
503 506
503 507
503 508
503 520
503 521
503 522
503 537
503 538
503 539
503 553
503 555
504 484
504 487
504 488
504 499
504 500
504 501
504 502
504 503
504 505
504 506
504 507
504 508
504 509
504 511
504 521
504 538
505 483
505 484
505 485
505 486
505 487
505 488
505 489
505 490
505 491
505 501
505 502
505 503
505 504
505 506
505 507
505 508
505 509
505 510
505 555
506 480
506 481
506 482
506 483
506 484
506 485
506 486
506 487
506 488
506 489
506 491
506 502
506 503
506 504
506 505
506 507
506 508
506 509
506 510
506 511
506 521
506 553
506 554
506 555
506 556
507 480
507 481
507 483
507 484
507 485
507 487
507 488
507 502
507 503
507 504
507 505
507 506
507 508
507 509
507 510
507 511
507 512
507 515
507 516
507 517
507 521
507 555
507 556
507 557
508 480
508 481
508 483
508 484
508 487
508 503
508 504
508 505
508 506
508 507
508 509
508 510
508 511
508 512
508 513
508 514
508 515
508 516
509 477
509 479
509 480
509 481
509 482
509 483
509 484
509 485
509 487
509 504
509 505
509 506
509 507
509 508
509 510
509 511
509 512
509 513
509 514
509 515
509 516
509 604
510 476
510 477
510 478
510 479
510 480
510 481
510 482
510 483
510 484
510 505
510 506
510 507
510 508
510 509
510 511
510 512
510 513
510 514
510 515
510 516
510 517
510 555
510 556
510 557
511 480
511 504
511 506
511 507
511 508
511 509
511 510
511 512
511 513
511 514
511 515
511 516
511 517
512 480
512 507
512 508
512 509
512 510
512 511
512 513
512 514
512 515
512 516
513 476
513 477
513 480
513 508
513 509
513 510
513 511
513 512
513 514
513 515
513 516
514 508
514 509
514 510
514 511
514 512
514 513
514 515
514 516
515 477
515 480
515 481
515 507
515 508
515 509
515 510
515 511
515 512
515 513
515 514
515 516
515 517
515 556
515 557
515 558
515 559
516 477
516 481
516 507
516 508
516 509
516 510
516 511
516 512
516 513
516 514
516 515
516 517
516 518
516 519
516 555
516 556
516 557
516 558
516 559
517 428
517 481
517 507
517 510
517 511
517 515
517 516
517 518
517 519
517 520
517 521
517 555
517 556
517 557
517 558
517 559
517 565
517 566
518 428
518 516
518 517
518 519
518 520
518 521
518 555
518 556
518 557
518 558
519 428
519 429
519 516
519 517
519 518
519 520
519 521
519 522
519 539
519 554
519 555
519 556
519 557
520 500
520 503
520 517
520 518
520 519
520 521
520 522
520 523
520 537
520 538
520 539
520 540
520 553
520 554
520 555
520 556
521 484
521 485
521 488
521 499
521 500
521 502
521 503
521 504
521 506
521 507
521 517
521 518
521 519
521 520
521 522
521 523
521 537
521 538
521 539
521 551
521 552
521 553
521 554
521 555
521 556
521 568
522 499
522 503
522 519
522 520
522 521
522 523
522 524
522 525
522 532
522 536
522 537
522 538
522 539
522 551
522 552
522 553
522 554
522 555
522 568
522 569
522 570
523 499
523 520
523 521
523 522
523 524
523 525
523 526
523 531
523 532
523 533
523 534
523 535
523 536
523 537
523 538
523 539
523 542
523 550
523 551
523 552
523 553
523 554
523 570
524 354
524 355
524 522
524 523
524 525
524 526
524 530
524 531
524 532
524 533
524 534
524 535
524 536
524 537
524 538
524 542
524 549
524 550
524 551
524 552
524 553
524 570
524 571
524 572
525 354
525 356
525 364
525 457
525 458
525 459
525 460
525 522
525 523
525 524
525 526
525 527
525 528
525 529
525 530
525 531
525 532
525 533
525 534
525 536
525 537
525 549
525 550
525 551
525 552
525 570
525 571
525 572
526 242
526 246
526 258
526 353
526 354
526 355
526 356
526 360
526 364
526 453
526 457
526 458
526 459
526 523
526 524
526 525
526 527
526 528
526 529
526 530
526 531
526 532
526 533
526 534
526 549
526 550
526 551
527 210
527 211
527 246
527 353
527 354
527 356
527 360
527 361
527 363
527 364
527 367
527 453
527 454
527 455
527 456
527 457
527 458
527 459
527 525
527 526
527 528
527 529
527 530
527 531
527 533
527 550
528 206
528 210
528 211
528 246
528 251
528 257
528 258
528 259
528 260
528 360
528 363
528 364
528 411
528 414
528 452
528 453
528 454
528 455
528 456
528 457
528 458
528 459
528 525
528 526
528 527
528 529
528 530
528 531
529 241
529 242
529 243
529 245
529 246
529 251
529 257
529 258
529 259
529 260
529 414
529 453
529 454
529 455
529 456
529 457
529 458
529 525
529 526
529 527
529 528
529 530
529 531
529 532
529 533
530 78
530 79
530 80
530 241
530 242
530 257
530 258
530 259
530 260
530 414
530 415
530 453
530 457
530 458
530 459
530 524
530 525
530 526
530 527
530 528
530 529
530 531
530 532
530 533
530 534
531 79
531 257
531 258
531 413
531 414
531 415
531 451
531 452
531 453
531 457
531 458
531 459
531 460
531 523
531 524
531 525
531 526
531 527
531 528
531 529
531 530
531 532
531 533
531 534
531 551
531 552
532 79
532 258
532 414
532 415
532 458
532 460
532 522
532 523
532 524
532 525
532 526
532 529
532 530
532 531
532 533
532 534
532 535
532 536
532 537
532 551
532 552
533 242
533 350
533 353
533 354
533 458
533 523
533 524
533 525
533 526
533 527
533 529
533 530
533 531
533 532
533 534
533 535
533 536
533 537
533 549
533 550
533 551
534 242
534 326
534 327
534 346
534 350
534 351
534 353
534 354
534 523
534 524
534 525
534 526
534 530
534 531
534 532
534 533
534 535
534 536
534 537
534 541
534 542
534 543
535 326
535 345
535 346
535 350
535 351
535 353
535 354
535 523
535 524
535 532
535 533
535 534
535 536
535 537
535 538
535 539
535 541
535 542
535 543
535 544
535 545
536 350
536 351
536 354
536 355
536 498
536 499
536 522
536 523
536 524
536 525
536 532
536 533
536 534
536 535
536 537
536 538
536 539
536 541
536 542
536 543
536 544
536 545
536 546
536 549
536 550
536 551
536 552
537 498
537 499
537 500
537 503
537 520
537 521
537 522
537 523
537 524
537 525
537 532
537 533
537 534
537 535
537 536
537 538
537 539
537 540
537 541
537 542
537 543
537 544
537 545
537 549
537 550
537 551
537 552
537 553
538 498
538 499
538 500
538 501
538 502
538 503
538 504
538 520
538 521
538 522
538 523
538 524
538 535
538 536
538 537
538 539
538 540
538 541
538 542
538 543
538 544
538 545
538 551
538 552
538 553
539 498
539 499
539 500
539 501
539 503
539 519
539 520
539 521
539 522
539 523
539 535
539 536
539 537
539 538
539 540
539 541
539 542
539 543
540 498
540 499
540 500
540 501
540 520
540 537
540 538
540 539
540 541
540 542
540 543
540 544
541 326
541 345
541 498
541 499
541 500
541 534
541 535
541 536
541 537
541 538
541 539
541 540
541 542
541 543
541 544
542 498
542 499
542 500
542 523
542 524
542 534
542 535
542 536
542 537
542 538
542 539
542 540
542 541
542 543
542 544
542 545
543 345
543 346
543 351
543 354
543 496
543 497
543 498
543 499
543 500
543 534
543 535
543 536
543 537
543 538
543 539
543 540
543 541
543 542
543 544
543 545
543 546
544 495
544 496
544 497
544 498
544 499
544 500
544 501
544 535
544 536
544 537
544 538
544 540
544 541
544 542
544 543
544 545
544 546
545 354
545 355
545 493
545 494
545 495
545 496
545 497
545 498
545 499
545 500
545 535
545 536
545 537
545 538
545 542
545 543
545 544
545 546
545 547
545 548
545 549
545 550
545 551
545 573
545 574
545 585
545 586
546 354
546 355
546 495
546 496
546 497
546 498
546 536
546 543
546 544
546 545
546 547
546 548
546 549
546 550
546 572
546 573
546 574
546 575
546 584
546 585
546 586
547 354
547 355
547 356
547 495
547 496
547 545
547 546
547 548
547 549
547 550
547 572
547 573
547 574
547 575
547 576
547 584
547 585
547 586
547 587
548 353
548 354
548 355
548 356
548 357
548 358
548 360
548 361
548 545
548 546
548 547
548 549
548 550
548 551
548 571
548 572
548 573
548 574
548 575
549 353
549 354
549 355
549 356
549 357
549 361
549 524
549 525
549 526
549 533
549 536
549 537
549 545
549 546
549 547
549 548
549 550
549 551
549 571
549 572
549 573
549 574
549 587
550 354
550 355
550 356
550 361
550 364
550 523
550 524
550 525
550 526
550 527
550 533
550 536
550 537
550 545
550 546
550 547
550 548
550 549
550 551
550 552
550 553
550 570
550 571
550 572
550 573
550 574
550 587
550 588
550 589
550 590
551 354
551 460
551 499
551 521
551 522
551 523
551 524
551 525
551 526
551 531
551 532
551 533
551 536
551 537
551 538
551 545
551 548
551 549
551 550
551 552
551 553
551 554
551 569
551 570
551 571
551 572
551 573
551 587
551 589
552 459
552 460
552 461
552 462
552 485
552 489
552 521
552 522
552 523
552 524
552 525
552 531
552 532
552 536
552 537
552 538
552 550
552 551
552 553
552 554
552 555
552 567
552 568
552 569
552 570
552 571
552 572
552 589
552 590
552 591
553 460
553 461
553 462
553 484
553 485
553 486
553 488
553 489
553 503
553 506
553 520
553 521
553 522
553 523
553 524
553 537
553 538
553 550
553 551
553 552
553 554
553 555
553 556
553 566
553 567
553 568
553 569
553 570
553 571
553 587
553 589
554 460
554 461
554 462
554 463
554 481
554 482
554 484
554 485
554 488
554 506
554 519
554 520
554 521
554 522
554 523
554 551
554 552
554 553
554 555
554 556
554 565
554 566
554 567
554 568
554 569
554 570
555 462
555 480
555 481
555 482
555 483
555 484
555 485
555 486
555 488
555 503
555 505
555 506
555 507
555 510
555 516
555 517
555 518
555 519
555 520
555 521
555 522
555 552
555 553
555 554
555 556
555 557
555 565
555 566
555 567
555 568
555 569
556 426
556 428
556 462
556 464
556 477
556 478
556 480
556 481
556 482
556 484
556 485
556 506
556 507
556 510
556 515
556 516
556 517
556 518
556 519
556 520
556 521
556 553
556 554
556 555
556 557
556 558
556 564
556 565
556 566
556 567
556 568
557 425
557 426
557 428
557 477
557 478
557 480
557 481
557 507
557 510
557 515
557 516
557 517
557 518
557 519
557 555
557 556
557 558
557 559
557 560
557 563
557 564
557 565
557 566
557 567
558 423
558 424
558 425
558 426
558 427
558 428
558 477
558 515
558 516
558 517
558 518
558 556
558 557
558 559
558 560
558 561
558 562
558 563
558 564
558 565
558 566
559 422
559 423
559 425
559 426
559 427
559 474
559 477
559 515
559 516
559 517
559 557
559 558
559 560
559 561
559 562
559 563
559 564
559 565
560 422
560 423
560 424
560 425
560 426
560 427
560 557
560 558
560 559
560 561
560 562
560 563
560 564
561 21
561 22
561 23
561 24
561 422
561 423
561 424
561 425
561 426
561 427
561 558
561 559
561 560
561 562
561 563
561 564
562 22
562 421
562 422
562 423
562 424
562 425
562 426
562 427
562 444
562 445
562 474
562 558
562 559
562 560
562 561
562 563
562 564
563 420
563 421
563 422
563 423
563 424
563 425
563 426
563 427
563 444
563 445
563 446
563 447
563 464
563 474
563 557
563 558
563 559
563 560
563 561
563 562
563 564
563 565
564 420
564 421
564 422
564 423
564 424
564 425
564 426
564 427
564 428
564 445
564 446
564 447
564 464
564 474
564 477
564 478
564 556
564 557
564 558
564 559
564 560
564 561
564 562
564 563
564 565
564 566
565 422
565 425
565 426
565 427
565 428
565 445
565 446
565 447
565 448
565 462
565 463
565 464
565 465
565 474
565 477
565 478
565 479
565 481
565 482
565 517
565 554
565 555
565 556
565 557
565 558
565 559
565 563
565 564
565 566
565 567
565 568
566 425
566 426
566 428
566 447
566 448
566 449
566 461
566 462
566 463
566 464
566 478
566 481
566 482
566 485
566 517
566 553
566 554
566 555
566 556
566 557
566 558
566 564
566 565
566 567
566 568
567 447
567 448
567 449
567 461
567 462
567 463
567 464
567 478
567 481
567 482
567 484
567 485
567 486
567 552
567 553
567 554
567 555
567 556
567 557
567 565
567 566
567 568
567 569
567 595
567 596
568 449
568 450
568 460
568 461
568 462
568 463
568 464
568 481
568 482
568 485
568 521
568 522
568 552
568 553
568 554
568 555
568 556
568 565
568 566
568 567
568 569
568 570
568 571
568 591
568 593
568 595
569 459
569 460
569 461
569 462
569 463
569 485
569 486
569 489
569 522
569 551
569 552
569 553
569 554
569 555
569 567
569 568
569 570
569 571
569 589
569 590
569 591
569 592
569 593
570 364
570 365
570 368
570 459
570 460
570 461
570 462
570 489
570 522
570 523
570 524
570 525
570 550
570 551
570 552
570 553
570 554
570 568
570 569
570 571
570 572
570 573
570 587
570 588
570 589
570 590
570 591
570 592
571 365
571 489
571 524
571 525
571 548
571 549
571 550
571 551
571 552
571 553
571 568
571 569
571 570
571 572
571 573
571 574
571 586
571 587
571 588
571 589
571 590
571 591
572 355
572 356
572 361
572 364
572 365
572 489
572 524
572 525
572 546
572 547
572 548
572 549
572 550
572 551
572 552
572 570
572 571
572 573
572 574
572 575
572 586
572 587
572 588
572 589
572 590
573 355
573 489
573 545
573 546
573 547
573 548
573 549
573 550
573 551
573 570
573 571
573 572
573 574
573 575
573 576
573 585
573 586
573 587
573 588
573 589
574 492
574 495
574 545
574 546
574 547
574 548
574 549
574 550
574 571
574 572
574 573
574 575
574 576
574 577
574 584
574 585
574 586
574 587
574 588
575 492
575 493
575 494
575 495
575 546
575 547
575 548
575 572
575 573
575 574
575 576
575 577
575 578
575 583
575 584
575 585
575 586
575 587
575 588
576 491
576 492
576 493
576 494
576 495
576 547
576 573
576 574
576 575
576 577
576 578
576 579
576 582
576 583
576 584
576 585
576 586
576 587
576 588
577 492
577 574
577 575
577 576
577 578
577 579
577 580
577 581
577 582
577 583
577 584
577 585
577 586
578 492
578 493
578 575
578 576
578 577
578 579
578 580
578 581
578 582
578 583
578 584
578 585
579 576
579 577
579 578
579 580
579 581
579 582
580 577
580 578
580 579
580 581
580 582
580 583
581 577
581 578
581 579
581 580
581 582
581 583
581 584
582 494
582 495
582 576
582 577
582 578
582 579
582 580
582 581
582 583
582 584
582 585
583 493
583 494
583 495
583 496
583 575
583 576
583 577
583 578
583 580
583 581
583 582
583 584
583 585
584 492
584 493
584 494
584 495
584 496
584 497
584 546
584 547
584 574
584 575
584 576
584 577
584 578
584 581
584 582
584 583
584 585
584 586
585 491
585 492
585 493
585 494
585 495
585 496
585 497
585 545
585 546
585 547
585 573
585 574
585 575
585 576
585 577
585 578
585 582
585 583
585 584
585 586
585 587
585 588
586 488
586 489
586 490
586 491
586 492
586 493
586 494
586 495
586 545
586 546
586 547
586 571
586 572
586 573
586 574
586 575
586 576
586 577
586 584
586 585
586 587
586 588
586 589
587 488
587 489
587 490
587 491
587 492
587 493
587 547
587 549
587 550
587 551
587 553
587 570
587 571
587 572
587 573
587 574
587 575
587 576
587 585
587 586
587 588
587 589
587 590
588 489
588 490
588 550
588 570
588 571
588 572
588 573
588 574
588 575
588 576
588 585
588 586
588 587
588 589
588 590
588 591
589 365
589 486
589 489
589 490
589 550
589 551
589 552
589 553
589 569
589 570
589 571
589 572
589 573
589 586
589 587
589 588
589 590
589 591
589 592
589 616
589 619
590 364
590 365
590 366
590 367
590 368
590 369
590 372
590 459
590 550
590 552
590 569
590 570
590 571
590 572
590 587
590 588
590 589
590 591
590 592
590 593
590 619
590 620
590 623
591 365
591 367
591 368
591 369
591 371
591 372
591 459
591 460
591 461
591 462
591 552
591 568
591 569
591 570
591 571
591 588
591 589
591 590
591 592
591 593
591 594
591 616
591 620
592 368
592 369
592 370
592 371
592 372
592 373
592 375
592 376
592 461
592 569
592 570
592 589
592 590
592 591
592 593
592 594
592 595
592 616
592 617
592 619
592 620
592 621
592 622
592 623
592 624
593 368
593 369
593 371
593 372
593 373
593 374
593 375
593 376
593 379
593 461
593 462
593 463
593 568
593 569
593 590
593 591
593 592
593 594
593 595
593 596
593 616
593 617
593 620
593 621
593 624
593 640
593 643
593 644
594 372
594 376
594 463
594 591
594 592
594 593
594 595
594 596
594 597
594 613
594 616
594 617
594 620
594 621
594 640
594 643
594 644
595 462
595 463
595 464
595 465
595 478
595 479
595 482
595 567
595 568
595 592
595 593
595 594
595 596
595 597
595 598
595 599
595 600
595 613
595 616
595 617
595 643
595 644
596 463
596 464
596 465
596 466
596 467
596 478
596 479
596 567
596 593
596 594
596 595
596 597
596 598
596 599
596 600
596 643
596 644
597 465
597 466
597 475
597 479
597 594
597 595
597 596
597 598
597 599
597 600
597 601
597 602
597 643
597 644
597 645
597 647
598 465
598 466
598 467
598 468
598 469
598 470
598 475
598 595
598 596
598 597
598 599
598 600
598 601
598 643
599 445
599 464
599 465
599 466
599 467
599 469
599 470
599 471
599 472
599 473
599 474
599 475
599 476
599 477
599 478
599 479
599 482
599 595
599 596
599 597
599 598
599 600
599 601
599 602
600 470
600 474
600 475
600 476
600 477
600 478
600 479
600 480
600 482
600 595
600 596
600 597
600 598
600 599
600 601
600 602
600 603
600 604
600 605
600 647
601 472
601 474
601 475
601 476
601 477
601 478
601 479
601 480
601 597
601 598
601 599
601 600
601 602
601 603
601 604
601 605
601 649
602 475
602 476
602 479
602 597
602 599
602 600
602 601
602 603
602 604
602 605
602 606
602 607
602 609
602 610
602 647
602 648
602 649
602 650
603 476
603 479
603 600
603 601
603 602
603 604
603 605
603 606
603 607
603 610
603 649
603 650
603 651
603 652
604 475
604 476
604 479
604 480
604 483
604 509
604 600
604 601
604 602
604 603
604 605
604 606
604 607
604 609
604 610
604 649
605 479
605 480
605 482
605 483
605 600
605 601
605 602
605 603
605 604
605 606
605 607
605 608
605 609
605 610
605 611
605 613
605 649
606 483
606 602
606 603
606 604
606 605
606 607
606 608
606 609
606 610
606 611
606 612
606 649
607 602
607 603
607 604
607 605
607 606
607 608
607 609
607 610
607 611
607 612
607 613
607 648
607 649
608 486
608 487
608 490
608 605
608 606
608 607
608 609
608 610
608 611
608 612
608 613
608 614
609 482
609 483
609 486
609 487
609 490
609 602
609 604
609 605
609 606
609 607
609 608
609 610
609 611
609 612
609 613
609 614
609 615
610 483
610 486
610 602
610 603
610 604
610 605
610 606
610 607
610 608
610 609
610 611
610 612
610 613
610 614
610 615
610 616
610 646
610 647
610 648
610 649
611 605
611 606
611 607
611 608
611 609
611 610
611 612
611 613
611 614
611 615
611 616
611 617
611 646
611 647
611 648
612 486
612 487
612 489
612 490
612 606
612 607
612 608
612 609
612 610
612 611
612 613
612 614
612 615
612 616
612 617
612 618
613 482
613 483
613 486
613 594
613 595
613 605
613 607
613 608
613 609
613 610
613 611
613 612
613 614
613 615
613 616
613 617
613 618
613 619
613 644
613 646
613 647
614 608
614 609
614 610
614 611
614 612
614 613
614 615
614 616
614 617
614 618
614 619
614 620
614 644
614 645
614 646
614 647
614 648
615 609
615 610
615 611
615 612
615 613
615 614
615 616
615 617
615 618
615 619
615 620
615 621
615 644
615 646
616 486
616 589
616 591
616 592
616 593
616 594
616 595
616 610
616 611
616 612
616 613
616 614
616 615
616 617
616 618
616 619
616 620
616 621
616 622
616 644
616 646
617 592
617 593
617 594
617 595
617 611
617 612
617 613
617 614
617 615
617 616
617 618
617 619
617 620
617 621
617 622
617 623
617 640
617 641
617 643
617 644
617 645
617 646
617 647
618 612
618 613
618 614
618 615
618 616
618 617
618 619
618 620
618 621
618 622
618 623
618 625
618 641
618 644
618 645
618 646
619 589
619 590
619 592
619 613
619 614
619 615
619 616
619 617
619 618
619 620
619 621
619 622
619 623
619 624
619 625
619 644
620 369
620 372
620 590
620 591
620 592
620 593
620 594
620 614
620 615
620 616
620 617
620 618
620 619
620 621
620 622
620 623
620 624
620 625
620 626
620 640
620 641
620 644
621 592
621 593
621 594
621 615
621 616
621 617
621 618
621 619
621 620
621 622
621 623
621 624
621 625
621 626
621 627
621 628
621 637
621 640
621 641
621 644
621 645
622 592
622 616
622 617
622 618
622 619
622 620
622 621
622 623
622 624
622 625
622 626
622 627
623 366
623 368
623 369
623 370
623 372
623 590
623 592
623 617
623 618
623 619
623 620
623 621
623 622
623 624
623 625
623 626
623 627
623 628
624 368
624 369
624 370
624 371
624 372
624 373
624 376
624 592
624 593
624 619
624 620
624 621
624 622
624 623
624 625
624 626
624 627
624 628
624 629
624 637
624 640
625 369
625 373
625 618
625 619
625 620
625 621
625 622
625 623
625 624
625 626
625 627
625 628
625 629
625 630
625 633
625 634
625 636
625 637
625 638
625 640
625 641
626 620
626 621
626 622
626 623
626 624
626 625
626 627
626 628
626 629
626 630
626 631
626 632
626 637
627 369
627 370
627 372
627 373
627 621
627 622
627 623
627 624
627 625
627 626
627 628
627 629
627 630
627 631
627 632
627 633
627 637
628 370
628 372
628 373
628 374
628 376
628 377
628 621
628 623
628 624
628 625
628 626
628 627
628 629
628 630
628 631
628 632
628 633
628 634
628 635
628 636
628 637
628 638
628 640
629 624
629 625
629 626
629 627
629 628
629 630
629 631
629 632
629 633
629 634
629 635
629 636
629 637
629 638
630 625
630 626
630 627
630 628
630 629
630 631
630 632
630 633
630 634
631 373
631 626
631 627
631 628
631 629
631 630
631 632
631 633
631 634
632 626
632 627
632 628
632 629
632 630
632 631
632 633
632 634
632 635
632 636
632 637
633 373
633 377
633 625
633 627
633 628
633 629
633 630
633 631
633 632
633 634
633 635
633 636
633 637
633 638
634 625
634 628
634 629
634 630
634 631
634 632
634 633
634 635
634 636
634 637
634 638
634 639
634 640
635 377
635 380
635 628
635 629
635 632
635 633
635 634
635 636
635 637
635 638
635 639
635 640
635 641
636 373
636 376
636 377
636 378
636 379
636 380
636 381
636 625
636 628
636 629
636 632
636 633
636 634
636 635
636 637
636 638
636 639
636 640
636 641
636 642
637 373
637 376
637 377
637 380
637 621
637 624
637 625
637 626
637 627
637 628
637 629
637 632
637 633
637 634
637 635
637 636
637 638
637 639
637 640
637 641
637 642
637 643
638 625
638 628
638 629
638 633
638 634
638 635
638 636
638 637
638 639
638 640
638 641
638 642
638 643
638 644
639 376
639 377
639 379
639 380
639 634
639 635
639 636
639 637
639 638
639 640
639 641
639 642
639 643
639 644
640 373
640 376
640 377
640 380
640 593
640 594
640 617
640 620
640 621
640 624
640 625
640 628
640 634
640 635
640 636
640 637
640 638
640 639
640 641
640 642
640 643
640 644
640 645
641 617
641 618
641 620
641 621
641 625
641 635
641 636
641 637
641 638
641 639
641 640
641 642
641 643
641 644
641 645
641 646
642 636
642 637
642 638
642 639
642 640
642 641
642 643
642 644
642 645
642 646
643 593
643 594
643 595
643 596
643 597
643 598
643 617
643 637
643 638
643 639
643 640
643 641
643 642
643 644
643 645
643 646
643 647
644 593
644 594
644 595
644 596
644 597
644 613
644 614
644 615
644 616
644 617
644 618
644 619
644 620
644 621
644 638
644 639
644 640
644 641
644 642
644 643
644 645
644 646
644 647
645 597
645 614
645 617
645 618
645 621
645 640
645 641
645 642
645 643
645 644
645 646
645 647
645 648
646 610
646 611
646 613
646 614
646 615
646 616
646 617
646 618
646 641
646 642
646 643
646 644
646 645
646 647
646 648
646 649
647 597
647 600
647 602
647 610
647 611
647 613
647 614
647 617
647 643
647 644
647 645
647 646
647 648
647 649
647 650
648 602
648 607
648 610
648 611
648 614
648 645
648 646
648 647
648 649
648 650
648 651
649 601
649 602
649 603
649 604
649 605
649 606
649 607
649 610
649 646
649 647
649 648
649 650
649 651
649 652
650 602
650 603
650 647
650 648
650 649
650 651
650 652
650 653
651 603
651 648
651 649
651 650
651 652
651 653
651 654
652 603
652 649
652 650
652 651
652 653
652 654
652 655
653 650
653 651
653 652
653 654
653 655
653 656
654 651
654 652
654 653
654 655
654 656
654 657
655 652
655 653
655 654
655 656
655 657
655 658
655 659
655 660
656 653
656 654
656 655
656 657
656 658
656 659
656 660
656 661
657 654
657 655
657 656
657 658
657 659
657 660
657 661
657 662
658 655
658 656
658 657
658 659
658 660
658 661
658 662
658 663
659 655
659 656
659 657
659 658
659 660
659 661
659 662
659 663
660 655
660 656
660 657
660 658
660 659
660 661
660 662
660 663
660 664
661 656
661 657
661 658
661 659
661 660
661 662
661 663
661 664
661 665
662 657
662 658
662 659
662 660
662 661
662 663
662 664
662 665
662 666
663 658
663 659
663 660
663 661
663 662
663 664
663 665
663 666
663 667
664 660
664 661
664 662
664 663
664 665
664 666
664 667
664 668
665 661
665 662
665 663
665 664
665 666
665 667
665 668
665 669
666 662
666 663
666 664
666 665
666 667
666 668
666 669
666 670
667 663
667 664
667 665
667 666
667 668
667 669
667 670
668 664
668 665
668 666
668 667
668 669
668 670
668 671
669 665
669 666
669 667
669 668
669 670
669 671
669 672
670 666
670 667
670 668
670 669
670 671
670 672
670 673
671 668
671 669
671 670
671 672
671 673
672 669
672 670
672 671
672 673
673 670
673 671
673 672
