0 1
0 2
0 3
1 0
1 2
1 3
2 0
2 1
2 3
2 4
2 5
3 0
3 1
3 2
3 4
3 5
3 6
4 2
4 3
4 5
4 6
4 7
5 2
5 3
5 4
5 6
5 7
5 8
6 3
6 4
6 5
6 7
6 8
6 9
7 4
7 5
7 6
7 8
7 9
7 10
8 5
8 6
8 7
8 9
8 10
8 11
9 6
9 7
9 8
9 10
9 11
9 12
10 7
10 8
10 9
10 11
10 12
10 13
11 8
11 9
11 10
11 12
11 13
11 14
12 9
12 10
12 11
12 13
12 14
12 15
13 10
13 11
13 12
13 14
13 15
13 16
14 11
14 12
14 13
14 15
14 16
14 17
15 12
15 13
15 14
15 16
15 17
15 18
16 13
16 14
16 15
16 17
16 18
16 19
17 14
17 15
17 16
17 18
17 19
17 20
18 15
18 16
18 17
18 19
18 20
18 21
19 16
19 17
19 18
19 20
19 21
19 22
20 17
20 18
20 19
20 21
20 22
20 23
21 18
21 19
21 20
21 22
21 23
21 24
22 19
22 20
22 21
22 23
22 24
22 25
23 20
23 21
23 22
23 24
23 25
23 26
24 21
24 22
24 23
24 25
24 26
24 27
25 22
25 23
25 24
25 26
25 27
25 28
26 23
26 24
26 25
26 27
26 28
26 29
27 24
27 25
27 26
27 28
27 29
27 30
27 31
27 32
28 25
28 26
28 27
28 29
28 30
28 31
28 32
29 26
29 27
29 28
29 30
29 31
29 32
30 27
30 28
30 29
30 31
30 32
30 33
30 52
30 53
31 27
31 28
31 29
31 30
31 32
31 33
31 34
31 51
31 52
31 53
31 90
32 27
32 28
32 29
32 30
32 31
32 33
32 34
32 35
32 50
32 51
32 52
32 53
33 30
33 31
33 32
33 34
33 35
33 36
33 49
33 50
33 51
33 52
33 53
33 56
33 57
34 31
34 32
34 33
34 35
34 36
34 49
34 50
34 51
34 52
34 53
34 57
34 90
34 93
34 94
34 95
34 96
35 32
35 33
35 34
35 36
35 37
35 38
35 48
35 49
35 50
35 51
35 52
35 57
35 93
35 94
35 95
35 96
35 97
36 33
36 34
36 35
36 37
36 38
36 47
36 48
36 49
36 50
36 51
36 57
36 61
36 92
36 93
36 94
36 95
36 96
36 97
36 98
37 35
37 36
37 38
37 39
37 46
37 47
37 48
37 49
37 50
37 61
37 77
37 94
37 95
37 96
37 97
37 98
37 99
38 35
38 36
38 37
38 39
38 40
38 41
38 43
38 45
38 46
38 47
38 48
38 49
38 57
38 58
38 60
38 61
38 64
38 65
38 74
38 75
38 76
38 77
38 95
38 96
38 97
38 98
38 99
38 100
39 37
39 38
39 40
39 41
39 42
39 43
39 44
39 45
39 46
39 47
39 48
39 61
39 64
39 65
39 74
39 75
39 76
39 77
39 97
39 98
39 99
39 100
39 101
40 38
40 39
40 41
40 42
40 43
40 44
40 45
40 46
40 47
40 61
40 65
40 67
40 77
40 98
40 99
40 100
40 101
40 102
41 38
41 39
41 40
41 42
41 43
41 44
41 45
41 75
41 77
41 98
41 99
41 100
41 101
41 102
41 105
41 106
41 107
41 108
42 39
42 40
42 41
42 43
42 44
42 45
42 99
42 100
42 101
42 107
42 108
42 110
42 113
42 115
42 116
42 117
43 38
43 39
43 40
43 41
43 42
43 44
43 45
43 46
43 77
43 99
43 100
43 110
43 113
43 115
43 116
43 117
44 39
44 40
44 41
44 42
44 43
44 45
44 46
44 116
44 117
44 118
45 38
45 39
45 40
45 41
45 42
45 43
45 44
45 46
45 47
45 64
45 65
46 37
46 38
46 39
46 40
46 43
46 44
46 45
46 47
46 48
46 49
46 64
46 65
46 97
46 98
46 99
47 36
47 37
47 38
47 39
47 40
47 45
47 46
47 48
47 49
47 61
47 64
47 65
47 97
47 98
48 35
48 36
48 37
48 38
48 39
48 46
48 47
48 49
48 50
48 51
48 60
48 61
48 64
48 95
48 97
49 33
49 34
49 35
49 36
49 37
49 38
49 46
49 47
49 48
49 50
49 51
49 56
49 57
49 58
49 60
49 61
49 64
49 95
50 32
50 33
50 34
50 35
50 36
50 37
50 48
50 49
50 51
50 52
50 53
50 56
50 57
50 60
50 61
50 95
51 31
51 32
51 33
51 34
51 35
51 36
51 48
51 49
51 50
51 52
51 53
51 54
51 55
51 56
51 57
51 58
51 59
51 60
51 61
52 30
52 31
52 32
52 33
52 34
52 35
52 50
52 51
52 53
52 54
52 55
52 56
52 57
52 89
52 90
53 30
53 31
53 32
53 33
53 34
53 50
53 51
53 52
53 54
53 55
53 56
53 57
53 58
53 86
53 87
53 89
53 90
54 51
54 52
54 53
54 55
54 56
54 57
54 58
54 59
54 60
54 74
54 83
54 84
54 85
54 86
54 87
54 88
54 89
54 90
55 51
55 52
55 53
55 54
55 56
55 57
55 58
55 59
55 60
55 61
55 84
55 86
56 33
56 49
56 50
56 51
56 52
56 53
56 54
56 55
56 57
56 58
56 59
56 60
56 61
57 33
57 34
57 35
57 36
57 38
57 49
57 50
57 51
57 52
57 53
57 54
57 55
57 56
57 58
57 59
57 60
57 61
57 62
57 63
57 74
57 89
57 98
58 38
58 49
58 51
58 53
58 54
58 55
58 56
58 57
58 59
58 60
58 61
58 62
58 63
58 64
58 72
58 73
58 74
58 100
59 51
59 54
59 55
59 56
59 57
59 58
59 60
59 61
59 62
59 63
59 64
59 70
60 38
60 48
60 49
60 50
60 51
60 54
60 55
60 56
60 57
60 58
60 59
60 61
60 62
60 63
60 64
60 65
60 66
61 36
61 37
61 38
61 39
61 40
61 47
61 48
61 49
61 50
61 51
61 55
61 56
61 57
61 58
61 59
61 60
61 62
61 63
61 64
61 65
61 66
61 67
61 74
61 98
61 99
61 100
62 57
62 58
62 59
62 60
62 61
62 63
62 64
62 65
62 66
62 67
62 68
62 69
62 70
62 72
62 100
63 57
63 58
63 59
63 60
63 61
63 62
63 64
63 65
63 66
63 67
63 68
64 38
64 39
64 45
64 46
64 47
64 48
64 49
64 58
64 59
64 60
64 61
64 62
64 63
64 65
64 66
64 67
65 38
65 39
65 40
65 45
65 46
65 47
65 60
65 61
65 62
65 63
65 64
65 66
65 67
65 68
65 100
66 60
66 61
66 62
66 63
66 64
66 65
66 67
66 68
66 69
67 40
67 61
67 62
67 63
67 64
67 65
67 66
67 68
67 69
67 70
67 71
67 72
67 100
67 102
68 62
68 63
68 65
68 66
68 67
68 69
68 70
68 71
68 72
69 62
69 66
69 67
69 68
69 70
69 71
69 72
69 102
69 103
70 59
70 62
70 67
70 68
70 69
70 71
70 72
70 73
70 102
70 103
71 67
71 68
71 69
71 70
71 72
71 73
71 101
71 102
71 103
71 104
72 58
72 62
72 67
72 68
72 69
72 70
72 71
72 73
72 74
72 75
72 100
72 101
72 102
72 103
72 104
72 105
73 58
73 70
73 71
73 72
73 74
73 75
73 82
73 83
73 84
73 99
73 100
73 101
73 102
73 103
73 105
73 106
73 107
74 38
74 39
74 54
74 57
74 58
74 61
74 72
74 73
74 75
74 76
74 77
74 80
74 81
74 82
74 83
74 84
74 98
74 99
74 100
74 101
74 102
74 107
75 38
75 39
75 41
75 72
75 73
75 74
75 76
75 77
75 78
75 79
75 80
75 81
75 82
75 83
75 84
75 97
75 98
75 99
75 100
75 101
75 106
75 107
76 38
76 39
76 74
76 75
76 77
76 78
76 79
76 80
76 81
76 82
76 83
76 92
76 96
76 97
76 98
76 99
76 100
76 107
77 37
77 38
77 39
77 40
77 41
77 43
77 74
77 75
77 76
77 78
77 79
77 80
77 81
77 82
77 96
77 97
77 98
77 99
77 100
77 107
77 108
77 109
77 110
78 75
78 76
78 77
78 79
78 80
78 81
78 96
78 97
78 98
78 99
78 107
78 108
78 109
78 110
79 75
79 76
79 77
79 78
79 80
79 81
79 82
79 107
79 108
79 109
80 74
80 75
80 76
80 77
80 78
80 79
80 81
80 82
80 83
80 98
80 99
80 106
80 107
80 108
80 109
81 74
81 75
81 76
81 77
81 78
81 79
81 80
81 82
81 83
81 84
81 98
81 107
82 73
82 74
82 75
82 76
82 77
82 79
82 80
82 81
82 83
82 84
82 85
82 88
82 98
82 99
82 100
82 107
83 54
83 73
83 74
83 75
83 76
83 80
83 81
83 82
83 84
83 85
83 86
83 87
83 88
83 89
83 98
84 54
84 55
84 73
84 74
84 75
84 81
84 82
84 83
84 85
84 86
84 87
84 88
84 89
85 54
85 82
85 83
85 84
85 86
85 87
85 88
85 89
85 90
86 53
86 54
86 55
86 83
86 84
86 85
86 87
86 88
86 89
86 90
86 91
87 53
87 54
87 83
87 84
87 85
87 86
87 88
87 89
87 90
87 91
87 92
88 54
88 82
88 83
88 84
88 85
88 86
88 87
88 89
88 90
88 91
88 92
89 52
89 53
89 54
89 57
89 83
89 84
89 85
89 86
89 87
89 88
89 90
89 91
89 92
89 93
89 96
90 31
90 34
90 52
90 53
90 54
90 85
90 86
90 87
90 88
90 89
90 91
90 92
90 93
90 94
91 86
91 87
91 88
91 89
91 90
91 92
91 93
91 94
92 36
92 76
92 87
92 88
92 89
92 90
92 91
92 93
92 94
92 95
92 96
92 97
93 34
93 35
93 36
93 89
93 90
93 91
93 92
93 94
93 95
93 96
93 97
94 34
94 35
94 36
94 37
94 90
94 91
94 92
94 93
94 95
94 96
94 97
95 34
95 35
95 36
95 37
95 38
95 48
95 49
95 50
95 92
95 93
95 94
95 96
95 97
95 98
96 34
96 35
96 36
96 37
96 38
96 76
96 77
96 78
96 89
96 92
96 93
96 94
96 95
96 97
96 98
97 35
97 36
97 37
97 38
97 39
97 46
97 47
97 48
97 75
97 76
97 77
97 78
97 92
97 93
97 94
97 95
97 96
97 98
97 99
98 36
98 37
98 38
98 39
98 40
98 41
98 46
98 47
98 57
98 61
98 74
98 75
98 76
98 77
98 78
98 80
98 81
98 82
98 83
98 95
98 96
98 97
98 99
98 100
98 101
99 37
99 38
99 39
99 40
99 41
99 42
99 43
99 46
99 61
99 73
99 74
99 75
99 76
99 77
99 78
99 80
99 82
99 97
99 98
99 100
99 101
99 107
100 38
100 39
100 40
100 41
100 42
100 43
100 58
100 61
100 62
100 65
100 67
100 72
100 73
100 74
100 75
100 76
100 77
100 82
100 98
100 99
100 101
100 102
100 105
100 106
100 107
101 39
101 40
101 41
101 42
101 71
101 72
101 73
101 74
101 75
101 98
101 99
101 100
101 102
101 103
101 104
101 105
101 106
101 107
102 40
102 41
102 67
102 69
102 70
102 71
102 72
102 73
102 74
102 100
102 101
102 103
102 104
102 105
102 106
103 69
103 70
103 71
103 72
103 73
103 101
103 102
103 104
103 105
103 106
104 71
104 72
104 101
104 102
104 103
104 105
104 106
105 41
105 72
105 73
105 100
105 101
105 102
105 103
105 104
105 106
105 107
105 108
106 41
106 73
106 75
106 80
106 100
106 101
106 102
106 103
106 104
106 105
106 107
106 108
106 109
107 41
107 42
107 73
107 74
107 75
107 76
107 77
107 78
107 79
107 80
107 81
107 82
107 99
107 100
107 101
107 105
107 106
107 108
107 109
107 110
108 41
108 42
108 77
108 78
108 79
108 80
108 105
108 106
108 107
108 109
108 110
108 111
108 112
108 113
109 77
109 78
109 79
109 80
109 106
109 107
109 108
109 110
109 111
109 112
109 113
109 114
109 115
110 42
110 43
110 77
110 78
110 107
110 108
110 109
110 111
110 112
110 113
110 114
110 115
110 116
110 117
111 108
111 109
111 110
111 112
111 113
111 114
111 115
112 108
112 109
112 110
112 111
112 113
112 114
112 115
113 42
113 43
113 108
113 109
113 110
113 111
113 112
113 114
113 115
113 116
113 117
114 109
114 110
114 111
114 112
114 113
114 115
114 116
114 117
114 118
114 119
115 42
115 43
115 109
115 110
115 111
115 112
115 113
115 114
115 116
115 117
115 118
115 119
116 42
116 43
116 44
116 110
116 113
116 114
116 115
116 117
116 118
116 119
116 120
116 121
117 42
117 43
117 44
117 110
117 113
117 114
117 115
117 116
117 118
117 119
117 120
117 121
118 44
118 114
118 115
118 116
118 117
118 119
118 120
118 121
118 122
119 114
119 115
119 116
119 117
119 118
119 120
119 121
119 122
120 116
120 117
120 118
120 119
120 121
120 122
120 123
120 124
120 125
120 152
121 116
121 117
121 118
121 119
121 120
121 122
121 123
121 124
121 125
122 118
122 119
122 120
122 121
122 123
122 124
122 125
122 151
123 120
123 121
123 122
123 124
123 125
123 126
123 151
124 120
124 121
124 122
124 123
124 125
124 126
124 127
124 149
124 150
124 151
124 152
125 120
125 121
125 122
125 123
125 124
125 126
125 127
125 128
125 148
125 149
125 150
125 151
125 152
126 123
126 124
126 125
126 127
126 128
126 129
126 147
126 148
126 149
126 150
126 151
126 152
126 154
126 155
127 124
127 125
127 126
127 128
127 129
127 130
127 147
127 148
127 149
127 150
127 151
127 152
127 155
128 125
128 126
128 127
128 129
128 130
128 131
128 146
128 147
128 148
128 149
128 150
128 155
128 156
128 157
129 126
129 127
129 128
129 130
129 131
129 132
129 144
129 145
129 146
129 147
129 148
129 149
129 157
130 127
130 128
130 129
130 131
130 132
130 133
130 144
130 145
130 146
130 147
130 148
130 157
130 158
130 159
131 128
131 129
131 130
131 132
131 133
131 143
131 144
131 145
131 146
131 147
131 159
132 129
132 130
132 131
132 133
132 134
132 141
132 142
132 143
132 144
132 145
132 146
132 159
132 160
133 130
133 131
133 132
133 134
133 135
133 136
133 141
133 142
133 143
133 144
133 145
133 159
133 161
134 132
134 133
134 135
134 136
134 137
134 138
134 139
134 140
134 141
134 142
134 143
134 144
134 161
134 162
135 133
135 134
135 136
135 137
135 138
135 139
135 141
135 142
135 143
135 161
135 163
136 133
136 134
136 135
136 137
136 138
136 139
136 140
136 141
136 142
136 143
137 134
137 135
137 136
137 138
137 139
137 140
137 141
137 142
138 134
138 135
138 136
138 137
138 139
138 140
138 141
138 142
139 134
139 135
139 136
139 137
139 138
139 140
139 141
139 142
139 143
139 162
139 163
139 166
140 134
140 136
140 137
140 138
140 139
140 141
140 142
140 143
140 162
140 163
140 165
140 166
141 132
141 133
141 134
141 135
141 136
141 137
141 138
141 139
141 140
141 142
141 143
141 144
141 161
141 162
141 163
141 164
141 165
141 166
142 132
142 133
142 134
142 135
142 136
142 137
142 138
142 139
142 140
142 141
142 143
142 144
142 145
142 160
142 161
142 162
142 163
142 165
143 131
143 132
143 133
143 134
143 135
143 136
143 139
143 140
143 141
143 142
143 144
143 145
143 146
143 159
143 160
143 161
143 162
143 163
143 165
144 129
144 130
144 131
144 132
144 133
144 134
144 141
144 142
144 143
144 145
144 146
144 147
144 158
144 159
144 160
144 161
144 162
145 129
145 130
145 131
145 132
145 133
145 142
145 143
145 144
145 146
145 147
145 148
145 157
145 158
145 159
145 160
145 161
146 128
146 129
146 130
146 131
146 132
146 143
146 144
146 145
146 147
146 148
146 149
146 156
146 157
146 158
146 159
146 160
147 126
147 127
147 128
147 129
147 130
147 131
147 144
147 145
147 146
147 148
147 149
147 150
147 155
147 156
147 157
147 158
147 159
148 125
148 126
148 127
148 128
148 129
148 130
148 145
148 146
148 147
148 149
148 150
148 152
148 154
148 155
148 156
148 157
148 158
149 124
149 125
149 126
149 127
149 128
149 129
149 146
149 147
149 148
149 150
149 151
149 152
149 153
149 154
149 155
149 156
149 157
150 124
150 125
150 126
150 127
150 128
150 147
150 148
150 149
150 151
150 152
150 153
150 154
150 155
150 156
151 122
151 123
151 124
151 125
151 126
151 127
151 149
151 150
151 152
151 153
151 154
151 155
152 120
152 124
152 125
152 126
152 127
152 148
152 149
152 150
152 151
152 153
152 154
152 155
153 149
153 150
153 151
153 152
153 154
153 155
153 156
154 126
154 148
154 149
154 150
154 151
154 152
154 153
154 155
154 156
154 157
155 126
155 127
155 128
155 147
155 148
155 149
155 150
155 151
155 152
155 153
155 154
155 156
155 157
155 158
156 128
156 146
156 147
156 148
156 149
156 150
156 153
156 154
156 155
156 157
156 158
157 128
157 129
157 130
157 145
157 146
157 147
157 148
157 149
157 154
157 155
157 156
157 158
157 159
157 160
158 130
158 144
158 145
158 146
158 147
158 148
158 155
158 156
158 157
158 159
158 160
158 161
159 130
159 131
159 132
159 133
159 143
159 144
159 145
159 146
159 147
159 157
159 158
159 160
159 161
159 162
160 132
160 142
160 143
160 144
160 145
160 146
160 157
160 158
160 159
160 161
160 162
160 163
161 133
161 134
161 135
161 141
161 142
161 143
161 144
161 145
161 158
161 159
161 160
161 162
161 163
161 164
161 165
162 134
162 139
162 140
162 141
162 142
162 143
162 144
162 159
162 160
162 161
162 163
162 164
162 165
162 166
162 167
162 168
163 135
163 139
163 140
163 141
163 142
163 143
163 160
163 161
163 162
163 164
163 165
163 166
163 167
164 141
164 161
164 162
164 163
164 165
164 166
164 167
164 168
164 169
165 140
165 141
165 142
165 143
165 161
165 162
165 163
165 164
165 166
165 167
165 168
165 169
165 170
165 171
166 139
166 140
166 141
166 162
166 163
166 164
166 165
166 167
166 168
166 169
166 170
166 171
166 172
167 162
167 163
167 164
167 165
167 166
167 168
167 169
167 170
167 171
167 172
167 173
168 162
168 164
168 165
168 166
168 167
168 169
168 170
168 171
168 172
168 173
168 174
169 164
169 165
169 166
169 167
169 168
169 170
169 171
169 172
169 173
169 174
169 175
170 165
170 166
170 167
170 168
170 169
170 171
170 172
170 173
170 174
170 175
170 176
171 165
171 166
171 167
171 168
171 169
171 170
171 172
171 173
171 174
171 175
171 176
171 177
172 166
172 167
172 168
172 169
172 170
172 171
172 173
172 174
172 175
172 176
172 177
172 178
173 167
173 168
173 169
173 170
173 171
173 172
173 174
173 175
173 176
173 177
173 178
173 179
174 168
174 169
174 170
174 171
174 172
174 173
174 175
174 176
174 177
174 178
174 179
174 180
175 169
175 170
175 171
175 172
175 173
175 174
175 176
175 177
175 178
175 179
175 180
175 181
176 170
176 171
176 172
176 173
176 174
176 175
176 177
176 178
176 179
176 180
176 181
176 182
177 171
177 172
177 173
177 174
177 175
177 176
177 178
177 179
177 180
177 181
177 182
177 183
178 172
178 173
178 174
178 175
178 176
178 177
178 179
178 180
178 181
178 182
178 183
178 184
179 173
179 174
179 175
179 176
179 177
179 178
179 180
179 181
179 182
179 183
179 184
179 185
180 174
180 175
180 176
180 177
180 178
180 179
180 181
180 182
180 183
180 184
180 185
180 186
181 175
181 176
181 177
181 178
181 179
181 180
181 182
181 183
181 184
181 185
181 186
181 187
182 176
182 177
182 178
182 179
182 180
182 181
182 183
182 184
182 185
182 186
182 187
182 188
183 177
183 178
183 179
183 180
183 181
183 182
183 184
183 185
183 186
183 187
183 188
183 189
184 178
184 179
184 180
184 181
184 182
184 183
184 185
184 186
184 187
184 188
184 189
184 190
185 179
185 180
185 181
185 182
185 183
185 184
185 186
185 187
185 188
185 189
185 190
185 191
186 180
186 181
186 182
186 183
186 184
186 185
186 187
186 188
186 189
186 190
186 191
186 192
187 181
187 182
187 183
187 184
187 185
187 186
187 188
187 189
187 190
187 191
187 192
187 193
188 182
188 183
188 184
188 185
188 186
188 187
188 189
188 190
188 191
188 192
188 193
188 194
189 183
189 184
189 185
189 186
189 187
189 188
189 190
189 191
189 192
189 193
189 194
189 195
190 184
190 185
190 186
190 187
190 188
190 189
190 191
190 192
190 193
190 194
190 195
191 185
191 186
191 187
191 188
191 189
191 190
191 192
191 193
191 194
191 195
191 196
191 197
192 186
192 187
192 188
192 189
192 190
192 191
192 193
192 194
192 195
192 196
192 197
192 198
193 187
193 188
193 189
193 190
193 191
193 192
193 194
193 195
193 196
193 197
193 198
194 188
194 189
194 190
194 191
194 192
194 193
194 195
194 196
194 197
194 198
194 199
195 189
195 190
195 191
195 192
195 193
195 194
195 196
195 197
195 198
195 199
195 200
195 201
196 191
196 192
196 193
196 194
196 195
196 197
196 198
196 199
196 200
196 201
196 202
197 191
197 192
197 193
197 194
197 195
197 196
197 198
197 199
197 200
197 201
197 202
198 192
198 193
198 194
198 195
198 196
198 197
198 199
198 200
198 201
198 202
198 203
199 194
199 195
199 196
199 197
199 198
199 200
199 201
199 202
199 203
199 204
200 195
200 196
200 197
200 198
200 199
200 201
200 202
200 203
200 204
201 195
201 196
201 197
201 198
201 199
201 200
201 202
201 203
201 204
201 205
202 196
202 197
202 198
202 199
202 200
202 201
202 203
202 204
202 205
202 206
203 198
203 199
203 200
203 201
203 202
203 204
203 205
203 206
204 199
204 200
204 201
204 202
204 203
204 205
204 206
204 207
205 201
205 202
205 203
205 204
205 206
205 207
205 208
206 202
206 203
206 204
206 205
206 207
206 208
206 209
207 204
207 205
207 206
207 208
207 209
207 210
208 205
208 206
208 207
208 209
208 210
208 211
209 206
209 207
209 208
209 210
209 211
209 212
210 207
210 208
210 209
210 211
210 212
210 213
211 208
211 209
211 210
211 212
211 213
211 214
212 209
212 210
212 211
212 213
212 214
212 215
213 210
213 211
213 212
213 214
213 215
214 211
214 212
214 213
214 215
214 216
214 217
215 212
215 213
215 214
215 216
215 217
216 214
216 215
216 217
216 218
217 214
217 215
217 216
217 218
218 216
218 217
