0 1
0 2
0 3
1 0
1 2
1 3
1 4
2 0
2 1
2 3
2 4
2 5
3 0
3 1
3 2
3 4
3 5
3 6
3 11
3 12
3 13
4 1
4 2
4 3
4 5
4 6
4 10
4 11
4 12
4 13
5 2
5 3
5 4
5 6
5 7
5 8
5 9
5 10
5 11
5 12
5 13
5 27
5 28
6 3
6 4
6 5
6 7
6 8
6 9
6 10
6 11
6 12
6 13
6 14
6 19
6 21
6 26
6 27
6 28
6 29
6 30
7 5
7 6
7 8
7 9
7 10
7 11
7 12
7 13
7 19
7 20
7 21
7 22
7 27
7 28
7 29
7 30
7 31
7 33
7 34
7 49
8 5
8 6
8 7
8 9
8 10
8 11
8 27
8 28
8 29
8 30
8 33
8 34
8 49
8 50
8 51
9 5
9 6
9 7
9 8
9 10
9 11
9 12
9 29
9 30
9 33
10 4
10 5
10 6
10 7
10 8
10 9
10 11
10 12
10 13
10 29
11 3
11 4
11 5
11 6
11 7
11 8
11 9
11 10
11 12
11 13
11 14
11 29
11 30
12 3
12 4
12 5
12 6
12 7
12 9
12 10
12 11
12 13
12 14
12 15
13 3
13 4
13 5
13 6
13 7
13 10
13 11
13 12
13 14
13 15
13 16
13 17
13 19
13 28
13 29
13 30
14 6
14 11
14 12
14 13
14 15
14 16
14 17
14 18
14 19
14 30
15 12
15 13
15 14
15 16
15 17
15 18
15 19
16 13
16 14
16 15
16 17
16 18
16 19
17 13
17 14
17 15
17 16
17 18
17 19
17 29
17 30
17 31
17 32
17 38
18 14
18 15
18 16
18 17
18 19
18 20
18 28
18 29
18 30
18 31
18 32
18 36
18 37
18 38
18 39
18 41
19 6
19 7
19 13
19 14
19 15
19 16
19 17
19 18
19 20
19 21
19 22
19 27
19 28
19 29
19 30
19 31
19 32
19 33
19 34
19 36
19 37
19 38
19 41
20 7
20 18
20 19
20 21
20 22
20 23
20 26
20 27
20 28
20 29
20 30
20 31
20 34
20 36
20 37
20 38
20 41
20 44
20 47
20 48
20 49
21 6
21 7
21 19
21 20
21 22
21 23
21 24
21 25
21 26
21 27
21 28
21 29
21 30
21 31
21 46
21 47
21 48
21 49
22 7
22 19
22 20
22 21
22 23
22 24
22 25
22 26
22 27
22 28
22 29
22 46
22 47
22 48
22 49
22 50
22 51
22 52
22 53
22 59
23 20
23 21
23 22
23 24
23 25
23 26
23 27
23 28
23 45
23 46
23 47
23 48
23 49
23 52
23 56
23 59
24 21
24 22
24 23
24 25
24 26
24 27
24 46
24 47
24 48
24 49
24 51
24 52
24 53
24 55
24 56
25 21
25 22
25 23
25 24
25 26
25 27
25 28
25 48
25 49
25 51
25 52
26 6
26 20
26 21
26 22
26 23
26 24
26 25
26 27
26 28
26 29
26 47
26 48
26 49
27 5
27 6
27 7
27 8
27 19
27 20
27 21
27 22
27 23
27 24
27 25
27 26
27 28
27 29
27 49
28 5
28 6
28 7
28 8
28 13
28 18
28 19
28 20
28 21
28 22
28 23
28 25
28 26
28 27
28 29
28 30
28 31
28 49
29 6
29 7
29 8
29 9
29 10
29 11
29 13
29 17
29 18
29 19
29 20
29 21
29 22
29 26
29 27
29 28
29 30
29 31
29 32
29 33
29 34
29 35
29 36
29 49
30 6
30 7
30 8
30 9
30 11
30 13
30 14
30 17
30 18
30 19
30 20
30 21
30 28
30 29
30 31
30 32
30 33
30 34
30 35
30 36
30 37
30 38
31 7
31 17
31 18
31 19
31 20
31 21
31 28
31 29
31 30
31 32
31 33
31 34
31 35
31 36
31 37
31 38
31 40
31 41
32 17
32 18
32 19
32 29
32 30
32 31
32 33
32 34
32 35
32 36
32 37
32 38
33 7
33 8
33 9
33 19
33 29
33 30
33 31
33 32
33 34
33 35
33 36
33 49
34 7
34 8
34 19
34 20
34 29
34 30
34 31
34 32
34 33
34 35
34 36
34 37
34 48
34 49
34 50
35 29
35 30
35 31
35 32
35 33
35 34
35 36
35 37
35 38
35 49
35 50
36 18
36 19
36 20
36 29
36 30
36 31
36 32
36 33
36 34
36 35
36 37
36 38
36 39
36 40
36 41
36 44
36 47
36 49
37 18
37 19
37 20
37 30
37 31
37 32
37 34
37 35
37 36
37 38
37 39
37 40
37 41
37 42
37 169
38 17
38 18
38 19
38 20
38 30
38 31
38 32
38 35
38 36
38 37
38 39
38 40
38 41
38 42
38 43
39 18
39 36
39 37
39 38
39 40
39 41
39 42
39 43
40 31
40 36
40 37
40 38
40 39
40 41
40 42
40 43
40 44
40 61
41 18
41 19
41 20
41 31
41 36
41 37
41 38
41 39
41 40
41 42
41 43
41 44
41 45
41 46
41 47
41 61
42 37
42 38
42 39
42 40
42 41
42 43
42 44
42 45
42 61
42 62
43 38
43 39
43 40
43 41
43 42
43 44
43 45
43 46
43 60
43 61
43 62
43 63
43 64
44 20
44 36
44 40
44 41
44 42
44 43
44 45
44 46
44 47
44 48
44 59
44 60
44 61
44 62
44 63
45 23
45 41
45 42
45 43
45 44
45 46
45 47
45 59
45 60
45 61
45 62
45 63
46 21
46 22
46 23
46 24
46 41
46 43
46 44
46 45
46 47
46 48
46 58
46 59
46 60
46 61
46 62
47 20
47 21
47 22
47 23
47 24
47 26
47 36
47 41
47 44
47 45
47 46
47 48
47 49
47 50
47 52
47 53
47 56
47 57
47 58
47 59
47 60
47 61
48 20
48 21
48 22
48 23
48 24
48 25
48 26
48 34
48 44
48 46
48 47
48 49
48 50
48 51
48 52
48 53
48 54
48 55
48 56
48 57
48 58
48 59
48 60
49 7
49 8
49 20
49 21
49 22
49 23
49 24
49 25
49 26
49 27
49 28
49 29
49 33
49 34
49 35
49 36
49 47
49 48
49 50
49 51
49 52
49 53
49 54
49 56
49 57
49 58
49 59
50 8
50 22
50 34
50 35
50 47
50 48
50 49
50 51
50 52
50 53
50 54
50 55
50 57
50 58
50 59
51 8
51 22
51 24
51 25
51 48
51 49
51 50
51 52
51 53
51 54
51 55
51 56
51 57
52 22
52 23
52 24
52 25
52 47
52 48
52 49
52 50
52 51
52 53
52 54
52 55
52 56
52 57
52 58
52 59
53 22
53 24
53 47
53 48
53 49
53 50
53 51
53 52
53 54
53 55
53 56
53 57
53 58
53 59
54 48
54 49
54 50
54 51
54 52
54 53
54 55
54 56
54 57
54 58
55 24
55 48
55 50
55 51
55 52
55 53
55 54
55 56
55 57
55 58
56 23
56 24
56 47
56 48
56 49
56 51
56 52
56 53
56 54
56 55
56 57
56 58
56 59
57 47
57 48
57 49
57 50
57 51
57 52
57 53
57 54
57 55
57 56
57 58
57 59
57 60
58 46
58 47
58 48
58 49
58 50
58 52
58 53
58 54
58 55
58 56
58 57
58 59
58 60
58 61
59 22
59 23
59 44
59 45
59 46
59 47
59 48
59 49
59 50
59 52
59 53
59 56
59 57
59 58
59 60
59 61
59 62
60 43
60 44
60 45
60 46
60 47
60 48
60 57
60 58
60 59
60 61
60 62
60 63
61 40
61 41
61 42
61 43
61 44
61 45
61 46
61 47
61 58
61 59
61 60
61 62
61 63
61 64
62 42
62 43
62 44
62 45
62 46
62 59
62 60
62 61
62 63
62 64
62 65
63 43
63 44
63 45
63 60
63 61
63 62
63 64
63 65
63 66
64 43
64 61
64 62
64 63
64 65
64 66
64 67
65 62
65 63
65 64
65 66
65 67
65 68
66 63
66 64
66 65
66 67
66 68
66 69
66 70
66 77
67 64
67 65
67 66
67 68
67 69
67 70
68 65
68 66
68 67
68 69
68 70
68 71
68 74
68 77
69 66
69 67
69 68
69 70
69 71
69 72
69 74
69 922
70 66
70 67
70 68
70 69
70 71
70 72
70 73
70 74
70 75
70 76
71 68
71 69
71 70
71 72
71 73
71 74
71 923
72 69
72 70
72 71
72 73
72 74
72 75
73 70
73 71
73 72
73 74
73 75
73 76
74 68
74 69
74 70
74 71
74 72
74 73
74 75
74 76
74 77
75 70
75 72
75 73
75 74
75 76
75 77
75 78
76 70
76 73
76 74
76 75
76 77
76 78
76 79
77 66
77 68
77 74
77 75
77 76
77 78
77 79
77 80
78 75
78 76
78 77
78 79
78 80
78 81
79 76
79 77
79 78
79 80
79 81
79 82
79 291
80 77
80 78
80 79
80 81
80 82
80 83
80 88
80 288
80 290
80 291
80 292
81 78
81 79
81 80
81 82
81 83
81 84
81 85
81 86
81 87
81 88
81 91
81 290
81 291
81 292
81 293
82 79
82 80
82 81
82 83
82 84
82 85
82 86
82 87
82 88
82 89
82 164
82 165
82 166
82 288
82 289
82 290
82 291
82 292
82 293
83 80
83 81
83 82
83 84
83 85
83 86
83 87
83 88
83 89
83 92
83 163
83 164
83 165
83 166
83 244
83 245
83 246
83 289
83 290
83 291
83 292
83 293
83 294
84 81
84 82
84 83
84 85
84 86
84 87
84 88
84 89
84 90
84 92
84 162
84 163
84 164
84 165
84 166
84 188
84 242
84 243
84 244
84 245
84 246
84 290
84 291
84 323
85 81
85 82
85 83
85 84
85 86
85 87
85 88
85 89
85 90
85 91
85 163
85 164
85 165
85 166
85 188
85 242
85 243
85 244
85 290
86 81
86 82
86 83
86 84
86 85
86 87
86 88
86 89
86 90
86 91
86 92
86 163
86 164
86 188
86 242
86 243
87 81
87 82
87 83
87 84
87 85
87 86
87 88
87 89
87 90
87 91
87 92
87 164
88 80
88 81
88 82
88 83
88 84
88 85
88 86
88 87
88 89
88 90
88 91
88 92
88 93
88 94
88 164
88 244
88 291
88 293
89 82
89 83
89 84
89 85
89 86
89 87
89 88
89 90
89 91
89 92
89 93
89 94
89 95
89 164
89 242
89 243
89 244
89 323
89 324
89 325
90 84
90 85
90 86
90 87
90 88
90 89
90 91
90 92
90 93
90 94
90 95
90 242
91 81
91 85
91 86
91 87
91 88
91 89
91 90
91 92
91 93
91 94
91 95
91 96
92 83
92 84
92 86
92 87
92 88
92 89
92 90
92 91
92 93
92 94
92 95
92 96
92 97
92 293
92 323
93 88
93 89
93 90
93 91
93 92
93 94
93 95
93 96
93 242
93 323
93 325
94 88
94 89
94 90
94 91
94 92
94 93
94 95
94 96
94 97
95 89
95 90
95 91
95 92
95 93
95 94
95 96
95 97
96 91
96 92
96 93
96 94
96 95
96 97
96 98
96 99
96 301
96 302
96 303
97 92
97 94
97 95
97 96
97 98
97 99
97 100
97 268
97 295
97 300
97 301
97 302
97 303
97 304
98 96
98 97
98 99
98 100
98 101
98 102
98 103
98 268
98 269
98 300
98 301
98 302
98 303
98 304
99 96
99 97
99 98
99 100
99 101
99 102
99 103
99 104
99 268
99 301
99 302
99 303
99 304
99 305
100 97
100 98
100 99
100 101
100 102
100 103
100 104
100 105
100 125
100 267
100 268
100 269
100 270
100 301
100 302
100 303
100 304
100 305
101 98
101 99
101 100
101 102
101 103
101 104
101 105
101 106
101 127
101 302
101 303
101 304
102 98
102 99
102 100
102 101
102 103
102 104
102 105
102 302
103 98
103 99
103 100
103 101
103 102
103 104
103 105
103 106
103 123
103 124
103 125
103 126
103 269
103 270
103 271
103 302
103 304
104 99
104 100
104 101
104 102
104 103
104 105
104 106
104 107
104 124
104 125
104 126
104 127
104 128
104 269
104 302
104 304
104 312
104 313
104 314
105 100
105 101
105 102
105 103
105 104
105 106
105 107
105 108
105 124
105 125
105 126
105 127
105 128
105 312
105 313
106 101
106 103
106 104
106 105
106 107
106 108
106 109
106 125
106 126
106 127
106 128
106 129
106 312
107 104
107 105
107 106
107 108
107 109
107 110
107 111
107 112
107 126
107 127
107 128
107 129
107 130
108 105
108 106
108 107
108 109
108 110
108 111
108 112
108 126
108 127
108 128
108 129
108 130
108 131
108 132
108 133
108 134
109 106
109 107
109 108
109 110
109 111
109 112
109 113
109 127
109 128
109 129
109 130
109 131
109 132
109 133
109 134
109 135
109 136
109 208
109 209
109 210
109 311
110 107
110 108
110 109
110 111
110 112
110 113
110 128
110 131
110 132
110 133
110 134
110 135
111 107
111 108
111 109
111 110
111 112
111 113
111 114
111 115
111 116
111 117
111 128
111 133
111 134
112 107
112 108
112 109
112 110
112 111
112 113
112 114
112 115
112 116
112 117
112 126
112 128
112 133
112 134
112 208
112 209
112 210
113 109
113 110
113 111
113 112
113 114
113 115
113 116
113 117
113 118
113 133
113 134
113 209
113 210
113 211
113 213
114 111
114 112
114 113
114 115
114 116
114 117
114 118
114 119
114 121
114 209
114 210
114 211
114 213
114 214
115 111
115 112
115 113
115 114
115 116
115 117
115 118
115 119
115 120
115 121
116 111
116 112
116 113
116 114
116 115
116 117
116 118
116 119
116 120
116 121
116 122
117 111
117 112
117 113
117 114
117 115
117 116
117 118
117 119
117 120
117 121
117 122
117 123
117 210
117 214
117 339
118 113
118 114
118 115
118 116
118 117
118 119
118 120
118 121
118 122
118 338
118 339
118 391
118 393
119 114
119 115
119 116
119 117
119 118
119 120
119 121
119 122
120 115
120 116
120 117
120 118
120 119
120 121
120 122
120 123
120 124
121 114
121 115
121 116
121 117
121 118
121 119
121 120
121 122
121 123
121 124
121 315
121 339
121 340
121 393
122 116
122 117
122 118
122 119
122 120
122 121
122 123
122 124
122 125
122 126
122 255
122 313
122 314
122 315
122 316
122 337
122 339
122 340
123 103
123 117
123 120
123 121
123 122
123 124
123 125
123 126
123 255
123 271
123 272
123 314
123 315
123 316
123 317
123 318
123 339
123 340
123 343
124 103
124 104
124 105
124 120
124 121
124 122
124 123
124 125
124 126
124 271
124 272
124 313
124 314
124 315
124 316
124 318
125 100
125 103
125 104
125 105
125 106
125 122
125 123
125 124
125 126
125 127
125 128
125 255
125 256
125 257
125 269
125 271
125 304
125 312
125 313
125 314
125 315
125 316
125 318
126 103
126 104
126 105
126 106
126 107
126 108
126 112
126 122
126 123
126 124
126 125
126 127
126 128
126 129
126 257
126 311
126 312
126 313
126 314
126 315
127 101
127 104
127 105
127 106
127 107
127 108
127 109
127 125
127 126
127 128
127 129
127 130
127 257
127 258
127 259
127 304
127 305
127 306
127 310
127 311
127 312
127 313
127 314
128 104
128 105
128 106
128 107
128 108
128 109
128 110
128 111
128 112
128 125
128 126
128 127
128 129
128 130
128 131
128 132
128 133
128 134
128 259
128 306
128 309
128 310
128 311
128 312
128 313
129 106
129 107
129 108
129 109
129 126
129 127
129 128
129 130
129 131
129 132
129 306
129 307
129 308
129 309
129 310
129 311
129 312
130 107
130 108
130 109
130 127
130 128
130 129
130 131
130 132
130 133
130 134
130 259
130 308
130 309
130 310
130 311
131 108
131 109
131 110
131 128
131 129
131 130
131 132
131 133
131 134
131 135
131 136
131 137
131 138
131 208
131 259
131 309
131 310
131 311
132 108
132 109
132 110
132 128
132 129
132 130
132 131
132 133
132 134
132 135
132 136
132 137
132 309
132 310
133 108
133 109
133 110
133 111
133 112
133 113
133 128
133 130
133 131
133 132
133 134
133 135
133 136
133 208
133 209
134 108
134 109
134 110
134 111
134 112
134 113
134 128
134 130
134 131
134 132
134 133
134 135
134 136
134 137
134 207
134 208
134 209
134 210
134 211
134 311
135 109
135 110
135 131
135 132
135 133
135 134
135 136
135 137
135 138
135 206
135 207
135 208
135 209
135 210
135 211
135 212
136 109
136 131
136 132
136 133
136 134
136 135
136 137
136 138
136 205
136 206
136 207
136 208
136 209
136 210
136 211
136 259
136 311
137 131
137 132
137 134
137 135
137 136
137 138
137 139
137 140
137 203
137 204
137 205
137 206
137 207
137 208
137 209
138 131
138 135
138 136
138 137
138 139
138 140
138 141
138 143
138 201
138 202
138 203
138 204
138 205
138 206
138 207
138 259
138 261
138 330
138 331
139 137
139 138
139 140
139 141
139 142
139 143
139 144
139 147
139 201
139 203
139 204
139 205
139 206
139 261
139 331
140 137
140 138
140 139
140 141
140 142
140 143
140 144
140 204
140 261
141 138
141 139
141 140
141 142
141 143
141 144
141 261
141 262
141 308
141 309
142 139
142 140
142 141
142 143
142 144
142 147
142 261
142 262
143 138
143 139
143 140
143 141
143 142
143 144
143 145
143 146
143 147
143 148
143 261
143 262
143 329
144 139
144 140
144 141
144 142
144 143
144 145
144 146
144 147
144 148
144 149
144 238
144 261
144 262
144 329
145 143
145 144
145 146
145 147
145 148
145 149
145 150
145 173
145 174
145 176
145 177
145 178
145 180
145 181
145 236
145 237
145 238
145 328
145 329
146 143
146 144
146 145
146 147
146 148
146 149
146 150
146 151
146 154
146 173
146 174
146 177
146 178
146 180
146 181
147 139
147 142
147 143
147 144
147 145
147 146
147 148
147 149
147 150
147 151
147 152
147 153
147 201
148 143
148 144
148 145
148 146
148 147
148 149
148 150
148 151
148 152
148 153
148 154
148 173
148 174
148 177
148 196
148 199
148 200
148 201
148 236
148 238
148 329
149 144
149 145
149 146
149 147
149 148
149 150
149 151
149 152
149 153
149 154
149 155
149 156
149 172
149 173
149 174
149 175
149 176
149 177
149 201
150 145
150 146
150 147
150 148
150 149
150 151
150 152
150 153
150 154
150 173
150 174
150 200
150 201
151 146
151 147
151 148
151 149
151 150
151 152
151 153
151 154
151 196
151 199
151 200
151 201
151 202
151 203
151 204
152 147
152 148
152 149
152 150
152 151
152 153
152 154
152 155
152 156
152 173
152 194
152 195
152 196
152 197
152 198
152 199
152 200
152 201
152 202
153 147
153 148
153 149
153 150
153 151
153 152
153 154
153 155
153 156
153 157
153 172
153 173
153 174
153 199
153 200
153 201
154 146
154 148
154 149
154 150
154 151
154 152
154 153
154 155
154 156
154 157
154 158
154 172
154 173
154 174
154 175
154 176
154 177
155 149
155 152
155 153
155 154
155 156
155 157
155 158
155 171
155 172
155 173
155 174
155 175
156 149
156 152
156 153
156 154
156 155
156 157
156 158
156 159
156 171
156 172
156 173
156 174
156 194
157 153
157 154
157 155
157 156
157 158
157 159
157 160
157 170
157 171
157 172
157 173
157 174
157 175
157 176
157 194
158 154
158 155
158 156
158 157
158 159
158 160
158 161
158 168
158 169
158 170
158 171
158 172
158 173
158 174
158 175
158 176
158 191
158 192
158 193
158 194
158 195
159 156
159 157
159 158
159 160
159 161
159 162
159 167
159 168
159 169
159 170
159 171
159 172
159 173
159 176
159 190
159 191
159 192
159 193
159 194
160 157
160 158
160 159
160 161
160 162
160 163
160 167
160 168
160 169
160 170
160 171
160 172
160 173
160 176
160 188
160 189
160 190
160 191
160 192
160 193
160 194
160 238
160 239
161 158
161 159
161 160
161 162
161 163
161 164
161 165
161 166
161 167
161 168
161 169
161 170
161 188
161 189
161 190
161 191
161 192
161 193
161 239
161 243
161 244
161 245
162 84
162 159
162 160
162 161
162 163
162 164
162 165
162 166
162 167
162 168
162 169
162 187
162 188
162 189
162 190
162 191
162 243
162 244
162 245
163 83
163 84
163 85
163 86
163 160
163 161
163 162
163 164
163 165
163 166
163 167
163 168
163 187
163 188
163 189
163 190
163 242
163 243
163 244
163 245
163 246
164 82
164 83
164 84
164 85
164 86
164 87
164 88
164 89
164 161
164 162
164 163
164 165
164 166
164 167
164 187
164 188
164 189
164 242
164 243
164 244
165 82
165 83
165 84
165 85
165 161
165 162
165 163
165 164
165 166
165 167
165 168
165 187
165 188
165 189
165 290
166 82
166 83
166 84
166 85
166 161
166 162
166 163
166 164
166 165
166 167
166 168
166 189
166 244
166 245
166 246
166 290
167 159
167 160
167 161
167 162
167 163
167 164
167 165
167 166
167 168
167 169
167 189
167 358
168 158
168 159
168 160
168 161
168 162
168 163
168 165
168 166
168 167
168 169
168 170
168 171
168 189
168 190
168 191
168 358
169 37
169 158
169 159
169 160
169 161
169 162
169 167
169 168
169 170
169 171
169 189
170 157
170 158
170 159
170 160
170 161
170 168
170 169
170 171
170 172
170 173
170 176
171 155
171 156
171 157
171 158
171 159
171 160
171 168
171 169
171 170
171 172
171 173
171 174
171 175
171 176
172 149
172 153
172 154
172 155
172 156
172 157
172 158
172 159
172 160
172 170
172 171
172 173
172 174
172 175
172 176
172 177
172 178
173 145
173 146
173 148
173 149
173 150
173 152
173 153
173 154
173 155
173 156
173 157
173 158
173 159
173 160
173 170
173 171
173 172
173 174
173 175
173 176
173 177
173 178
173 179
173 191
173 194
174 145
174 146
174 148
174 149
174 150
174 153
174 154
174 155
174 156
174 157
174 158
174 171
174 172
174 173
174 175
174 176
174 177
174 178
174 179
174 180
175 149
175 154
175 155
175 157
175 158
175 171
175 172
175 173
175 174
175 176
175 177
175 178
175 179
175 180
176 145
176 149
176 154
176 157
176 158
176 159
176 160
176 170
176 171
176 172
176 173
176 174
176 175
176 177
176 178
176 179
176 180
176 181
176 182
176 189
176 190
176 191
176 238
177 145
177 146
177 148
177 149
177 154
177 172
177 173
177 174
177 175
177 176
177 178
177 179
177 180
177 181
177 182
177 238
178 145
178 146
178 172
178 173
178 174
178 175
178 176
178 177
178 179
178 180
178 181
178 182
179 173
179 174
179 175
179 176
179 177
179 178
179 180
179 181
179 182
179 183
179 184
179 185
179 186
179 187
179 188
179 189
179 240
180 145
180 146
180 174
180 175
180 176
180 177
180 178
180 179
180 181
180 182
180 183
180 184
180 185
180 188
180 189
180 190
180 238
180 239
180 240
180 327
181 145
181 146
181 176
181 177
181 178
181 179
181 180
181 182
181 183
181 184
181 185
182 176
182 177
182 178
182 179
182 180
182 181
182 183
182 184
182 185
182 186
183 179
183 180
183 181
183 182
183 184
183 185
183 186
184 179
184 180
184 181
184 182
184 183
184 185
184 186
184 187
185 179
185 180
185 181
185 182
185 183
185 184
185 186
185 187
185 188
185 189
185 240
185 241
186 179
186 182
186 183
186 184
186 185
186 187
186 188
186 189
187 162
187 163
187 164
187 165
187 179
187 184
187 185
187 186
187 188
187 189
187 190
187 243
188 84
188 85
188 86
188 160
188 161
188 162
188 163
188 164
188 165
188 179
188 180
188 185
188 186
188 187
188 189
188 190
188 239
188 240
188 241
188 242
188 243
188 244
189 160
189 161
189 162
189 163
189 164
189 165
189 166
189 167
189 168
189 169
189 176
189 179
189 180
189 185
189 186
189 187
189 188
189 190
189 191
189 238
189 239
189 240
189 241
189 242
189 243
189 244
190 159
190 160
190 161
190 162
190 163
190 168
190 176
190 180
190 187
190 188
190 189
190 191
190 192
190 193
190 237
190 238
190 239
190 240
190 241
190 242
190 243
190 244
190 245
190 324
190 328
191 158
191 159
191 160
191 161
191 162
191 168
191 173
191 176
191 189
191 190
191 192
191 193
191 194
191 235
191 236
191 237
191 238
191 239
191 240
191 243
191 329
192 158
192 159
192 160
192 161
192 190
192 191
192 193
192 194
192 195
192 235
192 236
192 237
192 238
192 239
192 245
192 330
192 331
192 332
193 158
193 159
193 160
193 161
193 190
193 191
193 192
193 194
193 195
193 196
193 232
193 234
193 235
193 236
193 237
193 238
193 332
193 360
194 152
194 156
194 157
194 158
194 159
194 160
194 173
194 191
194 192
194 193
194 195
194 196
194 197
194 232
194 234
194 235
194 236
194 237
194 238
194 331
195 152
195 158
195 192
195 193
195 194
195 196
195 197
195 198
195 199
195 202
195 231
195 232
195 233
195 234
195 235
195 236
195 237
195 331
195 332
195 333
196 148
196 151
196 152
196 193
196 194
196 195
196 197
196 198
196 199
196 200
196 201
196 202
196 203
196 205
196 231
196 232
196 233
196 234
196 235
196 236
197 152
197 194
197 195
197 196
197 198
197 199
197 200
197 201
197 202
197 203
197 205
197 206
197 231
197 232
197 233
197 234
197 235
197 236
198 152
198 195
198 196
198 197
198 199
198 200
198 201
198 202
198 203
198 231
198 234
199 148
199 151
199 152
199 153
199 195
199 196
199 197
199 198
199 200
199 201
199 202
199 203
200 148
200 150
200 151
200 152
200 153
200 196
200 197
200 198
200 199
200 201
200 202
200 203
200 204
201 138
201 139
201 147
201 148
201 149
201 150
201 151
201 152
201 153
201 196
201 197
201 198
201 199
201 200
201 202
201 203
201 204
201 205
201 234
201 236
202 138
202 151
202 152
202 195
202 196
202 197
202 198
202 199
202 200
202 201
202 203
202 204
202 205
202 206
202 234
202 235
203 137
203 138
203 139
203 151
203 196
203 197
203 198
203 199
203 200
203 201
203 202
203 204
203 205
203 206
204 137
204 138
204 139
204 140
204 151
204 200
204 201
204 202
204 203
204 205
204 206
205 136
205 137
205 138
205 139
205 196
205 197
205 201
205 202
205 203
205 204
205 206
205 207
205 208
205 233
205 234
205 235
205 236
205 331
205 332
206 135
206 136
206 137
206 138
206 139
206 197
206 202
206 203
206 204
206 205
206 207
206 208
206 209
206 212
206 233
206 234
206 331
207 134
207 135
207 136
207 137
207 138
207 205
207 206
207 208
207 209
207 210
207 211
207 212
207 233
207 234
207 257
207 258
207 259
207 331
207 332
207 333
207 334
208 109
208 112
208 131
208 133
208 134
208 135
208 136
208 137
208 205
208 206
208 207
208 209
208 210
208 211
208 212
208 213
208 257
208 258
208 311
208 333
209 109
209 112
209 113
209 114
209 133
209 134
209 135
209 136
209 137
209 206
209 207
209 208
209 210
209 211
209 212
209 213
209 214
210 109
210 112
210 113
210 114
210 117
210 134
210 135
210 136
210 207
210 208
210 209
210 211
210 212
210 213
210 214
210 215
211 113
211 114
211 134
211 135
211 136
211 207
211 208
211 209
211 210
211 212
211 213
211 214
211 215
211 216
211 218
211 233
211 255
211 256
211 257
211 313
211 333
211 334
211 335
211 336
211 337
212 135
212 206
212 207
212 208
212 209
212 210
212 211
212 213
212 214
212 215
212 216
212 217
212 218
212 219
212 233
212 335
213 113
213 114
213 208
213 209
213 210
213 211
213 212
213 214
213 215
213 216
213 218
213 219
213 337
214 114
214 117
214 209
214 210
214 211
214 212
214 213
214 215
214 216
214 217
214 218
214 219
214 335
214 336
214 337
214 338
214 339
215 210
215 211
215 212
215 213
215 214
215 216
215 217
215 218
215 219
215 220
215 221
215 233
215 254
215 255
215 334
215 335
215 336
215 337
215 338
216 211
216 212
216 213
216 214
216 215
216 217
216 218
216 219
216 220
216 221
216 335
216 336
216 337
216 338
216 368
216 369
216 371
216 372
216 375
217 212
217 214
217 215
217 216
217 218
217 219
217 220
217 221
217 222
217 229
217 230
217 231
217 232
217 233
217 335
217 336
217 337
217 365
217 368
217 369
217 371
217 372
218 211
218 212
218 213
218 214
218 215
218 216
218 217
218 219
218 220
218 221
218 222
218 229
218 230
218 233
218 335
218 336
219 212
219 213
219 214
219 215
219 216
219 217
219 218
219 220
219 221
219 222
219 337
219 371
219 372
219 375
220 215
220 216
220 217
220 218
220 219
220 221
220 222
220 223
220 368
220 369
220 370
220 371
220 372
220 373
220 374
220 375
221 215
221 216
221 217
221 218
221 219
221 220
221 222
221 223
221 224
221 225
221 227
221 228
221 229
221 230
221 367
221 368
221 370
221 371
221 372
222 217
222 218
222 219
222 220
222 221
222 223
222 224
222 225
222 226
222 227
222 228
222 229
222 371
223 220
223 221
223 222
223 224
223 225
223 226
223 227
223 228
223 229
224 221
224 222
224 223
224 225
224 226
224 227
224 228
224 229
225 221
225 222
225 223
225 224
225 226
225 227
225 228
225 229
225 367
225 422
225 423
225 424
226 222
226 223
226 224
226 225
226 227
226 228
226 229
226 422
226 423
226 424
227 221
227 222
227 223
227 224
227 225
227 226
227 228
227 229
227 230
227 363
227 364
227 367
227 419
227 420
227 421
227 422
228 221
228 222
228 223
228 224
228 225
228 226
228 227
228 229
228 230
228 231
228 363
228 364
229 217
229 218
229 221
229 222
229 223
229 224
229 225
229 226
229 227
229 228
229 230
229 231
229 232
229 363
229 364
229 367
229 368
230 217
230 218
230 221
230 227
230 228
230 229
230 231
230 232
230 233
230 335
230 362
230 363
230 364
230 365
230 367
230 368
231 195
231 196
231 197
231 198
231 217
231 228
231 229
231 230
231 232
231 233
231 234
231 235
231 333
231 334
231 362
231 363
232 193
232 194
232 195
232 196
232 197
232 217
232 229
232 230
232 231
232 233
232 234
232 235
232 254
232 256
232 332
232 333
232 334
232 335
232 362
232 363
233 195
233 196
233 197
233 205
233 206
233 207
233 211
233 212
233 215
233 217
233 218
233 230
233 231
233 232
233 234
233 235
233 256
233 257
233 331
233 332
233 333
233 334
233 335
234 193
234 194
234 195
234 196
234 197
234 198
234 201
234 202
234 205
234 206
234 207
234 231
234 232
234 233
234 235
234 236
234 237
234 257
234 331
234 332
234 333
234 334
235 191
235 192
235 193
235 194
235 195
235 196
235 197
235 202
235 205
235 231
235 232
235 233
235 234
235 236
235 237
235 238
235 258
235 330
235 331
235 332
235 333
235 334
236 145
236 148
236 191
236 192
236 193
236 194
236 195
236 196
236 197
236 201
236 205
236 234
236 235
236 237
236 238
236 239
236 258
236 259
236 329
236 330
236 331
236 332
236 333
237 145
237 190
237 191
237 192
237 193
237 194
237 195
237 234
237 235
237 236
237 238
237 239
237 240
237 258
237 259
237 260
237 261
237 328
237 329
237 330
237 331
237 332
238 144
238 145
238 148
238 160
238 176
238 177
238 180
238 189
238 190
238 191
238 192
238 193
238 194
238 235
238 236
238 237
238 239
238 240
238 243
238 262
238 324
238 327
238 328
238 329
238 330
238 331
239 160
239 161
239 180
239 188
239 189
239 190
239 191
239 192
239 236
239 237
239 238
239 240
239 241
239 242
239 243
239 244
239 263
239 264
239 265
239 323
239 324
239 325
239 326
239 327
239 328
239 329
239 330
240 179
240 180
240 185
240 188
240 189
240 190
240 191
240 237
240 238
240 239
240 241
240 242
240 243
240 244
240 263
240 323
240 324
240 325
240 326
240 327
240 328
240 329
241 185
241 188
241 189
241 190
241 239
241 240
241 242
241 243
241 244
241 263
241 264
241 265
241 323
241 324
241 325
241 326
241 327
241 328
242 84
242 85
242 86
242 89
242 90
242 93
242 163
242 164
242 188
242 189
242 190
242 239
242 240
242 241
242 243
242 244
242 323
242 324
242 325
242 326
242 327
243 84
243 85
243 86
243 89
243 161
243 162
243 163
243 164
243 187
243 188
243 189
243 190
243 191
243 238
243 239
243 240
243 241
243 242
243 244
243 245
243 265
243 322
243 323
243 324
243 325
243 326
243 327
243 328
244 83
244 84
244 85
244 88
244 89
244 161
244 162
244 163
244 164
244 166
244 188
244 189
244 190
244 239
244 240
244 241
244 242
244 243
244 245
244 246
244 247
244 265
244 266
244 267
244 321
244 322
244 323
244 324
244 325
245 83
245 84
245 161
245 162
245 163
245 166
245 190
245 192
245 243
245 244
245 246
245 247
245 248
245 267
245 320
245 321
245 322
245 323
245 324
246 83
246 84
246 163
246 166
246 244
246 245
246 247
246 248
246 268
246 289
246 290
246 293
246 294
246 319
246 320
246 321
246 322
246 323
247 244
247 245
247 246
247 248
247 249
247 267
247 268
247 269
247 270
247 280
247 283
247 284
247 293
247 294
247 295
247 318
247 319
247 320
247 321
247 322
248 245
248 246
248 247
248 249
248 250
248 251
248 270
248 280
248 284
248 294
248 317
248 318
248 319
248 320
248 321
248 322
248 359
249 247
249 248
249 250
249 251
249 252
249 253
249 254
249 255
249 270
249 272
249 277
249 280
249 316
249 317
249 318
249 319
249 320
249 321
249 347
249 348
249 350
249 351
250 248
250 249
250 251
250 252
250 253
250 254
250 255
250 256
250 314
250 315
250 316
250 317
250 318
250 319
250 320
250 334
250 335
250 344
250 347
250 348
250 351
250 359
250 360
250 361
250 362
251 248
251 249
251 250
251 252
251 253
251 254
251 255
251 316
251 317
251 334
251 335
251 336
251 344
251 347
251 348
251 351
251 359
251 360
251 361
251 362
251 363
251 365
252 249
252 250
252 251
252 253
252 254
252 255
252 316
252 317
252 334
252 335
252 336
252 343
252 344
252 345
252 346
252 347
252 348
252 349
252 350
252 351
252 352
252 360
252 361
252 362
252 363
252 364
252 365
252 366
253 249
253 250
253 251
253 252
253 254
253 255
253 256
253 315
253 316
253 317
253 318
253 319
253 334
253 335
253 336
253 340
253 341
253 342
253 343
253 344
253 345
253 346
253 347
253 348
253 349
253 350
253 351
253 362
254 215
254 232
254 249
254 250
254 251
254 252
254 253
254 255
254 256
254 314
254 315
254 316
254 317
254 318
254 333
254 334
254 335
254 336
254 337
254 340
254 341
254 343
254 344
254 345
254 347
254 348
254 362
254 365
255 122
255 123
255 125
255 211
255 215
255 249
255 250
255 251
255 252
255 253
255 254
255 256
255 257
255 313
255 314
255 315
255 316
255 317
255 318
255 333
255 334
255 335
255 336
255 337
255 340
255 344
256 125
256 211
256 232
256 233
256 250
256 253
256 254
256 255
256 257
256 258
256 312
256 313
256 314
256 315
256 316
256 317
256 318
256 332
256 333
256 334
256 335
256 336
257 125
257 126
257 127
257 207
257 208
257 211
257 233
257 234
257 255
257 256
257 258
257 259
257 311
257 312
257 313
257 314
257 315
257 331
257 332
257 333
257 334
257 335
258 127
258 207
258 208
258 235
258 236
258 237
258 256
258 257
258 259
258 260
258 261
258 265
258 306
258 310
258 311
258 312
258 313
258 314
258 330
258 331
258 332
258 333
258 334
259 127
259 128
259 130
259 131
259 136
259 138
259 207
259 236
259 237
259 257
259 258
259 260
259 261
259 262
259 265
259 306
259 307
259 308
259 309
259 310
259 311
259 312
259 313
259 329
259 330
259 331
259 332
259 333
260 237
260 258
260 259
260 261
260 262
260 263
260 264
260 265
260 306
260 307
260 308
260 309
260 310
260 311
260 312
260 328
260 329
260 330
260 331
260 332
261 138
261 139
261 140
261 141
261 142
261 143
261 144
261 237
261 258
261 259
261 260
261 262
261 263
261 264
261 307
261 308
261 309
261 310
261 311
261 328
261 329
261 330
261 331
262 141
262 142
262 143
262 144
262 238
262 259
262 260
262 261
262 263
262 264
262 265
262 307
262 308
262 309
262 310
262 326
262 327
262 328
262 329
262 330
262 331
263 239
263 240
263 241
263 260
263 261
263 262
263 264
263 265
263 306
263 307
263 308
263 309
263 324
263 325
263 326
263 327
263 328
263 329
263 330
264 239
264 241
264 260
264 261
264 262
264 263
264 265
264 266
264 305
264 306
264 307
264 308
264 309
264 310
264 323
264 324
264 325
264 326
264 327
264 328
264 329
264 330
265 239
265 241
265 243
265 244
265 258
265 259
265 260
265 262
265 263
265 264
265 266
265 267
265 304
265 305
265 306
265 307
265 308
265 322
265 323
265 324
265 325
265 326
265 327
265 328
265 329
265 330
266 244
266 264
266 265
266 267
266 268
266 269
266 303
266 304
266 305
266 306
266 307
266 321
266 322
266 323
266 324
266 325
266 326
267 100
267 244
267 245
267 247
267 265
267 266
267 268
267 269
267 270
267 301
267 302
267 303
267 304
267 305
267 306
267 312
267 320
267 321
267 322
267 323
267 324
268 97
268 98
268 99
268 100
268 246
268 247
268 266
268 267
268 269
268 270
268 295
268 300
268 301
268 302
268 303
268 304
268 305
268 319
268 320
268 321
268 322
268 323
269 98
269 100
269 103
269 104
269 125
269 247
269 266
269 267
269 268
269 270
269 271
269 272
269 295
269 300
269 301
269 302
269 303
269 304
269 314
269 318
269 319
269 320
269 321
269 322
270 100
270 103
270 247
270 248
270 249
270 267
270 268
270 269
270 271
270 272
270 273
270 276
270 277
270 294
270 295
270 298
270 299
270 300
270 301
270 302
270 303
270 317
270 318
270 319
270 320
270 321
271 103
271 123
271 124
271 125
271 269
271 270
271 272
271 273
271 274
271 275
271 276
271 277
271 298
271 299
271 300
271 301
271 302
271 315
271 317
271 318
271 319
271 320
272 123
272 124
272 249
272 269
272 270
272 271
272 273
272 274
272 275
272 276
272 277
272 278
272 280
272 315
272 316
272 317
272 318
272 319
272 320
272 343
272 347
273 270
273 271
273 272
273 274
273 275
273 276
273 277
273 278
273 279
273 317
273 318
273 319
274 271
274 272
274 273
274 275
274 276
274 277
274 278
274 279
274 280
274 346
275 271
275 272
275 273
275 274
275 276
275 277
275 278
275 279
275 280
275 281
275 298
275 299
276 270
276 271
276 272
276 273
276 274
276 275
276 277
276 278
276 279
276 280
276 281
276 282
276 294
276 295
276 297
276 298
276 299
276 300
276 318
276 319
277 249
277 270
277 271
277 272
277 273
277 274
277 275
277 276
277 278
277 279
277 280
277 281
277 282
277 283
277 317
277 318
277 319
277 346
277 347
277 350
278 272
278 273
278 274
278 275
278 276
278 277
278 279
278 280
278 281
278 282
278 283
278 284
278 350
279 273
279 274
279 275
279 276
279 277
279 278
279 280
279 281
279 282
279 283
279 284
279 285
279 294
279 297
279 298
280 247
280 248
280 249
280 272
280 274
280 275
280 276
280 277
280 278
280 279
280 281
280 282
280 283
280 284
280 285
280 286
280 294
280 295
280 297
280 298
280 319
280 350
281 275
281 276
281 277
281 278
281 279
281 280
281 282
281 283
281 284
281 285
281 286
281 347
281 350
281 351
281 353
281 354
282 276
282 277
282 278
282 279
282 280
282 281
282 283
282 284
282 285
282 286
282 289
282 354
283 247
283 277
283 278
283 279
283 280
283 281
283 282
283 284
283 285
283 286
283 287
283 288
283 289
283 290
283 292
283 293
283 294
283 297
284 247
284 248
284 278
284 279
284 280
284 281
284 282
284 283
284 285
284 286
284 287
284 288
284 289
284 290
284 292
284 294
284 354
284 356
285 279
285 280
285 281
285 282
285 283
285 284
285 286
285 287
285 288
285 289
285 353
285 354
285 355
285 356
286 280
286 281
286 282
286 283
286 284
286 285
286 287
286 288
286 289
286 290
286 291
286 292
287 283
287 284
287 285
287 286
287 288
287 289
287 290
287 291
288 80
288 82
288 283
288 284
288 285
288 286
288 287
288 289
288 290
288 291
288 292
289 82
289 83
289 246
289 282
289 283
289 284
289 285
289 286
289 287
289 288
289 290
289 291
289 292
289 293
289 294
290 80
290 81
290 82
290 83
290 84
290 85
290 165
290 166
290 246
290 283
290 284
290 286
290 287
290 288
290 289
290 291
290 292
290 293
290 294
291 79
291 80
291 81
291 82
291 83
291 84
291 88
291 286
291 287
291 288
291 289
291 290
291 292
291 293
291 294
292 80
292 81
292 82
292 83
292 283
292 284
292 286
292 288
292 289
292 290
292 291
292 293
292 294
292 295
292 296
292 297
293 81
293 82
293 83
293 88
293 92
293 246
293 247
293 283
293 289
293 290
293 291
293 292
293 294
293 295
293 296
293 297
294 83
294 246
294 247
294 248
294 270
294 276
294 279
294 280
294 283
294 284
294 289
294 290
294 291
294 292
294 293
294 295
294 296
294 297
294 298
294 301
294 319
294 320
294 321
295 97
295 247
295 268
295 269
295 270
295 276
295 280
295 292
295 293
295 294
295 296
295 297
295 298
295 299
295 300
295 301
295 302
295 319
295 320
295 321
296 292
296 293
296 294
296 295
296 297
296 298
296 299
296 300
296 301
297 276
297 279
297 280
297 283
297 292
297 293
297 294
297 295
297 296
297 298
297 299
297 300
297 301
298 270
298 271
298 275
298 276
298 279
298 280
298 294
298 295
298 296
298 297
298 299
298 300
298 301
299 270
299 271
299 275
299 276
299 295
299 296
299 297
299 298
299 300
299 301
300 97
300 98
300 268
300 269
300 270
300 271
300 276
300 295
300 296
300 297
300 298
300 299
300 301
300 302
300 303
301 96
301 97
301 98
301 99
301 100
301 267
301 268
301 269
301 270
301 271
301 294
301 295
301 296
301 297
301 298
301 299
301 300
301 302
301 303
301 304
301 319
301 320
301 321
302 96
302 97
302 98
302 99
302 100
302 101
302 102
302 103
302 104
302 267
302 268
302 269
302 270
302 271
302 295
302 300
302 301
302 303
302 304
302 305
302 320
303 96
303 97
303 98
303 99
303 100
303 101
303 266
303 267
303 268
303 269
303 270
303 300
303 301
303 302
303 304
303 305
303 306
303 320
303 321
303 322
304 97
304 98
304 99
304 100
304 101
304 103
304 104
304 125
304 127
304 265
304 266
304 267
304 268
304 269
304 301
304 302
304 303
304 305
304 306
304 307
304 312
304 322
305 99
305 100
305 127
305 264
305 265
305 266
305 267
305 268
305 302
305 303
305 304
305 306
305 307
305 310
305 312
305 322
305 323
305 325
306 127
306 128
306 129
306 258
306 259
306 260
306 263
306 264
306 265
306 266
306 267
306 303
306 304
306 305
306 307
306 308
306 309
306 310
306 311
306 312
307 129
307 259
307 260
307 261
307 262
307 263
307 264
307 265
307 266
307 304
307 305
307 306
307 308
307 309
307 310
307 311
307 312
307 328
308 129
308 130
308 141
308 259
308 260
308 261
308 262
308 263
308 264
308 265
308 306
308 307
308 309
308 310
308 311
308 328
308 329
308 330
309 128
309 129
309 130
309 131
309 132
309 141
309 259
309 260
309 261
309 262
309 263
309 264
309 306
309 307
309 308
309 310
309 311
309 330
310 127
310 128
310 129
310 130
310 131
310 132
310 258
310 259
310 260
310 261
310 262
310 264
310 305
310 306
310 307
310 308
310 309
310 311
310 312
311 109
311 126
311 127
311 128
311 129
311 130
311 131
311 134
311 136
311 208
311 257
311 258
311 259
311 260
311 261
311 306
311 307
311 308
311 309
311 310
311 312
311 313
311 330
311 331
311 332
312 104
312 105
312 106
312 125
312 126
312 127
312 128
312 129
312 256
312 257
312 258
312 259
312 260
312 267
312 304
312 305
312 306
312 307
312 310
312 311
312 313
312 314
312 315
312 332
313 104
313 105
313 122
313 124
313 125
313 126
313 127
313 128
313 211
313 255
313 256
313 257
313 258
313 259
313 311
313 312
313 314
313 315
313 316
313 332
313 333
313 334
314 104
314 122
314 123
314 124
314 125
314 126
314 127
314 250
314 254
314 255
314 256
314 257
314 258
314 269
314 312
314 313
314 315
314 316
314 317
314 318
314 319
314 320
314 334
315 121
315 122
315 123
315 124
315 125
315 126
315 250
315 253
315 254
315 255
315 256
315 257
315 271
315 272
315 312
315 313
315 314
315 316
315 317
315 318
315 319
315 335
315 336
315 337
315 339
315 340
315 343
315 344
316 122
316 123
316 124
316 125
316 249
316 250
316 251
316 252
316 253
316 254
316 255
316 256
316 272
316 313
316 314
316 315
316 317
316 318
316 319
316 334
316 335
316 336
316 337
316 339
316 340
316 341
316 342
316 343
316 344
316 345
316 346
316 347
317 123
317 248
317 249
317 250
317 251
317 252
317 253
317 254
317 255
317 256
317 270
317 271
317 272
317 273
317 277
317 314
317 315
317 316
317 318
317 319
317 320
317 340
317 342
317 343
317 344
317 345
317 346
317 347
317 348
318 123
318 124
318 125
318 247
318 248
318 249
318 250
318 253
318 254
318 255
318 256
318 269
318 270
318 271
318 272
318 273
318 276
318 277
318 314
318 315
318 316
318 317
318 319
318 320
318 343
318 347
319 246
319 247
319 248
319 249
319 250
319 253
319 268
319 269
319 270
319 271
319 272
319 273
319 276
319 277
319 280
319 294
319 295
319 301
319 314
319 315
319 316
319 317
319 318
319 320
319 321
320 245
320 246
320 247
320 248
320 249
320 250
320 267
320 268
320 269
320 270
320 271
320 272
320 294
320 295
320 301
320 302
320 303
320 314
320 317
320 318
320 319
320 321
320 322
321 244
321 245
321 246
321 247
321 248
321 249
321 266
321 267
321 268
321 269
321 270
321 294
321 295
321 301
321 303
321 319
321 320
321 322
321 323
322 243
322 244
322 245
322 246
322 247
322 248
322 265
322 266
322 267
322 268
322 269
322 303
322 304
322 305
322 320
322 321
322 323
322 324
322 325
323 84
323 89
323 92
323 93
323 239
323 240
323 241
323 242
323 243
323 244
323 245
323 246
323 264
323 265
323 266
323 267
323 268
323 305
323 321
323 322
323 324
323 325
323 326
324 89
324 190
324 238
324 239
324 240
324 241
324 242
324 243
324 244
324 245
324 263
324 264
324 265
324 266
324 267
324 322
324 323
324 325
324 326
324 327
324 328
325 89
325 93
325 239
325 240
325 241
325 242
325 243
325 244
325 263
325 264
325 265
325 266
325 305
325 322
325 323
325 324
325 326
325 327
325 328
326 239
326 240
326 241
326 242
326 243
326 262
326 263
326 264
326 265
326 266
326 323
326 324
326 325
326 327
326 328
326 329
327 180
327 238
327 239
327 240
327 241
327 242
327 243
327 262
327 263
327 264
327 265
327 324
327 325
327 326
327 328
327 329
328 145
328 190
328 237
328 238
328 239
328 240
328 241
328 243
328 260
328 261
328 262
328 263
328 264
328 265
328 307
328 308
328 324
328 325
328 326
328 327
328 329
328 330
329 143
329 144
329 145
329 148
329 191
329 236
329 237
329 238
329 239
329 240
329 259
329 260
329 261
329 262
329 263
329 264
329 265
329 308
329 326
329 327
329 328
329 330
329 331
330 138
330 192
330 235
330 236
330 237
330 238
330 239
330 258
330 259
330 260
330 261
330 262
330 263
330 264
330 265
330 308
330 309
330 311
330 328
330 329
330 331
330 332
331 138
331 139
331 192
331 194
331 195
331 205
331 206
331 207
331 233
331 234
331 235
331 236
331 237
331 238
331 257
331 258
331 259
331 260
331 261
331 262
331 311
331 329
331 330
331 332
331 333
332 192
332 193
332 195
332 205
332 207
332 232
332 233
332 234
332 235
332 236
332 237
332 256
332 257
332 258
332 259
332 260
332 311
332 312
332 313
332 330
332 331
332 333
332 334
333 195
333 207
333 208
333 211
333 231
333 232
333 233
333 234
333 235
333 236
333 254
333 255
333 256
333 257
333 258
333 259
333 313
333 331
333 332
333 334
333 335
334 207
334 211
334 215
334 231
334 232
334 233
334 234
334 235
334 250
334 251
334 252
334 253
334 254
334 255
334 256
334 257
334 258
334 313
334 314
334 316
334 332
334 333
334 335
334 336
334 362
335 211
335 212
335 214
335 215
335 216
335 217
335 218
335 230
335 232
335 233
335 250
335 251
335 252
335 253
335 254
335 255
335 256
335 257
335 315
335 316
335 333
335 334
335 336
335 337
335 362
336 211
336 214
336 215
336 216
336 217
336 218
336 251
336 252
336 253
336 254
336 255
336 256
336 315
336 316
336 334
336 335
336 337
336 338
336 339
336 340
336 341
336 344
336 362
336 365
336 368
336 369
336 372
337 122
337 211
337 213
337 214
337 215
337 216
337 217
337 219
337 254
337 255
337 315
337 316
337 335
337 336
337 338
337 339
337 340
337 341
337 344
337 372
337 397
338 118
338 214
338 215
338 216
338 336
338 337
338 339
338 340
338 341
338 342
338 344
338 372
338 376
338 393
338 394
338 395
338 396
338 397
338 398
339 117
339 118
339 121
339 122
339 123
339 214
339 315
339 316
339 336
339 337
339 338
339 340
339 341
339 342
339 343
339 344
339 391
339 392
339 393
339 394
339 396
339 397
340 121
340 122
340 123
340 253
340 254
340 255
340 315
340 316
340 317
340 336
340 337
340 338
340 339
340 341
340 342
340 343
340 344
340 345
340 393
340 394
340 396
340 397
341 253
341 254
341 316
341 336
341 337
341 338
341 339
341 340
341 342
341 343
341 344
341 345
341 346
341 347
341 369
341 393
341 394
341 396
341 397
341 398
341 399
341 400
341 401
342 253
342 316
342 317
342 338
342 339
342 340
342 341
342 343
342 344
342 345
342 346
342 347
342 393
342 396
342 397
342 398
342 399
342 400
342 401
343 123
343 252
343 253
343 254
343 272
343 315
343 316
343 317
343 318
343 339
343 340
343 341
343 342
343 344
343 345
343 346
343 347
343 348
343 349
343 397
344 250
344 251
344 252
344 253
344 254
344 255
344 315
344 316
344 317
344 336
344 337
344 338
344 339
344 340
344 341
344 342
344 343
344 345
344 346
344 347
344 348
344 349
344 365
345 252
345 253
345 254
345 316
345 317
345 340
345 341
345 342
345 343
345 344
345 346
345 347
345 348
345 349
345 350
345 351
345 365
345 366
345 369
345 397
345 400
345 401
345 404
346 252
346 253
346 274
346 277
346 316
346 317
346 341
346 342
346 343
346 344
346 345
346 347
346 348
346 349
346 350
346 351
347 249
347 250
347 251
347 252
347 253
347 254
347 272
347 277
347 281
347 316
347 317
347 318
347 341
347 342
347 343
347 344
347 345
347 346
347 348
347 349
347 350
347 351
347 352
347 353
348 249
348 250
348 251
348 252
348 253
348 254
348 317
348 343
348 344
348 345
348 346
348 347
348 349
348 350
348 351
348 352
348 353
348 354
348 361
348 362
348 365
348 366
349 252
349 253
349 343
349 344
349 345
349 346
349 347
349 348
349 350
349 351
349 352
349 353
349 354
350 249
350 252
350 253
350 277
350 278
350 280
350 281
350 345
350 346
350 347
350 348
350 349
350 351
350 352
350 353
350 354
350 355
351 249
351 250
351 251
351 252
351 253
351 281
351 345
351 346
351 347
351 348
351 349
351 350
351 352
351 353
351 354
351 355
351 356
351 357
351 359
351 361
352 252
352 347
352 348
352 349
352 350
352 351
352 353
352 354
352 355
352 356
352 357
352 361
353 281
353 285
353 347
353 348
353 349
353 350
353 351
353 352
353 354
353 355
353 356
354 281
354 282
354 284
354 285
354 348
354 349
354 350
354 351
354 352
354 353
354 355
354 356
354 357
354 359
355 285
355 350
355 351
355 352
355 353
355 354
355 356
355 357
355 358
355 359
356 284
356 285
356 351
356 352
356 353
356 354
356 355
356 357
356 358
356 359
356 360
356 361
357 351
357 352
357 354
357 355
357 356
357 358
357 359
357 360
357 361
358 167
358 168
358 355
358 356
358 357
358 359
358 360
358 361
359 248
359 250
359 251
359 351
359 354
359 355
359 356
359 357
359 358
359 360
359 361
359 362
360 193
360 250
360 251
360 252
360 356
360 357
360 358
360 359
360 361
360 362
360 363
361 250
361 251
361 252
361 348
361 351
361 352
361 356
361 357
361 358
361 359
361 360
361 362
361 363
361 364
361 365
362 230
362 231
362 232
362 250
362 251
362 252
362 253
362 254
362 334
362 335
362 336
362 348
362 359
362 360
362 361
362 363
362 364
362 365
362 366
362 368
363 227
363 228
363 229
363 230
363 231
363 232
363 251
363 252
363 360
363 361
363 362
363 364
363 365
363 366
363 367
363 368
363 420
364 227
364 228
364 229
364 230
364 252
364 361
364 362
364 363
364 365
364 366
364 367
364 368
364 369
364 370
364 419
364 420
364 421
365 217
365 230
365 251
365 252
365 254
365 336
365 344
365 345
365 348
365 361
365 362
365 363
365 364
365 366
365 367
365 368
365 369
365 370
365 420
366 252
366 345
366 348
366 362
366 363
366 364
366 365
366 367
366 368
366 369
366 370
366 371
366 372
366 401
366 404
366 405
366 408
366 417
366 418
366 419
366 420
366 421
366 422
367 221
367 225
367 227
367 229
367 230
367 363
367 364
367 365
367 366
367 368
367 369
367 370
367 371
367 372
367 373
367 417
367 419
367 420
367 421
367 422
368 216
368 217
368 220
368 221
368 229
368 230
368 336
368 362
368 363
368 364
368 365
368 366
368 367
368 369
368 370
368 371
368 372
368 373
368 420
368 421
368 422
369 216
369 217
369 220
369 336
369 341
369 345
369 364
369 365
369 366
369 367
369 368
369 370
369 371
369 372
369 373
369 374
369 375
369 398
369 401
369 402
369 404
369 405
369 420
369 421
370 220
370 221
370 364
370 365
370 366
370 367
370 368
370 369
370 371
370 372
370 373
370 374
370 375
370 376
370 401
370 402
370 404
370 405
370 420
370 421
370 422
370 425
370 427
370 430
371 216
371 217
371 219
371 220
371 221
371 222
371 366
371 367
371 368
371 369
371 370
371 372
371 373
371 374
371 375
371 376
371 377
371 421
371 422
371 425
372 216
372 217
372 219
372 220
372 221
372 336
372 337
372 338
372 366
372 367
372 368
372 369
372 370
372 371
372 373
372 374
372 375
372 376
372 377
372 378
372 397
372 398
372 401
373 220
373 367
373 368
373 369
373 370
373 371
373 372
373 374
373 375
373 376
373 377
373 378
373 379
373 397
373 398
373 399
373 400
373 401
373 402
373 405
373 430
373 431
373 434
374 220
374 369
374 370
374 371
374 372
374 373
374 375
374 376
374 377
374 378
374 379
374 398
374 425
374 430
374 431
374 433
374 434
375 216
375 219
375 220
375 369
375 370
375 371
375 372
375 373
375 374
375 376
375 377
375 378
375 379
375 380
375 381
375 398
376 338
376 370
376 371
376 372
376 373
376 374
376 375
376 377
376 378
376 379
376 380
376 381
376 382
376 390
376 394
376 395
376 397
376 398
376 401
376 434
376 437
376 438
377 371
377 372
377 373
377 374
377 375
377 376
377 378
377 379
377 380
377 381
377 382
377 383
377 398
377 430
377 431
377 433
377 434
377 435
377 436
377 437
377 438
378 372
378 373
378 374
378 375
378 376
378 377
378 379
378 380
378 381
378 382
378 383
378 434
378 437
379 373
379 374
379 375
379 376
379 377
379 378
379 380
379 381
379 382
379 383
379 384
379 385
379 389
379 390
379 394
379 437
380 375
380 376
380 377
380 378
380 379
380 381
380 382
380 383
380 384
380 385
380 386
380 388
380 389
380 390
380 394
380 395
380 398
380 434
380 436
380 437
380 438
380 440
380 441
381 375
381 376
381 377
381 378
381 379
381 380
381 382
381 383
381 384
381 385
381 386
381 434
381 437
382 376
382 377
382 378
382 379
382 380
382 381
382 383
382 384
382 385
382 386
382 387
382 388
382 389
382 390
383 377
383 378
383 379
383 380
383 381
383 382
383 384
383 385
383 386
383 387
383 388
383 389
383 390
383 437
383 441
384 379
384 380
384 381
384 382
384 383
384 385
384 386
384 387
384 388
384 389
384 390
384 437
384 440
384 441
384 444
385 379
385 380
385 381
385 382
385 383
385 384
385 386
385 387
385 388
386 380
386 381
386 382
386 383
386 384
386 385
386 387
386 388
386 389
387 382
387 383
387 384
387 385
387 386
387 388
387 389
388 380
388 382
388 383
388 384
388 385
388 386
388 387
388 389
388 390
388 391
388 441
389 379
389 380
389 382
389 383
389 384
389 386
389 387
389 388
389 390
389 391
389 392
389 395
389 441
389 442
389 444
389 445
390 376
390 379
390 380
390 382
390 383
390 384
390 388
390 389
390 391
390 392
390 393
390 394
390 395
390 441
390 445
391 118
391 339
391 388
391 389
391 390
391 392
391 393
391 394
391 395
391 396
392 339
392 389
392 390
392 391
392 393
392 394
392 395
392 396
392 397
392 398
392 441
392 442
392 445
393 118
393 121
393 338
393 339
393 340
393 341
393 342
393 390
393 391
393 392
393 394
393 395
393 396
393 397
393 398
393 399
394 338
394 339
394 340
394 341
394 376
394 379
394 380
394 390
394 391
394 392
394 393
394 395
394 396
394 397
394 398
394 399
394 400
394 438
395 338
395 376
395 380
395 389
395 390
395 391
395 392
395 393
395 394
395 396
395 397
395 398
395 399
395 400
395 437
395 438
395 439
395 441
395 442
396 338
396 339
396 340
396 341
396 342
396 391
396 392
396 393
396 394
396 395
396 397
396 398
396 399
396 400
396 401
396 402
396 438
396 442
397 337
397 338
397 339
397 340
397 341
397 342
397 343
397 345
397 372
397 373
397 376
397 392
397 393
397 394
397 395
397 396
397 398
397 399
397 400
397 401
397 402
397 403
398 338
398 341
398 342
398 369
398 372
398 373
398 374
398 375
398 376
398 377
398 380
398 392
398 393
398 394
398 395
398 396
398 397
398 399
398 400
398 401
398 402
398 403
398 404
398 434
398 435
398 437
398 438
399 341
399 342
399 373
399 393
399 394
399 395
399 396
399 397
399 398
399 400
399 401
399 402
399 403
399 404
399 434
399 435
399 438
399 439
400 341
400 342
400 345
400 373
400 394
400 395
400 396
400 397
400 398
400 399
400 401
400 402
400 403
400 404
400 405
400 406
401 341
401 342
401 345
401 366
401 369
401 370
401 372
401 373
401 376
401 396
401 397
401 398
401 399
401 400
401 402
401 403
401 404
401 405
401 406
401 407
401 431
401 434
402 369
402 370
402 373
402 396
402 397
402 398
402 399
402 400
402 401
402 403
402 404
402 405
402 406
402 407
402 430
402 431
402 432
402 433
402 434
402 435
402 438
403 397
403 398
403 399
403 400
403 401
403 402
403 404
403 405
403 406
403 407
403 408
403 431
403 435
404 345
404 366
404 369
404 370
404 398
404 399
404 400
404 401
404 402
404 403
404 405
404 406
404 407
404 408
404 409
404 431
405 366
405 369
405 370
405 373
405 400
405 401
405 402
405 403
405 404
405 406
405 407
405 408
405 409
405 410
405 417
405 427
405 428
405 430
405 431
406 400
406 401
406 402
406 403
406 404
406 405
406 407
406 408
406 409
406 410
406 427
406 428
406 431
406 432
407 401
407 402
407 403
407 404
407 405
407 406
407 408
407 409
407 410
407 411
407 412
407 413
407 414
407 417
408 366
408 403
408 404
408 405
408 406
408 407
408 409
408 410
408 411
408 412
408 413
408 414
408 415
408 416
408 417
408 418
408 421
408 427
409 404
409 405
409 406
409 407
409 408
409 410
409 411
409 412
409 413
409 414
409 415
409 416
409 417
409 418
409 421
409 427
409 428
409 431
410 405
410 406
410 407
410 408
410 409
410 411
410 412
410 413
410 414
410 415
410 417
411 407
411 408
411 409
411 410
411 412
411 413
411 414
411 415
412 407
412 408
412 409
412 410
412 411
412 413
412 414
412 415
412 416
413 407
413 408
413 409
413 410
413 411
413 412
413 414
413 415
413 416
413 417
413 418
414 407
414 408
414 409
414 410
414 411
414 412
414 413
414 415
414 416
414 417
414 418
414 419
414 421
415 408
415 409
415 410
415 411
415 412
415 413
415 414
415 416
415 417
415 418
415 419
416 408
416 409
416 412
416 413
416 414
416 415
416 417
416 418
416 419
416 420
417 366
417 367
417 405
417 407
417 408
417 409
417 410
417 413
417 414
417 415
417 416
417 418
417 419
417 420
417 421
418 366
418 408
418 409
418 413
418 414
418 415
418 416
418 417
418 419
418 420
418 421
418 422
418 423
419 227
419 364
419 366
419 367
419 414
419 415
419 416
419 417
419 418
419 420
419 421
419 422
419 423
420 227
420 363
420 364
420 365
420 366
420 367
420 368
420 369
420 370
420 416
420 417
420 418
420 419
420 421
420 422
420 423
421 227
421 364
421 366
421 367
421 368
421 369
421 370
421 371
421 408
421 409
421 414
421 417
421 418
421 419
421 420
421 422
421 423
421 424
421 425
421 426
421 427
422 225
422 226
422 227
422 366
422 367
422 368
422 370
422 371
422 418
422 419
422 420
422 421
422 423
422 424
422 425
422 426
422 427
423 225
423 226
423 418
423 419
423 420
423 421
423 422
423 424
423 425
423 426
423 427
424 225
424 226
424 421
424 422
424 423
424 425
424 426
424 427
425 370
425 371
425 374
425 421
425 422
425 423
425 424
425 426
425 427
425 428
425 429
425 430
426 421
426 422
426 423
426 424
426 425
426 427
426 428
426 429
426 430
426 431
427 370
427 405
427 406
427 408
427 409
427 421
427 422
427 423
427 424
427 425
427 426
427 428
427 429
427 430
427 431
427 432
427 433
428 405
428 406
428 409
428 425
428 426
428 427
428 429
428 430
428 431
428 432
428 433
429 425
429 426
429 427
429 428
429 430
429 431
429 432
429 433
429 434
429 435
430 370
430 373
430 374
430 377
430 402
430 405
430 425
430 426
430 427
430 428
430 429
430 431
430 432
430 433
430 434
430 435
430 436
431 373
431 374
431 377
431 401
431 402
431 403
431 404
431 405
431 406
431 409
431 426
431 427
431 428
431 429
431 430
431 432
431 433
431 434
431 435
431 436
432 402
432 406
432 427
432 428
432 429
432 430
432 431
432 433
432 434
432 435
432 436
432 437
433 374
433 377
433 402
433 427
433 428
433 429
433 430
433 431
433 432
433 434
433 435
433 436
433 437
433 438
433 439
434 373
434 374
434 376
434 377
434 378
434 380
434 381
434 398
434 399
434 401
434 402
434 429
434 430
434 431
434 432
434 433
434 435
434 436
434 437
434 438
434 439
434 440
435 377
435 398
435 399
435 402
435 403
435 429
435 430
435 431
435 432
435 433
435 434
435 436
435 437
435 438
435 439
435 440
435 441
436 377
436 380
436 430
436 431
436 432
436 433
436 434
436 435
436 437
436 438
436 439
436 440
436 441
437 376
437 377
437 378
437 379
437 380
437 381
437 383
437 384
437 395
437 398
437 432
437 433
437 434
437 435
437 436
437 438
437 439
437 440
437 441
437 442
437 443
438 376
438 377
438 380
438 394
438 395
438 396
438 398
438 399
438 402
438 433
438 434
438 435
438 436
438 437
438 439
438 440
438 441
438 442
438 443
438 444
439 395
439 399
439 433
439 434
439 435
439 436
439 437
439 438
439 440
439 441
439 442
439 443
439 444
439 445
440 380
440 384
440 434
440 435
440 436
440 437
440 438
440 439
440 441
440 442
440 443
440 444
440 445
441 380
441 383
441 384
441 388
441 389
441 390
441 392
441 395
441 435
441 436
441 437
441 438
441 439
441 440
441 442
441 443
441 444
441 445
441 446
441 447
442 389
442 392
442 395
442 396
442 437
442 438
442 439
442 440
442 441
442 443
442 444
442 445
442 446
442 447
443 437
443 438
443 439
443 440
443 441
443 442
443 444
443 445
443 446
443 447
443 448
444 384
444 389
444 438
444 439
444 440
444 441
444 442
444 443
444 445
444 446
444 447
444 448
444 449
445 389
445 390
445 392
445 439
445 440
445 441
445 442
445 443
445 444
445 446
445 447
445 448
445 449
446 441
446 442
446 443
446 444
446 445
446 447
446 448
446 449
446 450
447 441
447 442
447 443
447 444
447 445
447 446
447 448
447 449
447 450
448 443
448 444
448 445
448 446
448 447
448 449
448 450
448 451
449 444
449 445
449 446
449 447
449 448
449 450
449 451
449 452
450 446
450 447
450 448
450 449
450 451
450 452
450 453
451 448
451 449
451 450
451 452
451 453
451 454
452 449
452 450
452 451
452 453
452 454
452 455
453 450
453 451
453 452
453 454
453 455
453 456
454 451
454 452
454 453
454 455
454 456
454 457
455 452
455 453
455 454
455 456
455 457
455 458
456 453
456 454
456 455
456 457
456 458
457 454
457 455
457 456
457 458
457 459
458 455
458 456
458 457
458 459
458 460
459 457
459 458
459 460
459 461
460 458
460 459
460 461
460 462
460 463
461 459
461 460
461 462
461 463
461 464
462 460
462 461
462 463
462 464
463 460
463 461
463 462
463 464
463 465
464 461
464 462
464 463
464 465
464 466
464 467
465 463
465 464
465 466
465 467
465 468
466 464
466 465
466 467
466 468
467 464
467 465
467 466
467 468
467 469
468 465
468 466
468 467
468 469
468 470
469 467
469 468
469 470
469 471
470 468
470 469
470 471
470 472
471 469
471 470
471 472
471 473
472 470
472 471
472 473
472 474
473 471
473 472
473 474
473 475
474 472
474 473
474 475
474 476
475 473
475 474
475 476
475 477
476 474
476 475
476 477
476 478
477 475
477 476
477 478
477 479
478 476
478 477
478 479
478 480
479 477
479 478
479 480
479 481
480 478
480 479
480 481
480 482
481 479
481 480
481 482
481 483
482 480
482 481
482 483
482 484
483 481
483 482
483 484
483 485
484 482
484 483
484 485
484 486
485 483
485 484
485 486
485 487
486 484
486 485
486 487
486 488
487 485
487 486
487 488
487 489
488 486
488 487
488 489
488 490
489 487
489 488
489 490
489 491
490 488
490 489
490 491
490 492
491 489
491 490
491 492
491 493
492 490
492 491
492 493
492 494
493 491
493 492
493 494
493 495
494 492
494 493
494 495
494 496
495 493
495 494
495 496
495 497
496 494
496 495
496 497
496 498
497 495
497 496
497 498
497 499
498 496
498 497
498 499
498 500
499 497
499 498
499 500
499 501
500 498
500 499
500 501
500 502
501 499
501 500
501 502
501 503
502 500
502 501
502 503
502 504
503 501
503 502
503 504
503 505
504 502
504 503
504 505
504 506
504 507
505 503
505 504
505 506
505 507
505 508
506 504
506 505
506 507
506 508
506 509
507 504
507 505
507 506
507 508
507 509
507 510
508 505
508 506
508 507
508 509
508 510
508 511
509 506
509 507
509 508
509 510
509 511
509 512
510 507
510 508
510 509
510 511
510 512
511 508
511 509
511 510
511 512
511 513
511 514
512 509
512 510
512 511
512 513
512 514
512 515
513 511
513 512
513 514
513 515
514 511
514 512
514 513
514 515
514 516
514 517
515 512
515 513
515 514
515 516
515 517
515 518
516 514
516 515
516 517
516 518
516 519
517 514
517 515
517 516
517 518
517 519
517 520
518 515
518 516
518 517
518 519
518 520
519 516
519 517
519 518
519 520
519 521
520 517
520 518
520 519
520 521
520 522
521 519
521 520
521 522
521 523
522 520
522 521
522 523
522 524
523 521
523 522
523 524
523 525
524 522
524 523
524 525
524 526
525 523
525 524
525 526
525 527
526 524
526 525
526 527
526 528
527 525
527 526
527 528
527 529
528 526
528 527
528 529
528 530
529 527
529 528
529 530
529 531
530 528
530 529
530 531
530 532
530 533
531 529
531 530
531 532
531 533
532 530
532 531
532 533
532 534
533 530
533 531
533 532
533 534
533 535
534 532
534 533
534 535
534 536
535 533
535 534
535 536
535 537
536 534
536 535
536 537
536 538
537 535
537 536
537 538
537 539
538 536
538 537
538 539
538 540
539 537
539 538
539 540
539 541
540 538
540 539
540 541
540 542
540 543
541 539
541 540
541 542
541 543
541 544
542 540
542 541
542 543
542 544
542 545
543 540
543 541
543 542
543 544
543 545
543 546
544 541
544 542
544 543
544 545
544 546
544 547
544 548
545 542
545 543
545 544
545 546
545 547
545 548
545 549
546 543
546 544
546 545
546 547
546 548
546 549
546 550
547 544
547 545
547 546
547 548
547 549
547 550
547 551
548 544
548 545
548 546
548 547
548 549
548 550
548 551
548 552
549 545
549 546
549 547
549 548
549 550
549 551
549 552
549 553
550 546
550 547
550 548
550 549
550 551
550 552
550 553
550 554
551 547
551 548
551 549
551 550
551 552
551 553
551 554
551 555
552 548
552 549
552 550
552 551
552 553
552 554
552 555
552 556
553 549
553 550
553 551
553 552
553 554
553 555
553 556
553 557
554 550
554 551
554 552
554 553
554 555
554 556
554 557
555 551
555 552
555 553
555 554
555 556
555 557
555 558
556 552
556 553
556 554
556 555
556 557
556 558
556 559
557 553
557 554
557 555
557 556
557 558
557 559
558 555
558 556
558 557
558 559
558 560
558 561
559 556
559 557
559 558
559 560
559 561
559 562
560 558
560 559
560 561
560 562
561 558
561 559
561 560
561 562
561 563
562 559
562 560
562 561
562 563
562 564
563 561
563 562
563 564
563 565
564 562
564 563
564 565
564 566
564 567
565 563
565 564
565 566
565 567
566 564
566 565
566 567
566 568
567 564
567 565
567 566
567 568
567 569
568 566
568 567
568 569
568 570
569 567
569 568
569 570
569 571
570 568
570 569
570 571
570 572
571 569
571 570
571 572
571 573
572 570
572 571
572 573
572 574
573 571
573 572
573 574
573 575
574 572
574 573
574 575
574 576
575 573
575 574
575 576
575 577
576 574
576 575
576 577
576 578
577 575
577 576
577 578
577 579
578 576
578 577
578 579
578 580
579 577
579 578
579 580
579 581
580 578
580 579
580 581
580 582
581 579
581 580
581 582
581 583
582 580
582 581
582 583
582 584
582 585
583 581
583 582
583 584
583 585
583 586
584 582
584 583
584 585
584 586
584 587
584 588
585 582
585 583
585 584
585 586
585 587
585 588
586 583
586 584
586 585
586 587
586 588
586 589
586 590
587 584
587 585
587 586
587 588
587 589
587 590
587 591
588 584
588 585
588 586
588 587
588 589
588 590
588 591
589 586
589 587
589 588
589 590
589 591
589 592
590 586
590 587
590 588
590 589
590 591
590 592
590 593
591 587
591 588
591 589
591 590
591 592
591 593
591 594
592 589
592 590
592 591
592 593
592 594
592 595
593 590
593 591
593 592
593 594
593 595
593 596
594 591
594 592
594 593
594 595
594 596
595 592
595 593
595 594
595 596
595 597
595 598
596 593
596 594
596 595
596 597
596 598
596 599
597 595
597 596
597 598
597 599
597 600
598 595
598 596
598 597
598 599
598 600
599 596
599 597
599 598
599 600
599 601
600 597
600 598
600 599
600 601
600 602
600 603
601 599
601 600
601 602
601 603
601 604
602 600
602 601
602 603
602 604
603 600
603 601
603 602
603 604
603 605
603 606
604 601
604 602
604 603
604 605
604 606
605 603
605 604
605 606
605 607
605 608
606 603
606 604
606 605
606 607
606 608
607 605
607 606
607 608
607 609
608 605
608 606
608 607
608 609
608 610
609 607
609 608
609 610
609 611
610 608
610 609
610 611
610 612
611 609
611 610
611 612
611 613
612 610
612 611
612 613
612 614
612 615
613 611
613 612
613 614
613 615
614 612
614 613
614 615
614 616
615 612
615 613
615 614
615 616
615 617
615 618
616 614
616 615
616 617
616 618
616 619
617 615
617 616
617 618
617 619
618 615
618 616
618 617
618 619
618 620
619 616
619 617
619 618
619 620
619 621
620 618
620 619
620 621
620 622
621 619
621 620
621 622
621 623
622 620
622 621
622 623
622 624
623 621
623 622
623 624
623 625
624 622
624 623
624 625
624 626
625 623
625 624
625 626
625 627
625 628
626 624
626 625
626 627
626 628
627 625
627 626
627 628
627 629
628 625
628 626
628 627
628 629
628 630
629 627
629 628
629 630
629 631
630 628
630 629
630 631
630 632
630 633
631 629
631 630
631 632
631 633
631 634
632 630
632 631
632 633
632 634
632 635
633 630
633 631
633 632
633 634
633 635
633 636
634 631
634 632
634 633
634 635
634 636
635 632
635 633
635 634
635 636
635 637
636 633
636 634
636 635
636 637
636 638
637 635
637 636
637 638
637 639
638 636
638 637
638 639
638 640
639 637
639 638
639 640
639 641
640 638
640 639
640 641
640 642
641 639
641 640
641 642
641 643
642 640
642 641
642 643
642 644
643 641
643 642
643 644
643 645
644 642
644 643
644 645
644 646
645 643
645 644
645 646
645 647
646 644
646 645
646 647
646 648
647 645
647 646
647 648
647 649
648 646
648 647
648 649
648 650
649 647
649 648
649 650
649 651
650 648
650 649
650 651
650 652
651 649
651 650
651 652
651 653
652 650
652 651
652 653
652 654
653 651
653 652
653 654
653 655
654 652
654 653
654 655
654 656
655 653
655 654
655 656
655 657
656 654
656 655
656 657
656 658
657 655
657 656
657 658
657 659
658 656
658 657
658 659
658 660
659 657
659 658
659 660
659 661
660 658
660 659
660 661
660 662
661 659
661 660
661 662
661 663
662 660
662 661
662 663
662 664
663 661
663 662
663 664
663 665
663 666
664 662
664 663
664 665
664 666
665 663
665 664
665 666
665 667
666 663
666 664
666 665
666 667
666 668
667 665
667 666
667 668
667 669
668 666
668 667
668 669
668 670
668 671
669 667
669 668
669 670
669 671
670 668
670 669
670 671
670 672
670 673
671 668
671 669
671 670
671 672
671 673
672 670
672 671
672 673
672 674
672 675
673 670
673 671
673 672
673 674
673 675
673 676
674 672
674 673
674 675
674 676
674 677
675 672
675 673
675 674
675 676
675 677
676 673
676 674
676 675
676 677
676 678
676 679
677 674
677 675
677 676
677 678
677 679
677 680
678 676
678 677
678 679
678 680
678 681
679 676
679 677
679 678
679 680
679 681
679 682
680 677
680 678
680 679
680 681
680 682
680 683
681 678
681 679
681 680
681 682
681 683
681 684
682 679
682 680
682 681
682 683
682 684
682 685
683 680
683 681
683 682
683 684
683 685
683 686
684 681
684 682
684 683
684 685
684 686
684 687
685 682
685 683
685 684
685 686
685 687
685 688
686 683
686 684
686 685
686 687
686 688
686 689
687 684
687 685
687 686
687 688
687 689
687 690
688 685
688 686
688 687
688 689
688 690
688 691
689 686
689 687
689 688
689 690
689 691
689 692
690 687
690 688
690 689
690 691
690 692
690 693
691 688
691 689
691 690
691 692
691 693
691 694
692 689
692 690
692 691
692 693
692 694
692 695
693 690
693 691
693 692
693 694
693 695
694 691
694 692
694 693
694 695
694 696
695 692
695 693
695 694
695 696
695 697
696 694
696 695
696 697
696 698
697 695
697 696
697 698
697 699
698 696
698 697
698 699
698 700
699 697
699 698
699 700
699 701
700 698
700 699
700 701
700 702
701 699
701 700
701 702
701 703
702 700
702 701
702 703
702 704
703 701
703 702
703 704
703 705
704 702
704 703
704 705
704 706
705 703
705 704
705 706
705 707
706 704
706 705
706 707
706 708
707 705
707 706
707 708
707 709
708 706
708 707
708 709
708 710
709 707
709 708
709 710
709 711
710 708
710 709
710 711
710 712
711 709
711 710
711 712
711 713
712 710
712 711
712 713
712 714
713 711
713 712
713 714
713 715
714 712
714 713
714 715
714 716
715 713
715 714
715 716
715 717
715 718
716 714
716 715
716 717
716 718
717 715
717 716
717 718
717 719
718 715
718 716
718 717
718 719
718 720
719 717
719 718
719 720
719 721
720 718
720 719
720 721
720 722
720 723
721 719
721 720
721 722
721 723
721 724
722 720
722 721
722 723
722 724
723 720
723 721
723 722
723 724
723 725
724 721
724 722
724 723
724 725
724 726
725 723
725 724
725 726
725 727
726 724
726 725
726 727
726 728
727 725
727 726
727 728
727 729
728 726
728 727
728 729
728 730
729 727
729 728
729 730
729 731
730 728
730 729
730 731
730 732
731 729
731 730
731 732
731 733
732 730
732 731
732 733
732 734
733 731
733 732
733 734
733 735
734 732
734 733
734 735
734 736
734 737
735 733
735 734
735 736
735 737
735 738
736 734
736 735
736 737
736 738
736 739
737 734
737 735
737 736
737 738
737 739
737 740
738 735
738 736
738 737
738 739
738 740
738 741
739 736
739 737
739 738
739 740
739 741
739 742
740 737
740 738
740 739
740 741
740 742
740 743
741 738
741 739
741 740
741 742
741 743
742 739
742 740
742 741
742 743
742 744
743 740
743 741
743 742
743 744
743 745
744 742
744 743
744 745
744 746
745 743
745 744
745 746
745 747
746 744
746 745
746 747
746 748
747 745
747 746
747 748
747 749
748 746
748 747
748 749
748 750
749 747
749 748
749 750
749 751
749 752
750 748
750 749
750 751
750 752
751 749
751 750
751 752
751 753
751 754
752 749
752 750
752 751
752 753
752 754
752 755
753 751
753 752
753 754
753 755
754 751
754 752
754 753
754 755
754 756
755 752
755 753
755 754
755 756
755 757
756 754
756 755
756 757
756 758
756 759
757 755
757 756
757 758
757 759
758 756
758 757
758 759
758 760
758 761
759 756
759 757
759 758
759 760
759 761
759 762
760 758
760 759
760 761
760 762
760 763
760 764
760 765
761 758
761 759
761 760
761 762
761 763
761 764
761 765
761 766
762 759
762 760
762 761
762 763
762 764
762 765
762 766
762 767
763 760
763 761
763 762
763 764
763 765
763 766
763 767
763 768
763 769
764 760
764 761
764 762
764 763
764 765
764 766
764 767
764 768
764 769
765 760
765 761
765 762
765 763
765 764
765 766
765 767
765 768
765 769
765 770
766 761
766 762
766 763
766 764
766 765
766 767
766 768
766 769
766 770
766 771
767 762
767 763
767 764
767 765
767 766
767 768
767 769
767 770
767 771
767 772
768 763
768 764
768 765
768 766
768 767
768 769
768 770
768 771
768 772
769 763
769 764
769 765
769 766
769 767
769 768
769 770
769 771
769 772
769 773
770 765
770 766
770 767
770 768
770 769
770 771
770 772
770 773
770 774
771 766
771 767
771 768
771 769
771 770
771 772
771 773
771 774
772 767
772 768
772 769
772 770
772 771
772 773
772 774
772 775
773 769
773 770
773 771
773 772
773 774
773 775
773 776
774 770
774 771
774 772
774 773
774 775
774 776
775 772
775 773
775 774
775 776
775 777
775 914
776 773
776 774
776 775
776 777
776 778
776 914
777 775
777 776
777 778
777 779
777 780
778 776
778 777
778 779
778 780
779 777
779 778
779 780
779 781
779 782
780 777
780 778
780 779
780 781
780 782
780 783
781 779
781 780
781 782
781 783
782 779
782 780
782 781
782 783
782 784
783 780
783 781
783 782
783 784
783 785
783 786
784 782
784 783
784 785
784 786
784 787
785 783
785 784
785 786
785 787
786 783
786 784
786 785
786 787
786 788
786 789
787 784
787 785
787 786
787 788
787 789
787 790
787 791
787 792
788 786
788 787
788 789
788 790
788 791
788 792
788 793
789 786
789 787
789 788
789 790
789 791
789 792
789 793
789 794
789 795
790 787
790 788
790 789
790 791
790 792
790 793
790 794
790 795
790 796
791 787
791 788
791 789
791 790
791 792
791 793
791 794
791 795
791 796
791 797
792 787
792 788
792 789
792 790
792 791
792 793
792 794
792 795
792 796
792 797
792 798
792 799
793 788
793 789
793 790
793 791
793 792
793 794
793 795
793 796
793 797
793 798
793 799
794 789
794 790
794 791
794 792
794 793
794 795
794 796
794 797
794 798
794 799
795 789
795 790
795 791
795 792
795 793
795 794
795 796
795 797
795 798
795 799
795 800
795 801
796 790
796 791
796 792
796 793
796 794
796 795
796 797
796 798
796 799
796 800
796 801
797 791
797 792
797 793
797 794
797 795
797 796
797 798
797 799
797 800
797 801
797 802
798 792
798 793
798 794
798 795
798 796
798 797
798 799
798 800
798 801
798 802
799 792
799 793
799 794
799 795
799 796
799 797
799 798
799 800
799 801
799 802
799 803
800 795
800 796
800 797
800 798
800 799
800 801
800 802
800 803
801 795
801 796
801 797
801 798
801 799
801 800
801 802
801 803
801 804
802 797
802 798
802 799
802 800
802 801
802 803
802 804
802 805
803 799
803 800
803 801
803 802
803 804
803 805
804 801
804 802
804 803
804 805
804 806
804 807
805 802
805 803
805 804
805 806
805 807
805 808
806 804
806 805
806 807
806 808
806 809
807 804
807 805
807 806
807 808
807 809
807 810
808 805
808 806
808 807
808 809
808 810
809 806
809 807
809 808
809 810
809 811
810 807
810 808
810 809
810 811
810 812
811 809
811 810
811 812
811 813
812 810
812 811
812 813
812 814
813 811
813 812
813 814
813 815
814 812
814 813
814 815
814 816
815 813
815 814
815 816
815 817
816 814
816 815
816 817
816 818
817 815
817 816
817 818
817 819
818 816
818 817
818 819
818 820
819 817
819 818
819 820
819 821
820 818
820 819
820 821
820 822
821 819
821 820
821 822
821 823
822 820
822 821
822 823
822 824
823 821
823 822
823 824
823 825
824 822
824 823
824 825
824 826
825 823
825 824
825 826
825 827
826 824
826 825
826 827
826 828
827 825
827 826
827 828
827 829
828 826
828 827
828 829
828 830
829 827
829 828
829 830
829 831
830 828
830 829
830 831
830 832
831 829
831 830
831 832
831 833
832 830
832 831
832 833
832 834
833 831
833 832
833 834
833 835
834 832
834 833
834 835
834 836
835 833
835 834
835 836
835 837
836 834
836 835
836 837
836 838
837 835
837 836
837 838
837 839
838 836
838 837
838 839
838 840
839 837
839 838
839 840
839 841
840 838
840 839
840 841
840 842
841 839
841 840
841 842
841 843
842 840
842 841
842 843
842 844
843 841
843 842
843 844
843 845
844 842
844 843
844 845
844 846
845 843
845 844
845 846
845 847
846 844
846 845
846 847
846 848
847 845
847 846
847 848
847 849
848 846
848 847
848 849
848 850
849 847
849 848
849 850
849 851
849 852
850 848
850 849
850 851
850 852
851 849
851 850
851 852
851 853
851 854
852 849
852 850
852 851
852 853
852 854
853 851
853 852
853 854
853 855
853 856
854 851
854 852
854 853
854 855
854 856
854 857
855 853
855 854
855 856
855 857
855 858
856 853
856 854
856 855
856 857
856 858
856 859
857 854
857 855
857 856
857 858
857 859
857 860
858 855
858 856
858 857
858 859
858 860
858 861
859 856
859 857
859 858
859 860
859 861
859 862
860 857
860 858
860 859
860 861
860 862
860 863
861 858
861 859
861 860
861 862
861 863
861 864
862 859
862 860
862 861
862 863
862 864
862 865
863 860
863 861
863 862
863 864
863 865
863 866
864 861
864 862
864 863
864 865
864 866
864 867
865 862
865 863
865 864
865 866
865 867
865 868
866 863
866 864
866 865
866 867
866 868
866 869
867 864
867 865
867 866
867 868
867 869
867 870
868 865
868 866
868 867
868 869
868 870
868 871
869 866
869 867
869 868
869 870
869 871
869 872
870 867
870 868
870 869
870 871
870 872
870 873
871 868
871 869
871 870
871 872
871 873
871 874
871 875
872 869
872 870
872 871
872 873
872 874
872 875
873 870
873 871
873 872
873 874
873 875
874 871
874 872
874 873
874 875
874 876
875 871
875 872
875 873
875 874
875 876
875 877
875 878
876 874
876 875
876 877
876 878
876 879
877 875
877 876
877 878
877 879
877 880
878 875
878 876
878 877
878 879
878 880
878 881
879 876
879 877
879 878
879 880
879 881
879 882
880 877
880 878
880 879
880 881
880 882
880 883
881 878
881 879
881 880
881 882
881 883
881 884
882 879
882 880
882 881
882 883
882 884
882 885
883 880
883 881
883 882
883 884
883 885
883 886
884 881
884 882
884 883
884 885
884 886
885 882
885 883
885 884
885 886
885 887
886 883
886 884
886 885
886 887
886 888
887 885
887 886
887 888
887 889
887 890
888 886
888 887
888 889
888 890
888 891
889 887
889 888
889 890
889 891
889 892
890 887
890 888
890 889
890 891
890 892
891 888
891 889
891 890
891 892
891 893
892 889
892 890
892 891
892 893
892 894
893 891
893 892
893 894
893 895
894 892
894 893
894 895
894 896
895 893
895 894
895 896
895 897
896 894
896 895
896 897
896 898
897 895
897 896
897 898
897 899
897 900
898 896
898 897
898 899
898 900
899 897
899 898
899 900
899 901
900 897
900 898
900 899
900 901
900 902
901 899
901 900
901 902
901 903
901 904
902 900
902 901
902 903
902 904
903 901
903 902
903 904
903 905
903 906
904 901
904 902
904 903
904 905
904 906
904 907
905 903
905 904
905 906
905 907
905 908
906 903
906 904
906 905
906 907
906 908
906 909
907 904
907 905
907 906
907 908
907 909
907 910
908 905
908 906
908 907
908 909
908 910
908 911
909 906
909 907
909 908
909 910
909 911
909 912
910 907
910 908
910 909
910 911
910 912
910 913
911 908
911 909
911 910
911 912
911 913
911 914
912 909
912 910
912 911
912 913
912 914
912 915
913 910
913 911
913 912
913 914
913 915
913 916
914 775
914 776
914 911
914 912
914 913
914 915
914 916
914 917
915 912
915 913
915 914
915 916
915 917
915 918
916 913
916 914
916 915
916 917
916 918
916 919
917 914
917 915
917 916
917 918
917 919
917 920
918 915
918 916
918 917
918 919
918 920
918 921
919 916
919 917
919 918
919 920
919 921
919 922
920 917
920 918
920 919
920 921
920 922
920 923
920 924
921 918
921 919
921 920
921 922
921 923
921 924
921 925
922 69
922 919
922 920
922 921
922 923
922 924
922 925
923 71
923 920
923 921
923 922
923 924
923 925
923 926
924 920
924 921
924 922
924 923
924 925
924 926
924 927
925 921
925 922
925 923
925 924
925 926
925 927
925 928
925 929
925 930
926 923
926 924
926 925
926 927
926 928
926 929
926 930
926 931
927 924
927 925
927 926
927 928
927 929
927 930
927 931
927 932
928 925
928 926
928 927
928 929
928 930
928 931
928 932
928 933
928 934
929 925
929 926
929 927
929 928
929 930
929 931
929 932
929 933
929 934
929 935
930 925
930 926
930 927
930 928
930 929
930 931
930 932
930 933
930 934
930 935
930 936
931 926
931 927
931 928
931 929
931 930
931 932
931 933
931 934
931 935
931 936
931 937
932 927
932 928
932 929
932 930
932 931
932 933
932 934
932 935
932 936
932 937
932 938
933 928
933 929
933 930
933 931
933 932
933 934
933 935
933 936
933 937
933 938
933 939
934 928
934 929
934 930
934 931
934 932
934 933
934 935
934 936
934 937
934 938
934 939
934 940
935 929
935 930
935 931
935 932
935 933
935 934
935 936
935 937
935 938
935 939
935 940
935 941
936 930
936 931
936 932
936 933
936 934
936 935
936 937
936 938
936 939
936 940
936 941
937 931
937 932
937 933
937 934
937 935
937 936
937 938
937 939
937 940
937 941
937 942
938 932
938 933
938 934
938 935
938 936
938 937
938 939
938 940
938 941
938 942
938 943
939 933
939 934
939 935
939 936
939 937
939 938
939 940
939 941
939 942
939 943
939 944
940 934
940 935
940 936
940 937
940 938
940 939
940 941
940 942
940 943
940 944
940 945
941 935
941 936
941 937
941 938
941 939
941 940
941 942
941 943
941 944
941 945
941 946
942 937
942 938
942 939
942 940
942 941
942 943
942 944
942 945
942 946
942 947
943 938
943 939
943 940
943 941
943 942
943 944
943 945
943 946
943 947
943 948
944 939
944 940
944 941
944 942
944 943
944 945
944 946
944 947
944 948
944 949
944 950
945 940
945 941
945 942
945 943
945 944
945 946
945 947
945 948
945 949
945 950
946 941
946 942
946 943
946 944
946 945
946 947
946 948
946 949
946 950
946 951
947 942
947 943
947 944
947 945
947 946
947 948
947 949
947 950
947 951
947 952
948 943
948 944
948 945
948 946
948 947
948 949
948 950
948 951
948 952
948 953
949 944
949 945
949 946
949 947
949 948
949 950
949 951
949 952
949 953
949 954
950 944
950 945
950 946
950 947
950 948
950 949
950 951
950 952
950 953
950 954
951 946
951 947
951 948
951 949
951 950
951 952
951 953
951 954
951 955
952 947
952 948
952 949
952 950
952 951
952 953
952 954
952 955
953 948
953 949
953 950
953 951
953 952
953 954
953 955
953 956
954 949
954 950
954 951
954 952
954 953
954 955
954 956
954 957
955 951
955 952
955 953
955 954
955 956
955 957
955 958
956 953
956 954
956 955
956 957
956 958
957 954
957 955
957 956
957 958
957 959
958 955
958 956
958 957
958 959
958 960
959 957
959 958
959 960
959 961
960 958
960 959
960 961
960 962
961 959
961 960
961 962
961 963
962 960
962 961
962 963
962 964
962 965
963 961
963 962
963 964
963 965
964 962
964 963
964 965
964 966
965 962
965 963
965 964
965 966
965 967
966 964
966 965
966 967
966 968
967 965
967 966
967 968
967 969
968 966
968 967
968 969
968 970
969 967
969 968
969 970
969 971
970 968
970 969
970 971
970 972
971 969
971 970
971 972
971 973
971 974
972 970
972 971
972 973
972 974
973 971
973 972
973 974
973 975
973 976
974 971
974 972
974 973
974 975
974 976
975 973
975 974
975 976
975 977
975 978
976 973
976 974
976 975
976 977
976 978
977 975
977 976
977 978
977 979
978 975
978 976
978 977
978 979
978 980
979 977
979 978
979 980
979 981
980 978
980 979
980 981
980 982
981 979
981 980
981 982
981 983
982 980
982 981
982 983
982 984
983 981
983 982
983 984
983 985
984 982
984 983
984 985
984 986
985 983
985 984
985 986
985 987
986 984
986 985
986 987
986 988
987 985
987 986
987 988
987 989
988 986
988 987
988 989
988 990
989 987
989 988
989 990
989 991
990 988
990 989
990 991
990 992
991 989
991 990
991 992
991 993
991 994
992 990
992 991
992 993
992 994
993 991
993 992
993 994
993 995
994 991
994 992
994 993
994 995
994 996
995 993
995 994
995 996
995 997
996 994
996 995
996 997
996 998
996 999
997 995
997 996
997 998
997 999
998 996
998 997
998 999
998 1000
998 1001
999 996
999 997
999 998
999 1000
999 1001
1000 998
1000 999
1000 1001
1000 1002
1001 998
1001 999
1001 1000
1001 1002
1001 1003
1002 1000
1002 1001
1002 1003
1002 1004
1002 1005
1003 1001
1003 1002
1003 1004
1003 1005
1004 1002
1004 1003
1004 1005
1004 1006
1005 1002
1005 1003
1005 1004
1005 1006
1005 1007
1006 1004
1006 1005
1006 1007
1006 1008
1007 1005
1007 1006
1007 1008
1007 1009
1008 1006
1008 1007
1008 1009
1008 1010
1009 1007
1009 1008
1009 1010
1009 1011
1010 1008
1010 1009
1010 1011
1010 1012
1011 1009
1011 1010
1011 1012
1011 1013
1012 1010
1012 1011
1012 1013
1012 1014
1013 1011
1013 1012
1013 1014
1013 1015
1014 1012
1014 1013
1014 1015
1014 1016
1015 1013
1015 1014
1015 1016
1015 1017
1016 1014
1016 1015
1016 1017
1016 1018
1017 1015
1017 1016
1017 1018
1017 1019
1018 1016
1018 1017
1018 1019
1018 1020
1019 1017
1019 1018
1019 1020
1019 1021
1020 1018
1020 1019
1020 1021
1020 1022
1021 1019
1021 1020
1021 1022
1021 1023
1022 1020
1022 1021
1022 1023
1022 1024
1023 1021
1023 1022
1023 1024
1023 1025
1024 1022
1024 1023
1024 1025
1024 1026
1024 1027
1025 1023
1025 1024
1025 1026
1025 1027
1026 1024
1026 1025
1026 1027
1026 1028
1027 1024
1027 1025
1027 1026
1027 1028
1027 1029
1028 1026
1028 1027
1028 1029
1028 1030
1029 1027
1029 1028
1029 1030
1029 1031
1030 1028
1030 1029
1030 1031
1030 1032
1031 1029
1031 1030
1031 1032
1031 1033
1032 1030
1032 1031
1032 1033
1032 1034
1033 1031
1033 1032
1033 1034
1033 1035
1034 1032
1034 1033
1034 1035
1034 1036
1035 1033
1035 1034
1035 1036
1035 1037
1036 1034
1036 1035
1036 1037
1036 1038
1037 1035
1037 1036
1037 1038
1037 1039
1038 1036
1038 1037
1038 1039
1038 1040
1039 1037
1039 1038
1039 1040
1039 1041
1040 1038
1040 1039
1040 1041
1040 1042
1041 1039
1041 1040
1041 1042
1041 1043
1042 1040
1042 1041
1042 1043
1042 1044
1043 1041
1043 1042
1043 1044
1043 1045
1044 1042
1044 1043
1044 1045
1044 1046
1045 1043
1045 1044
1045 1046
1045 1047
1046 1044
1046 1045
1046 1047
1046 1048
1047 1045
1047 1046
1047 1048
1047 1049
1048 1046
1048 1047
1048 1049
1048 1050
1049 1047
1049 1048
1049 1050
1049 1051
1050 1048
1050 1049
1050 1051
1050 1052
1051 1049
1051 1050
1051 1052
1051 1053
1052 1050
1052 1051
1052 1053
1052 1054
1053 1051
1053 1052
1053 1054
1053 1055
1054 1052
1054 1053
1054 1055
1054 1056
1055 1053
1055 1054
1055 1056
1055 1057
1056 1054
1056 1055
1056 1057
1056 1058
1057 1055
1057 1056
1057 1058
1057 1059
1058 1056
1058 1057
1058 1059
1058 1060
1059 1057
1059 1058
1059 1060
1059 1061
1060 1058
1060 1059
1060 1061
1060 1062
1061 1059
1061 1060
1061 1062
1061 1063
1062 1060
1062 1061
1062 1063
1062 1064
1063 1061
1063 1062
1063 1064
1063 1065
1064 1062
1064 1063
1064 1065
1064 1066
1065 1063
1065 1064
1065 1066
1065 1067
1066 1064
1066 1065
1066 1067
1066 1068
1066 1069
1067 1065
1067 1066
1067 1068
1067 1069
1068 1066
1068 1067
1068 1069
1068 1070
1068 1071
1069 1066
1069 1067
1069 1068
1069 1070
1069 1071
1069 1072
1070 1068
1070 1069
1070 1071
1070 1072
1070 1073
1071 1068
1071 1069
1071 1070
1071 1072
1071 1073
1071 1074
1072 1069
1072 1070
1072 1071
1072 1073
1072 1074
1072 1075
1073 1070
1073 1071
1073 1072
1073 1074
1073 1075
1073 1076
1074 1071
1074 1072
1074 1073
1074 1075
1074 1076
1074 1077
1074 1079
1075 1072
1075 1073
1075 1074
1075 1076
1075 1077
1075 1078
1075 1079
1075 1080
1076 1073
1076 1074
1076 1075
1076 1077
1076 1078
1076 1079
1076 1080
1076 1081
1076 1082
1077 1074
1077 1075
1077 1076
1077 1078
1077 1079
1077 1080
1077 1081
1077 1082
1077 1083
1078 1075
1078 1076
1078 1077
1078 1079
1078 1080
1078 1081
1078 1082
1078 1083
1079 1074
1079 1075
1079 1076
1079 1077
1079 1078
1079 1080
1079 1081
1079 1082
1079 1083
1079 1084
1080 1075
1080 1076
1080 1077
1080 1078
1080 1079
1080 1081
1080 1082
1080 1083
1080 1084
1080 1085
1081 1076
1081 1077
1081 1078
1081 1079
1081 1080
1081 1082
1081 1083
1081 1084
1081 1085
1081 1086
1082 1076
1082 1077
1082 1078
1082 1079
1082 1080
1082 1081
1082 1083
1082 1084
1082 1085
1082 1086
1082 1087
1083 1077
1083 1078
1083 1079
1083 1080
1083 1081
1083 1082
1083 1084
1083 1085
1083 1086
1083 1087
1084 1079
1084 1080
1084 1081
1084 1082
1084 1083
1084 1085
1084 1086
1084 1087
1084 1088
1085 1080
1085 1081
1085 1082
1085 1083
1085 1084
1085 1086
1085 1087
1085 1088
1085 1089
1086 1081
1086 1082
1086 1083
1086 1084
1086 1085
1086 1087
1086 1088
1086 1089
1087 1082
1087 1083
1087 1084
1087 1085
1087 1086
1087 1088
1087 1089
1087 1090
1088 1084
1088 1085
1088 1086
1088 1087
1088 1089
1088 1090
1088 1091
1088 1092
1089 1085
1089 1086
1089 1087
1089 1088
1089 1090
1089 1091
1089 1092
1090 1087
1090 1088
1090 1089
1090 1091
1090 1092
1090 1093
1091 1088
1091 1089
1091 1090
1091 1092
1091 1093
1092 1088
1092 1089
1092 1090
1092 1091
1092 1093
1092 1094
1092 1095
1093 1090
1093 1091
1093 1092
1093 1094
1093 1095
1094 1092
1094 1093
1094 1095
1095 1092
1095 1093
1095 1094
