0 1
0 2
0 3
1 0
1 2
1 3
1 4
1 57
2 0
2 1
2 3
2 4
2 5
2 56
2 57
2 58
3 0
3 1
3 2
3 4
3 5
3 6
3 56
3 57
3 58
4 1
4 2
4 3
4 5
4 6
4 32
4 55
4 56
4 57
4 58
4 60
4 61
5 2
5 3
5 4
5 6
5 7
5 32
5 54
5 55
5 56
5 57
5 58
5 59
5 60
5 61
5 62
6 3
6 4
6 5
6 7
6 8
6 32
6 33
6 53
6 54
6 55
6 56
6 57
6 58
6 61
7 5
7 6
7 8
7 9
7 34
7 52
7 53
7 54
7 55
7 56
7 58
7 61
7 62
7 65
8 6
8 7
8 9
8 10
8 35
8 36
8 37
8 51
8 52
8 53
8 54
8 55
8 65
9 7
9 8
9 10
9 11
9 49
9 50
9 51
9 52
9 53
9 54
9 65
9 69
10 8
10 9
10 11
10 12
10 13
10 36
10 37
10 38
10 39
10 48
10 49
10 50
10 51
10 52
10 53
10 68
10 69
10 72
11 9
11 10
11 12
11 13
11 14
11 15
11 16
11 19
11 36
11 48
11 49
11 50
11 51
11 52
11 68
11 69
11 71
11 72
11 73
12 10
12 11
12 13
12 14
12 15
12 16
12 47
12 48
12 49
12 50
12 51
12 69
12 72
12 73
13 10
13 11
13 12
13 14
13 15
13 16
13 17
13 38
13 39
13 47
13 48
13 49
13 50
13 51
13 72
14 11
14 12
14 13
14 15
14 16
14 17
14 18
14 19
14 47
14 48
14 49
14 50
14 72
15 11
15 12
15 13
15 14
15 16
15 17
15 18
15 19
15 20
15 21
15 49
15 50
15 71
15 72
15 73
16 11
16 12
16 13
16 14
16 15
16 17
16 18
16 19
16 20
16 21
16 22
16 36
16 38
16 49
16 50
16 51
16 52
16 72
17 13
17 14
17 15
17 16
17 18
17 19
17 20
17 21
17 22
17 23
18 14
18 15
18 16
18 17
18 19
18 20
18 21
18 22
18 23
18 71
18 72
19 11
19 14
19 15
19 16
19 17
19 18
19 20
19 21
19 22
19 23
19 24
19 25
19 26
19 34
19 35
19 36
19 52
19 68
19 71
19 72
20 15
20 16
20 17
20 18
20 19
20 21
20 22
20 23
20 24
20 25
20 26
20 34
20 35
20 36
21 15
21 16
21 17
21 18
21 19
21 20
21 22
21 23
21 24
21 25
21 26
22 16
22 17
22 18
22 19
22 20
22 21
22 23
22 24
22 25
22 26
22 27
22 28
22 34
22 68
22 71
23 17
23 18
23 19
23 20
23 21
23 22
23 24
23 25
23 26
23 27
23 28
23 29
23 32
23 33
23 34
23 35
23 36
23 68
24 19
24 20
24 21
24 22
24 23
24 25
24 26
24 27
24 28
24 29
24 31
24 32
24 33
24 34
25 19
25 20
25 21
25 22
25 23
25 24
25 26
25 27
25 28
25 29
25 30
25 31
26 19
26 20
26 21
26 22
26 23
26 24
26 25
26 27
26 28
26 29
26 30
26 31
26 32
26 33
26 34
26 64
26 65
26 67
26 68
26 103
27 22
27 23
27 24
27 25
27 26
27 28
27 29
27 30
27 31
27 32
27 33
27 34
27 54
27 55
27 56
27 60
27 64
28 22
28 23
28 24
28 25
28 26
28 27
28 29
28 30
28 31
28 32
28 33
28 99
29 23
29 24
29 25
29 26
29 27
29 28
29 30
29 31
29 32
29 60
29 63
29 64
29 99
29 100
29 102
29 103
29 106
30 25
30 26
30 27
30 28
30 29
30 31
30 32
30 33
30 56
30 57
30 59
30 60
30 61
30 62
30 63
30 64
30 65
30 67
30 102
30 103
30 106
31 24
31 25
31 26
31 27
31 28
31 29
31 30
31 32
31 33
31 34
31 55
31 56
31 57
31 60
31 61
31 64
32 4
32 5
32 6
32 23
32 24
32 26
32 27
32 28
32 29
32 30
32 31
32 33
32 34
32 54
32 55
32 56
32 57
32 58
32 60
32 61
32 62
32 63
32 64
32 65
33 6
33 23
33 24
33 26
33 27
33 28
33 30
33 31
33 32
33 34
33 35
33 53
33 54
33 55
33 56
33 61
33 64
34 7
34 19
34 20
34 22
34 23
34 24
34 26
34 27
34 31
34 32
34 33
34 35
34 36
34 37
34 52
34 53
34 54
34 55
34 56
34 61
34 64
34 65
34 68
35 8
35 19
35 20
35 23
35 33
35 34
35 36
35 37
35 38
35 51
35 52
35 53
35 54
35 55
36 8
36 10
36 11
36 16
36 19
36 20
36 23
36 34
36 35
36 37
36 38
36 39
36 50
36 51
36 52
36 53
36 54
37 8
37 10
37 34
37 35
37 36
37 38
37 39
37 40
37 50
37 51
37 52
37 53
38 10
38 13
38 16
38 35
38 36
38 37
38 39
38 40
38 41
38 49
38 50
38 51
38 52
39 10
39 13
39 36
39 37
39 38
39 40
39 41
39 42
39 44
39 48
39 49
39 50
39 51
39 52
40 37
40 38
40 39
40 41
40 42
40 43
40 44
40 49
40 50
40 51
41 38
41 39
41 40
41 42
41 43
41 44
41 45
42 39
42 40
42 41
42 43
42 44
42 45
43 40
43 41
43 42
43 44
43 45
43 46
44 39
44 40
44 41
44 42
44 43
44 45
44 46
44 47
44 48
44 49
45 41
45 42
45 43
45 44
45 46
45 47
45 48
45 49
46 43
46 44
46 45
46 47
46 48
46 49
47 12
47 13
47 14
47 44
47 45
47 46
47 48
47 49
48 10
48 11
48 12
48 13
48 14
48 39
48 44
48 45
48 46
48 47
48 49
48 50
49 9
49 10
49 11
49 12
49 13
49 14
49 15
49 16
49 38
49 39
49 40
49 44
49 45
49 46
49 47
49 48
49 50
49 51
49 52
50 9
50 10
50 11
50 12
50 13
50 14
50 15
50 16
50 36
50 37
50 38
50 39
50 40
50 48
50 49
50 51
50 52
51 8
51 9
51 10
51 11
51 12
51 13
51 16
51 35
51 36
51 37
51 38
51 39
51 40
51 49
51 50
51 52
51 53
52 7
52 8
52 9
52 10
52 11
52 16
52 19
52 34
52 35
52 36
52 37
52 38
52 39
52 49
52 50
52 51
52 53
52 54
52 65
52 68
53 6
53 7
53 8
53 9
53 10
53 33
53 34
53 35
53 36
53 37
53 51
53 52
53 54
53 55
53 61
53 65
54 5
54 6
54 7
54 8
54 9
54 27
54 32
54 33
54 34
54 35
54 36
54 52
54 53
54 55
54 56
54 57
54 60
54 61
54 62
54 64
54 65
55 4
55 5
55 6
55 7
55 8
55 27
55 31
55 32
55 33
55 34
55 35
55 53
55 54
55 56
55 57
55 58
55 60
55 61
55 64
56 2
56 3
56 4
56 5
56 6
56 7
56 27
56 30
56 31
56 32
56 33
56 34
56 54
56 55
56 57
56 58
56 59
56 60
56 61
56 62
56 64
57 1
57 2
57 3
57 4
57 5
57 6
57 30
57 31
57 32
57 54
57 55
57 56
57 58
57 59
57 60
57 61
57 62
58 2
58 3
58 4
58 5
58 6
58 7
58 32
58 55
58 56
58 57
58 59
58 60
58 61
58 62
58 63
58 64
59 5
59 30
59 56
59 57
59 58
59 60
59 61
59 62
59 63
59 64
59 65
60 4
60 5
60 27
60 29
60 30
60 31
60 32
60 54
60 55
60 56
60 57
60 58
60 59
60 61
60 62
60 63
60 64
60 65
60 66
60 103
61 4
61 5
61 6
61 7
61 30
61 31
61 32
61 33
61 34
61 53
61 54
61 55
61 56
61 57
61 58
61 59
61 60
61 62
61 63
61 64
61 65
61 66
61 67
62 5
62 7
62 30
62 32
62 54
62 56
62 57
62 58
62 59
62 60
62 61
62 63
62 64
62 65
62 66
62 67
62 68
62 106
63 29
63 30
63 32
63 58
63 59
63 60
63 61
63 62
63 64
63 65
63 66
63 67
63 68
63 69
63 102
63 103
63 104
63 105
63 106
63 107
64 26
64 27
64 29
64 30
64 31
64 32
64 33
64 34
64 54
64 55
64 56
64 58
64 59
64 60
64 61
64 62
64 63
64 65
64 66
64 67
64 68
64 69
64 70
64 103
64 106
65 7
65 8
65 9
65 26
65 30
65 32
65 34
65 52
65 53
65 54
65 59
65 60
65 61
65 62
65 63
65 64
65 66
65 67
65 68
65 69
65 70
65 106
66 60
66 61
66 62
66 63
66 64
66 65
66 67
66 68
66 69
66 70
66 71
66 105
66 106
66 107
66 121
66 122
66 124
66 125
67 26
67 30
67 61
67 62
67 63
67 64
67 65
67 66
67 68
67 69
67 70
67 71
67 72
67 73
67 74
67 102
67 103
67 105
67 106
67 107
67 108
67 120
67 121
67 122
67 125
68 10
68 11
68 19
68 22
68 23
68 26
68 34
68 52
68 62
68 63
68 64
68 65
68 66
68 67
68 69
68 70
68 71
68 72
68 73
68 74
68 106
68 107
68 108
68 121
68 122
69 9
69 10
69 11
69 12
69 63
69 64
69 65
69 66
69 67
69 68
69 70
69 71
69 72
69 73
69 74
69 75
69 106
69 121
69 122
70 64
70 65
70 66
70 67
70 68
70 69
70 71
70 72
70 73
70 74
70 75
70 76
70 77
70 106
70 107
70 108
70 120
70 121
70 122
70 123
70 124
70 125
70 126
71 11
71 15
71 18
71 19
71 22
71 66
71 67
71 68
71 69
71 70
71 72
71 73
71 74
71 75
71 106
71 107
71 108
71 120
71 121
71 122
72 10
72 11
72 12
72 13
72 14
72 15
72 16
72 18
72 19
72 67
72 68
72 69
72 70
72 71
72 73
72 74
72 75
72 121
72 122
73 11
73 12
73 15
73 67
73 68
73 69
73 70
73 71
73 72
73 74
73 75
73 76
73 120
73 121
73 122
74 67
74 68
74 69
74 70
74 71
74 72
74 73
74 75
74 76
74 77
74 107
74 108
74 119
74 120
74 121
74 122
74 123
74 126
75 69
75 70
75 71
75 72
75 73
75 74
75 76
75 77
75 120
75 121
75 122
75 123
75 124
75 125
75 126
76 70
76 73
76 74
76 75
76 77
76 78
76 107
76 119
76 120
76 121
76 122
76 123
76 124
76 125
76 126
76 127
77 70
77 74
77 75
77 76
77 78
77 79
77 107
77 108
77 118
77 119
77 120
77 121
77 122
77 123
77 126
78 76
78 77
78 79
78 80
78 109
78 117
78 118
78 119
78 120
78 121
78 126
78 127
78 130
79 77
79 78
79 80
79 81
79 109
79 110
79 111
79 112
79 116
79 117
79 118
79 119
79 120
79 126
79 130
80 78
80 79
80 81
80 82
80 111
80 112
80 115
80 116
80 117
80 118
80 119
80 129
80 130
80 131
80 133
80 134
81 79
81 80
81 82
81 83
81 84
81 113
81 114
81 115
81 116
81 117
81 118
81 130
81 133
81 134
81 137
82 80
82 81
82 83
82 84
82 85
82 86
82 87
82 114
82 115
82 116
82 117
82 133
82 134
82 136
82 137
82 138
82 140
83 81
83 82
83 84
83 85
83 86
83 87
83 114
83 115
83 116
83 137
83 140
83 141
84 81
84 82
84 83
84 85
84 86
84 87
84 88
84 113
84 114
84 115
84 116
85 82
85 83
85 84
85 86
85 87
85 88
85 89
85 114
85 115
85 140
85 170
85 173
85 174
85 176
85 177
86 82
86 83
86 84
86 85
86 87
86 88
86 89
86 90
86 91
86 92
86 114
86 115
86 136
86 137
86 140
86 170
86 173
86 174
86 177
87 82
87 83
87 84
87 85
87 86
87 88
87 89
87 90
87 91
87 92
87 111
87 113
87 114
87 115
87 116
87 117
87 170
87 173
87 174
88 84
88 85
88 86
88 87
88 89
88 90
88 91
88 92
88 93
88 95
88 97
88 114
88 168
88 169
88 170
88 171
88 172
88 173
88 174
88 175
88 177
89 85
89 86
89 87
89 88
89 90
89 91
89 92
89 93
89 94
89 95
89 96
89 97
89 98
89 136
89 170
89 171
89 173
89 174
89 177
89 182
89 185
90 86
90 87
90 88
90 89
90 91
90 92
90 93
90 94
90 95
90 96
90 97
90 98
90 99
90 101
90 109
90 110
90 111
90 114
90 115
90 117
90 170
91 86
91 87
91 88
91 89
91 90
91 92
91 93
91 94
91 95
91 96
91 97
91 98
91 111
91 114
91 168
91 169
91 170
92 86
92 87
92 88
92 89
92 90
92 91
92 93
92 94
92 95
92 96
92 97
92 98
92 163
92 166
92 167
92 168
92 169
92 170
92 171
92 172
92 173
92 174
93 88
93 89
93 90
93 91
93 92
93 94
93 95
93 96
93 97
93 98
93 162
93 163
93 164
93 165
93 166
93 167
93 168
93 169
93 170
93 171
93 174
94 89
94 90
94 91
94 92
94 93
94 95
94 96
94 97
94 98
94 99
94 163
94 165
94 166
94 167
94 168
94 169
94 170
95 88
95 89
95 90
95 91
95 92
95 93
95 94
95 96
95 97
95 98
95 99
95 100
95 166
95 168
96 89
96 90
96 91
96 92
96 93
96 94
96 95
96 97
96 98
96 99
96 100
96 101
96 102
96 163
96 166
96 185
96 188
96 189
97 88
97 89
97 90
97 91
97 92
97 93
97 94
97 95
97 96
97 98
97 99
97 100
97 101
97 102
97 103
97 185
97 186
97 188
97 189
98 89
98 90
98 91
98 92
98 93
98 94
98 95
98 96
98 97
98 99
98 100
98 101
98 102
98 103
98 104
98 108
98 109
98 110
98 111
98 185
98 188
98 189
99 28
99 29
99 90
99 94
99 95
99 96
99 97
99 98
99 100
99 101
99 102
99 103
99 104
99 108
99 109
99 188
99 189
100 29
100 95
100 96
100 97
100 98
100 99
100 101
100 102
100 103
100 104
100 105
100 106
100 185
100 187
100 188
100 189
100 190
100 191
101 90
101 96
101 97
101 98
101 99
101 100
101 102
101 103
101 104
101 105
101 106
101 107
101 108
101 109
101 128
101 129
101 132
101 133
101 185
101 188
101 189
102 29
102 30
102 63
102 67
102 96
102 97
102 98
102 99
102 100
102 101
102 103
102 104
102 105
102 106
102 107
102 108
102 109
102 119
102 125
102 129
103 26
103 29
103 30
103 60
103 63
103 64
103 67
103 97
103 98
103 99
103 100
103 101
103 102
103 104
103 105
103 106
103 107
103 108
103 188
103 189
103 191
104 63
104 98
104 99
104 100
104 101
104 102
104 103
104 105
104 106
104 107
104 125
104 128
104 129
104 132
104 188
104 189
104 191
105 63
105 66
105 67
105 100
105 101
105 102
105 103
105 104
105 106
105 107
105 108
105 109
105 121
105 122
105 124
105 125
105 126
105 127
105 128
105 129
105 130
105 131
105 132
106 29
106 30
106 62
106 63
106 64
106 65
106 66
106 67
106 68
106 69
106 70
106 71
106 100
106 101
106 102
106 103
106 104
106 105
106 107
106 108
106 109
106 120
106 121
106 122
106 124
106 125
106 126
106 128
106 129
107 63
107 66
107 67
107 68
107 70
107 71
107 74
107 76
107 77
107 101
107 102
107 103
107 104
107 105
107 106
107 108
107 109
107 110
107 118
107 119
107 120
107 121
107 122
107 123
107 124
107 125
107 126
107 127
107 128
107 129
107 130
108 67
108 68
108 70
108 71
108 74
108 77
108 98
108 99
108 101
108 102
108 103
108 105
108 106
108 107
108 109
108 110
108 118
108 119
108 120
108 121
108 122
108 125
108 126
108 129
109 78
109 79
109 90
109 98
109 99
109 101
109 102
109 105
109 106
109 107
109 108
109 110
109 111
109 112
109 117
109 118
109 119
109 120
109 121
109 126
109 129
110 79
110 90
110 98
110 107
110 108
110 109
110 111
110 112
110 113
110 116
110 117
110 118
110 119
110 120
111 79
111 80
111 87
111 90
111 91
111 98
111 109
111 110
111 112
111 113
111 114
111 115
111 116
111 117
111 118
111 119
112 79
112 80
112 109
112 110
112 111
112 113
112 114
112 115
112 116
112 117
112 118
112 119
113 81
113 84
113 87
113 110
113 111
113 112
113 114
113 115
113 116
113 117
113 118
114 81
114 82
114 83
114 84
114 85
114 86
114 87
114 88
114 90
114 91
114 111
114 112
114 113
114 115
114 116
114 117
115 80
115 81
115 82
115 83
115 84
115 85
115 86
115 87
115 90
115 111
115 112
115 113
115 114
115 116
115 117
116 79
116 80
116 81
116 82
116 83
116 84
116 87
116 110
116 111
116 112
116 113
116 114
116 115
116 117
116 118
116 119
117 78
117 79
117 80
117 81
117 82
117 87
117 90
117 109
117 110
117 111
117 112
117 113
117 114
117 115
117 116
117 118
117 119
117 120
117 130
117 133
118 77
118 78
118 79
118 80
118 81
118 107
118 108
118 109
118 110
118 111
118 112
118 113
118 116
118 117
118 119
118 120
118 126
118 130
119 74
119 76
119 77
119 78
119 79
119 80
119 102
119 107
119 108
119 109
119 110
119 111
119 112
119 116
119 117
119 118
119 120
119 121
119 125
119 126
119 127
119 129
119 130
120 67
120 70
120 71
120 73
120 74
120 75
120 76
120 77
120 78
120 79
120 106
120 107
120 108
120 109
120 110
120 117
120 118
120 119
120 121
120 122
120 123
120 125
120 126
120 127
120 129
121 66
121 67
121 68
121 69
121 70
121 71
121 72
121 73
121 74
121 75
121 76
121 77
121 78
121 105
121 106
121 107
121 108
121 109
121 119
121 120
121 122
121 123
121 124
121 125
121 126
121 127
121 129
122 66
122 67
122 68
122 69
122 70
122 71
122 72
122 73
122 74
122 75
122 76
122 77
122 105
122 106
122 107
122 108
122 120
122 121
122 123
122 124
122 125
122 126
122 127
122 128
123 70
123 74
123 75
123 76
123 77
123 107
123 120
123 121
123 122
123 124
123 125
123 126
123 127
123 128
124 66
124 70
124 75
124 76
124 105
124 106
124 107
124 121
124 122
124 123
124 125
124 126
124 127
124 128
124 129
124 130
125 66
125 67
125 70
125 75
125 76
125 102
125 104
125 105
125 106
125 107
125 108
125 119
125 120
125 121
125 122
125 123
125 124
125 126
125 127
125 128
125 129
125 130
125 131
126 70
126 74
126 75
126 76
126 77
126 78
126 79
126 105
126 106
126 107
126 108
126 109
126 118
126 119
126 120
126 121
126 122
126 123
126 124
126 125
126 127
126 128
126 129
126 130
126 131
127 76
127 78
127 105
127 107
127 119
127 120
127 121
127 122
127 123
127 124
127 125
127 126
127 128
127 129
127 130
127 131
127 132
127 133
128 101
128 104
128 105
128 106
128 107
128 122
128 123
128 124
128 125
128 126
128 127
128 129
128 130
128 131
128 132
128 133
128 134
129 80
129 101
129 102
129 104
129 105
129 106
129 107
129 108
129 109
129 119
129 120
129 121
129 124
129 125
129 126
129 127
129 128
129 130
129 131
129 132
129 133
129 134
129 135
130 78
130 79
130 80
130 81
130 105
130 107
130 117
130 118
130 119
130 124
130 125
130 126
130 127
130 128
130 129
130 131
130 132
130 133
130 134
130 135
130 136
131 80
131 105
131 125
131 126
131 127
131 128
131 129
131 130
131 132
131 133
131 134
131 135
131 136
131 137
132 101
132 104
132 105
132 127
132 128
132 129
132 130
132 131
132 133
132 134
132 135
132 136
132 137
132 138
132 184
132 188
133 80
133 81
133 82
133 101
133 117
133 127
133 128
133 129
133 130
133 131
133 132
133 134
133 135
133 136
133 137
133 138
133 139
134 80
134 81
134 82
134 128
134 129
134 130
134 131
134 132
134 133
134 135
134 136
134 137
134 138
134 139
134 140
135 129
135 130
135 131
135 132
135 133
135 134
135 136
135 137
135 138
135 139
135 140
135 141
135 181
135 184
136 82
136 86
136 89
136 130
136 131
136 132
136 133
136 134
136 135
136 137
136 138
136 139
136 140
136 141
136 180
136 181
136 182
136 184
136 185
137 81
137 82
137 83
137 86
137 131
137 132
137 133
137 134
137 135
137 136
137 138
137 139
137 140
137 141
137 142
137 181
138 82
138 132
138 133
138 134
138 135
138 136
138 137
138 139
138 140
138 141
138 142
138 143
138 181
139 133
139 134
139 135
139 136
139 137
139 138
139 140
139 141
139 142
139 143
139 144
139 145
139 177
139 178
139 179
139 180
139 181
139 182
139 184
140 82
140 83
140 85
140 86
140 134
140 135
140 136
140 137
140 138
140 139
140 141
140 142
140 143
140 144
140 177
140 178
140 179
140 180
140 181
140 182
141 83
141 135
141 136
141 137
141 138
141 139
141 140
141 142
141 143
141 144
141 178
142 137
142 138
142 139
142 140
142 141
142 143
142 144
142 145
142 178
142 180
143 138
143 139
143 140
143 141
143 142
143 144
143 145
143 146
143 177
143 178
143 179
143 180
143 181
144 139
144 140
144 141
144 142
144 143
144 145
144 146
144 147
144 178
144 179
144 180
144 181
145 139
145 142
145 143
145 144
145 146
145 147
145 148
145 152
145 178
145 179
145 180
145 181
146 143
146 144
146 145
146 147
146 148
146 149
146 151
146 152
146 178
146 179
146 180
147 144
147 145
147 146
147 148
147 149
147 150
147 151
147 152
148 145
148 146
148 147
148 149
148 150
148 151
148 152
148 153
149 146
149 147
149 148
149 150
149 151
149 152
149 153
149 154
150 147
150 148
150 149
150 151
150 152
150 153
150 154
150 155
151 146
151 147
151 148
151 149
151 150
151 152
151 153
151 154
151 155
151 156
151 157
151 179
151 183
152 145
152 146
152 147
152 148
152 149
152 150
152 151
152 153
152 154
152 155
152 156
152 157
152 179
152 180
152 182
152 183
153 148
153 149
153 150
153 151
153 152
153 154
153 155
153 156
153 157
153 158
153 179
154 149
154 150
154 151
154 152
154 153
154 155
154 156
154 157
154 158
154 159
154 160
154 183
155 150
155 151
155 152
155 153
155 154
155 156
155 157
155 158
155 159
155 160
155 161
155 179
155 180
155 182
155 183
155 184
155 186
156 151
156 152
156 153
156 154
156 155
156 157
156 158
156 159
156 160
156 161
156 175
156 177
156 178
156 179
156 180
156 182
156 183
157 151
157 152
157 153
157 154
157 155
157 156
157 158
157 159
157 160
157 161
157 162
158 153
158 154
158 155
158 156
158 157
158 159
158 160
158 161
158 162
158 163
158 164
158 182
158 183
158 186
159 154
159 155
159 156
159 157
159 158
159 160
159 161
159 162
159 163
159 164
159 165
159 174
159 175
159 179
159 182
159 183
159 185
159 186
160 154
160 155
160 156
160 157
160 158
160 159
160 161
160 162
160 163
160 164
160 165
160 167
160 171
160 172
160 174
160 175
160 182
161 155
161 156
161 157
161 158
161 159
161 160
161 162
161 163
161 164
161 165
161 166
161 167
162 93
162 157
162 158
162 159
162 160
162 161
162 163
162 164
162 165
162 166
162 167
162 186
162 189
163 92
163 93
163 94
163 96
163 158
163 159
163 160
163 161
163 162
163 164
163 165
163 166
163 167
163 168
163 170
163 171
163 172
163 174
163 175
164 93
164 158
164 159
164 160
164 161
164 162
164 163
164 165
164 166
164 167
164 168
164 171
164 172
164 175
165 93
165 94
165 159
165 160
165 161
165 162
165 163
165 164
165 166
165 167
165 168
165 171
166 92
166 93
166 94
166 95
166 96
166 161
166 162
166 163
166 164
166 165
166 167
166 168
166 170
166 171
167 92
167 93
167 94
167 160
167 161
167 162
167 163
167 164
167 165
167 166
167 168
167 169
167 170
167 171
167 172
168 88
168 91
168 92
168 93
168 94
168 95
168 163
168 164
168 165
168 166
168 167
168 169
168 170
168 171
168 172
169 88
169 91
169 92
169 93
169 94
169 167
169 168
169 170
169 171
169 172
169 173
169 174
170 85
170 86
170 87
170 88
170 89
170 90
170 91
170 92
170 93
170 94
170 163
170 166
170 167
170 168
170 169
170 171
170 172
170 173
170 174
170 175
171 88
171 89
171 92
171 93
171 160
171 163
171 164
171 165
171 166
171 167
171 168
171 169
171 170
171 172
171 173
171 174
171 175
171 176
172 88
172 92
172 160
172 163
172 164
172 167
172 168
172 169
172 170
172 171
172 173
172 174
172 175
172 176
172 177
173 85
173 86
173 87
173 88
173 89
173 92
173 169
173 170
173 171
173 172
173 174
173 175
173 176
173 177
174 85
174 86
174 87
174 88
174 89
174 92
174 93
174 159
174 160
174 163
174 169
174 170
174 171
174 172
174 173
174 175
174 176
174 177
174 178
174 182
175 88
175 156
175 159
175 160
175 163
175 164
175 170
175 171
175 172
175 173
175 174
175 176
175 177
175 178
175 179
175 182
176 85
176 171
176 172
176 173
176 174
176 175
176 177
176 178
176 179
176 182
177 85
177 86
177 88
177 89
177 139
177 140
177 143
177 156
177 172
177 173
177 174
177 175
177 176
177 178
177 179
177 180
177 181
177 182
178 139
178 140
178 141
178 142
178 143
178 144
178 145
178 146
178 156
178 174
178 175
178 176
178 177
178 179
178 180
178 181
178 182
178 183
179 139
179 140
179 143
179 144
179 145
179 146
179 151
179 152
179 153
179 155
179 156
179 159
179 175
179 176
179 177
179 178
179 180
179 181
179 182
179 183
179 184
179 185
180 136
180 139
180 140
180 142
180 143
180 144
180 145
180 146
180 152
180 155
180 156
180 177
180 178
180 179
180 181
180 182
180 183
180 184
180 185
181 135
181 136
181 137
181 138
181 139
181 140
181 143
181 144
181 145
181 177
181 178
181 179
181 180
181 182
181 183
181 184
181 185
181 186
181 187
182 89
182 136
182 139
182 140
182 152
182 155
182 156
182 158
182 159
182 160
182 174
182 175
182 176
182 177
182 178
182 179
182 180
182 181
182 183
182 184
182 185
182 186
182 187
182 188
183 151
183 152
183 154
183 155
183 156
183 158
183 159
183 178
183 179
183 180
183 181
183 182
183 184
183 185
183 186
183 187
183 188
184 132
184 135
184 136
184 139
184 155
184 179
184 180
184 181
184 182
184 183
184 185
184 186
184 187
184 188
184 189
185 89
185 96
185 97
185 98
185 100
185 101
185 136
185 159
185 179
185 180
185 181
185 182
185 183
185 184
185 186
185 187
185 188
185 189
185 190
186 97
186 155
186 158
186 159
186 162
186 181
186 182
186 183
186 184
186 185
186 187
186 188
186 189
186 190
186 191
187 100
187 181
187 182
187 183
187 184
187 185
187 186
187 188
187 189
187 190
187 191
187 192
187 193
187 194
188 96
188 97
188 98
188 99
188 100
188 101
188 103
188 104
188 132
188 182
188 183
188 184
188 185
188 186
188 187
188 189
188 190
188 191
188 192
189 96
189 97
189 98
189 99
189 100
189 101
189 103
189 104
189 162
189 184
189 185
189 186
189 187
189 188
189 190
189 191
189 192
190 100
190 185
190 186
190 187
190 188
190 189
190 191
190 192
190 193
190 194
191 100
191 103
191 104
191 186
191 187
191 188
191 189
191 190
191 192
191 193
191 194
191 195
192 187
192 188
192 189
192 190
192 191
192 193
192 194
192 195
192 196
193 187
193 190
193 191
193 192
193 194
193 195
193 196
194 187
194 190
194 191
194 192
194 193
194 195
194 196
194 197
194 198
195 191
195 192
195 193
195 194
195 196
195 197
195 198
196 192
196 193
196 194
196 195
196 197
196 198
196 199
197 194
197 195
197 196
197 198
197 199
197 200
198 194
198 195
198 196
198 197
198 199
198 200
198 201
199 196
199 197
199 198
199 200
199 201
200 197
200 198
200 199
200 201
200 202
201 198
201 199
201 200
201 202
201 203
202 200
202 201
202 203
202 204
203 201
203 202
203 204
203 205
204 202
204 203
204 205
204 206
204 207
205 203
205 204
205 206
205 207
205 208
206 204
206 205
206 207
206 208
207 204
207 205
207 206
207 208
207 209
208 205
208 206
208 207
208 209
208 210
209 207
209 208
209 210
209 211
210 208
210 209
210 211
210 212
211 209
211 210
211 212
211 213
212 210
212 211
212 213
212 214
212 215
213 211
213 212
213 214
213 215
213 216
214 212
214 213
214 215
214 216
215 212
215 213
215 214
215 216
215 217
216 213
216 214
216 215
216 217
216 218
216 219
217 215
217 216
217 218
217 219
218 216
218 217
218 219
218 220
218 221
219 216
219 217
219 218
219 220
219 221
220 218
220 219
220 221
220 222
220 223
221 218
221 219
221 220
221 222
221 223
222 220
222 221
222 223
222 224
222 225
223 220
223 221
223 222
223 224
223 225
223 226
224 222
224 223
224 225
224 226
225 222
225 223
225 224
225 226
225 227
226 223
226 224
226 225
226 227
226 228
226 229
227 225
227 226
227 228
227 229
227 230
228 226
228 227
228 229
228 230
228 231
229 226
229 227
229 228
229 230
229 231
229 232
230 227
230 228
230 229
230 231
230 232
230 233
231 228
231 229
231 230
231 232
231 233
231 234
232 229
232 230
232 231
232 233
232 234
232 235
233 230
233 231
233 232
233 234
233 235
233 236
233 237
234 231
234 232
234 233
234 235
234 236
234 237
234 238
235 232
235 233
235 234
235 236
235 237
235 238
235 239
236 233
236 234
236 235
236 237
236 238
236 239
237 233
237 234
237 235
237 236
237 238
237 239
237 240
238 234
238 235
238 236
238 237
238 239
238 240
238 241
239 235
239 236
239 237
239 238
239 240
239 241
239 242
240 237
240 238
240 239
240 241
240 242
240 243
240 244
240 245
241 238
241 239
241 240
241 242
241 243
241 244
241 245
241 246
242 239
242 240
242 241
242 243
242 244
242 245
242 246
242 247
243 240
243 241
243 242
243 244
243 245
243 246
243 247
243 248
243 249
244 240
244 241
244 242
244 243
244 245
244 246
244 247
244 248
244 249
245 240
245 241
245 242
245 243
245 244
245 246
245 247
245 248
245 249
245 250
246 241
246 242
246 243
246 244
246 245
246 247
246 248
246 249
246 250
246 251
246 252
247 242
247 243
247 244
247 245
247 246
247 248
247 249
247 250
247 251
247 252
247 253
248 243
248 244
248 245
248 246
248 247
248 249
248 250
248 251
248 252
248 253
249 243
249 244
249 245
249 246
249 247
249 248
249 250
249 251
249 252
249 253
249 254
250 245
250 246
250 247
250 248
250 249
250 251
250 252
250 253
250 254
250 255
251 246
251 247
251 248
251 249
251 250
251 252
251 253
251 254
251 255
251 256
252 246
252 247
252 248
252 249
252 250
252 251
252 253
252 254
252 255
252 256
253 247
253 248
253 249
253 250
253 251
253 252
253 254
253 255
253 256
254 249
254 250
254 251
254 252
254 253
254 255
254 256
254 257
255 250
255 251
255 252
255 253
255 254
255 256
255 257
255 258
256 251
256 252
256 253
256 254
256 255
256 257
256 258
256 259
257 254
257 255
257 256
257 258
257 259
258 255
258 256
258 257
258 259
258 260
259 256
259 257
259 258
259 260
259 261
260 258
260 259
260 261
260 262
261 259
261 260
261 262
261 263
262 260
262 261
262 263
262 264
263 261
263 262
263 264
263 265
264 262
264 263
264 265
264 266
264 267
265 263
265 264
265 266
265 267
266 264
266 265
266 267
266 268
266 269
267 264
267 265
267 266
267 268
267 269
268 266
268 267
268 269
268 270
269 266
269 267
269 268
269 270
269 271
270 268
270 269
270 271
270 272
271 269
271 270
271 272
271 273
271 274
272 270
272 271
272 273
272 274
272 275
273 271
273 272
273 274
273 275
274 271
274 272
274 273
274 275
274 276
275 272
275 273
275 274
275 276
275 277
276 274
276 275
276 277
276 278
277 275
277 276
277 278
277 279
277 280
278 276
278 277
278 279
278 280
279 277
279 278
279 280
279 281
279 282
280 277
280 278
280 279
280 281
280 282
280 283
281 279
281 280
281 282
281 283
282 279
282 280
282 281
282 283
282 284
282 285
283 280
283 281
283 282
283 284
283 285
283 286
284 282
284 283
284 285
284 286
284 287
285 282
285 283
285 284
285 286
285 287
285 288
286 283
286 284
286 285
286 287
286 288
286 289
287 284
287 285
287 286
287 288
287 289
287 290
288 285
288 286
288 287
288 289
288 290
288 291
289 286
289 287
289 288
289 290
289 291
289 292
290 287
290 288
290 289
290 291
290 292
290 293
291 288
291 289
291 290
291 292
291 293
291 294
292 289
292 290
292 291
292 293
292 294
292 295
293 290
293 291
293 292
293 294
293 295
293 296
294 291
294 292
294 293
294 295
294 296
294 297
295 292
295 293
295 294
295 296
295 297
295 298
296 293
296 294
296 295
296 297
296 298
296 299
297 294
297 295
297 296
297 298
297 299
297 300
298 295
298 296
298 297
298 299
298 300
298 301
299 296
299 297
299 298
299 300
299 301
299 302
300 297
300 298
300 299
300 301
300 302
300 303
301 298
301 299
301 300
301 302
301 303
301 304
302 299
302 300
302 301
302 303
302 304
303 300
303 301
303 302
303 304
303 305
304 301
304 302
304 303
304 305
304 306
305 303
305 304
305 306
305 307
305 308
306 304
306 305
306 307
306 308
307 305
307 306
307 308
307 309
308 305
308 306
308 307
308 309
308 310
309 307
309 308
309 310
309 311
310 308
310 309
310 311
310 312
311 309
311 310
311 312
311 313
312 310
312 311
312 313
312 314
313 311
313 312
313 314
313 315
314 312
314 313
314 315
314 316
315 313
315 314
315 316
315 317
316 314
316 315
316 317
316 318
317 315
317 316
317 318
317 319
318 316
318 317
318 319
318 320
319 317
319 318
319 320
319 321
319 322
320 318
320 319
320 321
320 322
321 319
321 320
321 322
321 323
322 319
322 320
322 321
322 323
322 324
323 321
323 322
323 324
323 325
324 322
324 323
324 325
324 326
325 323
325 324
325 326
325 327
326 324
326 325
326 327
326 328
327 325
327 326
327 328
327 329
327 330
328 326
328 327
328 329
328 330
329 327
329 328
329 330
329 331
329 332
330 327
330 328
330 329
330 331
330 332
330 333
331 329
331 330
331 332
331 333
332 329
332 330
332 331
332 333
332 334
332 335
333 330
333 331
333 332
333 334
333 335
333 336
334 332
334 333
334 335
334 336
334 337
335 332
335 333
335 334
335 336
335 337
335 338
336 333
336 334
336 335
336 337
336 338
336 339
337 334
337 335
337 336
337 338
337 339
337 340
338 335
338 336
338 337
338 339
338 340
338 341
339 336
339 337
339 338
339 340
339 341
339 342
339 344
340 337
340 338
340 339
340 341
340 342
340 343
340 344
340 345
341 338
341 339
341 340
341 342
341 343
341 344
341 345
341 346
341 372
341 373
342 339
342 340
342 341
342 343
342 344
342 345
342 346
342 347
342 348
342 371
342 372
342 373
343 340
343 341
343 342
343 344
343 345
343 346
343 347
343 348
343 349
343 372
344 339
344 340
344 341
344 342
344 343
344 345
344 346
344 347
344 348
344 349
344 350
344 372
345 340
345 341
345 342
345 343
345 344
345 346
345 347
345 348
345 349
345 350
345 371
345 372
345 373
345 374
346 341
346 342
346 343
346 344
346 345
346 347
346 348
346 349
346 350
346 351
346 352
346 364
346 367
346 368
346 371
346 372
346 373
347 342
347 343
347 344
347 345
347 346
347 348
347 349
347 350
347 351
347 352
347 364
347 372
348 342
348 343
348 344
348 345
348 346
348 347
348 349
348 350
348 351
348 352
348 353
348 354
348 372
349 343
349 344
349 345
349 346
349 347
349 348
349 350
349 351
349 352
349 353
349 354
349 355
349 363
349 364
349 367
349 372
349 373
349 374
349 376
349 379
350 344
350 345
350 346
350 347
350 348
350 349
350 351
350 352
350 353
350 354
350 355
350 356
350 358
350 359
350 360
350 361
350 362
350 363
350 364
350 365
350 366
350 367
350 372
351 346
351 347
351 348
351 349
351 350
351 352
351 353
351 354
351 355
351 356
351 357
351 358
351 360
351 363
351 364
352 346
352 347
352 348
352 349
352 350
352 351
352 353
352 354
352 355
352 356
352 357
352 358
352 363
352 376
353 348
353 349
353 350
353 351
353 352
353 354
353 355
353 356
353 357
353 358
353 359
353 360
353 362
353 363
353 364
353 376
353 379
353 380
353 383
354 348
354 349
354 350
354 351
354 352
354 353
354 355
354 356
354 357
354 358
354 359
354 360
354 361
354 362
354 363
354 364
355 349
355 350
355 351
355 352
355 353
355 354
355 356
355 357
355 358
355 359
355 360
356 350
356 351
356 352
356 353
356 354
356 355
356 357
356 358
356 359
356 380
357 351
357 352
357 353
357 354
357 355
357 356
357 358
357 359
357 360
358 350
358 351
358 352
358 353
358 354
358 355
358 356
358 357
358 359
358 360
358 361
358 362
358 363
358 380
358 383
358 384
358 387
359 350
359 353
359 354
359 355
359 356
359 357
359 358
359 360
359 361
359 362
359 363
359 364
359 383
359 387
360 350
360 351
360 353
360 354
360 355
360 357
360 358
360 359
360 361
360 362
360 363
360 364
360 365
360 366
361 350
361 354
361 358
361 359
361 360
361 362
361 363
361 364
361 365
361 366
362 350
362 353
362 354
362 358
362 359
362 360
362 361
362 363
362 364
362 365
362 366
362 367
362 368
362 382
362 383
362 384
362 386
362 387
362 390
363 349
363 350
363 351
363 352
363 353
363 354
363 358
363 359
363 360
363 361
363 362
363 364
363 365
363 366
363 367
363 368
363 379
363 380
363 382
363 383
363 384
363 386
363 387
364 346
364 347
364 349
364 350
364 351
364 353
364 354
364 359
364 360
364 361
364 362
364 363
364 365
364 366
364 367
364 368
364 369
364 371
364 372
364 383
365 350
365 360
365 361
365 362
365 363
365 364
365 366
365 367
365 368
365 369
365 370
365 371
365 383
365 386
366 350
366 360
366 361
366 362
366 363
366 364
366 365
366 367
366 368
366 369
366 370
366 371
366 372
366 378
366 379
366 380
366 381
366 382
366 383
366 386
367 346
367 349
367 350
367 362
367 363
367 364
367 365
367 366
367 368
367 369
367 370
367 371
367 372
367 373
367 374
367 376
367 378
367 379
367 380
367 382
367 383
368 346
368 362
368 363
368 364
368 365
368 366
368 367
368 369
368 370
368 371
368 372
369 364
369 365
369 366
369 367
369 368
369 370
369 371
369 372
369 374
369 379
370 365
370 366
370 367
370 368
370 369
370 371
370 372
370 373
370 374
370 375
370 378
370 379
370 382
371 342
371 345
371 346
371 364
371 365
371 366
371 367
371 368
371 369
371 370
371 372
371 373
371 374
371 375
371 379
372 341
372 342
372 343
372 344
372 345
372 346
372 347
372 348
372 349
372 350
372 364
372 366
372 367
372 368
372 369
372 370
372 371
372 373
372 374
372 375
372 376
372 379
373 341
373 342
373 345
373 346
373 349
373 367
373 370
373 371
373 372
373 374
373 375
373 376
373 379
374 345
374 349
374 367
374 369
374 370
374 371
374 372
374 373
374 375
374 376
374 377
374 378
374 379
375 370
375 371
375 372
375 373
375 374
375 376
375 377
375 378
375 379
375 380
375 695
376 349
376 352
376 353
376 367
376 372
376 373
376 374
376 375
376 377
376 378
376 379
376 380
376 381
376 382
376 695
377 374
377 375
377 376
377 378
377 379
377 380
377 381
377 382
377 383
377 384
377 694
377 695
377 696
378 366
378 367
378 370
378 374
378 375
378 376
378 377
378 379
378 380
378 381
378 382
378 383
378 384
378 695
379 349
379 353
379 363
379 366
379 367
379 369
379 370
379 371
379 372
379 373
379 374
379 375
379 376
379 377
379 378
379 380
379 381
379 382
379 383
379 384
379 385
380 353
380 356
380 358
380 363
380 366
380 367
380 375
380 376
380 377
380 378
380 379
380 381
380 382
380 383
380 384
380 385
380 386
380 695
381 366
381 376
381 377
381 378
381 379
381 380
381 382
381 383
381 384
381 385
381 386
381 387
382 362
382 363
382 366
382 367
382 370
382 376
382 377
382 378
382 379
382 380
382 381
382 383
382 384
382 385
382 386
382 387
382 388
383 353
383 358
383 359
383 362
383 363
383 364
383 365
383 366
383 367
383 377
383 378
383 379
383 380
383 381
383 382
383 384
383 385
383 386
383 387
383 388
383 389
384 358
384 362
384 363
384 377
384 378
384 379
384 380
384 381
384 382
384 383
384 385
384 386
384 387
384 388
384 389
384 390
385 379
385 380
385 381
385 382
385 383
385 384
385 386
385 387
385 388
385 389
385 390
385 391
386 362
386 363
386 365
386 366
386 380
386 381
386 382
386 383
386 384
386 385
386 387
386 388
386 389
386 390
386 391
386 392
387 358
387 359
387 362
387 363
387 381
387 382
387 383
387 384
387 385
387 386
387 388
387 389
387 390
387 391
387 392
387 393
388 382
388 383
388 384
388 385
388 386
388 387
388 389
388 390
388 391
388 392
388 393
388 394
389 383
389 384
389 385
389 386
389 387
389 388
389 390
389 391
389 392
389 393
389 394
389 395
390 362
390 384
390 385
390 386
390 387
390 388
390 389
390 391
390 392
390 393
390 394
390 395
391 385
391 386
391 387
391 388
391 389
391 390
391 392
391 393
391 394
391 395
391 396
391 397
392 386
392 387
392 388
392 389
392 390
392 391
392 393
392 394
392 395
392 396
392 397
393 387
393 388
393 389
393 390
393 391
393 392
393 394
393 395
393 396
393 397
393 398
394 388
394 389
394 390
394 391
394 392
394 393
394 395
394 396
394 397
394 398
394 399
395 389
395 390
395 391
395 392
395 393
395 394
395 396
395 397
395 398
395 399
396 391
396 392
396 393
396 394
396 395
396 397
396 398
396 399
396 400
397 391
397 392
397 393
397 394
397 395
397 396
397 398
397 399
397 400
398 393
398 394
398 395
398 396
398 397
398 399
398 400
399 394
399 395
399 396
399 397
399 398
399 400
399 401
400 396
400 397
400 398
400 399
400 401
400 402
400 403
401 399
401 400
401 402
401 403
402 400
402 401
402 403
402 404
403 400
403 401
403 402
403 404
403 405
403 406
404 402
404 403
404 405
404 406
405 403
405 404
405 406
405 407
405 408
406 403
406 404
406 405
406 407
406 408
407 405
407 406
407 408
407 409
408 405
408 406
408 407
408 409
408 410
408 411
409 407
409 408
409 410
409 411
409 412
410 408
410 409
410 411
410 412
410 413
411 408
411 409
411 410
411 412
411 413
411 414
412 409
412 410
412 411
412 413
412 414
412 415
413 410
413 411
413 412
413 414
413 415
413 416
414 411
414 412
414 413
414 415
414 416
415 412
415 413
415 414
415 416
415 417
416 413
416 414
416 415
416 417
416 418
417 415
417 416
417 418
417 419
418 416
418 417
418 419
418 420
419 417
419 418
419 420
419 421
420 418
420 419
420 421
420 422
420 423
421 419
421 420
421 422
421 423
422 420
422 421
422 423
422 424
423 420
423 421
423 422
423 424
423 425
424 422
424 423
424 425
424 426
425 423
425 424
425 426
425 427
426 424
426 425
426 427
426 428
427 425
427 426
427 428
427 429
428 426
428 427
428 429
428 430
428 431
429 427
429 428
429 430
429 431
430 428
430 429
430 431
430 432
430 433
431 428
431 429
431 430
431 432
431 433
432 430
432 431
432 433
432 434
433 430
433 431
433 432
433 434
433 435
434 432
434 433
434 435
434 436
435 433
435 434
435 436
435 437
436 434
436 435
436 437
436 438
437 435
437 436
437 438
437 439
438 436
438 437
438 439
438 440
439 437
439 438
439 440
439 441
440 438
440 439
440 441
440 442
441 439
441 440
441 442
441 443
442 440
442 441
442 443
442 444
443 441
443 442
443 444
443 445
444 442
444 443
444 445
444 446
445 443
445 444
445 446
445 447
446 444
446 445
446 447
446 448
447 445
447 446
447 448
447 449
448 446
448 447
448 449
448 450
449 447
449 448
449 450
449 451
450 448
450 449
450 451
450 452
451 449
451 450
451 452
451 453
452 450
452 451
452 453
452 454
453 451
453 452
453 454
453 455
453 456
454 452
454 453
454 455
454 456
454 457
455 453
455 454
455 456
455 457
455 458
456 453
456 454
456 455
456 457
456 458
456 459
457 454
457 455
457 456
457 458
457 459
458 455
458 456
458 457
458 459
458 460
458 461
459 456
459 457
459 458
459 460
459 461
460 458
460 459
460 461
460 462
460 463
461 458
461 459
461 460
461 462
461 463
462 460
462 461
462 463
462 464
463 460
463 461
463 462
463 464
463 465
463 466
464 462
464 463
464 465
464 466
465 463
465 464
465 466
465 467
466 463
466 464
466 465
466 467
466 468
467 465
467 466
467 468
467 469
468 466
468 467
468 469
468 470
469 467
469 468
469 470
469 471
470 468
470 469
470 471
470 472
471 469
471 470
471 472
471 473
472 470
472 471
472 473
472 474
473 471
473 472
473 474
473 475
473 476
474 472
474 473
474 475
474 476
475 473
475 474
475 476
475 477
476 473
476 474
476 475
476 477
476 478
477 475
477 476
477 478
477 479
478 476
478 477
478 479
478 480
478 481
479 477
479 478
479 480
479 481
480 478
480 479
480 481
480 482
481 478
481 479
481 480
481 482
481 483
481 484
482 480
482 481
482 483
482 484
483 481
483 482
483 484
483 485
484 481
484 482
484 483
484 485
484 486
485 483
485 484
485 486
485 487
486 484
486 485
486 487
486 488
487 485
487 486
487 488
487 489
488 486
488 487
488 489
488 490
489 487
489 488
489 490
489 491
490 488
490 489
490 491
490 492
491 489
491 490
491 492
491 493
492 490
492 491
492 493
492 494
493 491
493 492
493 494
493 495
494 492
494 493
494 495
494 496
495 493
495 494
495 496
495 497
496 494
496 495
496 497
496 498
497 495
497 496
497 498
497 499
498 496
498 497
498 499
498 500
499 497
499 498
499 500
499 501
500 498
500 499
500 501
500 502
501 499
501 500
501 502
501 503
502 500
502 501
502 503
502 504
503 501
503 502
503 504
503 505
504 502
504 503
504 505
504 506
505 503
505 504
505 506
505 507
506 504
506 505
506 507
506 508
506 509
507 505
507 506
507 508
507 509
508 506
508 507
508 509
508 510
508 511
509 506
509 507
509 508
509 510
509 511
510 508
510 509
510 511
510 512
511 508
511 509
511 510
511 512
511 513
511 514
512 510
512 511
512 513
512 514
512 515
513 511
513 512
513 514
513 515
513 516
514 511
514 512
514 513
514 515
514 516
514 517
515 512
515 513
515 514
515 516
515 517
515 518
516 513
516 514
516 515
516 517
516 518
516 519
517 514
517 515
517 516
517 518
517 519
517 520
518 515
518 516
518 517
518 519
518 520
518 521
519 516
519 517
519 518
519 520
519 521
519 522
520 517
520 518
520 519
520 521
520 522
520 523
521 518
521 519
521 520
521 522
521 523
521 524
522 519
522 520
522 521
522 523
522 524
523 520
523 521
523 522
523 524
523 525
524 521
524 522
524 523
524 525
524 526
524 527
525 523
525 524
525 526
525 527
526 524
526 525
526 527
526 528
526 529
527 524
527 525
527 526
527 528
527 529
528 526
528 527
528 529
528 530
529 526
529 527
529 528
529 530
529 531
530 528
530 529
530 531
530 532
531 529
531 530
531 532
531 533
532 530
532 531
532 533
532 534
533 531
533 532
533 534
533 535
534 532
534 533
534 535
534 536
535 533
535 534
535 536
535 537
536 534
536 535
536 537
536 538
537 535
537 536
537 538
537 539
538 536
538 537
538 539
538 540
539 537
539 538
539 540
539 541
540 538
540 539
540 541
540 542
541 539
541 540
541 542
541 543
542 540
542 541
542 543
542 544
543 541
543 542
543 544
543 545
543 546
544 542
544 543
544 545
544 546
544 547
545 543
545 544
545 546
545 547
546 543
546 544
546 545
546 547
546 548
547 544
547 545
547 546
547 548
547 549
548 546
548 547
548 549
548 550
549 547
549 548
549 550
549 551
550 548
550 549
550 551
550 552
551 549
551 550
551 552
551 553
552 550
552 551
552 553
552 554
553 551
553 552
553 554
553 555
554 552
554 553
554 555
554 556
555 553
555 554
555 556
555 557
556 554
556 555
556 557
556 558
557 555
557 556
557 558
557 559
558 556
558 557
558 559
558 560
559 557
559 558
559 560
559 561
560 558
560 559
560 561
560 562
561 559
561 560
561 562
561 563
562 560
562 561
562 563
562 564
563 561
563 562
563 564
563 565
564 562
564 563
564 565
564 566
565 563
565 564
565 566
565 567
566 564
566 565
566 567
566 568
567 565
567 566
567 568
567 569
568 566
568 567
568 569
568 570
569 567
569 568
569 570
569 571
570 568
570 569
570 571
570 572
570 573
571 569
571 570
571 572
571 573
572 570
572 571
572 573
572 574
572 575
573 570
573 571
573 572
573 574
573 575
574 572
574 573
574 575
574 576
575 572
575 573
575 574
575 576
575 577
576 574
576 575
576 577
576 578
576 579
577 575
577 576
577 578
577 579
577 580
578 576
578 577
578 579
578 580
578 581
579 576
579 577
579 578
579 580
579 581
579 582
580 577
580 578
580 579
580 581
580 582
580 583
581 578
581 579
581 580
581 582
581 583
581 584
582 579
582 580
582 581
582 583
582 584
582 585
583 580
583 581
583 582
583 584
583 585
583 586
584 581
584 582
584 583
584 585
584 586
584 587
585 582
585 583
585 584
585 586
585 587
585 588
586 583
586 584
586 585
586 587
586 588
586 589
587 584
587 585
587 586
587 588
587 589
587 590
588 585
588 586
588 587
588 589
588 590
588 591
588 593
589 586
589 587
589 588
589 590
589 591
589 592
589 593
589 594
590 587
590 588
590 589
590 591
590 592
590 593
590 594
590 595
590 596
591 588
591 589
591 590
591 592
591 593
591 594
591 595
591 596
591 597
591 631
591 632
591 749
592 589
592 590
592 591
592 593
592 594
592 595
592 596
592 597
592 598
592 631
592 632
592 633
592 634
592 635
593 588
593 589
593 590
593 591
593 592
593 594
593 595
593 596
593 597
593 598
593 599
594 589
594 590
594 591
594 592
594 593
594 595
594 596
594 597
594 598
594 599
594 749
595 590
595 591
595 592
595 593
595 594
595 596
595 597
595 598
595 599
595 600
595 630
595 631
595 632
595 635
595 637
595 749
595 750
596 590
596 591
596 592
596 593
596 594
596 595
596 597
596 598
596 599
596 600
596 601
596 631
596 672
597 591
597 592
597 593
597 594
597 595
597 596
597 598
597 599
597 600
597 601
598 592
598 593
598 594
598 595
598 596
598 597
598 599
598 600
598 601
598 602
598 603
598 749
598 750
599 593
599 594
599 595
599 596
599 597
599 598
599 600
599 601
599 602
599 603
599 637
599 639
599 672
599 673
599 750
600 595
600 596
600 597
600 598
600 599
600 601
600 602
600 603
601 596
601 597
601 598
601 599
601 600
601 602
601 603
601 604
602 598
602 599
602 600
602 601
602 603
602 604
602 639
602 673
603 598
603 599
603 600
603 601
603 602
603 604
603 605
603 606
603 639
603 642
603 643
603 673
603 750
604 601
604 602
604 603
604 605
604 606
604 607
604 639
604 642
604 643
604 676
605 603
605 604
605 606
605 607
605 608
605 639
605 641
605 642
605 643
605 645
605 646
605 676
605 679
605 680
606 603
606 604
606 605
606 607
606 608
606 609
606 642
606 643
606 645
606 646
606 649
606 650
607 604
607 605
607 606
607 608
607 609
607 610
607 642
607 645
607 646
607 647
607 649
607 650
607 654
607 683
608 605
608 606
608 607
608 609
608 610
608 611
608 646
608 649
608 650
609 606
609 607
609 608
609 610
609 611
609 612
609 649
609 654
610 607
610 608
610 609
610 611
610 612
610 613
610 649
610 650
610 652
610 654
611 608
611 609
611 610
611 612
611 613
611 614
611 652
611 653
611 654
612 609
612 610
612 611
612 613
612 614
612 615
612 616
612 649
612 650
612 651
612 652
612 653
612 654
612 655
613 610
613 611
613 612
613 614
613 615
613 616
613 617
613 649
613 651
613 652
613 653
613 654
613 655
613 771
614 611
614 612
614 613
614 615
614 616
614 617
614 618
614 652
614 653
614 654
614 655
614 771
614 772
615 612
615 613
615 614
615 616
615 617
615 618
615 652
615 653
615 770
615 771
615 772
615 773
615 774
616 612
616 613
616 614
616 615
616 617
616 618
616 619
616 651
616 652
616 653
616 654
616 655
616 716
616 767
616 768
616 769
616 770
616 771
616 772
616 773
617 613
617 614
617 615
617 616
617 618
617 619
617 620
617 653
617 654
617 655
617 656
617 711
617 714
617 715
617 716
617 717
617 769
617 770
617 771
617 772
617 773
618 614
618 615
618 616
618 617
618 619
618 620
618 621
618 653
618 654
618 655
618 656
618 657
618 710
618 711
618 713
618 714
618 715
618 716
618 717
618 718
618 770
618 771
618 772
619 616
619 617
619 618
619 620
619 621
619 622
619 645
619 648
619 649
619 653
619 654
619 655
619 656
619 657
619 658
619 707
619 710
619 711
619 714
619 715
619 716
619 717
619 718
619 719
619 743
619 770
620 617
620 618
620 619
620 621
620 622
620 623
620 645
620 655
620 656
620 657
620 658
620 659
620 685
620 686
620 706
620 707
620 708
620 710
620 711
620 714
620 716
620 717
620 718
620 719
620 720
620 742
620 743
621 618
621 619
621 620
621 622
621 623
621 624
621 625
621 626
621 641
621 644
621 645
621 656
621 657
621 658
621 659
621 660
621 685
621 686
621 707
621 711
621 717
621 718
621 719
621 720
621 743
622 619
622 620
622 621
622 623
622 624
622 625
622 626
622 627
622 641
622 657
622 658
622 659
622 660
622 703
622 704
622 706
622 707
622 718
622 719
622 720
622 721
622 722
623 620
623 621
623 622
623 624
623 625
623 626
623 627
623 628
623 629
623 636
623 637
623 638
623 640
623 641
623 642
623 644
623 645
623 657
623 658
623 659
623 660
623 661
623 677
623 686
623 687
623 688
623 703
623 719
623 720
624 621
624 622
624 623
624 625
624 626
624 627
624 628
624 629
624 636
624 637
624 638
624 640
624 641
624 658
624 659
624 660
624 661
624 664
624 703
624 720
625 621
625 622
625 623
625 624
625 626
625 627
625 628
625 629
625 630
625 631
625 633
625 636
625 637
625 640
625 641
625 660
625 719
625 720
625 721
625 722
626 621
626 622
626 623
626 624
626 625
626 627
626 628
626 629
626 630
626 631
626 633
626 636
626 637
626 638
626 639
626 640
626 641
626 642
626 643
626 644
626 658
626 660
626 719
626 720
626 721
626 745
626 746
626 747
626 752
627 622
627 623
627 624
627 625
627 626
627 628
627 629
627 630
627 631
627 632
627 633
627 634
627 635
627 636
627 637
627 638
627 639
627 640
627 641
627 642
627 643
627 644
627 660
627 671
627 672
628 623
628 624
628 625
628 626
628 627
628 629
628 630
628 631
628 632
628 633
628 634
628 635
628 636
628 637
628 638
628 640
628 641
628 671
629 623
629 624
629 625
629 626
629 627
629 628
629 630
629 631
629 632
629 633
629 634
629 635
629 636
629 637
629 640
629 641
629 720
629 721
629 745
629 746
629 747
630 595
630 625
630 626
630 627
630 628
630 629
630 631
630 632
630 633
630 634
630 635
630 636
630 637
630 638
630 639
630 640
630 641
630 643
630 644
630 746
630 747
630 748
630 749
630 750
630 751
630 752
631 591
631 592
631 595
631 596
631 625
631 626
631 627
631 628
631 629
631 630
631 632
631 633
631 634
631 635
631 636
631 637
631 638
631 639
631 640
631 670
631 671
631 672
631 747
631 749
632 591
632 592
632 595
632 627
632 628
632 629
632 630
632 631
632 633
632 634
632 635
632 636
632 637
632 747
632 749
633 592
633 625
633 626
633 627
633 628
633 629
633 630
633 631
633 632
633 634
633 635
633 636
633 637
634 592
634 627
634 628
634 629
634 630
634 631
634 632
634 633
634 635
634 636
634 637
634 670
634 671
635 592
635 595
635 627
635 628
635 629
635 630
635 631
635 632
635 633
635 634
635 636
635 637
635 638
635 668
635 669
635 670
635 671
635 672
636 623
636 624
636 625
636 626
636 627
636 628
636 629
636 630
636 631
636 632
636 633
636 634
636 635
636 637
636 638
636 639
636 640
636 641
636 664
636 668
636 669
636 670
636 671
636 672
636 673
636 674
637 595
637 599
637 623
637 624
637 625
637 626
637 627
637 628
637 629
637 630
637 631
637 632
637 633
637 634
637 635
637 636
637 638
637 639
637 640
637 641
637 642
637 670
637 671
637 672
637 673
637 674
637 676
638 623
638 624
638 626
638 627
638 628
638 630
638 631
638 635
638 636
638 637
638 639
638 640
638 641
638 642
638 643
638 664
638 671
638 672
638 673
638 674
638 675
638 676
638 677
638 678
638 680
639 599
639 602
639 603
639 604
639 605
639 626
639 627
639 630
639 631
639 636
639 637
639 638
639 640
639 641
639 642
639 643
639 644
639 645
639 672
639 673
639 674
639 675
639 676
639 677
639 750
640 623
640 624
640 625
640 626
640 627
640 628
640 629
640 630
640 631
640 636
640 637
640 638
640 639
640 641
640 642
640 643
640 644
640 645
640 646
640 672
640 673
640 676
640 747
640 749
640 750
640 751
640 752
641 605
641 621
641 622
641 623
641 624
641 625
641 626
641 627
641 628
641 629
641 630
641 636
641 637
641 638
641 639
641 640
641 642
641 643
641 644
641 645
641 646
641 647
641 658
641 660
641 676
641 677
641 680
641 686
641 752
642 603
642 604
642 605
642 606
642 607
642 623
642 626
642 627
642 637
642 638
642 639
642 640
642 641
642 643
642 644
642 645
642 646
642 647
642 658
642 673
642 676
642 677
642 679
642 680
643 603
643 604
643 605
643 606
643 626
643 627
643 630
643 638
643 639
643 640
643 641
643 642
643 644
643 645
643 646
643 647
643 648
643 649
643 747
643 750
643 751
643 752
644 621
644 623
644 626
644 627
644 630
644 639
644 640
644 641
644 642
644 643
644 645
644 646
644 647
644 648
644 649
644 650
644 658
644 719
644 745
644 747
644 750
644 751
644 752
644 753
644 754
645 605
645 606
645 607
645 619
645 620
645 621
645 623
645 639
645 640
645 641
645 642
645 643
645 644
645 646
645 647
645 648
645 649
645 650
645 653
645 654
645 656
645 657
645 658
645 680
645 685
645 686
645 752
646 605
646 606
646 607
646 608
646 640
646 641
646 642
646 643
646 644
646 645
646 647
646 648
646 649
646 650
646 651
646 652
646 653
646 752
647 607
647 641
647 642
647 643
647 644
647 645
647 646
647 648
647 649
647 650
647 651
647 652
647 653
647 751
647 752
647 753
647 754
648 619
648 643
648 644
648 645
648 646
648 647
648 649
648 650
648 651
648 652
648 653
648 654
648 655
648 656
648 770
649 606
649 607
649 608
649 609
649 610
649 612
649 613
649 619
649 643
649 644
649 645
649 646
649 647
649 648
649 650
649 651
649 652
649 653
649 654
649 655
649 656
650 606
650 607
650 608
650 610
650 612
650 644
650 645
650 646
650 647
650 648
650 649
650 651
650 652
650 653
650 654
651 612
651 613
651 616
651 646
651 647
651 648
651 649
651 650
651 652
651 653
651 654
651 767
651 770
652 610
652 611
652 612
652 613
652 614
652 615
652 616
652 646
652 647
652 648
652 649
652 650
652 651
652 653
652 654
652 655
653 611
653 612
653 613
653 614
653 615
653 616
653 617
653 618
653 619
653 645
653 646
653 647
653 648
653 649
653 650
653 651
653 652
653 654
653 655
653 656
653 770
654 607
654 609
654 610
654 611
654 612
654 613
654 614
654 616
654 617
654 618
654 619
654 645
654 648
654 649
654 650
654 651
654 652
654 653
654 655
654 656
654 657
654 685
655 612
655 613
655 614
655 616
655 617
655 618
655 619
655 620
655 648
655 649
655 652
655 653
655 654
655 656
655 657
655 685
655 714
655 716
656 617
656 618
656 619
656 620
656 621
656 645
656 648
656 649
656 653
656 654
656 655
656 657
656 658
656 684
656 685
656 686
656 716
656 717
657 618
657 619
657 620
657 621
657 622
657 623
657 645
657 654
657 655
657 656
657 658
657 659
657 660
657 680
657 681
657 684
657 685
657 686
657 687
657 707
657 710
657 711
657 716
657 718
658 619
658 620
658 621
658 622
658 623
658 624
658 626
658 641
658 642
658 644
658 645
658 656
658 657
658 659
658 660
658 677
658 680
658 681
658 684
658 685
658 686
658 687
658 688
658 689
658 707
658 718
658 719
659 620
659 621
659 622
659 623
659 624
659 657
659 658
659 660
659 661
659 662
659 685
659 686
659 687
659 688
659 689
659 703
659 704
659 706
659 707
659 710
660 621
660 622
660 623
660 624
660 625
660 626
660 627
660 641
660 657
660 658
660 659
660 661
660 662
660 663
660 664
660 665
660 677
660 686
660 687
660 688
660 689
660 690
660 703
661 623
661 624
661 659
661 660
661 662
661 663
661 664
661 665
661 687
661 688
661 689
661 690
661 691
661 700
661 701
661 702
661 703
662 659
662 660
662 661
662 663
662 664
662 665
662 666
662 687
662 688
662 689
662 690
662 691
662 692
662 700
662 701
663 660
663 661
663 662
663 664
663 665
663 666
663 667
663 668
663 688
663 689
663 690
663 691
663 692
663 693
663 698
663 699
663 700
664 624
664 636
664 638
664 660
664 661
664 662
664 663
664 665
664 666
664 667
664 668
664 671
664 674
664 677
664 688
664 689
664 691
665 660
665 661
665 662
665 663
665 664
665 666
665 667
665 668
665 671
665 674
665 675
665 677
665 678
665 688
666 662
666 663
666 664
666 665
666 667
666 668
666 669
666 671
666 674
667 663
667 664
667 665
667 666
667 668
667 669
667 670
667 671
667 674
668 635
668 636
668 663
668 664
668 665
668 666
668 667
668 669
668 670
668 671
668 672
668 674
669 635
669 636
669 666
669 667
669 668
669 670
669 671
669 672
670 631
670 634
670 635
670 636
670 637
670 667
670 668
670 669
670 671
670 672
671 627
671 628
671 631
671 634
671 635
671 636
671 637
671 638
671 664
671 665
671 666
671 667
671 668
671 669
671 670
671 672
671 673
671 674
672 596
672 599
672 627
672 631
672 635
672 636
672 637
672 638
672 639
672 640
672 668
672 669
672 670
672 671
672 673
672 674
672 675
672 676
673 599
673 602
673 603
673 636
673 637
673 638
673 639
673 640
673 642
673 671
673 672
673 674
673 675
673 676
673 677
674 636
674 637
674 638
674 639
674 664
674 665
674 666
674 667
674 668
674 671
674 672
674 673
674 675
674 676
674 677
674 678
674 679
675 638
675 639
675 665
675 672
675 673
675 674
675 676
675 677
675 678
675 679
675 680
675 681
676 604
676 605
676 637
676 638
676 639
676 640
676 641
676 642
676 672
676 673
676 674
676 675
676 677
676 678
676 679
676 680
676 681
676 682
676 686
677 623
677 638
677 639
677 641
677 642
677 658
677 660
677 664
677 665
677 673
677 674
677 675
677 676
677 678
677 679
677 680
677 681
677 682
677 683
677 685
677 686
677 687
677 688
678 638
678 665
678 674
678 675
678 676
678 677
678 679
678 680
678 681
678 682
678 683
678 684
678 686
679 605
679 642
679 674
679 675
679 676
679 677
679 678
679 680
679 681
679 682
679 683
679 684
679 685
679 686
680 605
680 638
680 641
680 642
680 645
680 657
680 658
680 675
680 676
680 677
680 678
680 679
680 681
680 682
680 683
680 684
680 685
680 686
680 687
681 657
681 658
681 675
681 676
681 677
681 678
681 679
681 680
681 682
681 683
681 684
681 685
681 686
681 687
681 688
682 676
682 677
682 678
682 679
682 680
682 681
682 683
682 684
682 685
682 686
682 687
683 607
683 677
683 678
683 679
683 680
683 681
683 682
683 684
683 685
683 686
684 656
684 657
684 658
684 678
684 679
684 680
684 681
684 682
684 683
684 685
684 686
684 687
685 620
685 621
685 645
685 654
685 655
685 656
685 657
685 658
685 659
685 677
685 679
685 680
685 681
685 682
685 683
685 684
685 686
685 687
686 620
686 621
686 623
686 641
686 645
686 656
686 657
686 658
686 659
686 660
686 676
686 677
686 678
686 679
686 680
686 681
686 682
686 683
686 684
686 685
686 687
686 688
686 689
687 623
687 657
687 658
687 659
687 660
687 661
687 662
687 677
687 680
687 681
687 682
687 684
687 685
687 686
687 688
687 689
687 690
687 706
688 623
688 658
688 659
688 660
688 661
688 662
688 663
688 664
688 665
688 677
688 681
688 686
688 687
688 689
688 690
688 691
688 703
689 658
689 659
689 660
689 661
689 662
689 663
689 664
689 686
689 687
689 688
689 690
689 691
689 700
689 701
689 702
689 703
689 704
689 706
690 660
690 661
690 662
690 663
690 687
690 688
690 689
690 691
690 692
690 699
690 700
690 701
690 702
690 703
691 661
691 662
691 663
691 664
691 688
691 689
691 690
691 692
691 693
691 694
691 698
691 699
691 700
691 701
691 702
691 703
692 662
692 663
692 690
692 691
692 693
692 694
692 696
692 697
692 698
692 699
692 700
692 701
693 663
693 691
693 692
693 694
693 695
693 696
693 697
693 698
693 699
693 700
694 377
694 691
694 692
694 693
694 695
694 696
694 697
694 698
694 699
695 375
695 376
695 377
695 378
695 380
695 693
695 694
695 696
695 697
695 698
695 699
696 377
696 692
696 693
696 694
696 695
696 697
696 698
696 699
697 692
697 693
697 694
697 695
697 696
697 698
697 699
697 700
698 663
698 691
698 692
698 693
698 694
698 695
698 696
698 697
698 699
698 700
698 701
699 663
699 690
699 691
699 692
699 693
699 694
699 695
699 696
699 697
699 698
699 700
699 701
699 702
700 661
700 662
700 663
700 689
700 690
700 691
700 692
700 693
700 697
700 698
700 699
700 701
700 702
700 703
701 661
701 662
701 689
701 690
701 691
701 692
701 698
701 699
701 700
701 702
701 703
701 704
701 705
701 706
702 661
702 689
702 690
702 691
702 699
702 700
702 701
702 703
702 704
702 705
702 706
702 707
703 622
703 623
703 624
703 659
703 660
703 661
703 688
703 689
703 690
703 691
703 700
703 701
703 702
703 704
703 705
703 706
703 707
703 708
704 622
704 659
704 689
704 701
704 702
704 703
704 705
704 706
704 707
704 708
704 709
704 710
704 718
704 720
704 722
704 724
704 727
705 701
705 702
705 703
705 704
705 706
705 707
705 708
705 709
705 710
705 711
705 724
705 727
705 734
706 620
706 622
706 659
706 687
706 689
706 701
706 702
706 703
706 704
706 705
706 707
706 708
706 709
706 710
706 711
706 712
707 619
707 620
707 621
707 622
707 657
707 658
707 659
707 702
707 703
707 704
707 705
707 706
707 708
707 709
707 710
707 711
707 712
707 716
707 717
707 718
707 719
707 720
708 620
708 703
708 704
708 705
708 706
708 707
708 709
708 710
708 711
708 712
708 713
708 714
708 716
708 717
708 718
708 724
708 727
708 731
708 733
708 734
708 735
708 737
708 738
709 704
709 705
709 706
709 707
709 708
709 710
709 711
709 712
709 713
709 714
709 715
709 716
709 733
709 734
709 737
710 618
710 619
710 620
710 657
710 659
710 704
710 705
710 706
710 707
710 708
710 709
710 711
710 712
710 713
710 714
710 715
710 716
710 717
710 718
711 617
711 618
711 619
711 620
711 621
711 657
711 705
711 706
711 707
711 708
711 709
711 710
711 712
711 713
711 714
711 715
711 716
711 717
711 718
711 733
711 734
711 737
711 741
711 742
712 706
712 707
712 708
712 709
712 710
712 711
712 713
712 714
712 715
712 716
712 717
712 718
712 733
712 734
712 736
712 737
712 741
713 618
713 708
713 709
713 710
713 711
713 712
713 714
713 715
713 716
713 733
714 617
714 618
714 619
714 620
714 655
714 708
714 709
714 710
714 711
714 712
714 713
714 715
714 716
714 717
715 617
715 618
715 619
715 709
715 710
715 711
715 712
715 713
715 714
715 716
715 717
715 718
715 737
715 741
715 772
715 773
716 616
716 617
716 618
716 619
716 620
716 655
716 656
716 657
716 707
716 708
716 709
716 710
716 711
716 712
716 713
716 714
716 715
716 717
716 718
716 719
716 737
716 741
716 742
716 770
716 771
716 772
717 617
717 618
717 619
717 620
717 621
717 656
717 707
717 708
717 710
717 711
717 712
717 714
717 715
717 716
717 718
717 719
717 720
717 737
717 738
717 740
717 741
717 742
717 743
717 769
717 770
718 618
718 619
718 620
718 621
718 622
718 657
718 658
718 704
718 707
718 708
718 710
718 711
718 712
718 715
718 716
718 717
718 719
718 720
718 721
718 722
718 737
718 738
718 740
718 741
718 742
718 743
718 744
719 619
719 620
719 621
719 622
719 623
719 625
719 626
719 644
719 658
719 707
719 716
719 717
719 718
719 720
719 721
719 722
719 741
719 742
719 743
719 744
719 745
719 754
720 620
720 621
720 622
720 623
720 624
720 625
720 626
720 629
720 704
720 707
720 717
720 718
720 719
720 721
720 722
720 723
720 724
720 742
720 743
720 744
720 745
720 746
721 622
721 625
721 626
721 629
721 718
721 719
721 720
721 722
721 723
721 724
721 742
721 743
721 744
721 745
721 746
722 622
722 625
722 704
722 718
722 719
722 720
722 721
722 723
722 724
722 725
722 738
722 742
722 743
722 744
723 720
723 721
723 722
723 724
723 725
723 726
723 727
723 728
723 738
723 739
723 742
723 744
724 704
724 705
724 708
724 720
724 721
724 722
724 723
724 725
724 726
724 727
724 728
724 729
724 734
724 735
724 737
724 738
724 742
725 722
725 723
725 724
725 726
725 727
725 728
725 729
725 730
725 735
725 738
726 723
726 724
726 725
726 727
726 728
726 729
726 730
727 704
727 705
727 708
727 723
727 724
727 725
727 726
727 728
727 729
727 730
727 731
727 732
727 734
727 735
727 738
728 723
728 724
728 725
728 726
728 727
728 729
728 730
728 731
728 732
728 733
728 734
728 735
728 736
728 737
728 738
728 739
729 724
729 725
729 726
729 727
729 728
729 730
729 731
729 732
729 733
729 734
729 735
730 725
730 726
730 727
730 728
730 729
730 731
730 732
730 733
730 734
730 735
731 708
731 727
731 728
731 729
731 730
731 732
731 733
731 734
731 735
731 736
731 737
732 727
732 728
732 729
732 730
732 731
732 733
732 734
732 735
732 736
732 737
732 738
733 708
733 709
733 711
733 712
733 713
733 728
733 729
733 730
733 731
733 732
733 734
733 735
733 736
733 737
733 738
733 739
734 705
734 708
734 709
734 711
734 712
734 724
734 727
734 728
734 729
734 730
734 731
734 732
734 733
734 735
734 736
734 737
734 738
734 739
734 740
734 741
735 708
735 724
735 725
735 727
735 728
735 729
735 730
735 731
735 732
735 733
735 734
735 736
735 737
735 738
735 739
735 740
735 741
736 712
736 728
736 731
736 732
736 733
736 734
736 735
736 737
736 738
736 739
736 740
736 741
736 742
737 708
737 709
737 711
737 712
737 715
737 716
737 717
737 718
737 724
737 728
737 731
737 732
737 733
737 734
737 735
737 736
737 738
737 739
737 740
737 741
737 742
738 708
738 717
738 718
738 722
738 723
738 724
738 725
738 727
738 728
738 732
738 733
738 734
738 735
738 736
738 737
738 739
738 740
738 741
738 742
738 743
739 723
739 728
739 733
739 734
739 735
739 736
739 737
739 738
739 740
739 741
739 742
739 759
740 717
740 718
740 734
740 735
740 736
740 737
740 738
740 739
740 741
740 742
740 743
740 758
740 759
740 763
740 764
740 769
741 711
741 712
741 715
741 716
741 717
741 718
741 719
741 734
741 735
741 736
741 737
741 738
741 739
741 740
741 742
741 743
741 744
741 758
741 759
741 769
741 770
742 620
742 711
742 716
742 717
742 718
742 719
742 720
742 721
742 722
742 723
742 724
742 736
742 737
742 738
742 739
742 740
742 741
742 743
742 744
742 745
742 758
742 759
742 769
743 619
743 620
743 621
743 717
743 718
743 719
743 720
743 721
743 722
743 738
743 740
743 741
743 742
743 744
743 745
743 754
743 755
743 757
743 758
743 759
743 766
743 769
743 770
744 718
744 719
744 720
744 721
744 722
744 723
744 741
744 742
744 743
744 745
744 746
744 753
744 754
744 755
744 758
744 759
745 626
745 629
745 644
745 719
745 720
745 721
745 742
745 743
745 744
745 746
745 747
745 752
745 753
745 754
745 755
745 758
746 626
746 629
746 630
746 720
746 721
746 744
746 745
746 747
746 748
746 749
746 751
746 752
746 753
746 754
746 755
747 626
747 629
747 630
747 631
747 632
747 640
747 643
747 644
747 745
747 746
747 748
747 749
747 750
747 751
747 752
747 753
747 754
748 630
748 746
748 747
748 749
748 750
748 751
748 752
748 753
749 591
749 594
749 595
749 598
749 630
749 631
749 632
749 640
749 746
749 747
749 748
749 750
749 751
749 752
750 595
750 598
750 599
750 603
750 630
750 639
750 640
750 643
750 644
750 747
750 748
750 749
750 751
750 752
750 753
751 630
751 640
751 643
751 644
751 647
751 746
751 747
751 748
751 749
751 750
751 752
751 753
752 626
752 630
752 640
752 641
752 643
752 644
752 645
752 646
752 647
752 745
752 746
752 747
752 748
752 749
752 750
752 751
752 753
752 754
753 644
753 647
753 744
753 745
753 746
753 747
753 748
753 750
753 751
753 752
753 754
753 755
753 756
754 644
754 647
754 719
754 743
754 744
754 745
754 746
754 747
754 752
754 753
754 755
754 756
754 757
754 758
754 766
755 743
755 744
755 745
755 746
755 753
755 754
755 756
755 757
755 758
755 759
755 760
755 765
755 766
756 753
756 754
756 755
756 757
756 758
756 759
756 760
756 761
756 763
756 764
756 765
756 766
756 767
756 769
757 743
757 754
757 755
757 756
757 758
757 759
757 760
757 761
757 762
757 763
757 764
757 765
757 766
757 767
757 768
757 769
758 740
758 741
758 742
758 743
758 744
758 745
758 754
758 755
758 756
758 757
758 759
758 760
758 761
758 762
758 763
758 764
758 765
758 766
758 767
758 769
758 770
759 739
759 740
759 741
759 742
759 743
759 744
759 755
759 756
759 757
759 758
759 760
759 761
759 762
759 763
759 764
759 765
759 766
759 769
760 755
760 756
760 757
760 758
760 759
760 761
760 762
760 763
760 764
760 765
761 756
761 757
761 758
761 759
761 760
761 762
761 763
761 764
761 765
762 757
762 758
762 759
762 760
762 761
762 763
762 764
762 765
763 740
763 756
763 757
763 758
763 759
763 760
763 761
763 762
763 764
763 765
763 766
763 768
763 769
764 740
764 756
764 757
764 758
764 759
764 760
764 761
764 762
764 763
764 765
764 766
764 767
764 768
764 769
764 770
765 755
765 756
765 757
765 758
765 759
765 760
765 761
765 762
765 763
765 764
765 766
765 767
765 768
765 769
765 770
766 743
766 754
766 755
766 756
766 757
766 758
766 759
766 763
766 764
766 765
766 767
766 768
766 769
766 770
766 771
767 616
767 651
767 756
767 757
767 758
767 764
767 765
767 766
767 768
767 769
767 770
767 771
768 616
768 757
768 763
768 764
768 765
768 766
768 767
768 769
768 770
768 771
768 772
768 773
769 616
769 617
769 717
769 740
769 741
769 742
769 743
769 756
769 757
769 758
769 759
769 763
769 764
769 765
769 766
769 767
769 768
769 770
769 771
769 772
769 773
770 615
770 616
770 617
770 618
770 619
770 648
770 651
770 653
770 716
770 717
770 741
770 743
770 758
770 764
770 765
770 766
770 767
770 768
770 769
770 771
770 772
770 773
771 613
771 614
771 615
771 616
771 617
771 618
771 716
771 766
771 767
771 768
771 769
771 770
771 772
771 773
771 774
772 614
772 615
772 616
772 617
772 618
772 715
772 716
772 768
772 769
772 770
772 771
772 773
772 774
772 775
773 615
773 616
773 617
773 715
773 768
773 769
773 770
773 771
773 772
773 774
773 775
773 776
774 615
774 771
774 772
774 773
774 775
774 776
774 777
774 778
774 779
775 772
775 773
775 774
775 776
775 777
775 778
775 779
776 773
776 774
776 775
776 777
776 778
776 779
776 780
777 774
777 775
777 776
777 778
777 779
777 780
777 781
778 774
778 775
778 776
778 777
778 779
778 780
778 781
778 782
779 774
779 775
779 776
779 777
779 778
779 780
779 781
779 782
779 783
779 784
780 776
780 777
780 778
780 779
780 781
780 782
780 783
780 784
781 777
781 778
781 779
781 780
781 782
781 783
781 784
781 785
782 778
782 779
782 780
782 781
782 783
782 784
782 785
782 786
783 779
783 780
783 781
783 782
783 784
783 785
783 786
784 779
784 780
784 781
784 782
784 783
784 785
784 786
784 787
784 788
785 781
785 782
785 783
785 784
785 786
785 787
785 788
786 782
786 783
786 784
786 785
786 787
786 788
786 789
787 784
787 785
787 786
787 788
787 789
788 784
788 785
788 786
788 787
788 789
788 790
788 791
789 786
789 787
789 788
789 790
789 791
790 788
790 789
790 791
790 792
791 788
791 789
791 790
791 792
791 793
792 790
792 791
792 793
792 794
793 791
793 792
793 794
793 795
794 792
794 793
794 795
794 796
795 793
795 794
795 796
795 797
795 798
796 794
796 795
796 797
796 798
796 799
797 795
797 796
797 798
797 799
798 795
798 796
798 797
798 799
798 800
798 801
799 796
799 797
799 798
799 800
799 801
800 798
800 799
800 801
800 802
801 798
801 799
801 800
801 802
801 803
802 800
802 801
802 803
802 804
803 801
803 802
803 804
803 805
804 802
804 803
804 805
804 806
805 803
805 804
805 806
805 807
806 804
806 805
806 807
806 808
807 805
807 806
807 808
807 809
808 806
808 807
808 809
808 810
809 807
809 808
809 810
809 811
810 808
810 809
810 811
810 812
811 809
811 810
811 812
811 813
812 810
812 811
812 813
812 814
813 811
813 812
813 814
813 815
814 812
814 813
814 815
814 816
815 813
815 814
815 816
815 817
816 814
816 815
816 817
816 818
817 815
817 816
817 818
817 819
817 820
818 816
818 817
818 819
818 820
819 817
819 818
819 820
819 821
820 817
820 818
820 819
820 821
820 822
821 819
821 820
821 822
821 823
822 820
822 821
822 823
822 824
823 821
823 822
823 824
823 825
824 822
824 823
824 825
824 826
825 823
825 824
825 826
825 827
825 828
826 824
826 825
826 827
826 828
827 825
827 826
827 828
827 829
828 825
828 826
828 827
828 829
828 830
828 831
829 827
829 828
829 830
829 831
830 828
830 829
830 831
830 832
831 828
831 829
831 830
831 832
831 833
831 834
832 830
832 831
832 833
832 834
833 831
833 832
833 834
833 835
833 836
834 831
834 832
834 833
834 835
834 836
834 837
835 833
835 834
835 836
835 837
835 838
836 833
836 834
836 835
836 837
836 838
836 839
837 834
837 835
837 836
837 838
837 839
837 840
838 835
838 836
838 837
838 839
838 840
838 841
839 836
839 837
839 838
839 840
839 841
839 842
840 837
840 838
840 839
840 841
840 842
840 843
841 838
841 839
841 840
841 842
841 843
841 844
842 839
842 840
842 841
842 843
842 844
842 845
843 840
843 841
843 842
843 844
843 845
843 846
844 841
844 842
844 843
844 845
844 846
844 847
844 882
845 842
845 843
845 844
845 846
845 847
845 848
845 881
845 882
845 883
846 843
846 844
846 845
846 847
846 848
846 849
846 881
846 882
846 883
847 844
847 845
847 846
847 848
847 849
847 850
847 852
847 853
847 880
847 881
847 882
847 883
847 884
848 845
848 846
848 847
848 849
848 850
848 851
848 852
848 853
848 854
848 856
848 877
848 880
848 881
848 882
848 883
848 884
849 846
849 847
849 848
849 850
849 851
849 852
849 853
849 854
849 855
849 881
849 882
850 847
850 848
850 849
850 851
850 852
850 853
850 854
850 855
850 856
850 881
851 848
851 849
851 850
851 852
851 853
851 854
851 855
851 856
851 857
852 847
852 848
852 849
852 850
852 851
852 853
852 854
852 855
852 856
852 857
852 858
852 884
853 847
853 848
853 849
853 850
853 851
853 852
853 854
853 855
853 856
853 857
853 858
853 859
853 874
853 877
853 878
853 881
853 882
853 883
853 884
854 848
854 849
854 850
854 851
854 852
854 853
854 855
854 856
854 857
854 858
854 859
854 860
854 874
854 877
855 849
855 850
855 851
855 852
855 853
855 854
855 856
855 857
855 858
855 859
855 860
855 861
856 848
856 850
856 851
856 852
856 853
856 854
856 855
856 857
856 858
856 859
856 860
856 861
856 862
856 873
856 877
856 883
856 884
856 885
856 886
856 889
856 890
857 851
857 852
857 853
857 854
857 855
857 856
857 858
857 859
857 860
857 861
857 862
857 870
857 873
857 874
857 876
857 877
857 886
857 889
858 852
858 853
858 854
858 855
858 856
858 857
858 859
858 860
858 861
858 862
858 863
858 864
858 865
858 873
859 853
859 854
859 855
859 856
859 857
859 858
859 860
859 861
859 862
859 863
859 864
859 886
859 890
860 854
860 855
860 856
860 857
860 858
860 859
860 861
860 862
860 863
860 864
860 865
860 869
860 870
860 873
860 874
860 886
860 887
860 889
860 890
860 893
861 855
861 856
861 857
861 858
861 859
861 860
861 862
861 863
861 864
861 865
861 866
861 867
861 869
861 870
861 873
861 890
862 856
862 857
862 858
862 859
862 860
862 861
862 863
862 864
862 865
862 866
863 858
863 859
863 860
863 861
863 862
863 864
863 865
863 866
863 890
863 893
864 858
864 859
864 860
864 861
864 862
864 863
864 865
864 866
864 867
864 868
864 869
864 870
864 873
864 890
864 893
864 894
865 858
865 860
865 861
865 862
865 863
865 864
865 866
865 867
865 868
865 869
865 870
866 861
866 862
866 863
866 864
866 865
866 867
866 868
866 869
866 870
866 871
867 861
867 864
867 865
867 866
867 868
867 869
867 870
867 871
867 872
868 864
868 865
868 866
868 867
868 869
868 870
868 871
868 872
868 873
869 860
869 861
869 864
869 865
869 866
869 867
869 868
869 870
869 871
869 872
869 873
869 874
869 875
869 893
869 894
870 857
870 860
870 861
870 864
870 865
870 866
870 867
870 868
870 869
870 871
870 872
870 873
870 874
870 875
870 876
870 893
871 866
871 867
871 868
871 869
871 870
871 872
871 873
871 874
871 875
871 876
871 893
872 867
872 868
872 869
872 870
872 871
872 873
872 874
872 875
872 876
872 877
872 892
872 893
872 894
872 895
873 856
873 857
873 858
873 860
873 861
873 864
873 868
873 869
873 870
873 871
873 872
873 874
873 875
873 876
873 877
873 878
873 879
873 889
873 890
873 892
873 893
874 853
874 854
874 857
874 860
874 869
874 870
874 871
874 872
874 873
874 875
874 876
874 877
874 878
874 879
874 893
875 869
875 870
875 871
875 872
875 873
875 874
875 876
875 877
875 878
875 879
875 880
875 893
876 857
876 870
876 871
876 872
876 873
876 874
876 875
876 877
876 878
876 879
876 880
876 881
876 883
876 889
876 890
876 892
876 893
877 848
877 853
877 854
877 856
877 857
877 872
877 873
877 874
877 875
877 876
877 878
877 879
877 880
877 881
877 882
877 883
877 884
877 889
877 892
878 853
878 873
878 874
878 875
878 876
878 877
878 879
878 880
878 881
878 882
879 873
879 874
879 875
879 876
879 877
879 878
879 880
879 881
879 882
879 883
880 847
880 848
880 875
880 876
880 877
880 878
880 879
880 881
880 882
880 883
880 884
880 889
881 845
881 846
881 847
881 848
881 849
881 850
881 853
881 876
881 877
881 878
881 879
881 880
881 882
881 883
881 884
882 844
882 845
882 846
882 847
882 848
882 849
882 853
882 877
882 878
882 879
882 880
882 881
882 883
882 884
882 885
883 845
883 846
883 847
883 848
883 853
883 856
883 876
883 877
883 879
883 880
883 881
883 882
883 884
883 885
883 886
883 888
883 889
884 847
884 848
884 852
884 853
884 856
884 877
884 880
884 881
884 882
884 883
884 885
884 886
884 887
884 888
884 889
885 856
885 882
885 883
885 884
885 886
885 887
885 888
885 889
885 890
886 856
886 857
886 859
886 860
886 883
886 884
886 885
886 887
886 888
886 889
886 890
886 891
886 892
887 860
887 884
887 885
887 886
887 888
887 889
887 890
887 891
887 892
887 893
888 883
888 884
888 885
888 886
888 887
888 889
888 890
888 891
888 892
888 893
889 856
889 857
889 860
889 873
889 876
889 877
889 880
889 883
889 884
889 885
889 886
889 887
889 888
889 890
889 891
889 892
889 893
889 894
890 856
890 859
890 860
890 861
890 863
890 864
890 873
890 876
890 885
890 886
890 887
890 888
890 889
890 891
890 892
890 893
890 894
890 895
891 886
891 887
891 888
891 889
891 890
891 892
891 893
891 894
891 895
892 872
892 873
892 876
892 877
892 886
892 887
892 888
892 889
892 890
892 891
892 893
892 894
892 895
893 860
893 863
893 864
893 869
893 870
893 871
893 872
893 873
893 874
893 875
893 876
893 887
893 888
893 889
893 890
893 891
893 892
893 894
893 895
894 864
894 869
894 872
894 889
894 890
894 891
894 892
894 893
894 895
895 872
895 890
895 891
895 892
895 893
895 894
