0 1
0 2
0 3
1 0
1 2
1 3
1 4
2 0
2 1
2 3
2 4
2 5
3 0
3 1
3 2
3 4
3 5
3 6
4 1
4 2
4 3
4 5
4 6
4 7
5 2
5 3
5 4
5 6
5 7
5 8
6 3
6 4
6 5
6 7
6 8
6 9
7 4
7 5
7 6
7 8
7 9
7 10
8 5
8 6
8 7
8 9
8 10
8 11
9 6
9 7
9 8
9 10
9 11
9 12
10 7
10 8
10 9
10 11
10 12
10 13
11 8
11 9
11 10
11 12
11 13
11 14
12 9
12 10
12 11
12 13
12 14
12 15
13 10
13 11
13 12
13 14
13 15
13 16
13 102
13 103
14 11
14 12
14 13
14 15
14 16
14 17
14 18
14 19
15 12
15 13
15 14
15 16
15 17
15 18
15 19
15 20
16 13
16 14
16 15
16 17
16 18
16 19
16 20
16 27
17 14
17 15
17 16
17 18
17 19
17 20
17 21
17 22
17 25
17 26
17 27
18 14
18 15
18 16
18 17
18 19
18 20
18 21
18 22
18 27
18 28
18 39
18 81
19 14
19 15
19 16
19 17
19 18
19 20
19 21
19 22
19 25
19 26
19 27
19 28
19 31
19 39
19 40
19 81
19 82
19 84
19 85
20 15
20 16
20 17
20 18
20 19
20 21
20 22
20 23
20 24
20 25
20 26
20 27
20 28
20 29
20 31
20 39
20 40
20 41
20 81
21 17
21 18
21 19
21 20
21 22
21 23
21 24
21 25
21 26
21 27
21 28
21 29
21 31
21 38
21 39
21 40
21 41
21 44
22 17
22 18
22 19
22 20
22 21
22 23
22 24
22 25
22 26
22 27
22 28
22 38
22 39
22 40
22 41
22 44
22 59
22 60
23 20
23 21
23 22
23 24
23 25
23 26
23 28
23 40
23 41
23 43
23 44
23 45
23 47
23 48
23 59
23 60
24 20
24 21
24 22
24 23
24 25
24 26
24 27
24 28
24 29
24 40
24 41
24 43
24 44
25 17
25 19
25 20
25 21
25 22
25 23
25 24
25 26
25 27
25 28
25 40
26 17
26 19
26 20
26 21
26 22
26 23
26 24
26 25
26 27
26 28
26 29
26 41
27 16
27 17
27 18
27 19
27 20
27 21
27 22
27 24
27 25
27 26
27 28
27 29
27 30
27 31
27 40
27 41
27 85
28 18
28 19
28 20
28 21
28 22
28 23
28 24
28 25
28 26
28 27
28 29
28 30
28 31
28 32
28 39
28 40
28 41
28 42
28 43
28 44
28 78
28 81
28 82
28 85
29 20
29 21
29 24
29 26
29 27
29 28
29 30
29 31
29 32
29 40
29 41
29 42
29 43
29 44
29 82
30 27
30 28
30 29
30 31
30 32
30 33
30 39
30 40
30 41
30 42
30 43
30 44
30 73
30 77
30 78
30 79
30 81
30 82
31 19
31 20
31 21
31 27
31 28
31 29
31 30
31 32
31 33
31 34
31 38
31 39
31 40
31 41
31 42
31 43
31 44
31 45
31 75
31 76
31 77
31 78
31 79
31 80
31 81
31 82
32 28
32 29
32 30
32 31
32 33
32 34
32 37
32 38
32 39
32 40
32 41
32 42
32 43
32 44
32 45
32 72
32 73
32 74
32 75
32 76
32 77
32 78
32 79
32 81
33 30
33 31
33 32
33 34
33 35
33 36
33 37
33 38
33 39
33 40
33 41
33 42
33 72
33 75
33 76
33 77
33 78
33 79
33 81
34 31
34 32
34 33
34 35
34 36
34 37
34 38
34 39
34 40
34 56
34 57
34 58
34 63
34 64
34 65
34 66
34 67
34 72
34 75
34 76
34 77
34 78
35 33
35 34
35 36
35 37
35 38
35 39
35 58
35 63
35 64
35 65
35 66
35 75
35 76
36 33
36 34
36 35
36 37
36 38
36 39
36 57
36 58
36 60
36 61
36 62
36 63
36 64
36 65
37 32
37 33
37 34
37 35
37 36
37 38
37 39
37 58
37 61
37 78
38 21
38 22
38 31
38 32
38 33
38 34
38 35
38 36
38 37
38 39
38 40
38 58
38 59
38 60
38 61
38 78
39 18
39 19
39 20
39 21
39 22
39 28
39 30
39 31
39 32
39 33
39 34
39 35
39 36
39 37
39 38
39 40
39 41
39 42
39 45
39 58
39 60
39 76
39 77
39 78
39 81
40 19
40 20
40 21
40 22
40 23
40 24
40 25
40 27
40 28
40 29
40 30
40 31
40 32
40 33
40 34
40 38
40 39
40 41
40 42
40 43
40 44
40 45
40 58
40 59
40 77
40 78
41 20
41 21
41 22
41 23
41 24
41 26
41 27
41 28
41 29
41 30
41 31
41 32
41 33
41 39
41 40
41 42
41 43
41 44
41 45
41 46
41 72
41 77
41 78
42 28
42 29
42 30
42 31
42 32
42 33
42 39
42 40
42 41
42 43
42 44
42 45
42 46
42 47
42 48
42 72
42 73
42 74
42 75
42 77
43 23
43 24
43 28
43 29
43 30
43 31
43 32
43 40
43 41
43 42
43 44
43 45
43 46
43 47
43 48
43 72
43 73
44 21
44 22
44 23
44 24
44 28
44 29
44 30
44 31
44 32
44 40
44 41
44 42
44 43
44 45
44 46
44 47
44 48
44 49
44 72
45 23
45 31
45 32
45 39
45 40
45 41
45 42
45 43
45 44
45 46
45 47
45 48
45 49
45 50
45 56
45 58
45 59
45 71
45 72
45 73
46 41
46 42
46 43
46 44
46 45
46 47
46 48
46 49
46 50
46 51
46 71
46 72
46 73
47 23
47 42
47 43
47 44
47 45
47 46
47 48
47 49
47 50
47 51
47 72
48 23
48 42
48 43
48 44
48 45
48 46
48 47
48 49
48 50
48 51
48 56
48 57
48 58
48 59
49 44
49 45
49 46
49 47
49 48
49 50
49 51
49 52
49 53
49 54
49 55
49 56
49 57
49 71
49 72
50 45
50 46
50 47
50 48
50 49
50 51
50 52
50 53
50 54
50 55
50 56
51 46
51 47
51 48
51 49
51 50
51 52
51 53
51 54
51 71
52 49
52 50
52 51
52 53
52 54
52 55
52 69
52 71
53 49
53 50
53 51
53 52
53 54
53 55
53 56
53 66
53 67
53 71
54 49
54 50
54 51
54 52
54 53
54 55
54 56
54 65
54 66
54 67
54 68
54 69
54 70
54 71
54 72
55 49
55 50
55 52
55 53
55 54
55 56
55 57
55 58
55 64
55 65
55 66
55 67
55 68
55 71
56 34
56 45
56 48
56 49
56 50
56 53
56 54
56 55
56 57
56 58
56 59
56 62
56 63
56 64
56 65
56 66
56 67
56 71
56 72
57 34
57 36
57 48
57 49
57 55
57 56
57 58
57 59
57 60
57 61
57 62
57 63
57 64
57 65
57 66
58 34
58 35
58 36
58 37
58 38
58 39
58 40
58 45
58 48
58 55
58 56
58 57
58 59
58 60
58 61
58 62
58 63
58 64
58 65
59 22
59 23
59 38
59 40
59 45
59 48
59 56
59 57
59 58
59 60
59 61
59 62
59 63
59 64
60 22
60 23
60 36
60 38
60 39
60 57
60 58
60 59
60 61
60 62
60 63
61 36
61 37
61 38
61 57
61 58
61 59
61 60
61 62
61 63
61 64
62 36
62 56
62 57
62 58
62 59
62 60
62 61
62 63
62 64
62 65
63 34
63 35
63 36
63 56
63 57
63 58
63 59
63 60
63 61
63 62
63 64
63 65
64 34
64 35
64 36
64 55
64 56
64 57
64 58
64 59
64 61
64 62
64 63
64 65
64 66
64 67
65 34
65 35
65 36
65 54
65 55
65 56
65 57
65 58
65 62
65 63
65 64
65 66
65 67
65 68
66 34
66 35
66 53
66 54
66 55
66 56
66 57
66 64
66 65
66 67
66 68
66 69
66 71
67 34
67 53
67 54
67 55
67 56
67 64
67 65
67 66
67 68
67 69
67 70
67 71
67 72
67 73
67 74
67 75
68 54
68 55
68 65
68 66
68 67
68 69
68 70
68 71
68 72
68 73
68 74
68 75
69 52
69 54
69 66
69 67
69 68
69 70
69 71
69 72
69 73
69 74
70 54
70 67
70 68
70 69
70 71
70 72
70 73
70 74
70 75
71 45
71 46
71 49
71 51
71 52
71 53
71 54
71 55
71 56
71 66
71 67
71 68
71 69
71 70
71 72
71 73
71 74
71 75
72 32
72 33
72 34
72 41
72 42
72 43
72 44
72 45
72 46
72 47
72 49
72 54
72 56
72 67
72 68
72 69
72 70
72 71
72 73
72 74
72 75
72 76
73 30
73 32
73 42
73 43
73 45
73 46
73 67
73 68
73 69
73 70
73 71
73 72
73 74
73 75
73 76
73 77
74 32
74 42
74 67
74 68
74 69
74 70
74 71
74 72
74 73
74 75
74 76
74 77
75 31
75 32
75 33
75 34
75 35
75 42
75 67
75 68
75 70
75 71
75 72
75 73
75 74
75 76
75 77
75 78
76 31
76 32
76 33
76 34
76 35
76 39
76 72
76 73
76 74
76 75
76 77
76 78
76 79
77 30
77 31
77 32
77 33
77 34
77 39
77 40
77 41
77 42
77 73
77 74
77 75
77 76
77 78
77 79
77 80
77 81
77 82
77 115
78 28
78 30
78 31
78 32
78 33
78 34
78 37
78 38
78 39
78 40
78 41
78 75
78 76
78 77
78 79
78 80
78 81
78 82
78 83
79 30
79 31
79 32
79 33
79 76
79 77
79 78
79 80
79 81
79 82
79 83
79 84
79 85
79 112
80 31
80 77
80 78
80 79
80 81
80 82
80 83
80 84
80 85
80 107
81 18
81 19
81 20
81 28
81 30
81 31
81 32
81 33
81 39
81 77
81 78
81 79
81 80
81 82
81 83
81 84
81 85
81 86
81 87
82 19
82 28
82 29
82 30
82 31
82 77
82 78
82 79
82 80
82 81
82 83
82 84
82 85
82 86
82 87
83 78
83 79
83 80
83 81
83 82
83 84
83 85
83 86
83 87
83 88
83 89
83 107
83 108
83 110
83 112
84 19
84 79
84 80
84 81
84 82
84 83
84 85
84 86
84 87
84 88
84 89
84 104
84 106
84 107
84 108
85 19
85 27
85 28
85 79
85 80
85 81
85 82
85 83
85 84
85 86
85 87
85 88
85 89
85 90
85 107
86 81
86 82
86 83
86 84
86 85
86 87
86 88
86 89
86 90
86 91
86 107
87 81
87 82
87 83
87 84
87 85
87 86
87 88
87 89
87 90
87 91
87 103
87 104
87 105
87 106
87 107
87 108
88 83
88 84
88 85
88 86
88 87
88 89
88 90
88 91
88 92
88 103
88 104
88 106
88 107
89 83
89 84
89 85
89 86
89 87
89 88
89 90
89 91
89 92
89 93
90 85
90 86
90 87
90 88
90 89
90 91
90 92
90 93
90 106
91 86
91 87
91 88
91 89
91 90
91 92
91 93
91 94
91 95
91 103
91 106
92 88
92 89
92 90
92 91
92 93
92 94
92 95
92 96
93 89
93 90
93 91
93 92
93 94
93 95
93 96
94 91
94 92
94 93
94 95
94 96
95 91
95 92
95 93
95 94
95 96
95 97
96 92
96 93
96 94
96 95
96 97
96 98
96 99
96 100
97 95
97 96
97 98
97 99
97 100
97 101
98 96
98 97
98 99
98 100
98 101
99 96
99 97
99 98
99 100
99 101
99 102
100 96
100 97
100 98
100 99
100 101
100 102
100 103
101 97
101 98
101 99
101 100
101 102
101 103
101 104
101 105
102 13
102 99
102 100
102 101
102 103
102 104
102 105
102 106
103 13
103 87
103 88
103 91
103 100
103 101
103 102
103 104
103 105
103 106
103 107
104 84
104 87
104 88
104 101
104 102
104 103
104 105
104 106
104 107
104 108
105 87
105 101
105 102
105 103
105 104
105 106
105 107
105 108
105 109
106 84
106 87
106 88
106 90
106 91
106 102
106 103
106 104
106 105
106 107
106 108
106 109
106 110
107 80
107 83
107 84
107 85
107 86
107 87
107 88
107 103
107 104
107 105
107 106
107 108
107 109
107 110
108 83
108 84
108 87
108 104
108 105
108 106
108 107
108 109
108 110
108 111
109 105
109 106
109 107
109 108
109 110
109 111
109 112
110 83
110 106
110 107
110 108
110 109
110 111
110 112
110 113
110 121
111 108
111 109
111 110
111 112
111 113
111 114
111 120
111 121
111 122
111 123
112 79
112 83
112 109
112 110
112 111
112 113
112 114
112 115
112 119
112 120
112 121
112 122
112 123
112 132
112 133
112 134
113 110
113 111
113 112
113 114
113 115
113 116
113 117
113 118
113 119
113 120
113 121
113 122
113 123
113 133
113 134
114 111
114 112
114 113
114 115
114 116
114 117
114 118
114 119
114 120
114 121
114 122
114 123
114 132
114 133
114 134
114 135
114 136
114 137
115 77
115 112
115 113
115 114
115 116
115 117
115 118
115 119
115 120
115 121
115 122
115 133
115 134
116 113
116 114
116 115
116 117
116 118
116 119
116 120
116 133
116 134
116 136
116 137
117 113
117 114
117 115
117 116
117 118
117 119
117 120
117 121
117 122
117 133
117 134
117 135
117 136
117 137
118 113
118 114
118 115
118 116
118 117
118 119
118 120
118 121
119 112
119 113
119 114
119 115
119 116
119 117
119 118
119 120
119 121
119 122
119 134
120 111
120 112
120 113
120 114
120 115
120 116
120 117
120 118
120 119
120 121
120 122
120 123
120 133
120 134
120 135
120 136
120 137
121 110
121 111
121 112
121 113
121 114
121 115
121 117
121 118
121 119
121 120
121 122
121 123
121 124
121 132
121 133
121 134
121 135
121 136
122 111
122 112
122 113
122 114
122 115
122 117
122 119
122 120
122 121
122 123
122 124
122 125
122 131
122 132
122 133
122 134
122 135
122 136
122 137
122 149
122 150
123 111
123 112
123 113
123 114
123 120
123 121
123 122
123 124
123 125
123 132
123 133
123 134
123 135
123 138
123 148
123 149
123 150
123 151
124 121
124 122
124 123
124 125
124 126
124 127
124 131
124 132
124 133
124 134
124 135
124 137
124 138
124 147
124 148
124 149
124 150
124 151
124 152
124 153
125 122
125 123
125 124
125 126
125 127
125 128
125 129
125 130
125 131
125 132
125 133
125 134
125 138
125 142
125 145
125 146
125 147
125 148
125 149
125 150
125 151
125 152
125 153
125 154
126 124
126 125
126 127
126 128
126 129
126 130
126 131
126 132
126 133
126 137
126 138
126 142
126 145
126 146
126 147
126 148
126 149
126 150
127 124
127 125
127 126
127 128
127 129
127 130
127 131
127 132
127 145
127 146
127 147
127 148
127 153
128 125
128 126
128 127
128 129
128 130
128 131
128 142
128 144
128 145
128 146
128 147
129 125
129 126
129 127
129 128
129 130
129 131
129 132
129 142
129 145
129 146
129 147
130 125
130 126
130 127
130 128
130 129
130 131
130 132
130 133
131 122
131 124
131 125
131 126
131 127
131 128
131 129
131 130
131 132
131 133
131 147
131 150
132 112
132 114
132 121
132 122
132 123
132 124
132 125
132 126
132 127
132 129
132 130
132 131
132 133
132 134
132 137
132 138
132 147
132 148
132 149
132 150
133 112
133 113
133 114
133 115
133 116
133 117
133 120
133 121
133 122
133 123
133 124
133 125
133 126
133 130
133 131
133 132
133 134
133 135
133 136
133 137
133 138
133 142
133 147
133 149
133 150
134 112
134 113
134 114
134 115
134 116
134 117
134 119
134 120
134 121
134 122
134 123
134 124
134 125
134 132
134 133
134 135
134 136
134 137
134 138
134 139
134 150
135 114
135 117
135 120
135 121
135 122
135 123
135 124
135 133
135 134
135 136
135 137
135 138
135 139
135 140
135 142
136 114
136 116
136 117
136 120
136 121
136 122
136 133
136 134
136 135
136 137
136 138
136 139
136 140
136 141
136 142
136 143
137 114
137 116
137 117
137 120
137 122
137 124
137 126
137 132
137 133
137 134
137 135
137 136
137 138
137 139
137 140
137 141
137 142
137 143
138 123
138 124
138 125
138 126
138 132
138 133
138 134
138 135
138 136
138 137
138 139
138 140
138 141
138 142
138 143
138 144
138 145
138 146
138 147
138 148
139 134
139 135
139 136
139 137
139 138
139 140
139 141
139 142
139 143
139 144
139 145
140 135
140 136
140 137
140 138
140 139
140 141
140 142
140 143
140 144
141 136
141 137
141 138
141 139
141 140
141 142
141 143
141 144
141 145
142 125
142 126
142 128
142 129
142 133
142 135
142 136
142 137
142 138
142 139
142 140
142 141
142 143
142 144
142 145
142 146
142 147
143 136
143 137
143 138
143 139
143 140
143 141
143 142
143 144
143 145
143 146
143 147
144 128
144 138
144 139
144 140
144 141
144 142
144 143
144 145
144 146
144 147
145 125
145 126
145 127
145 128
145 129
145 138
145 139
145 141
145 142
145 143
145 144
145 146
145 147
145 148
146 125
146 126
146 127
146 128
146 129
146 138
146 142
146 143
146 144
146 145
146 147
146 148
147 124
147 125
147 126
147 127
147 128
147 129
147 131
147 132
147 133
147 138
147 142
147 143
147 144
147 145
147 146
147 148
147 149
147 150
148 123
148 124
148 125
148 126
148 127
148 132
148 138
148 145
148 146
148 147
148 149
148 150
148 151
148 152
148 153
149 122
149 123
149 124
149 125
149 126
149 132
149 133
149 147
149 148
149 150
149 151
149 152
149 153
149 154
150 122
150 123
150 124
150 125
150 126
150 131
150 132
150 133
150 134
150 147
150 148
150 149
150 151
150 152
150 153
150 154
150 155
151 123
151 124
151 125
151 148
151 149
151 150
151 152
151 153
151 154
151 155
151 156
152 124
152 125
152 148
152 149
152 150
152 151
152 153
152 154
152 155
152 156
152 157
153 124
153 125
153 127
153 148
153 149
153 150
153 151
153 152
153 154
153 155
153 156
153 157
153 158
154 125
154 149
154 150
154 151
154 152
154 153
154 155
154 156
154 157
154 158
154 159
154 160
155 150
155 151
155 152
155 153
155 154
155 156
155 157
155 158
155 159
155 160
155 161
156 151
156 152
156 153
156 154
156 155
156 157
156 158
156 159
156 160
156 161
156 162
157 152
157 153
157 154
157 155
157 156
157 158
157 159
157 160
157 161
157 162
157 163
158 153
158 154
158 155
158 156
158 157
158 159
158 160
158 161
158 162
158 163
158 164
159 154
159 155
159 156
159 157
159 158
159 160
159 161
159 162
159 163
159 164
159 165
160 154
160 155
160 156
160 157
160 158
160 159
160 161
160 162
160 163
160 164
160 165
161 155
161 156
161 157
161 158
161 159
161 160
161 162
161 163
161 164
161 165
161 166
161 167
162 156
162 157
162 158
162 159
162 160
162 161
162 163
162 164
162 165
162 166
162 167
162 168
163 157
163 158
163 159
163 160
163 161
163 162
163 164
163 165
163 166
163 167
163 168
163 169
164 158
164 159
164 160
164 161
164 162
164 163
164 165
164 166
164 167
164 168
164 169
164 170
165 159
165 160
165 161
165 162
165 163
165 164
165 166
165 167
165 168
165 169
165 170
166 161
166 162
166 163
166 164
166 165
166 167
166 168
166 169
166 170
166 171
167 161
167 162
167 163
167 164
167 165
167 166
167 168
167 169
167 170
167 171
167 172
168 162
168 163
168 164
168 165
168 166
168 167
168 169
168 170
168 171
168 172
169 163
169 164
169 165
169 166
169 167
169 168
169 170
169 171
169 172
169 173
169 174
170 164
170 165
170 166
170 167
170 168
170 169
170 171
170 172
170 173
170 174
170 175
171 166
171 167
171 168
171 169
171 170
171 172
171 173
171 174
171 175
171 176
172 167
172 168
172 169
172 170
172 171
172 173
172 174
172 175
172 176
172 177
172 178
173 169
173 170
173 171
173 172
173 174
173 175
173 176
173 177
173 178
173 179
174 169
174 170
174 171
174 172
174 173
174 175
174 176
174 177
174 178
174 179
175 170
175 171
175 172
175 173
175 174
175 176
175 177
175 178
175 179
175 180
175 181
176 171
176 172
176 173
176 174
176 175
176 177
176 178
176 179
176 180
176 181
177 172
177 173
177 174
177 175
177 176
177 178
177 179
177 180
177 181
177 182
177 183
178 172
178 173
178 174
178 175
178 176
178 177
178 179
178 180
178 181
178 182
178 183
178 184
179 173
179 174
179 175
179 176
179 177
179 178
179 180
179 181
179 182
179 183
179 184
180 175
180 176
180 177
180 178
180 179
180 181
180 182
180 183
180 184
180 185
180 186
181 175
181 176
181 177
181 178
181 179
181 180
181 182
181 183
181 184
181 185
181 186
182 177
182 178
182 179
182 180
182 181
182 183
182 184
182 185
182 186
182 187
182 188
183 177
183 178
183 179
183 180
183 181
183 182
183 184
183 185
183 186
183 187
183 188
184 178
184 179
184 180
184 181
184 182
184 183
184 185
184 186
184 187
184 188
184 189
185 180
185 181
185 182
185 183
185 184
185 186
185 187
185 188
185 189
185 190
185 191
186 180
186 181
186 182
186 183
186 184
186 185
186 187
186 188
186 189
186 190
186 191
187 182
187 183
187 184
187 185
187 186
187 188
187 189
187 190
187 191
187 192
187 193
188 182
188 183
188 184
188 185
188 186
188 187
188 189
188 190
188 191
188 192
188 193
188 194
189 184
189 185
189 186
189 187
189 188
189 190
189 191
189 192
189 193
189 194
189 195
190 185
190 186
190 187
190 188
190 189
190 191
190 192
190 193
190 194
190 195
190 196
191 185
191 186
191 187
191 188
191 189
191 190
191 192
191 193
191 194
191 195
191 196
192 187
192 188
192 189
192 190
192 191
192 193
192 194
192 195
192 196
192 197
192 198
193 187
193 188
193 189
193 190
193 191
193 192
193 194
193 195
193 196
193 197
193 198
193 199
194 188
194 189
194 190
194 191
194 192
194 193
194 195
194 196
194 197
194 198
194 199
195 189
195 190
195 191
195 192
195 193
195 194
195 196
195 197
195 198
195 199
195 200
196 190
196 191
196 192
196 193
196 194
196 195
196 197
196 198
196 199
196 200
196 201
196 202
196 314
197 192
197 193
197 194
197 195
197 196
197 198
197 199
197 200
197 201
197 202
198 192
198 193
198 194
198 195
198 196
198 197
198 199
198 200
198 201
198 202
198 203
199 193
199 194
199 195
199 196
199 197
199 198
199 200
199 201
199 202
199 203
199 204
200 195
200 196
200 197
200 198
200 199
200 201
200 202
200 203
200 204
200 205
200 312
201 196
201 197
201 198
201 199
201 200
201 202
201 203
201 204
201 205
201 206
202 196
202 197
202 198
202 199
202 200
202 201
202 203
202 204
202 205
202 206
202 207
203 198
203 199
203 200
203 201
203 202
203 204
203 205
203 206
203 207
203 208
203 312
204 199
204 200
204 201
204 202
204 203
204 205
204 206
204 207
204 208
204 209
204 210
204 311
205 200
205 201
205 202
205 203
205 204
205 206
205 207
205 208
205 209
205 210
206 201
206 202
206 203
206 204
206 205
206 207
206 208
206 209
206 210
206 211
206 212
207 202
207 203
207 204
207 205
207 206
207 208
207 209
207 210
207 211
207 212
207 213
208 203
208 204
208 205
208 206
208 207
208 209
208 210
208 211
208 212
208 213
208 214
209 204
209 205
209 206
209 207
209 208
209 210
209 211
209 212
209 213
209 214
209 215
210 204
210 205
210 206
210 207
210 208
210 209
210 211
210 212
210 213
210 214
210 215
211 206
211 207
211 208
211 209
211 210
211 212
211 213
211 214
211 215
211 216
211 217
212 206
212 207
212 208
212 209
212 210
212 211
212 213
212 214
212 215
212 216
212 217
213 207
213 208
213 209
213 210
213 211
213 212
213 214
213 215
213 216
213 217
213 218
214 208
214 209
214 210
214 211
214 212
214 213
214 215
214 216
214 217
214 218
214 219
214 220
215 209
215 210
215 211
215 212
215 213
215 214
215 216
215 217
215 218
215 219
215 220
216 211
216 212
216 213
216 214
216 215
216 217
216 218
216 219
216 220
216 221
217 211
217 212
217 213
217 214
217 215
217 216
217 218
217 219
217 220
217 221
217 222
217 223
218 213
218 214
218 215
218 216
218 217
218 219
218 220
218 221
218 222
218 223
218 224
218 297
219 214
219 215
219 216
219 217
219 218
219 220
219 221
219 222
219 223
219 224
220 214
220 215
220 216
220 217
220 218
220 219
220 221
220 222
220 223
220 224
220 225
220 226
221 216
221 217
221 218
221 219
221 220
221 222
221 223
221 224
221 225
221 226
221 227
222 217
222 218
222 219
222 220
222 221
222 223
222 224
222 225
222 226
222 227
222 228
222 295
222 297
223 217
223 218
223 219
223 220
223 221
223 222
223 224
223 225
223 226
223 227
223 228
224 218
224 219
224 220
224 221
224 222
224 223
224 225
224 226
224 227
224 228
224 229
224 230
225 220
225 221
225 222
225 223
225 224
225 226
225 227
225 228
225 229
225 230
225 295
226 220
226 221
226 222
226 223
226 224
226 225
226 227
226 228
226 229
226 230
226 231
226 293
226 294
226 295
227 221
227 222
227 223
227 224
227 225
227 226
227 228
227 229
227 230
227 231
227 232
227 233
228 222
228 223
228 224
228 225
228 226
228 227
228 229
228 230
228 231
228 232
228 233
228 291
229 224
229 225
229 226
229 227
229 228
229 230
229 231
229 232
229 233
229 234
229 290
229 291
229 292
229 293
229 294
230 224
230 225
230 226
230 227
230 228
230 229
230 231
230 232
230 233
230 234
230 235
230 236
230 291
230 292
230 293
231 226
231 227
231 228
231 229
231 230
231 232
231 233
231 234
231 235
231 236
231 237
231 291
232 227
232 228
232 229
232 230
232 231
232 233
232 234
232 235
232 236
232 237
232 289
232 290
232 291
232 292
233 227
233 228
233 229
233 230
233 231
233 232
233 234
233 235
233 236
233 237
233 238
233 239
233 289
233 290
233 291
233 292
234 229
234 230
234 231
234 232
234 233
234 235
234 236
234 237
234 238
234 239
234 240
235 230
235 231
235 232
235 233
235 234
235 236
235 237
235 238
235 239
235 240
236 230
236 231
236 232
236 233
236 234
236 235
236 237
236 238
236 239
236 240
236 241
236 242
236 285
236 286
236 287
236 288
236 289
236 290
236 291
237 231
237 232
237 233
237 234
237 235
237 236
237 238
237 239
237 240
237 241
237 242
237 243
237 286
237 287
237 289
238 233
238 234
238 235
238 236
238 237
238 239
238 240
238 241
238 242
238 243
238 244
239 233
239 234
239 235
239 236
239 237
239 238
239 240
239 241
239 242
239 243
239 244
239 285
239 286
239 287
240 234
240 235
240 236
240 237
240 238
240 239
240 241
240 242
240 243
240 244
240 245
240 246
240 285
240 286
240 287
241 236
241 237
241 238
241 239
241 240
241 242
241 243
241 244
241 245
241 246
241 247
242 236
242 237
242 238
242 239
242 240
242 241
242 243
242 244
242 245
242 246
242 247
242 248
243 237
243 238
243 239
243 240
243 241
243 242
243 244
243 245
243 246
243 247
243 248
243 280
243 283
243 284
243 285
243 286
244 238
244 239
244 240
244 241
244 242
244 243
244 245
244 246
244 247
244 248
244 249
244 250
244 285
245 240
245 241
245 242
245 243
245 244
245 246
245 247
245 248
245 249
245 250
245 251
246 240
246 241
246 242
246 243
246 244
246 245
246 247
246 248
246 249
246 250
246 251
246 252
246 280
247 241
247 242
247 243
247 244
247 245
247 246
247 248
247 249
247 250
247 251
247 252
247 253
247 276
247 277
247 280
247 281
248 242
248 243
248 244
248 245
248 246
248 247
248 249
248 250
248 251
248 252
248 253
248 254
249 244
249 245
249 246
249 247
249 248
249 250
249 251
249 252
249 253
249 254
249 255
250 244
250 245
250 246
250 247
250 248
250 249
250 251
250 252
250 253
250 254
250 255
250 256
250 273
250 276
250 277
250 280
251 245
251 246
251 247
251 248
251 249
251 250
251 252
251 253
251 254
251 255
251 256
251 257
251 273
251 276
251 277
251 280
252 246
252 247
252 248
252 249
252 250
252 251
252 253
252 254
252 255
252 256
252 257
252 258
253 247
253 248
253 249
253 250
253 251
253 252
253 254
253 255
253 256
253 257
253 258
253 259
253 273
254 248
254 249
254 250
254 251
254 252
254 253
254 255
254 256
254 257
254 258
254 259
254 261
254 266
254 269
254 270
254 273
254 274
254 276
254 277
255 249
255 250
255 251
255 252
255 253
255 254
255 256
255 257
255 258
255 259
255 260
255 261
256 250
256 251
256 252
256 253
256 254
256 255
256 257
256 258
256 259
256 260
256 261
257 251
257 252
257 253
257 254
257 255
257 256
257 258
257 259
257 260
257 261
257 262
257 265
257 266
257 267
257 269
257 270
257 273
258 252
258 253
258 254
258 255
258 256
258 257
258 259
258 260
258 261
258 262
258 263
258 265
258 266
258 267
258 270
259 253
259 254
259 255
259 256
259 257
259 258
259 260
259 261
259 262
259 266
260 255
260 256
260 257
260 258
260 259
260 261
260 262
260 263
260 265
260 266
261 254
261 255
261 256
261 257
261 258
261 259
261 260
261 262
261 263
261 264
261 265
261 266
261 267
261 269
262 257
262 258
262 259
262 260
262 261
262 263
262 264
262 265
262 266
262 267
263 258
263 260
263 261
263 262
263 264
263 265
263 266
263 267
263 268
264 261
264 262
264 263
264 265
264 266
264 267
264 268
264 269
264 270
265 257
265 258
265 260
265 261
265 262
265 263
265 264
265 266
265 267
265 268
265 269
265 270
266 254
266 257
266 258
266 259
266 260
266 261
266 262
266 263
266 264
266 265
266 267
266 268
266 269
266 270
266 271
266 273
267 257
267 258
267 261
267 262
267 263
267 264
267 265
267 266
267 268
267 269
267 270
267 271
267 272
267 273
268 263
268 264
268 265
268 266
268 267
268 269
268 270
268 271
268 272
268 273
269 254
269 257
269 261
269 264
269 265
269 266
269 267
269 268
269 270
269 271
269 272
269 273
269 274
270 254
270 257
270 258
270 264
270 265
270 266
270 267
270 268
270 269
270 271
270 272
270 273
270 274
270 275
270 276
271 266
271 267
271 268
271 269
271 270
271 272
271 273
271 274
271 275
271 276
272 267
272 268
272 269
272 270
272 271
272 273
272 274
272 275
272 276
272 277
272 278
273 250
273 251
273 253
273 254
273 257
273 266
273 267
273 268
273 269
273 270
273 271
273 272
273 274
273 275
273 276
273 277
273 278
273 279
274 254
274 269
274 270
274 271
274 272
274 273
274 275
274 276
274 277
274 278
274 279
274 280
275 270
275 271
275 272
275 273
275 274
275 276
275 277
275 278
275 279
275 280
275 281
276 247
276 250
276 251
276 254
276 270
276 271
276 272
276 273
276 274
276 275
276 277
276 278
276 279
276 280
276 281
276 282
277 247
277 250
277 251
277 254
277 272
277 273
277 274
277 275
277 276
277 278
277 279
277 280
277 281
277 282
277 283
278 272
278 273
278 274
278 275
278 276
278 277
278 279
278 280
278 281
278 282
278 283
279 273
279 274
279 275
279 276
279 277
279 278
279 280
279 281
279 282
279 283
279 284
280 243
280 246
280 247
280 250
280 251
280 274
280 275
280 276
280 277
280 278
280 279
280 281
280 282
280 283
280 284
280 285
281 247
281 275
281 276
281 277
281 278
281 279
281 280
281 282
281 283
281 284
282 276
282 277
282 278
282 279
282 280
282 281
282 283
282 284
282 285
283 243
283 277
283 278
283 279
283 280
283 281
283 282
283 284
283 285
284 243
284 279
284 280
284 281
284 282
284 283
284 285
284 286
284 287
285 236
285 239
285 240
285 243
285 244
285 280
285 282
285 283
285 284
285 286
285 287
285 288
286 236
286 237
286 239
286 240
286 243
286 284
286 285
286 287
286 288
286 289
286 290
287 236
287 237
287 239
287 240
287 284
287 285
287 286
287 288
287 289
287 290
288 236
288 285
288 286
288 287
288 289
288 290
288 291
289 232
289 233
289 236
289 237
289 286
289 287
289 288
289 290
289 291
289 292
290 229
290 232
290 233
290 236
290 286
290 287
290 288
290 289
290 291
290 292
291 228
291 229
291 230
291 231
291 232
291 233
291 236
291 288
291 289
291 290
291 292
291 293
291 294
292 229
292 230
292 232
292 233
292 289
292 290
292 291
292 293
292 294
292 295
293 226
293 229
293 230
293 291
293 292
293 294
293 295
293 296
294 226
294 229
294 291
294 292
294 293
294 295
294 296
295 222
295 225
295 226
295 292
295 293
295 294
295 296
295 297
295 298
296 293
296 294
296 295
296 297
296 298
296 299
297 218
297 222
297 295
297 296
297 298
297 299
297 300
298 295
298 296
298 297
298 299
298 300
298 301
299 296
299 297
299 298
299 300
299 301
299 302
299 303
300 297
300 298
300 299
300 301
300 302
300 303
300 304
300 305
301 298
301 299
301 300
301 302
301 303
301 304
301 305
301 306
301 307
302 299
302 300
302 301
302 303
302 304
302 305
302 306
302 307
302 308
303 299
303 300
303 301
303 302
303 304
303 305
303 306
303 307
303 308
304 300
304 301
304 302
304 303
304 305
304 306
304 307
304 308
304 309
304 310
305 300
305 301
305 302
305 303
305 304
305 306
305 307
305 308
305 309
305 310
305 311
306 301
306 302
306 303
306 304
306 305
306 307
306 308
306 309
306 310
306 311
307 301
307 302
307 303
307 304
307 305
307 306
307 308
307 309
307 310
307 311
307 312
308 302
308 303
308 304
308 305
308 306
308 307
308 309
308 310
308 311
308 312
309 304
309 305
309 306
309 307
309 308
309 310
309 311
309 312
310 304
310 305
310 306
310 307
310 308
310 309
310 311
310 312
310 313
311 204
311 305
311 306
311 307
311 308
311 309
311 310
311 312
311 313
312 200
312 203
312 307
312 308
312 309
312 310
312 311
312 313
312 314
312 315
313 310
313 311
313 312
313 314
313 315
313 316
314 196
314 312
314 313
314 315
314 316
315 312
315 313
315 314
315 316
315 317
315 356
315 357
315 358
315 359
316 313
316 314
316 315
316 317
316 318
316 319
316 356
316 357
316 358
316 359
317 315
317 316
317 318
317 319
317 320
317 346
317 347
317 348
317 354
317 355
317 356
317 357
317 358
317 359
317 360
317 382
317 383
318 316
318 317
318 319
318 320
318 321
318 346
318 347
318 348
318 349
318 352
318 353
318 354
318 355
318 356
318 357
318 359
318 383
319 316
319 317
319 318
319 320
319 321
319 322
319 323
319 324
319 345
319 346
319 347
319 348
319 349
319 351
319 352
319 353
319 354
319 355
319 356
319 357
319 358
319 359
319 360
319 383
319 403
319 404
320 317
320 318
320 319
320 321
320 322
320 323
320 324
320 325
320 346
320 347
320 348
320 349
320 350
320 351
320 354
320 359
320 403
320 404
320 406
320 407
320 408
320 409
321 318
321 319
321 320
321 322
321 323
321 324
321 325
321 346
321 347
321 348
321 349
321 361
321 401
321 402
321 403
321 404
321 405
321 406
321 407
321 408
321 409
321 411
322 319
322 320
322 321
322 323
322 324
322 325
322 346
322 347
322 348
322 349
322 351
322 402
322 403
322 406
322 407
322 408
322 409
322 410
322 411
323 319
323 320
323 321
323 322
323 324
323 325
323 345
323 346
323 347
323 348
323 349
323 350
323 351
323 352
323 353
323 408
323 409
323 410
324 319
324 320
324 321
324 322
324 323
324 325
324 326
324 344
324 345
324 346
324 347
324 348
324 349
324 351
324 352
324 353
324 354
324 383
324 384
324 402
324 403
324 407
324 408
324 409
324 410
325 320
325 321
325 322
325 323
325 324
325 326
325 327
325 343
325 344
325 345
325 346
325 347
325 351
325 384
325 401
325 408
325 409
325 410
325 411
326 324
326 325
326 327
326 328
326 330
326 331
326 342
326 343
326 344
326 345
326 346
326 384
326 385
326 386
326 387
326 401
326 408
326 409
326 410
326 411
326 413
327 325
327 326
327 328
327 329
327 330
327 331
327 332
327 341
327 342
327 343
327 344
327 345
327 386
328 326
328 327
328 329
328 330
328 331
328 332
328 333
328 340
328 341
328 342
328 343
328 344
328 386
328 387
329 327
329 328
329 330
329 331
329 332
329 333
329 334
329 340
329 341
329 342
329 343
329 415
330 326
330 327
330 328
330 329
330 331
330 332
330 333
330 334
330 335
330 339
330 340
330 341
330 342
330 343
330 387
330 388
330 389
330 390
330 391
330 399
330 413
330 415
330 416
330 417
331 326
331 327
331 328
331 329
331 330
331 332
331 333
331 334
331 340
331 341
331 342
331 343
331 397
331 398
331 399
331 410
331 411
331 412
331 413
331 414
331 415
331 416
332 327
332 328
332 329
332 330
332 331
332 333
332 334
332 340
332 396
332 397
332 399
332 413
332 414
332 415
332 416
332 417
333 328
333 329
333 330
333 331
333 332
333 334
333 335
333 336
333 340
333 391
333 396
333 397
333 414
333 415
333 416
333 417
333 418
334 329
334 330
334 331
334 332
334 333
334 335
334 336
334 337
334 338
334 339
334 340
334 341
334 389
334 390
334 391
334 392
334 394
334 395
334 396
334 397
334 415
334 416
334 417
334 418
334 419
334 420
335 330
335 333
335 334
335 336
335 337
335 338
335 339
335 340
335 390
335 391
335 392
335 393
335 394
335 416
335 417
335 418
335 419
335 420
335 421
335 422
335 423
336 333
336 334
336 335
336 337
336 338
336 339
336 340
336 390
336 391
336 392
336 393
336 394
336 395
336 416
336 417
336 418
336 419
336 420
337 334
337 335
337 336
337 338
337 339
337 340
337 389
337 390
337 391
337 392
337 393
337 394
337 417
337 418
337 419
337 420
338 334
338 335
338 336
338 337
338 339
338 340
338 341
338 389
338 390
338 391
338 392
338 419
338 420
339 330
339 334
339 335
339 336
339 337
339 338
339 340
339 341
339 387
339 388
339 389
339 390
339 391
340 328
340 329
340 330
340 331
340 332
340 333
340 334
340 335
340 336
340 337
340 338
340 339
340 341
340 342
340 387
340 388
340 389
340 390
340 391
340 417
341 327
341 328
341 329
341 330
341 331
341 334
341 338
341 339
341 340
341 342
341 343
341 386
341 387
341 388
341 389
341 390
342 326
342 327
342 328
342 329
342 330
342 331
342 340
342 341
342 343
342 344
342 345
342 385
342 386
342 387
342 388
342 389
343 325
343 326
343 327
343 328
343 329
343 330
343 331
343 341
343 342
343 344
343 345
343 346
343 377
343 378
343 384
343 385
343 386
343 387
343 388
344 324
344 325
344 326
344 327
344 328
344 342
344 343
344 345
344 346
344 347
344 361
344 377
344 378
344 379
344 383
344 384
344 385
344 386
344 387
344 401
344 408
345 319
345 323
345 324
345 325
345 326
345 327
345 342
345 343
345 344
345 346
345 347
345 353
345 354
345 355
345 357
345 382
345 383
345 384
345 385
345 386
345 408
346 317
346 318
346 319
346 320
346 321
346 322
346 323
346 324
346 325
346 326
346 343
346 344
346 345
346 347
346 348
346 351
346 352
346 353
346 354
346 355
346 356
346 357
346 359
346 361
346 382
346 383
346 384
346 385
346 403
346 408
347 317
347 318
347 319
347 320
347 321
347 322
347 323
347 324
347 325
347 344
347 345
347 346
347 348
347 349
347 350
347 351
347 352
347 353
347 354
347 355
347 383
347 384
348 317
348 318
348 319
348 320
348 321
348 322
348 323
348 324
348 346
348 347
348 349
348 350
348 351
348 352
348 353
348 354
348 355
349 318
349 319
349 320
349 321
349 322
349 323
349 324
349 347
349 348
349 350
349 351
349 352
349 353
349 354
350 320
350 323
350 347
350 348
350 349
350 351
350 352
350 353
351 319
351 320
351 322
351 323
351 324
351 325
351 346
351 347
351 348
351 349
351 350
351 352
351 353
351 354
352 318
352 319
352 323
352 324
352 346
352 347
352 348
352 349
352 350
352 351
352 353
352 354
352 355
353 318
353 319
353 323
353 324
353 345
353 346
353 347
353 348
353 349
353 350
353 351
353 352
353 354
353 355
353 356
353 382
353 383
353 384
353 703
354 317
354 318
354 319
354 320
354 324
354 345
354 346
354 347
354 348
354 349
354 351
354 352
354 353
354 355
354 356
354 357
354 359
354 382
354 383
354 384
354 702
354 703
355 317
355 318
355 319
355 345
355 346
355 347
355 348
355 352
355 353
355 354
355 356
355 357
355 381
355 382
355 383
355 384
355 701
355 702
355 703
356 315
356 316
356 317
356 318
356 319
356 346
356 353
356 354
356 355
356 357
356 358
356 359
356 379
356 380
356 381
356 382
356 383
356 384
356 700
356 701
356 702
357 315
357 316
357 317
357 318
357 319
357 345
357 346
357 354
357 355
357 356
357 358
357 359
357 360
357 361
357 379
357 380
357 381
357 382
357 383
357 384
357 385
357 702
358 315
358 316
358 317
358 319
358 356
358 357
358 359
358 360
358 361
358 379
358 380
358 381
358 382
358 383
358 384
358 385
359 315
359 316
359 317
359 318
359 319
359 320
359 346
359 354
359 356
359 357
359 358
359 360
359 361
359 362
359 379
359 381
359 382
359 383
359 384
359 385
359 403
359 404
360 317
360 319
360 357
360 358
360 359
360 361
360 362
360 377
360 379
360 402
360 403
360 404
360 405
361 321
361 344
361 346
361 357
361 358
361 359
361 360
361 362
361 363
361 376
361 377
361 378
361 379
361 385
361 401
361 402
361 403
361 404
361 405
361 406
361 407
361 408
362 359
362 360
362 361
362 363
362 364
362 374
362 375
362 376
362 377
362 387
362 400
362 401
362 402
362 403
362 404
362 405
362 406
362 407
363 361
363 362
363 364
363 365
363 373
363 374
363 375
363 376
363 377
363 387
363 388
363 389
363 399
363 400
363 401
363 402
363 403
363 405
363 407
363 411
363 412
364 362
364 363
364 365
364 366
364 367
364 372
364 373
364 374
364 375
364 376
364 389
364 398
364 399
364 400
364 401
364 402
364 412
365 363
365 364
365 366
365 367
365 368
365 370
365 371
365 372
365 373
365 374
365 375
365 389
365 390
365 391
365 397
365 398
365 399
365 400
365 401
365 412
365 413
365 414
365 415
366 364
366 365
366 367
366 368
366 369
366 370
366 371
366 372
366 373
366 374
366 391
366 396
366 397
366 398
366 399
366 400
366 412
366 414
367 364
367 365
367 366
367 368
367 369
367 370
367 371
367 372
367 373
367 391
367 392
367 393
367 394
367 395
367 396
367 397
367 398
367 399
367 417
368 365
368 366
368 367
368 369
368 370
368 371
368 372
368 393
368 394
368 395
368 396
368 397
368 398
369 366
369 367
369 368
369 370
369 371
369 372
369 393
369 395
369 396
369 397
370 365
370 366
370 367
370 368
370 369
370 371
370 372
370 373
370 397
370 398
371 365
371 366
371 367
371 368
371 369
371 370
371 372
371 373
371 397
372 364
372 365
372 366
372 367
372 368
372 369
372 370
372 371
372 373
372 374
372 375
372 397
372 398
372 399
372 400
373 363
373 364
373 365
373 366
373 367
373 370
373 371
373 372
373 374
373 375
373 376
373 389
373 399
374 362
374 363
374 364
374 365
374 366
374 372
374 373
374 375
374 376
374 377
374 389
374 399
374 400
375 362
375 363
375 364
375 365
375 372
375 373
375 374
375 376
375 377
375 378
375 387
375 388
375 389
375 390
375 399
375 400
375 401
376 361
376 362
376 363
376 364
376 373
376 374
376 375
376 377
376 378
376 379
376 386
376 387
376 388
376 389
377 343
377 344
377 360
377 361
377 362
377 363
377 374
377 375
377 376
377 378
377 379
377 380
377 385
377 386
377 387
377 388
377 389
378 343
378 344
378 361
378 375
378 376
378 377
378 379
378 380
378 381
378 384
378 385
378 386
378 387
378 388
379 344
379 356
379 357
379 358
379 359
379 360
379 361
379 376
379 377
379 378
379 380
379 381
379 382
379 383
379 384
379 385
379 386
379 387
380 356
380 357
380 358
380 377
380 378
380 379
380 381
380 382
380 383
380 384
380 385
380 386
380 664
380 665
380 666
380 700
380 701
380 702
381 355
381 356
381 357
381 358
381 359
381 378
381 379
381 380
381 382
381 383
381 384
381 385
381 665
381 666
381 700
381 701
381 702
382 317
382 345
382 346
382 353
382 354
382 355
382 356
382 357
382 358
382 359
382 379
382 380
382 381
382 383
382 384
382 385
382 665
382 666
382 695
382 696
382 700
382 701
382 702
382 703
383 317
383 318
383 319
383 324
383 344
383 345
383 346
383 347
383 353
383 354
383 355
383 356
383 357
383 358
383 359
383 379
383 380
383 381
383 382
383 384
383 385
383 701
383 702
383 703
384 324
384 325
384 326
384 343
384 344
384 345
384 346
384 347
384 353
384 354
384 355
384 356
384 357
384 358
384 359
384 378
384 379
384 380
384 381
384 382
384 383
384 385
384 386
384 665
384 701
384 702
384 703
385 326
385 342
385 343
385 344
385 345
385 346
385 357
385 358
385 359
385 361
385 377
385 378
385 379
385 380
385 381
385 382
385 383
385 384
385 386
385 387
385 665
386 326
386 327
386 328
386 341
386 342
386 343
386 344
386 345
386 376
386 377
386 378
386 379
386 380
386 384
386 385
386 387
386 388
386 664
386 665
387 326
387 328
387 330
387 339
387 340
387 341
387 342
387 343
387 344
387 362
387 363
387 375
387 376
387 377
387 378
387 379
387 385
387 386
387 388
387 389
387 401
388 330
388 339
388 340
388 341
388 342
388 343
388 363
388 375
388 376
388 377
388 378
388 386
388 387
388 389
388 390
389 330
389 334
389 337
389 338
389 339
389 340
389 341
389 342
389 363
389 364
389 365
389 373
389 374
389 375
389 376
389 377
389 387
389 388
389 390
389 391
389 392
389 399
390 330
390 334
390 335
390 336
390 337
390 338
390 339
390 340
390 341
390 365
390 375
390 388
390 389
390 391
390 392
390 393
390 417
391 330
391 333
391 334
391 335
391 336
391 337
391 338
391 339
391 340
391 365
391 366
391 367
391 389
391 390
391 392
391 393
391 394
391 395
391 397
391 415
391 416
391 417
391 418
391 419
392 334
392 335
392 336
392 337
392 338
392 367
392 389
392 390
392 391
392 393
392 394
392 395
392 417
393 335
393 336
393 337
393 367
393 368
393 369
393 390
393 391
393 392
393 394
393 395
393 396
393 397
393 417
393 418
393 419
394 334
394 335
394 336
394 337
394 367
394 368
394 391
394 392
394 393
394 395
394 396
394 397
394 416
394 417
394 418
394 419
395 334
395 336
395 367
395 368
395 369
395 391
395 392
395 393
395 394
395 396
395 397
395 415
395 416
395 417
395 418
395 419
396 332
396 333
396 334
396 366
396 367
396 368
396 369
396 393
396 394
396 395
396 397
396 398
396 399
396 413
396 414
396 415
396 416
396 417
396 418
397 331
397 332
397 333
397 334
397 365
397 366
397 367
397 368
397 369
397 370
397 371
397 372
397 391
397 393
397 394
397 395
397 396
397 398
397 399
397 400
397 412
397 413
397 414
397 415
397 416
397 417
398 331
398 364
398 365
398 366
398 367
398 368
398 370
398 372
398 396
398 397
398 399
398 400
398 401
398 411
398 412
398 413
398 414
398 415
398 416
399 330
399 331
399 332
399 363
399 364
399 365
399 366
399 367
399 372
399 373
399 374
399 375
399 389
399 396
399 397
399 398
399 400
399 401
399 402
399 411
399 412
399 413
399 414
399 415
400 362
400 363
400 364
400 365
400 366
400 372
400 374
400 375
400 397
400 398
400 399
400 401
400 402
400 406
400 407
400 408
400 410
400 411
400 412
400 413
400 414
401 321
401 325
401 326
401 344
401 361
401 362
401 363
401 364
401 365
401 375
401 387
401 398
401 399
401 400
401 402
401 403
401 405
401 406
401 407
401 408
401 409
401 410
401 411
401 412
401 413
402 321
402 322
402 324
402 360
402 361
402 362
402 363
402 364
402 399
402 400
402 401
402 403
402 404
402 405
402 406
402 407
402 408
402 409
402 411
402 412
403 319
403 320
403 321
403 322
403 324
403 346
403 359
403 360
403 361
403 362
403 363
403 401
403 402
403 404
403 405
403 406
403 407
403 408
403 409
404 319
404 320
404 321
404 359
404 360
404 361
404 362
404 402
404 403
404 405
404 406
404 407
404 408
405 321
405 360
405 361
405 362
405 363
405 401
405 402
405 403
405 404
405 406
405 407
405 408
406 320
406 321
406 322
406 361
406 362
406 400
406 401
406 402
406 403
406 404
406 405
406 407
406 408
406 409
406 411
407 320
407 321
407 322
407 324
407 361
407 362
407 363
407 400
407 401
407 402
407 403
407 404
407 405
407 406
407 408
407 409
407 410
407 411
407 412
408 320
408 321
408 322
408 323
408 324
408 325
408 326
408 344
408 345
408 346
408 361
408 400
408 401
408 402
408 403
408 404
408 405
408 406
408 407
408 409
408 410
408 411
408 412
408 413
409 320
409 321
409 322
409 323
409 324
409 325
409 326
409 401
409 402
409 403
409 406
409 407
409 408
409 410
409 411
409 412
409 413
410 322
410 323
410 324
410 325
410 326
410 331
410 400
410 401
410 407
410 408
410 409
410 411
410 412
410 413
410 414
411 321
411 322
411 325
411 326
411 331
411 363
411 398
411 399
411 400
411 401
411 402
411 406
411 407
411 408
411 409
411 410
411 412
411 413
411 414
412 331
412 363
412 364
412 365
412 366
412 397
412 398
412 399
412 400
412 401
412 402
412 407
412 408
412 409
412 410
412 411
412 413
412 414
412 415
413 326
413 330
413 331
413 332
413 365
413 396
413 397
413 398
413 399
413 400
413 401
413 408
413 409
413 410
413 411
413 412
413 414
413 415
413 416
414 331
414 332
414 333
414 365
414 366
414 396
414 397
414 398
414 399
414 400
414 410
414 411
414 412
414 413
414 415
414 416
414 417
415 329
415 330
415 331
415 332
415 333
415 334
415 365
415 391
415 395
415 396
415 397
415 398
415 399
415 412
415 413
415 414
415 416
415 417
415 418
416 330
416 331
416 332
416 333
416 334
416 335
416 336
416 391
416 394
416 395
416 396
416 397
416 398
416 413
416 414
416 415
416 417
416 418
417 330
417 332
417 333
417 334
417 335
417 336
417 337
417 340
417 367
417 390
417 391
417 392
417 393
417 394
417 395
417 396
417 397
417 414
417 415
417 416
417 418
417 419
417 420
418 333
418 334
418 335
418 336
418 337
418 391
418 393
418 394
418 395
418 396
418 415
418 416
418 417
418 419
418 420
418 421
418 422
418 423
419 334
419 335
419 336
419 337
419 338
419 391
419 393
419 394
419 395
419 417
419 418
419 420
419 421
419 422
419 423
420 334
420 335
420 336
420 337
420 338
420 417
420 418
420 419
420 421
420 422
420 423
421 335
421 418
421 419
421 420
421 422
421 423
421 424
422 335
422 418
422 419
422 420
422 421
422 423
422 424
422 425
423 335
423 418
423 419
423 420
423 421
423 422
423 424
423 425
423 426
424 421
424 422
424 423
424 425
424 426
424 427
425 422
425 423
425 424
425 426
425 427
425 428
425 429
425 430
426 423
426 424
426 425
426 427
426 428
426 429
426 430
427 424
427 425
427 426
427 428
427 429
427 430
427 431
428 425
428 426
428 427
428 429
428 430
428 431
428 432
429 425
429 426
429 427
429 428
429 430
429 431
429 432
429 433
430 425
430 426
430 427
430 428
430 429
430 431
430 432
430 433
430 434
431 427
431 428
431 429
431 430
431 432
431 433
431 434
432 428
432 429
432 430
432 431
432 433
432 434
432 435
433 429
433 430
433 431
433 432
433 434
433 435
433 436
434 430
434 431
434 432
434 433
434 435
434 436
435 432
435 433
435 434
435 436
435 437
436 433
436 434
436 435
436 437
436 438
436 439
437 435
437 436
437 438
437 439
438 436
438 437
438 439
438 440
439 436
439 437
439 438
439 440
439 441
439 442
440 438
440 439
440 441
440 442
440 443
441 439
441 440
441 442
441 443
441 444
442 439
442 440
442 441
442 443
442 444
442 445
443 440
443 441
443 442
443 444
443 445
443 446
444 441
444 442
444 443
444 445
444 446
444 447
445 442
445 443
445 444
445 446
445 447
445 448
446 443
446 444
446 445
446 447
446 448
446 449
447 444
447 445
447 446
447 448
447 449
447 450
448 445
448 446
448 447
448 449
448 450
448 451
448 713
448 714
448 732
449 446
449 447
449 448
449 450
449 451
449 452
450 447
450 448
450 449
450 451
450 452
450 453
451 448
451 449
451 450
451 452
451 453
451 454
452 449
452 450
452 451
452 453
452 454
452 455
453 450
453 451
453 452
453 454
453 455
453 456
454 451
454 452
454 453
454 455
454 456
454 457
455 452
455 453
455 454
455 456
455 457
456 453
456 454
456 455
456 457
456 458
456 459
457 454
457 455
457 456
457 458
457 459
457 460
458 456
458 457
458 459
458 460
459 456
459 457
459 458
459 460
459 461
459 462
460 457
460 458
460 459
460 461
460 462
460 463
461 459
461 460
461 462
461 463
461 464
462 459
462 460
462 461
462 463
462 464
462 465
463 460
463 461
463 462
463 464
463 465
463 466
464 461
464 462
464 463
464 465
464 466
464 467
465 462
465 463
465 464
465 466
465 467
465 468
465 469
466 463
466 464
466 465
466 467
466 468
466 469
467 464
467 465
467 466
467 468
467 469
467 470
467 706
467 708
468 465
468 466
468 467
468 469
468 470
468 471
468 706
468 709
468 740
469 465
469 466
469 467
469 468
469 470
469 471
469 472
469 706
469 707
469 708
469 709
469 710
469 739
469 740
470 467
470 468
470 469
470 471
470 472
470 473
470 705
470 706
470 707
470 708
470 709
470 710
470 725
470 726
470 738
470 739
470 740
470 741
470 742
471 468
471 469
471 470
471 472
471 473
471 474
471 705
471 706
471 707
471 708
471 709
471 710
471 725
471 726
471 727
471 737
471 738
471 739
471 740
471 741
472 469
472 470
472 471
472 473
472 474
472 515
472 516
472 725
472 726
472 727
472 737
472 738
472 739
472 740
472 741
473 470
473 471
473 472
473 474
473 475
473 514
473 515
473 516
473 727
473 736
473 737
473 738
473 739
473 740
474 471
474 472
474 473
474 475
474 476
474 477
474 515
474 516
474 710
474 727
474 728
474 730
474 735
474 736
474 737
474 738
474 739
475 473
475 474
475 476
475 477
475 483
475 484
475 485
475 512
475 515
475 516
475 517
475 518
475 729
475 730
475 734
475 735
475 736
475 737
475 738
476 474
476 475
476 477
476 478
476 479
476 481
476 482
476 483
476 484
476 485
476 486
476 488
476 516
476 518
476 730
476 733
476 734
476 735
476 736
476 737
477 474
477 475
477 476
477 478
477 479
477 480
477 481
477 482
477 483
477 484
477 485
477 486
477 733
477 734
477 735
477 736
478 476
478 477
478 479
478 480
478 481
478 483
478 484
478 485
478 486
478 487
478 488
478 731
478 732
478 733
478 734
478 735
479 476
479 477
479 478
479 480
479 481
479 482
479 483
479 484
479 485
479 486
479 487
479 506
479 734
480 477
480 478
480 479
480 481
480 482
480 483
480 484
480 485
480 486
480 487
480 503
480 505
480 506
480 508
481 476
481 477
481 478
481 479
481 480
481 482
481 483
481 484
481 485
481 486
481 506
481 521
482 476
482 477
482 479
482 480
482 481
482 483
482 484
482 485
482 510
482 511
482 518
482 519
482 520
482 521
483 475
483 476
483 477
483 478
483 479
483 480
483 481
483 482
483 484
483 485
483 510
483 511
483 512
483 516
483 517
483 518
483 519
483 520
483 521
483 735
483 736
484 475
484 476
484 477
484 478
484 479
484 480
484 481
484 482
484 483
484 485
484 486
484 487
484 488
484 503
484 506
484 510
484 734
484 735
485 475
485 476
485 477
485 478
485 479
485 480
485 481
485 482
485 483
485 484
485 486
485 487
485 488
485 489
485 501
485 502
485 503
485 504
485 505
485 506
485 508
485 510
485 731
485 733
485 734
485 735
485 736
486 476
486 477
486 478
486 479
486 480
486 481
486 484
486 485
486 487
486 488
486 503
486 504
486 505
486 506
486 507
486 731
486 732
486 733
486 734
486 735
487 478
487 479
487 480
487 484
487 485
487 486
487 488
487 489
487 490
487 502
487 503
487 504
487 505
487 506
487 507
487 534
487 536
487 729
487 730
487 731
487 732
487 733
487 734
487 735
488 476
488 478
488 484
488 485
488 486
488 487
488 489
488 490
488 491
488 501
488 502
488 503
488 504
488 505
488 506
488 507
488 508
488 509
488 510
488 535
488 536
488 537
488 715
488 716
488 717
488 728
488 729
488 730
488 731
488 732
488 733
488 734
488 735
488 736
489 485
489 487
489 488
489 490
489 491
489 501
489 502
489 503
489 504
489 505
489 534
489 535
489 536
489 537
489 538
489 578
489 579
489 672
489 673
489 714
489 715
489 716
489 717
489 718
489 728
489 729
489 730
489 731
489 734
489 736
490 487
490 488
490 489
490 491
490 492
490 500
490 501
490 502
490 503
490 504
490 509
490 535
490 536
490 537
490 538
490 539
490 548
490 549
490 578
490 579
490 580
490 626
490 672
490 673
490 715
490 716
490 717
490 718
490 719
490 728
490 729
490 731
491 488
491 489
491 490
491 492
491 493
491 499
491 500
491 501
491 502
491 503
491 509
491 510
491 511
491 536
491 537
491 538
491 539
491 540
491 673
491 716
491 717
491 718
491 719
491 720
491 727
491 728
491 729
491 736
492 490
492 491
492 493
492 494
492 498
492 499
492 500
492 501
492 502
492 511
492 537
492 538
492 539
492 540
492 546
492 547
492 580
492 581
492 675
492 717
492 718
492 719
492 720
492 721
492 727
492 728
492 729
493 491
493 492
493 494
493 495
493 496
493 497
493 498
493 499
493 500
493 501
493 511
493 512
493 513
493 514
493 538
493 539
493 540
493 718
493 719
493 720
493 721
493 722
493 725
493 726
493 727
494 492
494 493
494 495
494 496
494 497
494 498
494 499
494 500
494 513
494 514
494 539
494 540
494 541
494 542
494 543
494 544
494 545
494 546
494 719
494 720
494 721
494 722
495 493
495 494
495 496
495 497
495 498
495 499
495 514
495 540
495 541
495 542
495 543
495 544
495 720
495 721
495 722
495 723
496 493
496 494
496 495
496 497
496 498
496 499
496 513
496 514
496 540
496 542
496 543
496 544
496 721
496 722
497 493
497 494
497 495
497 496
497 498
497 499
497 512
497 513
497 514
497 515
497 721
497 722
497 723
498 492
498 493
498 494
498 495
498 496
498 497
498 499
498 500
498 501
498 511
498 512
498 513
498 514
498 515
498 516
498 517
498 518
498 519
498 540
498 544
498 561
498 721
498 722
499 491
499 492
499 493
499 494
499 495
499 496
499 497
499 498
499 500
499 501
499 510
499 511
499 512
499 513
499 514
499 515
499 516
499 517
499 518
499 519
499 540
499 719
499 720
499 721
499 722
499 727
499 736
500 490
500 491
500 492
500 493
500 494
500 498
500 499
500 501
500 502
500 503
500 509
500 510
500 511
500 512
500 513
500 514
500 519
500 520
500 521
500 538
500 539
500 540
500 546
500 719
501 485
501 488
501 489
501 490
501 491
501 492
501 493
501 498
501 499
501 500
501 502
501 503
501 504
501 508
501 509
501 510
501 511
501 512
501 521
501 535
501 536
501 537
501 538
501 539
501 548
501 717
501 718
501 728
501 729
501 735
501 736
502 485
502 487
502 488
502 489
502 490
502 491
502 492
502 500
502 501
502 503
502 504
502 505
502 506
502 507
502 508
502 509
502 510
502 511
502 521
502 523
502 534
502 535
502 536
502 537
502 538
502 539
502 548
502 549
502 550
502 717
502 729
503 480
503 484
503 485
503 486
503 487
503 488
503 489
503 490
503 491
503 500
503 501
503 502
503 504
503 505
503 506
503 507
503 508
503 509
503 510
503 521
503 523
503 534
503 535
503 536
503 537
503 729
503 731
503 734
504 485
504 486
504 487
504 488
504 489
504 490
504 501
504 502
504 503
504 505
504 506
504 507
504 508
504 509
504 532
504 533
504 534
504 535
504 536
504 537
504 550
504 551
505 480
505 485
505 486
505 487
505 488
505 489
505 502
505 503
505 504
505 506
505 507
505 508
505 525
505 533
505 534
505 535
505 536
506 479
506 480
506 481
506 484
506 485
506 486
506 487
506 488
506 502
506 503
506 504
506 505
506 507
506 508
506 509
506 523
506 524
506 525
506 532
506 533
506 534
506 535
507 486
507 487
507 488
507 502
507 503
507 504
507 505
507 506
507 508
507 509
507 522
507 523
507 524
507 525
507 526
507 531
507 532
507 533
507 534
507 535
507 536
507 550
508 480
508 485
508 488
508 501
508 502
508 503
508 504
508 505
508 506
508 507
508 509
508 510
508 521
508 522
508 523
508 524
508 525
508 531
508 532
508 533
508 534
508 535
508 536
508 548
509 488
509 490
509 491
509 500
509 501
509 502
509 503
509 504
509 506
509 507
509 508
509 510
509 511
509 520
509 521
509 522
509 523
509 524
509 532
509 535
509 536
509 538
509 546
509 548
509 563
510 482
510 483
510 484
510 485
510 488
510 491
510 499
510 500
510 501
510 502
510 503
510 508
510 509
510 511
510 512
510 518
510 519
510 520
510 521
510 522
510 523
510 563
511 482
511 483
511 491
511 492
511 493
511 498
511 499
511 500
511 501
511 502
511 509
511 510
511 512
511 513
511 514
511 516
511 517
511 518
511 519
511 520
511 521
511 522
511 561
511 562
511 563
512 475
512 483
512 493
512 497
512 498
512 499
512 500
512 501
512 510
512 511
512 513
512 514
512 515
512 516
512 517
512 518
512 519
512 520
512 521
513 493
513 494
513 496
513 497
513 498
513 499
513 500
513 511
513 512
513 514
513 515
513 516
513 517
513 518
513 519
513 721
514 473
514 493
514 494
514 495
514 496
514 497
514 498
514 499
514 500
514 511
514 512
514 513
514 515
514 516
514 517
514 518
514 721
514 722
514 723
514 725
514 727
514 738
515 472
515 473
515 474
515 475
515 497
515 498
515 499
515 512
515 513
515 514
515 516
515 517
515 518
515 721
515 723
515 738
516 472
516 473
516 474
516 475
516 476
516 483
516 498
516 499
516 511
516 512
516 513
516 514
516 515
516 517
516 518
516 519
516 727
516 736
516 737
516 738
517 475
517 483
517 498
517 499
517 511
517 512
517 513
517 514
517 515
517 516
517 518
517 519
517 520
518 475
518 476
518 482
518 483
518 498
518 499
518 510
518 511
518 512
518 513
518 514
518 515
518 516
518 517
518 519
518 520
518 521
519 482
519 483
519 498
519 499
519 500
519 510
519 511
519 512
519 513
519 516
519 517
519 518
519 520
519 521
520 482
520 483
520 500
520 509
520 510
520 511
520 512
520 517
520 518
520 519
520 521
520 522
520 562
520 563
521 481
521 482
521 483
521 500
521 501
521 502
521 503
521 508
521 509
521 510
521 511
521 512
521 518
521 519
521 520
521 522
521 523
521 562
521 563
522 507
522 508
522 509
522 510
522 511
522 520
522 521
522 523
522 524
522 530
522 531
522 532
522 559
522 562
522 563
522 564
522 565
523 502
523 503
523 506
523 507
523 508
523 509
523 510
523 521
523 522
523 524
523 525
523 526
523 530
523 531
523 532
523 533
523 535
523 559
523 563
523 564
523 565
524 506
524 507
524 508
524 509
524 522
524 523
524 525
524 526
524 527
524 528
524 530
524 531
524 532
524 533
525 505
525 506
525 507
525 508
525 523
525 524
525 526
525 527
525 528
525 530
525 531
525 532
525 533
525 534
526 507
526 523
526 524
526 525
526 527
526 528
526 529
526 530
526 531
526 532
526 533
526 534
526 552
526 553
527 524
527 525
527 526
527 528
527 529
527 530
527 531
527 532
527 533
527 550
527 552
527 553
527 554
528 524
528 525
528 526
528 527
528 529
528 530
528 531
528 532
528 533
528 553
529 526
529 527
529 528
529 530
529 531
529 532
529 553
529 555
529 557
529 558
529 565
529 566
529 567
529 568
530 522
530 523
530 524
530 525
530 526
530 527
530 528
530 529
530 531
530 532
530 557
530 558
530 559
530 563
530 564
530 565
530 566
530 567
530 568
531 507
531 508
531 522
531 523
531 524
531 525
531 526
531 527
531 528
531 529
531 530
531 532
531 533
531 535
531 550
531 553
531 557
531 565
532 504
532 506
532 507
532 508
532 509
532 522
532 523
532 524
532 525
532 526
532 527
532 528
532 529
532 530
532 531
532 533
532 534
532 535
532 536
532 548
532 549
532 550
532 551
532 552
532 553
532 555
532 556
532 557
533 504
533 505
533 506
533 507
533 508
533 523
533 524
533 525
533 526
533 527
533 528
533 531
533 532
533 534
533 535
533 536
533 549
533 550
533 551
533 552
533 553
533 554
534 487
534 489
534 502
534 503
534 504
534 505
534 506
534 507
534 508
534 525
534 526
534 532
534 533
534 535
534 536
534 537
534 549
534 550
534 551
534 552
534 553
534 554
534 578
535 488
535 489
535 490
535 501
535 502
535 503
535 504
535 505
535 506
535 507
535 508
535 509
535 523
535 531
535 532
535 533
535 534
535 536
535 537
535 538
535 548
535 549
535 550
535 551
535 552
535 553
535 556
535 557
535 577
535 578
536 487
536 488
536 489
536 490
536 491
536 501
536 502
536 503
536 504
536 505
536 507
536 508
536 509
536 532
536 533
536 534
536 535
536 537
536 538
536 548
536 549
536 550
536 551
536 552
536 576
536 577
536 578
536 579
536 580
536 625
536 626
536 716
536 717
537 488
537 489
537 490
537 491
537 492
537 501
537 502
537 503
537 504
537 534
537 535
537 536
537 538
537 539
537 547
537 548
537 549
537 550
537 551
537 556
537 577
537 578
537 579
537 580
537 581
537 590
537 591
537 625
537 626
537 627
537 673
537 716
537 717
538 489
538 490
538 491
538 492
538 493
538 500
538 501
538 502
538 509
538 535
538 536
538 537
538 539
538 540
538 546
538 547
538 548
538 549
538 550
538 556
538 557
538 558
538 578
538 579
538 580
538 581
538 582
538 626
538 717
539 490
539 491
539 492
539 493
539 494
539 500
539 501
539 502
539 537
539 538
539 540
539 541
539 544
539 545
539 546
539 547
539 548
539 549
539 558
539 579
539 580
539 581
539 582
539 588
539 589
539 627
539 628
539 719
540 491
540 492
540 493
540 494
540 495
540 496
540 498
540 499
540 500
540 538
540 539
540 541
540 542
540 543
540 544
540 545
540 546
540 547
540 548
540 558
540 559
540 560
540 561
540 580
540 581
540 582
540 588
541 494
541 495
541 539
541 540
541 542
541 543
541 544
541 545
541 546
541 547
541 558
541 561
541 581
541 582
541 583
541 584
541 585
541 586
541 587
541 588
541 603
542 494
542 495
542 496
542 540
542 541
542 543
542 544
542 545
542 546
542 582
542 583
542 584
542 585
542 586
543 494
543 495
543 496
543 540
543 541
543 542
543 544
543 545
543 546
543 560
543 561
543 586
544 494
544 495
544 496
544 498
544 539
544 540
544 541
544 542
544 543
544 545
544 546
544 547
544 559
544 560
544 561
544 562
545 494
545 539
545 540
545 541
545 542
545 543
545 544
545 546
545 547
545 548
545 558
545 559
545 560
545 561
545 562
545 563
545 564
545 565
545 566
546 492
546 494
546 500
546 509
546 538
546 539
546 540
546 541
546 542
546 543
546 544
546 545
546 547
546 548
546 557
546 558
546 559
546 560
546 561
546 562
546 563
546 564
546 565
546 566
547 492
547 537
547 538
547 539
547 540
547 541
547 544
547 545
547 546
547 548
547 549
547 550
547 556
547 557
547 558
547 559
547 560
547 561
547 566
547 567
547 568
547 569
547 580
547 581
547 582
547 588
548 490
548 501
548 502
548 508
548 509
548 532
548 535
548 536
548 537
548 538
548 539
548 540
548 545
548 546
548 547
548 549
548 550
548 551
548 555
548 556
548 557
548 558
548 559
548 568
548 577
548 578
548 579
548 580
548 581
548 590
549 490
549 502
549 532
549 533
549 534
549 535
549 536
549 537
549 538
549 539
549 547
549 548
549 550
549 551
549 552
549 553
549 554
549 555
549 556
549 557
549 558
549 568
549 569
549 574
549 576
549 577
549 578
549 579
549 580
549 581
549 590
549 591
549 592
550 502
550 504
550 507
550 527
550 531
550 532
550 533
550 534
550 535
550 536
550 537
550 538
550 547
550 548
550 549
550 551
550 552
550 553
550 554
550 555
550 556
550 557
550 568
550 574
550 575
550 576
550 577
550 578
550 579
551 504
551 532
551 533
551 534
551 535
551 536
551 537
551 548
551 549
551 550
551 552
551 553
551 554
551 555
551 556
551 574
551 575
551 576
551 577
551 578
551 579
551 592
551 593
551 594
552 526
552 527
552 532
552 533
552 534
552 535
552 536
552 549
552 550
552 551
552 553
552 554
552 555
552 575
552 576
552 577
552 578
553 526
553 527
553 528
553 529
553 531
553 532
553 533
553 534
553 535
553 549
553 550
553 551
553 552
553 554
553 555
553 556
553 557
553 571
553 572
553 574
553 575
553 576
553 577
554 527
554 533
554 534
554 549
554 550
554 551
554 552
554 553
554 555
554 556
554 557
554 569
554 570
554 571
554 572
554 573
554 574
554 575
554 576
554 577
554 578
554 592
554 594
555 529
555 532
555 548
555 549
555 550
555 551
555 552
555 553
555 554
555 556
555 557
555 558
555 568
555 569
555 570
555 571
555 572
555 573
555 574
555 575
555 576
555 577
555 578
555 590
555 592
556 532
556 535
556 537
556 538
556 547
556 548
556 549
556 550
556 551
556 553
556 554
556 555
556 557
556 558
556 567
556 568
556 569
556 570
556 571
556 574
556 577
556 578
556 580
556 588
556 590
556 605
557 529
557 530
557 531
557 532
557 535
557 538
557 546
557 547
557 548
557 549
557 550
557 553
557 554
557 555
557 556
557 558
557 559
557 565
557 566
557 567
557 568
557 569
557 570
557 571
558 529
558 530
558 538
558 539
558 540
558 541
558 545
558 546
558 547
558 548
558 549
558 555
558 556
558 557
558 559
558 560
558 561
558 563
558 564
558 565
558 566
558 567
558 568
558 569
558 603
559 522
559 523
559 530
559 540
559 544
559 545
559 546
559 547
559 548
559 557
559 558
559 560
559 561
559 562
559 563
559 564
559 565
559 566
559 567
559 568
560 540
560 543
560 544
560 545
560 546
560 547
560 558
560 559
560 561
560 562
560 563
560 564
560 565
560 566
560 567
561 498
561 511
561 540
561 541
561 543
561 544
561 545
561 546
561 547
561 558
561 559
561 560
561 562
561 563
561 564
561 565
562 511
562 520
562 521
562 522
562 544
562 545
562 546
562 559
562 560
562 561
562 563
562 564
562 565
563 509
563 510
563 511
563 520
563 521
563 522
563 523
563 530
563 545
563 546
563 558
563 559
563 560
563 561
563 562
563 564
563 565
563 566
564 522
564 523
564 530
564 545
564 546
564 558
564 559
564 560
564 561
564 562
564 563
564 565
564 566
564 567
565 522
565 523
565 529
565 530
565 531
565 545
565 546
565 557
565 558
565 559
565 560
565 561
565 562
565 563
565 564
565 566
565 567
565 568
566 529
566 530
566 545
566 546
566 547
566 557
566 558
566 559
566 560
566 563
566 564
566 565
566 567
566 568
567 529
567 530
567 547
567 556
567 557
567 558
567 559
567 560
567 564
567 565
567 566
567 568
567 569
567 603
567 604
567 605
568 529
568 530
568 547
568 548
568 549
568 550
568 555
568 556
568 557
568 558
568 559
568 565
568 566
568 567
568 569
568 570
568 571
568 603
568 604
568 605
569 547
569 549
569 554
569 555
569 556
569 557
569 558
569 567
569 568
569 570
569 571
569 572
569 573
569 574
569 588
569 601
569 602
569 603
569 604
569 605
569 606
569 607
570 554
570 555
570 556
570 557
570 568
570 569
570 571
570 572
570 573
570 574
570 575
570 577
570 590
570 599
570 600
570 601
570 605
570 606
570 607
571 553
571 554
571 555
571 556
571 557
571 568
571 569
571 570
571 572
571 573
571 574
571 575
571 605
572 553
572 554
572 555
572 569
572 570
572 571
572 573
572 574
572 575
573 554
573 555
573 569
573 570
573 571
573 572
573 574
573 575
573 576
573 577
573 592
573 595
573 599
573 607
574 549
574 550
574 551
574 553
574 554
574 555
574 556
574 569
574 570
574 571
574 572
574 573
574 575
574 576
574 577
574 578
574 590
574 591
574 592
574 593
574 594
574 595
574 597
574 598
574 599
575 550
575 551
575 552
575 553
575 554
575 555
575 570
575 571
575 572
575 573
575 574
575 576
575 577
575 578
575 592
575 593
575 594
575 595
575 596
575 597
576 536
576 549
576 550
576 551
576 552
576 553
576 554
576 555
576 573
576 574
576 575
576 577
576 578
576 579
576 590
576 591
576 592
576 593
576 594
576 595
576 596
576 597
577 535
577 536
577 537
577 548
577 549
577 550
577 551
577 552
577 553
577 554
577 555
577 556
577 570
577 573
577 574
577 575
577 576
577 578
577 579
577 580
577 590
577 591
577 592
577 593
577 594
577 595
577 596
577 597
577 598
577 599
577 624
577 625
577 626
578 489
578 490
578 534
578 535
578 536
578 537
578 538
578 548
578 549
578 550
578 551
578 552
578 554
578 555
578 556
578 574
578 575
578 576
578 577
578 579
578 580
578 590
578 591
578 592
578 593
578 594
578 624
578 625
578 626
578 627
579 489
579 490
579 536
579 537
579 538
579 539
579 548
579 549
579 550
579 551
579 576
579 577
579 578
579 580
579 581
579 589
579 590
579 591
579 592
579 593
579 598
579 624
579 625
579 626
579 627
579 628
579 637
579 638
579 672
579 673
579 674
579 717
580 490
580 492
580 536
580 537
580 538
580 539
580 540
580 547
580 548
580 549
580 556
580 577
580 578
580 579
580 581
580 582
580 588
580 589
580 590
580 591
580 592
580 598
580 599
580 600
580 625
580 626
580 627
580 628
580 629
581 492
581 537
581 538
581 539
581 540
581 541
581 547
581 548
581 549
581 579
581 580
581 582
581 583
581 586
581 587
581 588
581 589
581 590
581 591
581 600
581 626
581 627
581 628
581 629
581 635
581 636
581 675
582 538
582 539
582 540
582 541
582 542
582 547
582 580
582 581
582 583
582 584
582 585
582 586
582 587
582 588
582 589
582 590
582 600
582 601
582 602
582 603
582 627
582 628
582 629
582 633
582 635
583 541
583 542
583 581
583 582
583 584
583 585
583 586
583 587
583 588
583 589
583 600
583 628
583 629
583 630
583 631
583 632
583 633
583 634
583 635
583 650
584 541
584 542
584 582
584 583
584 585
584 586
584 587
584 588
584 629
584 630
584 631
584 632
584 633
585 541
585 542
585 582
585 583
585 584
585 586
585 587
585 588
585 602
585 603
585 633
586 541
586 542
586 543
586 581
586 582
586 583
586 584
586 585
586 587
586 588
586 589
586 601
586 602
586 603
587 541
587 581
587 582
587 583
587 584
587 585
587 586
587 588
587 589
587 590
587 599
587 600
587 601
587 602
587 603
587 604
587 605
587 606
587 607
587 608
588 539
588 540
588 541
588 547
588 556
588 569
588 580
588 581
588 582
588 583
588 584
588 585
588 586
588 587
588 589
588 590
588 599
588 600
588 601
588 602
588 603
588 604
588 605
588 607
588 608
589 539
589 579
589 580
589 581
589 582
589 583
589 586
589 587
589 588
589 590
589 591
589 592
589 598
589 599
589 600
589 601
589 602
589 608
589 609
589 610
589 627
589 628
589 629
589 635
589 650
590 537
590 548
590 549
590 555
590 556
590 570
590 574
590 576
590 577
590 578
590 579
590 580
590 581
590 582
590 587
590 588
590 589
590 591
590 592
590 593
590 597
590 598
590 599
590 600
590 601
590 610
590 625
590 626
590 627
590 628
591 537
591 549
591 574
591 576
591 577
591 578
591 579
591 580
591 581
591 589
591 590
591 592
591 593
591 594
591 595
591 596
591 597
591 598
591 599
591 600
591 610
591 612
591 623
591 624
591 625
591 626
591 627
591 628
591 637
591 638
592 549
592 551
592 554
592 555
592 573
592 574
592 575
592 576
592 577
592 578
592 579
592 580
592 589
592 590
592 591
592 593
592 594
592 595
592 596
592 597
592 598
592 599
592 612
592 613
592 623
592 624
592 625
592 626
593 551
593 574
593 575
593 576
593 577
593 578
593 579
593 590
593 591
593 592
593 594
593 595
593 596
593 597
593 598
593 614
593 621
593 622
593 623
593 624
593 625
593 626
593 639
593 640
594 551
594 554
594 574
594 575
594 576
594 577
594 578
594 591
594 592
594 593
594 595
594 596
594 597
594 613
594 614
594 622
594 623
594 624
595 573
595 574
595 575
595 576
595 577
595 591
595 592
595 593
595 594
595 596
595 597
595 598
595 612
595 613
595 614
595 621
595 622
595 623
595 624
596 575
596 576
596 577
596 591
596 592
596 593
596 594
596 595
596 597
596 598
596 611
596 612
596 613
596 614
596 615
596 620
596 621
596 622
596 623
596 624
596 625
596 639
597 574
597 575
597 576
597 577
597 590
597 591
597 592
597 593
597 594
597 595
597 596
597 598
597 599
597 610
597 611
597 612
597 613
597 614
597 620
597 621
597 622
597 623
597 624
598 574
598 577
598 579
598 580
598 589
598 590
598 591
598 592
598 593
598 595
598 596
598 597
598 599
598 600
598 609
598 610
598 611
598 612
598 613
598 621
598 624
598 627
598 635
598 637
598 652
599 570
599 573
599 574
599 577
599 580
599 587
599 588
599 589
599 590
599 591
599 592
599 597
599 598
599 600
599 601
599 607
599 608
599 609
599 610
599 611
599 612
599 652
600 570
600 580
600 581
600 582
600 583
600 587
600 588
600 589
600 590
600 591
600 598
600 599
600 601
600 602
600 603
600 605
600 606
600 607
600 608
600 609
600 610
600 611
600 650
600 651
600 652
601 569
601 570
601 582
601 586
601 587
601 588
601 589
601 590
601 599
601 600
601 602
601 603
601 604
601 605
601 606
601 607
601 608
601 609
601 610
602 569
602 582
602 585
602 586
602 587
602 588
602 589
602 600
602 601
602 603
602 604
602 605
602 606
602 607
602 608
602 609
603 541
603 558
603 567
603 568
603 569
603 582
603 585
603 586
603 587
603 588
603 600
603 601
603 602
603 604
603 605
603 606
603 607
604 567
604 568
604 569
604 587
604 588
604 601
604 602
604 603
604 605
604 606
604 607
605 556
605 567
605 568
605 569
605 570
605 571
605 587
605 588
605 600
605 601
605 602
605 603
605 604
605 606
605 607
605 608
606 569
606 570
606 587
606 600
606 601
606 602
606 603
606 604
606 605
606 607
606 608
606 609
607 569
607 570
607 573
607 587
607 588
607 599
607 600
607 601
607 602
607 603
607 604
607 605
607 606
607 608
607 609
607 610
608 587
608 588
608 589
608 599
608 600
608 601
608 602
608 605
608 606
608 607
608 609
608 610
608 651
609 589
609 598
609 599
609 600
609 601
609 602
609 606
609 607
609 608
609 610
609 611
609 650
609 651
609 652
610 589
610 590
610 591
610 597
610 598
610 599
610 600
610 601
610 607
610 608
610 609
610 611
610 612
610 613
610 651
610 652
611 596
611 597
611 598
611 599
611 600
611 609
611 610
611 612
611 613
611 619
611 620
611 648
611 651
611 652
611 653
611 654
612 591
612 592
612 595
612 596
612 597
612 598
612 599
612 610
612 611
612 613
612 614
612 615
612 618
612 619
612 620
612 621
612 622
612 624
612 648
612 652
612 653
612 654
613 592
613 594
613 595
613 596
613 597
613 598
613 610
613 611
613 612
613 614
613 615
613 616
613 617
613 619
613 620
613 621
613 622
613 623
613 624
614 593
614 594
614 595
614 596
614 597
614 612
614 613
614 615
614 616
614 617
614 619
614 620
614 621
614 622
614 623
614 624
615 596
615 612
615 613
615 614
615 616
615 617
615 618
615 619
615 620
615 621
615 622
615 623
615 642
616 613
616 614
616 615
616 617
616 618
616 619
616 620
616 621
616 622
616 641
616 642
617 613
617 614
617 615
617 616
617 618
617 619
617 620
617 621
617 622
617 642
618 612
618 615
618 616
618 617
618 619
618 620
618 621
618 642
618 644
618 645
618 646
618 654
618 655
618 656
618 657
618 658
619 611
619 612
619 613
619 614
619 615
619 616
619 617
619 618
619 620
619 621
619 646
619 647
619 648
619 652
619 653
619 654
619 655
619 656
619 657
620 596
620 597
620 611
620 612
620 613
620 614
620 615
620 616
620 617
620 618
620 619
620 621
620 622
620 623
620 624
620 639
620 642
620 646
620 654
621 593
621 595
621 596
621 597
621 598
621 612
621 613
621 614
621 615
621 616
621 617
621 618
621 619
621 620
621 622
621 623
621 624
621 625
621 637
621 638
621 639
621 640
621 641
621 642
621 644
621 646
622 593
622 594
622 595
622 596
622 597
622 612
622 613
622 614
622 615
622 616
622 617
622 620
622 621
622 623
622 624
622 625
622 639
622 640
622 641
622 642
622 643
623 591
623 592
623 593
623 594
623 595
623 596
623 597
623 613
623 614
623 615
623 620
623 621
623 622
623 624
623 625
623 626
623 638
623 639
623 640
623 641
623 642
623 643
623 670
623 672
624 577
624 578
624 579
624 591
624 592
624 593
624 594
624 595
624 596
624 597
624 598
624 612
624 613
624 614
624 620
624 621
624 622
624 623
624 625
624 626
624 627
624 637
624 638
624 639
624 640
624 641
624 642
624 644
624 645
624 646
624 671
624 672
625 536
625 537
625 577
625 578
625 579
625 580
625 590
625 591
625 592
625 593
625 596
625 621
625 622
625 623
625 624
625 626
625 627
625 637
625 638
625 639
625 640
625 641
625 645
625 670
625 671
625 672
625 673
625 674
625 716
625 717
626 490
626 536
626 537
626 538
626 577
626 578
626 579
626 580
626 581
626 590
626 591
626 592
626 593
626 623
626 624
626 625
626 627
626 628
626 636
626 637
626 638
626 639
626 640
626 645
626 671
626 672
626 673
626 674
626 675
626 684
626 685
626 716
626 717
626 718
627 537
627 539
627 578
627 579
627 580
627 581
627 582
627 589
627 590
627 591
627 598
627 624
627 625
627 626
627 628
627 629
627 635
627 636
627 637
627 638
627 639
627 645
627 646
627 647
627 672
627 673
627 674
627 675
627 676
627 717
628 539
628 579
628 580
628 581
628 582
628 583
628 589
628 590
628 591
628 626
628 627
628 629
628 630
628 633
628 634
628 635
628 636
628 637
628 638
628 647
628 673
628 674
628 675
628 676
628 677
628 682
628 683
628 718
628 719
629 580
629 581
629 582
629 583
629 584
629 589
629 627
629 628
629 630
629 631
629 632
629 633
629 634
629 635
629 636
629 637
629 647
629 648
629 649
629 650
629 674
629 675
629 676
629 677
629 680
629 682
630 583
630 584
630 628
630 629
630 631
630 632
630 633
630 634
630 635
630 636
630 647
630 650
630 675
630 676
630 677
630 678
630 679
630 680
630 681
630 682
630 697
631 583
631 584
631 629
631 630
631 632
631 633
631 634
631 635
631 676
631 677
631 678
631 679
631 680
632 583
632 584
632 629
632 630
632 631
632 633
632 634
632 635
632 649
632 650
632 680
633 582
633 583
633 584
633 585
633 628
633 629
633 630
633 631
633 632
633 634
633 635
633 636
633 648
633 649
633 650
633 651
634 583
634 628
634 629
634 630
634 631
634 632
634 633
634 635
634 636
634 637
634 647
634 648
634 649
634 650
634 651
634 652
634 653
634 654
634 655
634 680
635 581
635 582
635 583
635 589
635 598
635 627
635 628
635 629
635 630
635 631
635 632
635 633
635 634
635 636
635 637
635 646
635 647
635 648
635 649
635 650
635 651
635 652
635 653
635 654
635 655
636 581
636 626
636 627
636 628
636 629
636 630
636 633
636 634
636 635
636 637
636 638
636 639
636 645
636 646
636 647
636 648
636 649
636 655
636 656
636 657
636 674
636 675
636 676
636 682
636 697
637 579
637 591
637 598
637 621
637 624
637 625
637 626
637 627
637 628
637 629
637 634
637 635
637 636
637 638
637 639
637 640
637 644
637 645
637 646
637 647
637 648
637 657
637 671
637 672
637 673
637 674
637 675
637 684
638 579
638 591
638 621
638 623
638 624
638 625
638 626
638 627
638 628
638 636
638 637
638 639
638 640
638 641
638 642
638 643
638 644
638 645
638 646
638 647
638 657
638 658
638 659
638 670
638 671
638 672
638 673
638 674
638 684
638 685
638 686
639 593
639 596
639 620
639 621
639 622
639 623
639 624
639 625
639 626
639 627
639 636
639 637
639 638
639 640
639 641
639 642
639 643
639 644
639 645
639 646
639 659
639 670
639 671
639 672
640 593
640 621
640 622
640 623
640 624
640 625
640 626
640 637
640 638
640 639
640 641
640 642
640 643
640 644
640 645
640 668
640 669
640 670
640 671
640 672
640 673
640 686
640 687
640 688
641 616
641 621
641 622
641 623
641 624
641 625
641 638
641 639
641 640
641 642
641 643
641 644
641 661
641 669
641 670
641 671
641 672
642 615
642 616
642 617
642 618
642 620
642 621
642 622
642 623
642 624
642 638
642 639
642 640
642 641
642 643
642 644
642 645
642 659
642 660
642 661
642 668
642 669
642 670
642 671
643 622
643 623
643 638
643 639
643 640
643 641
643 642
643 644
643 645
643 658
643 659
643 660
643 661
643 662
643 667
643 668
643 669
643 670
643 671
643 672
643 686
643 688
644 618
644 621
644 624
644 637
644 638
644 639
644 640
644 641
644 642
644 643
644 645
644 646
644 657
644 658
644 659
644 660
644 661
644 666
644 667
644 668
644 669
644 670
644 671
644 672
644 686
645 618
645 624
645 625
645 626
645 627
645 636
645 637
645 638
645 639
645 640
645 642
645 643
645 644
645 646
645 647
645 656
645 657
645 658
645 659
645 660
645 668
645 671
645 672
645 674
645 682
645 684
645 699
646 618
646 619
646 620
646 621
646 624
646 627
646 635
646 636
646 637
646 638
646 639
646 644
646 645
646 647
646 648
646 654
646 655
646 656
646 657
646 658
646 659
646 699
647 619
647 627
647 628
647 629
647 630
647 634
647 635
647 636
647 637
647 638
647 645
647 646
647 648
647 649
647 650
647 652
647 653
647 654
647 655
647 656
647 657
647 658
647 697
647 698
647 699
648 611
648 612
648 619
648 629
648 633
648 634
648 635
648 636
648 637
648 646
648 647
648 649
648 650
648 651
648 652
648 653
648 654
648 655
648 656
648 657
649 629
649 632
649 633
649 634
649 635
649 636
649 647
649 648
649 650
649 651
649 652
649 653
649 654
649 655
649 656
650 583
650 589
650 600
650 609
650 629
650 630
650 632
650 633
650 634
650 635
650 647
650 648
650 649
650 651
650 652
650 653
650 654
651 600
651 608
651 609
651 610
651 611
651 633
651 634
651 635
651 648
651 649
651 650
651 652
651 653
651 654
652 598
652 599
652 600
652 609
652 610
652 611
652 612
652 619
652 634
652 635
652 647
652 648
652 649
652 650
652 651
652 653
652 654
652 655
653 611
653 612
653 619
653 634
653 635
653 647
653 648
653 649
653 650
653 651
653 652
653 654
653 655
653 656
654 611
654 612
654 618
654 619
654 620
654 634
654 635
654 646
654 647
654 648
654 649
654 650
654 651
654 652
654 653
654 655
654 656
654 657
655 618
655 619
655 634
655 635
655 636
655 646
655 647
655 648
655 649
655 652
655 653
655 654
655 656
655 657
656 618
656 619
656 636
656 645
656 646
656 647
656 648
656 649
656 653
656 654
656 655
656 657
656 658
656 698
656 699
657 618
657 619
657 636
657 637
657 638
657 644
657 645
657 646
657 647
657 648
657 654
657 655
657 656
657 658
657 659
657 660
657 698
657 699
658 618
658 638
658 643
658 644
658 645
658 646
658 647
658 656
658 657
658 659
658 660
658 666
658 667
658 668
658 695
658 698
658 699
658 700
658 701
659 638
659 639
659 642
659 643
659 644
659 645
659 646
659 657
659 658
659 660
659 661
659 662
659 664
659 665
659 666
659 667
659 668
659 669
659 671
659 699
659 700
659 701
660 642
660 643
660 644
660 645
660 657
660 658
660 659
660 661
660 662
660 663
660 664
660 665
660 666
660 667
660 668
660 669
660 670
661 641
661 642
661 643
661 644
661 659
661 660
661 662
661 663
661 664
661 666
661 667
661 668
661 669
661 670
661 671
662 643
662 659
662 660
662 661
662 663
662 664
662 665
662 666
662 667
662 668
662 669
662 670
662 688
662 689
663 660
663 661
663 662
663 664
663 665
663 666
663 667
663 668
663 669
663 686
663 688
663 689
664 380
664 386
664 659
664 660
664 661
664 662
664 663
664 665
664 666
664 667
664 668
664 669
664 689
665 380
665 381
665 382
665 384
665 385
665 386
665 659
665 660
665 662
665 663
665 664
665 666
665 667
665 668
665 693
665 694
665 700
665 701
665 702
665 703
665 704
666 380
666 381
666 382
666 644
666 658
666 659
666 660
666 661
666 662
666 663
666 664
666 665
666 667
666 668
666 684
666 686
666 693
666 694
666 695
666 699
666 700
666 701
666 702
666 703
666 704
667 643
667 644
667 658
667 659
667 660
667 661
667 662
667 663
667 664
667 665
667 666
667 668
667 669
667 670
667 671
667 686
667 689
667 693
667 701
668 640
668 642
668 643
668 644
668 645
668 658
668 659
668 660
668 661
668 662
668 663
668 664
668 665
668 666
668 667
668 669
668 670
668 671
668 672
668 684
668 685
668 686
668 687
668 688
668 689
668 691
668 693
669 640
669 641
669 642
669 643
669 644
669 659
669 660
669 661
669 662
669 663
669 664
669 667
669 668
669 670
669 671
669 672
669 685
669 686
669 687
669 688
669 689
669 690
669 691
670 623
670 625
670 638
670 639
670 640
670 641
670 642
670 643
670 644
670 660
670 661
670 662
670 667
670 668
670 669
670 671
670 672
670 685
670 686
670 687
670 688
670 689
671 624
671 625
671 626
671 637
671 638
671 639
671 640
671 641
671 642
671 643
671 644
671 645
671 659
671 661
671 667
671 668
671 669
671 670
671 672
671 673
671 674
671 684
671 685
671 686
671 687
671 688
671 689
671 690
671 691
671 692
671 693
671 714
671 715
671 716
672 489
672 490
672 579
672 623
672 624
672 625
672 626
672 627
672 637
672 638
672 639
672 640
672 641
672 643
672 644
672 645
672 668
672 669
672 670
672 671
672 673
672 674
672 684
672 685
672 686
672 687
672 688
672 714
672 715
672 716
672 717
672 718
673 489
673 490
673 491
673 537
673 579
673 625
673 626
673 627
673 628
673 637
673 638
673 640
673 671
673 672
673 674
673 675
673 683
673 684
673 685
673 686
673 687
673 692
673 715
673 716
673 717
673 718
673 719
673 728
673 729
674 579
674 625
674 626
674 627
674 628
674 629
674 636
674 637
674 638
674 645
674 671
674 672
674 673
674 675
674 676
674 682
674 683
674 684
674 685
674 686
674 692
674 693
674 694
674 716
674 717
674 718
674 719
674 720
674 728
675 492
675 581
675 626
675 627
675 628
675 629
675 630
675 636
675 637
675 673
675 674
675 676
675 677
675 680
675 681
675 682
675 683
675 684
675 685
675 694
675 717
675 718
675 719
675 720
675 726
675 727
676 627
676 628
676 629
676 630
676 631
676 636
676 674
676 675
676 677
676 678
676 679
676 680
676 681
676 682
676 683
676 684
676 694
676 695
676 696
676 697
676 718
676 719
676 720
677 628
677 629
677 630
677 631
677 675
677 676
677 678
677 679
677 680
677 681
677 682
677 683
677 694
677 696
677 697
677 719
677 720
677 721
677 724
677 726
677 743
678 630
678 631
678 676
678 677
678 679
678 680
678 681
678 682
678 720
678 724
678 743
679 630
679 631
679 676
679 677
679 678
679 680
679 681
679 682
679 696
679 697
679 743
680 629
680 630
680 631
680 632
680 634
680 675
680 676
680 677
680 678
680 679
680 681
680 682
680 683
680 695
680 696
680 697
680 698
681 630
681 675
681 676
681 677
681 678
681 679
681 680
681 682
681 683
681 684
681 694
681 695
681 696
681 697
681 698
681 699
681 700
681 701
681 702
681 743
682 628
682 629
682 630
682 636
682 645
682 674
682 675
682 676
682 677
682 678
682 679
682 680
682 681
682 683
682 684
682 693
682 694
682 695
682 696
682 697
682 698
682 699
682 700
682 701
682 702
683 628
683 673
683 674
683 675
683 676
683 677
683 680
683 681
683 682
683 684
683 685
683 686
683 692
683 693
683 694
683 695
683 696
683 701
683 702
683 703
683 704
683 705
683 718
683 719
683 720
683 726
684 626
684 637
684 638
684 645
684 666
684 668
684 671
684 672
684 673
684 674
684 675
684 676
684 681
684 682
684 683
684 685
684 686
684 687
684 691
684 692
684 693
684 694
684 695
684 704
684 705
684 715
684 716
684 717
684 718
684 719
684 728
685 626
685 638
685 668
685 669
685 670
685 671
685 672
685 673
685 674
685 675
685 683
685 684
685 686
685 687
685 688
685 689
685 690
685 691
685 692
685 693
685 694
685 704
685 705
685 712
685 714
685 715
685 716
685 717
685 718
685 728
685 729
685 730
686 638
686 640
686 643
686 644
686 663
686 666
686 667
686 668
686 669
686 670
686 671
686 672
686 673
686 674
686 683
686 684
686 685
686 687
686 688
686 689
686 690
686 691
686 692
686 693
686 712
686 714
686 715
686 716
687 640
687 668
687 669
687 670
687 671
687 672
687 673
687 684
687 685
687 686
687 688
687 689
687 690
687 691
687 692
687 712
687 713
687 714
687 715
687 716
687 717
687 730
688 640
688 643
688 662
688 663
688 668
688 669
688 670
688 671
688 672
688 685
688 686
688 687
688 689
688 690
688 691
688 713
688 714
688 715
689 662
689 663
689 664
689 667
689 668
689 669
689 670
689 671
689 685
689 686
689 687
689 688
689 690
689 691
689 692
689 712
689 713
689 714
689 715
690 669
690 671
690 685
690 686
690 687
690 688
690 689
690 691
690 692
690 707
690 711
690 712
690 713
690 714
690 715
690 730
691 668
691 669
691 671
691 684
691 685
691 686
691 687
691 688
691 689
691 690
691 692
691 693
691 704
691 705
691 706
691 707
691 708
691 711
691 712
691 713
691 714
691 715
692 671
692 673
692 674
692 683
692 684
692 685
692 686
692 687
692 689
692 690
692 691
692 693
692 694
692 703
692 704
692 705
692 706
692 707
692 712
692 715
692 718
692 726
692 728
693 665
693 666
693 667
693 668
693 671
693 674
693 682
693 683
693 684
693 685
693 686
693 691
693 692
693 694
693 695
693 701
693 702
693 703
693 704
693 705
693 706
694 665
694 666
694 674
694 675
694 676
694 677
694 681
694 682
694 683
694 684
694 685
694 692
694 693
694 695
694 696
694 697
694 699
694 700
694 701
694 702
694 703
694 704
694 705
694 741
695 382
695 658
695 666
695 676
695 680
695 681
695 682
695 683
695 684
695 693
695 694
695 696
695 697
695 698
695 699
695 700
695 701
695 702
695 703
695 704
696 382
696 676
696 677
696 679
696 680
696 681
696 682
696 683
696 694
696 695
696 697
696 698
696 699
696 700
696 701
696 702
696 703
697 630
697 636
697 647
697 676
697 677
697 679
697 680
697 681
697 682
697 694
697 695
697 696
697 698
697 699
697 700
697 701
698 647
698 656
698 657
698 658
698 680
698 681
698 682
698 695
698 696
698 697
698 699
698 700
698 701
699 645
699 646
699 647
699 656
699 657
699 658
699 659
699 666
699 681
699 682
699 694
699 695
699 696
699 697
699 698
699 700
699 701
699 702
700 356
700 380
700 381
700 382
700 658
700 659
700 665
700 666
700 681
700 682
700 694
700 695
700 696
700 697
700 698
700 699
700 701
700 702
700 703
701 355
701 356
701 380
701 381
701 382
701 383
701 384
701 658
701 659
701 665
701 666
701 667
701 681
701 682
701 683
701 693
701 694
701 695
701 696
701 697
701 698
701 699
701 700
701 702
701 703
701 704
702 354
702 355
702 356
702 357
702 380
702 381
702 382
702 383
702 384
702 665
702 666
702 681
702 682
702 683
702 693
702 694
702 695
702 696
702 699
702 700
702 701
702 703
702 704
703 353
703 354
703 355
703 382
703 383
703 384
703 665
703 666
703 683
703 692
703 693
703 694
703 695
703 696
703 700
703 701
703 702
703 704
703 705
703 706
704 665
704 666
704 683
704 684
704 685
704 691
704 692
704 693
704 694
704 695
704 701
704 702
704 703
704 705
704 706
704 707
704 741
705 470
705 471
705 683
705 684
705 685
705 691
705 692
705 693
705 694
705 703
705 704
705 706
705 707
705 708
705 726
705 739
705 740
705 741
705 742
706 467
706 468
706 469
706 470
706 471
706 691
706 692
706 693
706 703
706 704
706 705
706 707
706 708
706 709
706 710
706 711
706 739
706 740
706 741
707 469
707 470
707 471
707 690
707 691
707 692
707 704
707 705
707 706
707 708
707 709
707 710
707 711
707 712
707 737
707 739
708 467
708 469
708 470
708 471
708 691
708 705
708 706
708 707
708 709
708 710
708 711
708 712
709 468
709 469
709 470
709 471
709 706
709 707
709 708
709 710
709 711
709 712
710 469
710 470
710 471
710 474
710 706
710 707
710 708
710 709
710 711
710 712
710 713
710 733
710 737
711 690
711 691
711 706
711 707
711 708
711 709
711 710
711 712
711 713
711 714
711 715
711 730
711 733
712 685
712 686
712 687
712 689
712 690
712 691
712 692
712 707
712 708
712 709
712 710
712 711
712 713
712 714
712 715
712 716
712 728
712 729
712 730
712 731
712 732
712 733
712 735
712 736
712 737
713 448
713 687
713 688
713 689
713 690
713 691
713 710
713 711
713 712
713 714
713 715
713 716
713 729
713 730
713 731
713 732
713 733
713 734
713 735
714 448
714 489
714 671
714 672
714 685
714 686
714 687
714 688
714 689
714 690
714 691
714 711
714 712
714 713
714 715
714 716
714 729
714 730
714 731
714 732
714 733
715 488
715 489
715 490
715 671
715 672
715 673
715 684
715 685
715 686
715 687
715 688
715 689
715 690
715 691
715 692
715 711
715 712
715 713
715 714
715 716
715 717
715 718
715 728
715 729
715 730
715 731
715 732
715 733
715 736
715 737
716 488
716 489
716 490
716 491
716 536
716 537
716 625
716 626
716 671
716 672
716 673
716 674
716 684
716 685
716 686
716 687
716 712
716 713
716 714
716 715
716 717
716 718
716 728
716 729
716 730
716 731
716 732
716 736
717 488
717 489
717 490
717 491
717 492
717 501
717 502
717 536
717 537
717 538
717 579
717 625
717 626
717 627
717 672
717 673
717 674
717 675
717 684
717 685
717 687
717 715
717 716
717 718
717 719
717 727
717 728
717 729
717 730
717 731
717 736
718 489
718 490
718 491
718 492
718 493
718 501
718 626
718 628
718 672
718 673
718 674
718 675
718 676
718 683
718 684
718 685
718 692
718 715
718 716
718 717
718 719
718 720
718 721
718 726
718 727
718 728
718 729
718 730
718 736
718 737
718 738
719 490
719 491
719 492
719 493
719 494
719 499
719 500
719 539
719 628
719 673
719 674
719 675
719 676
719 677
719 683
719 684
719 717
719 718
719 720
719 721
719 722
719 724
719 725
719 726
719 727
719 728
719 729
719 738
720 491
720 492
720 493
720 494
720 495
720 499
720 674
720 675
720 676
720 677
720 678
720 683
720 718
720 719
720 721
720 722
720 723
720 724
720 725
720 726
720 727
720 728
720 738
720 739
720 741
721 492
721 493
721 494
721 495
721 496
721 497
721 498
721 499
721 513
721 514
721 515
721 677
721 718
721 719
721 720
721 722
721 723
721 724
721 725
721 726
721 727
721 738
722 493
722 494
722 495
722 496
722 497
722 498
722 499
722 514
722 719
722 720
722 721
722 723
722 724
722 725
722 726
723 495
723 497
723 514
723 515
723 720
723 721
723 722
723 724
723 725
723 726
723 740
723 741
724 677
724 678
724 719
724 720
724 721
724 722
724 723
724 725
724 726
724 727
724 738
724 739
724 740
724 741
724 742
724 743
725 470
725 471
725 472
725 493
725 514
725 719
725 720
725 721
725 722
725 723
725 724
725 726
725 727
725 728
725 737
725 738
725 739
725 740
725 741
725 742
725 743
726 470
726 471
726 472
726 493
726 675
726 677
726 683
726 692
726 705
726 718
726 719
726 720
726 721
726 722
726 723
726 724
726 725
726 727
726 728
726 737
726 738
726 739
726 740
726 741
726 742
727 471
727 472
727 473
727 474
727 491
727 492
727 493
727 499
727 514
727 516
727 675
727 717
727 718
727 719
727 720
727 721
727 724
727 725
727 726
727 728
727 729
727 730
727 736
727 737
727 738
727 739
727 740
727 741
728 474
728 488
728 489
728 490
728 491
728 492
728 501
728 673
728 674
728 684
728 685
728 692
728 712
728 715
728 716
728 717
728 718
728 719
728 720
728 725
728 726
728 727
728 729
728 730
728 731
728 735
728 736
728 737
728 738
728 739
729 475
729 487
729 488
729 489
729 490
729 491
729 492
729 501
729 502
729 503
729 673
729 685
729 712
729 713
729 714
729 715
729 716
729 717
729 718
729 719
729 727
729 728
729 730
729 731
729 732
729 733
729 734
729 735
729 736
729 737
729 738
730 474
730 475
730 476
730 487
730 488
730 489
730 685
730 687
730 690
730 711
730 712
730 713
730 714
730 715
730 716
730 717
730 718
730 727
730 728
730 729
730 731
730 732
730 733
730 734
730 735
730 736
730 737
731 478
731 485
731 486
731 487
731 488
731 489
731 490
731 503
731 712
731 713
731 714
731 715
731 716
731 717
731 728
731 729
731 730
731 732
731 733
731 734
731 735
731 736
732 448
732 478
732 486
732 487
732 488
732 712
732 713
732 714
732 715
732 716
732 729
732 730
732 731
732 733
732 734
732 735
733 476
733 477
733 478
733 485
733 486
733 487
733 488
733 710
733 711
733 712
733 713
733 714
733 715
733 729
733 730
733 731
733 732
733 734
733 735
733 736
733 737
734 475
734 476
734 477
734 478
734 479
734 484
734 485
734 486
734 487
734 488
734 489
734 503
734 713
734 729
734 730
734 731
734 732
734 733
734 735
734 736
735 474
735 475
735 476
735 477
735 478
735 483
735 484
735 485
735 486
735 487
735 488
735 501
735 712
735 713
735 728
735 729
735 730
735 731
735 732
735 733
735 734
735 736
735 737
736 473
736 474
736 475
736 476
736 477
736 483
736 485
736 488
736 489
736 491
736 499
736 501
736 516
736 712
736 715
736 716
736 717
736 718
736 727
736 728
736 729
736 730
736 731
736 733
736 734
736 735
736 737
736 738
737 471
737 472
737 473
737 474
737 475
737 476
737 516
737 707
737 710
737 712
737 715
737 718
737 725
737 726
737 727
737 728
737 729
737 730
737 733
737 735
737 736
737 738
737 739
738 470
738 471
738 472
738 473
738 474
738 475
738 514
738 515
738 516
738 718
738 719
738 720
738 721
738 724
738 725
738 726
738 727
738 728
738 729
738 736
738 737
738 739
738 740
738 741
739 469
739 470
739 471
739 472
739 473
739 474
739 705
739 706
739 707
739 720
739 724
739 725
739 726
739 727
739 728
739 737
739 738
739 740
739 741
739 742
740 468
740 469
740 470
740 471
740 472
740 473
740 705
740 706
740 723
740 724
740 725
740 726
740 727
740 738
740 739
740 741
740 742
740 743
741 470
741 471
741 472
741 694
741 704
741 705
741 706
741 720
741 723
741 724
741 725
741 726
741 727
741 738
741 739
741 740
741 742
741 743
742 470
742 705
742 724
742 725
742 726
742 739
742 740
742 741
742 743
743 677
743 678
743 679
743 681
743 724
743 725
743 740
743 741
743 742
