0 1
0 2
1 0
1 2
1 3
1 4
2 0
2 1
2 3
2 4
2 5
3 1
3 2
3 4
3 5
3 6
4 1
4 2
4 3
4 5
4 6
4 7
5 2
5 3
5 4
5 6
5 7
5 8
6 3
6 4
6 5
6 7
6 8
6 9
7 4
7 5
7 6
7 8
7 9
7 10
8 5
8 6
8 7
8 9
8 10
8 11
8 12
9 6
9 7
9 8
9 10
9 11
9 12
9 13
10 7
10 8
10 9
10 11
10 12
10 13
10 14
10 15
11 8
11 9
11 10
11 12
11 13
11 14
11 15
11 16
12 8
12 9
12 10
12 11
12 13
12 14
12 15
12 16
12 17
12 18
12 126
13 9
13 10
13 11
13 12
13 14
13 15
13 16
13 17
13 18
13 19
14 10
14 11
14 12
14 13
14 15
14 16
14 17
14 18
14 19
14 20
15 10
15 11
15 12
15 13
15 14
15 16
15 17
15 18
15 19
15 20
15 21
16 11
16 12
16 13
16 14
16 15
16 17
16 18
16 19
16 20
16 21
16 22
16 119
17 12
17 13
17 14
17 15
17 16
17 18
17 19
17 20
17 21
17 22
17 23
18 12
18 13
18 14
18 15
18 16
18 17
18 19
18 20
18 21
18 22
18 23
18 24
19 13
19 14
19 15
19 16
19 17
19 18
19 20
19 21
19 22
19 23
19 24
19 25
19 115
19 119
20 14
20 15
20 16
20 17
20 18
20 19
20 21
20 22
20 23
20 24
20 25
20 26
21 15
21 16
21 17
21 18
21 19
21 20
21 22
21 23
21 24
21 25
21 26
22 16
22 17
22 18
22 19
22 20
22 21
22 23
22 24
22 25
22 26
22 27
22 28
23 17
23 18
23 19
23 20
23 21
23 22
23 24
23 25
23 26
23 27
23 28
23 112
23 115
24 18
24 19
24 20
24 21
24 22
24 23
24 25
24 26
24 27
24 28
24 29
25 19
25 20
25 21
25 22
25 23
25 24
25 26
25 27
25 28
25 29
25 30
26 20
26 21
26 22
26 23
26 24
26 25
26 27
26 28
26 29
26 30
26 111
27 22
27 23
27 24
27 25
27 26
27 28
27 29
27 30
27 31
28 22
28 23
28 24
28 25
28 26
28 27
28 29
28 30
28 31
28 32
29 24
29 25
29 26
29 27
29 28
29 30
29 31
29 32
30 25
30 26
30 27
30 28
30 29
30 31
30 32
30 33
31 27
31 28
31 29
31 30
31 32
31 33
31 34
32 28
32 29
32 30
32 31
32 33
32 34
32 35
33 30
33 31
33 32
33 34
33 35
33 36
33 75
33 76
34 31
34 32
34 33
34 35
34 36
34 37
34 75
35 32
35 33
35 34
35 36
35 37
35 38
35 75
36 33
36 34
36 35
36 37
36 38
36 39
36 75
37 34
37 35
37 36
37 38
37 39
37 40
38 35
38 36
38 37
38 39
38 40
38 41
39 36
39 37
39 38
39 40
39 41
39 42
40 37
40 38
40 39
40 41
40 42
40 43
40 44
40 45
41 38
41 39
41 40
41 42
41 43
41 44
41 45
42 39
42 40
42 41
42 43
42 44
42 45
42 46
43 40
43 41
43 42
43 44
43 45
43 46
44 40
44 41
44 42
44 43
44 45
44 46
44 47
45 40
45 41
45 42
45 43
45 44
45 46
45 47
45 48
45 49
45 50
46 42
46 43
46 44
46 45
46 47
46 48
46 49
46 50
46 51
46 84
46 89
46 91
46 92
46 93
47 44
47 45
47 46
47 48
47 49
47 50
47 51
47 52
47 53
47 82
47 83
47 84
47 85
47 86
47 87
47 88
47 89
47 90
47 91
48 45
48 46
48 47
48 49
48 50
48 51
48 52
48 53
48 54
48 82
48 83
48 84
48 85
48 86
48 87
48 89
48 90
48 91
48 92
48 93
49 45
49 46
49 47
49 48
49 50
49 51
49 52
49 53
49 84
50 45
50 46
50 47
50 48
50 49
50 51
50 52
50 53
50 84
50 86
51 46
51 47
51 48
51 49
51 50
51 52
51 53
51 54
51 83
51 84
51 85
51 86
51 87
51 88
52 47
52 48
52 49
52 50
52 51
52 53
52 54
52 82
52 83
52 84
52 85
52 86
52 87
53 47
53 48
53 49
53 50
53 51
53 52
53 54
53 55
53 56
53 81
53 82
53 83
53 84
53 85
53 86
53 87
53 88
53 89
53 90
53 91
54 48
54 51
54 52
54 53
54 55
54 56
54 57
54 81
54 82
54 83
54 84
54 85
54 88
54 90
55 53
55 54
55 56
55 57
55 58
55 59
55 80
55 81
55 82
55 83
55 84
55 90
55 91
55 92
55 93
56 53
56 54
56 55
56 57
56 58
56 59
56 80
56 81
56 82
56 83
56 84
56 90
56 91
57 54
57 55
57 56
57 58
57 59
57 60
57 79
57 80
57 81
57 82
57 83
57 92
58 55
58 56
58 57
58 59
58 60
58 61
58 78
58 79
58 80
58 81
58 82
58 95
58 97
59 55
59 56
59 57
59 58
59 60
59 61
59 62
59 78
59 79
59 80
59 81
59 82
59 93
59 94
59 95
59 96
59 97
59 98
59 99
60 57
60 58
60 59
60 61
60 62
60 63
60 77
60 78
60 79
60 80
60 81
60 94
60 95
60 96
60 97
60 99
60 100
61 58
61 59
61 60
61 62
61 63
61 64
61 66
61 67
61 73
61 76
61 77
61 78
61 79
61 80
61 95
61 97
61 100
62 59
62 60
62 61
62 63
62 64
62 65
62 66
62 67
62 68
62 70
62 72
62 73
62 74
62 76
62 77
62 78
62 79
62 80
62 94
63 60
63 61
63 62
63 64
63 65
63 66
63 67
63 68
63 69
63 73
63 77
63 78
64 61
64 62
64 63
64 65
64 66
64 67
64 68
64 69
64 73
64 77
65 62
65 63
65 64
65 66
65 67
65 68
65 69
65 70
66 61
66 62
66 63
66 64
66 65
66 67
66 68
66 69
66 70
66 71
66 72
66 73
66 74
66 77
66 78
66 79
67 61
67 62
67 63
67 64
67 65
67 66
67 68
67 69
67 70
67 71
67 72
67 73
67 74
67 77
67 78
67 79
68 62
68 63
68 64
68 65
68 66
68 67
68 69
68 70
68 71
68 72
68 73
68 74
69 63
69 64
69 65
69 66
69 67
69 68
69 70
69 71
69 72
69 73
69 74
70 62
70 65
70 66
70 67
70 68
70 69
70 71
70 72
70 73
70 74
70 79
70 92
70 93
70 94
71 66
71 67
71 68
71 69
71 70
71 72
71 73
71 74
71 75
71 77
71 79
71 92
71 93
71 94
72 62
72 66
72 67
72 68
72 69
72 70
72 71
72 73
72 74
72 75
72 76
72 77
72 78
72 79
72 80
72 91
72 92
72 93
72 94
72 95
73 61
73 62
73 63
73 64
73 66
73 67
73 68
73 69
73 70
73 71
73 72
73 74
73 75
73 76
73 77
73 78
73 79
73 80
73 92
73 93
73 94
73 95
74 62
74 66
74 67
74 68
74 69
74 70
74 71
74 72
74 73
74 75
74 76
74 77
74 78
74 79
74 94
75 33
75 34
75 35
75 36
75 71
75 72
75 73
75 74
75 76
75 77
75 78
75 79
75 94
75 95
75 96
76 33
76 61
76 62
76 72
76 73
76 74
76 75
76 77
76 78
76 79
76 94
76 95
76 96
76 97
76 100
77 60
77 61
77 62
77 63
77 64
77 66
77 67
77 71
77 72
77 73
77 74
77 75
77 76
77 78
77 79
77 94
77 95
77 96
77 100
78 58
78 59
78 60
78 61
78 62
78 63
78 66
78 67
78 72
78 73
78 74
78 75
78 76
78 77
78 79
78 80
78 93
78 94
78 95
78 96
78 97
78 100
79 57
79 58
79 59
79 60
79 61
79 62
79 66
79 67
79 70
79 71
79 72
79 73
79 74
79 75
79 76
79 77
79 78
79 80
79 81
79 82
79 92
79 93
79 94
79 95
79 96
79 97
80 55
80 56
80 57
80 58
80 59
80 60
80 61
80 62
80 72
80 73
80 78
80 79
80 81
80 82
80 91
80 92
80 93
80 94
80 95
80 96
80 97
81 53
81 54
81 55
81 56
81 57
81 58
81 59
81 60
81 79
81 80
81 82
81 83
81 84
81 90
81 91
81 92
81 93
81 94
81 95
82 47
82 48
82 52
82 53
82 54
82 55
82 56
82 57
82 58
82 59
82 79
82 80
82 81
82 83
82 84
82 85
82 88
82 89
82 90
82 91
82 92
82 93
83 47
83 48
83 51
83 52
83 53
83 54
83 55
83 56
83 57
83 81
83 82
83 84
83 85
83 86
83 87
83 88
83 89
83 90
83 91
83 92
84 46
84 47
84 48
84 49
84 50
84 51
84 52
84 53
84 54
84 55
84 56
84 81
84 82
84 83
84 85
84 86
84 87
84 88
84 89
84 90
84 91
85 47
85 48
85 51
85 52
85 53
85 54
85 82
85 83
85 84
85 86
85 87
85 88
85 89
85 90
86 47
86 48
86 50
86 51
86 52
86 53
86 83
86 84
86 85
86 87
86 88
86 89
87 47
87 48
87 51
87 52
87 53
87 83
87 84
87 85
87 86
87 88
87 89
87 90
88 47
88 51
88 53
88 54
88 82
88 83
88 84
88 85
88 86
88 87
88 89
88 90
88 91
89 46
89 47
89 48
89 53
89 82
89 83
89 84
89 85
89 86
89 87
89 88
89 90
89 91
90 47
90 48
90 53
90 54
90 55
90 56
90 81
90 82
90 83
90 84
90 85
90 87
90 88
90 89
90 91
90 92
90 93
91 46
91 47
91 48
91 53
91 55
91 56
91 72
91 80
91 81
91 82
91 83
91 84
91 88
91 89
91 90
91 92
91 93
92 46
92 48
92 55
92 57
92 70
92 71
92 72
92 73
92 79
92 80
92 81
92 82
92 83
92 90
92 91
92 93
92 94
92 95
93 46
93 48
93 55
93 59
93 70
93 71
93 72
93 73
93 78
93 79
93 80
93 81
93 82
93 90
93 91
93 92
93 94
93 95
93 96
94 59
94 60
94 62
94 70
94 71
94 72
94 73
94 74
94 75
94 76
94 77
94 78
94 79
94 80
94 81
94 92
94 93
94 95
94 96
94 97
95 58
95 59
95 60
95 61
95 72
95 73
95 75
95 76
95 77
95 78
95 79
95 80
95 81
95 92
95 93
95 94
95 96
95 97
95 98
95 100
96 59
96 60
96 75
96 76
96 77
96 78
96 79
96 80
96 93
96 94
96 95
96 97
96 98
96 99
96 100
96 101
97 58
97 59
97 60
97 61
97 76
97 78
97 79
97 80
97 94
97 95
97 96
97 98
97 99
97 100
97 101
97 102
97 103
98 59
98 95
98 96
98 97
98 99
98 100
98 101
98 102
98 103
98 104
99 59
99 60
99 96
99 97
99 98
99 100
99 101
99 102
99 103
99 104
99 105
100 60
100 61
100 76
100 77
100 78
100 95
100 96
100 97
100 98
100 99
100 101
100 102
100 103
100 104
100 105
100 106
101 96
101 97
101 98
101 99
101 100
101 102
101 103
101 104
101 105
101 106
101 107
102 97
102 98
102 99
102 100
102 101
102 103
102 104
102 105
102 106
102 107
102 108
103 97
103 98
103 99
103 100
103 101
103 102
103 104
103 105
103 106
103 107
103 108
103 109
104 98
104 99
104 100
104 101
104 102
104 103
104 105
104 106
104 107
104 108
104 109
104 110
105 99
105 100
105 101
105 102
105 103
105 104
105 106
105 107
105 108
105 109
105 110
105 111
106 100
106 101
106 102
106 103
106 104
106 105
106 107
106 108
106 109
106 110
106 111
106 112
107 101
107 102
107 103
107 104
107 105
107 106
107 108
107 109
107 110
107 111
107 112
107 113
108 102
108 103
108 104
108 105
108 106
108 107
108 109
108 110
108 111
108 112
108 113
108 114
109 103
109 104
109 105
109 106
109 107
109 108
109 110
109 111
109 112
109 113
109 114
109 115
110 104
110 105
110 106
110 107
110 108
110 109
110 111
110 112
110 113
110 114
110 115
110 116
111 26
111 105
111 106
111 107
111 108
111 109
111 110
111 112
111 113
111 114
111 115
111 116
111 117
112 23
112 106
112 107
112 108
112 109
112 110
112 111
112 113
112 114
112 115
112 116
112 117
112 118
113 107
113 108
113 109
113 110
113 111
113 112
113 114
113 115
113 116
113 117
113 118
113 119
114 108
114 109
114 110
114 111
114 112
114 113
114 115
114 116
114 117
114 118
114 119
114 120
115 19
115 23
115 109
115 110
115 111
115 112
115 113
115 114
115 116
115 117
115 118
115 119
115 120
115 121
116 110
116 111
116 112
116 113
116 114
116 115
116 117
116 118
116 119
116 120
116 121
116 122
117 111
117 112
117 113
117 114
117 115
117 116
117 118
117 119
117 120
117 121
117 122
117 123
118 112
118 113
118 114
118 115
118 116
118 117
118 119
118 120
118 121
118 122
118 123
118 124
119 16
119 19
119 113
119 114
119 115
119 116
119 117
119 118
119 120
119 121
119 122
119 123
119 124
119 125
120 114
120 115
120 116
120 117
120 118
120 119
120 121
120 122
120 123
120 124
120 125
120 126
121 115
121 116
121 117
121 118
121 119
121 120
121 122
121 123
121 124
121 125
121 126
121 127
122 116
122 117
122 118
122 119
122 120
122 121
122 123
122 124
122 125
122 126
122 127
122 128
123 117
123 118
123 119
123 120
123 121
123 122
123 124
123 125
123 126
123 127
123 128
123 129
124 118
124 119
124 120
124 121
124 122
124 123
124 125
124 126
124 127
124 128
124 129
124 130
125 119
125 120
125 121
125 122
125 123
125 124
125 126
125 127
125 128
125 129
125 130
125 131
126 12
126 120
126 121
126 122
126 123
126 124
126 125
126 127
126 128
126 129
126 130
126 131
126 132
127 121
127 122
127 123
127 124
127 125
127 126
127 128
127 129
127 130
127 131
127 132
127 133
128 122
128 123
128 124
128 125
128 126
128 127
128 129
128 130
128 131
128 132
128 133
128 134
129 123
129 124
129 125
129 126
129 127
129 128
129 130
129 131
129 132
129 133
129 134
130 124
130 125
130 126
130 127
130 128
130 129
130 131
130 132
130 133
130 134
130 135
130 136
131 125
131 126
131 127
131 128
131 129
131 130
131 132
131 133
131 134
131 135
131 136
131 137
132 126
132 127
132 128
132 129
132 130
132 131
132 133
132 134
132 135
132 136
132 137
133 127
133 128
133 129
133 130
133 131
133 132
133 134
133 135
133 136
133 137
133 138
133 139
134 128
134 129
134 130
134 131
134 132
134 133
134 135
134 136
134 137
134 138
134 139
135 130
135 131
135 132
135 133
135 134
135 136
135 137
135 138
135 139
135 140
135 141
136 130
136 131
136 132
136 133
136 134
136 135
136 137
136 138
136 139
136 140
136 141
137 131
137 132
137 133
137 134
137 135
137 136
137 138
137 139
137 140
137 141
137 142
138 133
138 134
138 135
138 136
138 137
138 139
138 140
138 141
138 142
138 143
139 133
139 134
139 135
139 136
139 137
139 138
139 140
139 141
139 142
139 143
139 144
140 135
140 136
140 137
140 138
140 139
140 141
140 142
140 143
140 144
140 145
141 135
141 136
141 137
141 138
141 139
141 140
141 142
141 143
141 144
141 145
142 137
142 138
142 139
142 140
142 141
142 143
142 144
142 145
143 138
143 139
143 140
143 141
143 142
143 144
143 145
144 139
144 140
144 141
144 142
144 143
144 145
145 140
145 141
145 142
145 143
145 144
