0 1
0 2
0 3
1 0
1 2
1 3
1 4
2 0
2 1
2 3
2 4
2 5
3 0
3 1
3 2
3 4
3 5
3 6
4 1
4 2
4 3
4 5
4 6
4 7
5 2
5 3
5 4
5 6
5 7
5 8
6 3
6 4
6 5
6 7
6 8
6 9
7 4
7 5
7 6
7 8
7 9
7 10
8 5
8 6
8 7
8 9
8 10
8 11
9 6
9 7
9 8
9 10
9 11
9 12
10 7
10 8
10 9
10 11
10 12
10 13
11 8
11 9
11 10
11 12
11 13
11 14
12 9
12 10
12 11
12 13
12 14
12 15
12 16
13 10
13 11
13 12
13 14
13 15
13 16
13 17
14 11
14 12
14 13
14 15
14 16
14 17
14 18
14 19
15 12
15 13
15 14
15 16
15 17
15 18
15 19
15 20
16 12
16 13
16 14
16 15
16 17
16 18
16 19
16 20
16 21
17 13
17 14
17 15
17 16
17 18
17 19
17 20
17 21
17 22
17 23
18 14
18 15
18 16
18 17
18 19
18 20
18 21
18 22
18 23
18 24
19 14
19 15
19 16
19 17
19 18
19 20
19 21
19 22
19 23
19 24
19 25
20 15
20 16
20 17
20 18
20 19
20 21
20 22
20 23
20 24
20 25
20 26
21 16
21 17
21 18
21 19
21 20
21 22
21 23
21 24
21 25
21 26
21 91
22 17
22 18
22 19
22 20
22 21
22 23
22 24
22 25
22 26
22 27
22 28
22 89
23 17
23 18
23 19
23 20
23 21
23 22
23 24
23 25
23 26
23 27
23 28
23 29
24 18
24 19
24 20
24 21
24 22
24 23
24 25
24 26
24 27
24 28
24 29
24 89
24 90
24 91
24 92
25 19
25 20
25 21
25 22
25 23
25 24
25 26
25 27
25 28
25 29
25 30
25 31
25 88
25 89
25 90
25 91
25 92
26 20
26 21
26 22
26 23
26 24
26 25
26 27
26 28
26 29
26 30
26 31
26 32
26 89
26 90
26 91
27 22
27 23
27 24
27 25
27 26
27 28
27 29
27 30
27 31
27 32
27 89
27 90
27 91
27 92
28 22
28 23
28 24
28 25
28 26
28 27
28 29
28 30
28 31
28 32
28 33
28 34
28 89
28 90
28 91
28 92
28 93
28 94
28 95
28 96
29 23
29 24
29 25
29 26
29 27
29 28
29 30
29 31
29 32
29 33
29 34
29 84
29 85
29 86
29 87
29 88
29 89
29 90
29 91
29 92
29 95
30 25
30 26
30 27
30 28
30 29
30 31
30 32
30 33
30 34
30 35
30 85
30 86
30 89
30 90
31 25
31 26
31 27
31 28
31 29
31 30
31 32
31 33
31 34
31 35
31 36
31 37
31 39
31 85
31 90
31 92
31 95
31 96
31 98
31 99
32 26
32 27
32 28
32 29
32 30
32 31
32 33
32 34
32 35
32 36
32 37
32 39
32 57
32 64
32 85
32 86
32 89
32 90
32 94
32 95
32 96
32 98
32 99
33 28
33 29
33 30
33 31
33 32
33 34
33 35
33 36
33 37
33 38
33 39
33 54
33 55
33 85
33 86
34 28
34 29
34 30
34 31
34 32
34 33
34 35
34 36
34 37
34 38
34 39
34 40
34 43
35 30
35 31
35 32
35 33
35 34
35 36
35 37
35 38
35 39
35 40
35 41
35 42
35 43
35 44
35 64
35 95
35 98
35 99
35 102
36 31
36 32
36 33
36 34
36 35
36 37
36 38
36 39
36 40
36 41
36 42
36 43
36 44
36 45
36 46
36 53
36 54
36 55
36 56
36 57
36 63
36 64
36 65
36 85
36 98
36 102
36 103
37 31
37 32
37 33
37 34
37 35
37 36
37 38
37 39
37 40
37 41
37 42
37 43
37 44
37 45
37 53
37 54
37 55
38 33
38 34
38 35
38 36
38 37
38 39
38 40
38 41
38 42
38 43
38 44
39 31
39 32
39 33
39 34
39 35
39 36
39 37
39 38
39 40
39 41
39 42
39 43
39 44
39 99
39 102
40 34
40 35
40 36
40 37
40 38
40 39
40 41
40 42
40 43
40 44
40 102
40 103
40 104
41 35
41 36
41 37
41 38
41 39
41 40
41 42
41 43
41 44
41 45
41 102
41 103
41 104
42 35
42 36
42 37
42 38
42 39
42 40
42 41
42 43
42 44
42 45
42 46
42 47
42 50
42 63
42 64
42 102
42 103
42 104
42 105
42 106
42 107
43 34
43 35
43 36
43 37
43 38
43 39
43 40
43 41
43 42
43 44
43 45
43 46
43 47
43 50
43 52
43 53
43 54
43 63
43 64
43 65
43 102
43 103
43 104
44 35
44 36
44 37
44 38
44 39
44 40
44 41
44 42
44 43
44 45
44 46
44 47
44 50
44 51
44 52
44 53
44 54
44 55
44 64
44 65
44 66
44 103
45 36
45 37
45 41
45 42
45 43
45 44
45 46
45 47
45 48
45 49
45 50
45 51
45 52
45 53
45 54
45 55
45 64
45 65
45 66
45 103
46 36
46 42
46 43
46 44
46 45
46 47
46 48
46 49
46 50
46 51
46 52
46 53
46 54
46 55
46 56
46 57
46 63
46 64
46 65
46 66
46 67
46 68
46 69
46 70
46 103
47 42
47 43
47 44
47 45
47 46
47 48
47 49
47 50
47 51
47 52
47 54
47 57
47 58
47 63
47 64
47 65
47 66
47 69
47 102
47 103
47 104
47 106
47 107
48 45
48 46
48 47
48 49
48 50
48 51
48 63
48 64
48 65
48 66
48 68
48 69
48 70
48 72
48 73
48 103
48 107
48 121
48 122
48 124
48 130
48 133
48 134
48 137
49 45
49 46
49 47
49 48
49 50
49 51
49 52
49 65
49 66
49 68
49 69
49 121
49 122
49 123
49 124
49 125
49 130
50 42
50 43
50 44
50 45
50 46
50 47
50 48
50 49
50 51
50 52
50 53
50 54
50 65
50 66
50 124
51 44
51 45
51 46
51 47
51 48
51 49
51 50
51 52
51 53
51 54
51 65
51 66
51 124
52 43
52 44
52 45
52 46
52 47
52 49
52 50
52 51
52 53
52 54
52 55
52 65
52 66
53 36
53 37
53 43
53 44
53 45
53 46
53 50
53 51
53 52
53 54
53 55
53 56
53 64
53 65
53 66
53 67
54 33
54 36
54 37
54 43
54 44
54 45
54 46
54 47
54 50
54 51
54 52
54 53
54 55
54 56
54 57
54 63
54 64
54 65
54 66
54 67
54 69
54 70
54 84
54 85
55 33
55 36
55 37
55 44
55 45
55 46
55 52
55 53
55 54
55 56
55 57
55 64
55 65
55 66
55 67
55 68
55 70
55 83
55 84
55 85
55 86
55 87
56 36
56 46
56 53
56 54
56 55
56 57
56 58
56 59
56 63
56 64
56 65
56 66
56 67
56 68
56 69
56 70
56 71
56 82
56 83
56 84
56 85
56 86
56 87
56 88
57 32
57 36
57 46
57 47
57 54
57 55
57 56
57 58
57 59
57 60
57 61
57 62
57 63
57 64
57 65
57 66
57 67
57 70
57 81
57 82
57 83
57 84
57 85
57 98
57 102
58 47
58 56
58 57
58 59
58 60
58 61
58 62
58 63
58 64
58 65
58 69
58 70
58 73
58 74
58 80
58 81
58 82
58 83
58 84
58 98
58 102
59 56
59 57
59 58
59 60
59 61
59 62
59 63
59 64
59 80
59 81
59 82
59 83
59 90
59 94
59 95
59 97
59 98
59 101
60 57
60 58
60 59
60 61
60 62
60 63
60 79
60 80
60 81
60 82
60 94
60 97
60 98
61 57
61 58
61 59
61 60
61 62
61 63
61 64
61 80
61 81
61 82
61 97
61 98
61 101
61 102
61 103
61 105
61 106
61 109
61 110
61 138
62 57
62 58
62 59
62 60
62 61
62 63
62 64
62 65
62 81
62 82
62 94
62 95
62 96
62 97
62 98
62 99
62 100
62 101
62 102
62 103
62 105
62 106
63 36
63 42
63 43
63 46
63 47
63 48
63 54
63 56
63 57
63 58
63 59
63 60
63 61
63 62
63 64
63 65
63 82
63 98
63 101
63 102
63 103
63 104
63 105
63 106
63 107
64 32
64 35
64 36
64 42
64 43
64 44
64 45
64 46
64 47
64 48
64 53
64 54
64 55
64 56
64 57
64 58
64 59
64 61
64 62
64 63
64 65
64 66
64 69
64 70
64 82
64 83
64 84
64 85
64 98
64 101
64 102
64 103
64 106
65 36
65 43
65 44
65 45
65 46
65 47
65 48
65 49
65 50
65 51
65 52
65 53
65 54
65 55
65 56
65 57
65 58
65 62
65 63
65 64
65 66
65 67
65 68
65 69
65 70
65 71
65 73
65 82
65 83
65 84
65 85
65 103
66 44
66 45
66 46
66 47
66 48
66 49
66 50
66 51
66 52
66 53
66 54
66 55
66 56
66 57
66 64
66 65
66 67
66 68
66 69
66 70
66 71
66 84
67 46
67 53
67 54
67 55
67 56
67 57
67 65
67 66
67 68
67 69
67 70
67 71
67 72
67 82
67 84
68 46
68 48
68 49
68 55
68 56
68 65
68 66
68 67
68 69
68 70
68 71
68 72
68 73
68 124
68 127
69 46
69 47
69 48
69 49
69 54
69 56
69 58
69 64
69 65
69 66
69 67
69 68
69 70
69 71
69 72
69 73
69 74
69 75
69 82
69 124
69 127
69 130
69 131
69 134
70 46
70 48
70 54
70 55
70 56
70 57
70 58
70 64
70 65
70 66
70 67
70 68
70 69
70 71
70 72
70 73
70 74
70 75
70 80
70 81
70 82
70 83
70 84
71 56
71 65
71 66
71 67
71 68
71 69
71 70
71 72
71 73
71 74
71 75
71 76
71 80
71 82
71 131
72 48
72 67
72 68
72 69
72 70
72 71
72 73
72 74
72 75
72 76
72 79
72 80
72 127
72 128
72 130
72 131
72 132
72 134
72 135
73 48
73 58
73 65
73 68
73 69
73 70
73 71
73 72
73 74
73 75
73 76
73 77
73 78
73 79
73 80
73 81
73 82
73 131
73 134
73 135
73 138
74 58
74 69
74 70
74 71
74 72
74 73
74 75
74 76
74 77
74 78
74 79
74 80
74 81
74 82
75 69
75 70
75 71
75 72
75 73
75 74
75 76
75 77
75 78
75 79
75 80
75 131
75 134
75 135
76 71
76 72
76 73
76 74
76 75
76 77
76 78
76 79
76 80
76 131
76 132
76 134
76 135
76 138
76 139
77 73
77 74
77 75
77 76
77 78
77 79
77 80
77 135
77 138
77 139
78 73
78 74
78 75
78 76
78 77
78 79
78 80
78 81
78 138
78 139
79 60
79 72
79 73
79 74
79 75
79 76
79 77
79 78
79 80
79 81
79 82
80 58
80 59
80 60
80 61
80 70
80 71
80 72
80 73
80 74
80 75
80 76
80 77
80 78
80 79
80 81
80 82
80 83
80 138
81 57
81 58
81 59
81 60
81 61
81 62
81 70
81 73
81 74
81 78
81 79
81 80
81 82
81 83
82 56
82 57
82 58
82 59
82 60
82 61
82 62
82 63
82 64
82 65
82 67
82 69
82 70
82 71
82 73
82 74
82 79
82 80
82 81
82 83
82 84
82 85
83 55
83 56
83 57
83 58
83 59
83 64
83 65
83 70
83 80
83 81
83 82
83 84
83 85
83 86
83 87
83 88
83 89
83 90
84 29
84 54
84 55
84 56
84 57
84 58
84 64
84 65
84 66
84 67
84 70
84 82
84 83
84 85
84 86
84 87
84 88
84 89
84 90
85 29
85 30
85 31
85 32
85 33
85 36
85 54
85 55
85 56
85 57
85 64
85 65
85 82
85 83
85 84
85 86
85 87
85 88
85 89
85 90
86 29
86 30
86 32
86 33
86 55
86 56
86 83
86 84
86 85
86 87
86 88
86 89
87 29
87 55
87 56
87 83
87 84
87 85
87 86
87 88
87 89
87 90
88 25
88 29
88 56
88 83
88 84
88 85
88 86
88 87
88 89
88 90
89 22
89 24
89 25
89 26
89 27
89 28
89 29
89 30
89 32
89 83
89 84
89 85
89 86
89 87
89 88
89 90
89 91
89 94
90 24
90 25
90 26
90 27
90 28
90 29
90 30
90 31
90 32
90 59
90 83
90 84
90 85
90 87
90 88
90 89
90 91
90 92
90 93
90 94
90 95
91 21
91 24
91 25
91 26
91 27
91 28
91 29
91 89
91 90
91 92
91 93
91 94
91 95
91 96
92 24
92 25
92 27
92 28
92 29
92 31
92 90
92 91
92 93
92 94
92 95
92 96
92 97
92 98
93 28
93 90
93 91
93 92
93 94
93 95
93 96
93 97
93 98
93 99
94 28
94 32
94 59
94 60
94 62
94 89
94 90
94 91
94 92
94 93
94 95
94 96
94 97
94 98
94 99
94 100
95 28
95 29
95 31
95 32
95 35
95 59
95 62
95 90
95 91
95 92
95 93
95 94
95 96
95 97
95 98
95 99
95 100
95 101
96 28
96 31
96 32
96 62
96 91
96 92
96 93
96 94
96 95
96 97
96 98
96 99
96 100
96 101
97 59
97 60
97 61
97 62
97 92
97 93
97 94
97 95
97 96
97 98
97 99
97 100
97 101
97 102
98 31
98 32
98 35
98 36
98 57
98 58
98 59
98 60
98 61
98 62
98 63
98 64
98 92
98 93
98 94
98 95
98 96
98 97
98 99
98 100
98 101
98 102
98 103
99 31
99 32
99 35
99 39
99 62
99 93
99 94
99 95
99 96
99 97
99 98
99 100
99 101
99 102
100 62
100 94
100 95
100 96
100 97
100 98
100 99
100 101
100 102
100 105
100 106
101 59
101 61
101 62
101 63
101 64
101 95
101 96
101 97
101 98
101 99
101 100
101 102
101 103
101 104
101 105
101 106
101 107
101 109
102 35
102 36
102 39
102 40
102 41
102 42
102 43
102 47
102 57
102 58
102 61
102 62
102 63
102 64
102 97
102 98
102 99
102 100
102 101
102 103
102 104
102 105
102 106
102 107
103 36
103 40
103 41
103 42
103 43
103 44
103 45
103 46
103 47
103 48
103 61
103 62
103 63
103 64
103 65
103 98
103 101
103 102
103 104
103 105
103 106
103 107
103 108
103 109
103 110
104 40
104 41
104 42
104 43
104 47
104 63
104 101
104 102
104 103
104 105
104 106
104 107
104 108
104 109
104 111
105 42
105 61
105 62
105 63
105 100
105 101
105 102
105 103
105 104
105 106
105 107
105 108
105 109
105 110
105 111
105 112
105 147
105 150
105 151
106 42
106 47
106 61
106 62
106 63
106 64
106 100
106 101
106 102
106 103
106 104
106 105
106 107
106 108
106 109
106 110
106 111
106 112
106 144
106 145
106 147
106 150
107 42
107 47
107 48
107 63
107 101
107 102
107 103
107 104
107 105
107 106
107 108
107 109
107 110
107 111
107 112
107 113
107 114
107 143
107 144
107 145
107 150
108 103
108 104
108 105
108 106
108 107
108 109
108 110
108 111
108 112
108 113
108 114
108 143
108 144
108 145
108 146
108 147
108 149
108 150
108 151
109 61
109 101
109 103
109 104
109 105
109 106
109 107
109 108
109 110
109 111
109 112
109 113
109 114
109 143
109 144
109 145
109 146
109 147
109 148
109 149
109 150
109 151
110 61
110 103
110 105
110 106
110 107
110 108
110 109
110 111
110 112
110 113
110 114
110 137
110 138
110 141
110 142
110 143
110 144
110 145
110 146
110 147
111 104
111 105
111 106
111 107
111 108
111 109
111 110
111 112
111 113
111 114
111 115
111 116
111 137
111 141
111 142
111 143
111 144
111 145
112 105
112 106
112 107
112 108
112 109
112 110
112 111
112 113
112 114
112 115
112 142
112 143
112 144
112 145
112 146
112 147
112 149
112 150
113 107
113 108
113 109
113 110
113 111
113 112
113 114
113 115
113 116
113 119
113 142
113 143
113 144
113 145
114 107
114 108
114 109
114 110
114 111
114 112
114 113
114 115
114 116
114 117
114 118
114 119
114 120
114 121
114 137
114 142
114 143
114 144
114 145
115 111
115 112
115 113
115 114
115 116
115 117
115 118
115 119
115 120
115 143
116 111
116 113
116 114
116 115
116 117
116 118
116 119
116 120
116 121
117 114
117 115
117 116
117 118
117 119
117 120
117 121
118 114
118 115
118 116
118 117
118 119
118 120
118 121
119 113
119 114
119 115
119 116
119 117
119 118
119 120
119 121
119 122
119 133
119 143
120 114
120 115
120 116
120 117
120 118
120 119
120 121
120 122
120 123
120 133
121 48
121 49
121 114
121 116
121 117
121 118
121 119
121 120
121 122
121 123
121 124
121 129
121 130
121 133
122 48
122 49
122 119
122 120
122 121
122 123
122 124
122 125
122 126
122 127
122 128
122 129
122 130
122 131
122 132
122 133
122 134
123 49
123 120
123 121
123 122
123 124
123 125
123 126
123 127
123 129
123 130
124 48
124 49
124 50
124 51
124 68
124 69
124 121
124 122
124 123
124 125
124 126
124 127
124 128
124 129
124 130
125 49
125 122
125 123
125 124
125 126
125 127
125 128
125 129
125 130
126 122
126 123
126 124
126 125
126 127
126 128
126 129
126 130
126 131
127 68
127 69
127 72
127 122
127 123
127 124
127 125
127 126
127 128
127 129
127 130
127 131
127 132
127 133
128 72
128 122
128 124
128 125
128 126
128 127
128 129
128 130
128 131
128 132
128 133
128 134
129 121
129 122
129 123
129 124
129 125
129 126
129 127
129 128
129 130
129 131
129 132
129 133
129 134
129 135
130 48
130 49
130 69
130 72
130 121
130 122
130 123
130 124
130 125
130 126
130 127
130 128
130 129
130 131
130 132
130 133
130 134
130 135
130 136
131 69
131 71
131 72
131 73
131 75
131 76
131 122
131 126
131 127
131 128
131 129
131 130
131 132
131 133
131 134
131 135
131 136
131 137
132 72
132 76
132 122
132 127
132 128
132 129
132 130
132 131
132 133
132 134
132 135
132 136
132 137
132 139
133 48
133 119
133 120
133 121
133 122
133 127
133 128
133 129
133 130
133 131
133 132
133 134
133 135
133 136
133 137
133 138
133 139
133 140
133 142
134 48
134 69
134 72
134 73
134 75
134 76
134 122
134 128
134 129
134 130
134 131
134 132
134 133
134 135
134 136
134 137
134 138
134 139
134 140
134 141
135 72
135 73
135 75
135 76
135 77
135 129
135 130
135 131
135 132
135 133
135 134
135 136
135 137
135 138
135 139
135 140
135 141
135 142
136 130
136 131
136 132
136 133
136 134
136 135
136 137
136 138
136 139
136 140
136 141
136 142
136 143
136 144
137 48
137 110
137 111
137 114
137 131
137 132
137 133
137 134
137 135
137 136
137 138
137 139
137 140
137 141
137 142
137 143
137 144
138 61
138 73
138 76
138 77
138 78
138 80
138 110
138 133
138 134
138 135
138 136
138 137
138 139
138 140
138 141
138 142
138 143
138 144
139 76
139 77
139 78
139 132
139 133
139 134
139 135
139 136
139 137
139 138
139 140
139 141
139 142
140 133
140 134
140 135
140 136
140 137
140 138
140 139
140 141
140 142
140 143
140 144
141 110
141 111
141 134
141 135
141 136
141 137
141 138
141 139
141 140
141 142
141 143
141 144
141 145
142 110
142 111
142 112
142 113
142 114
142 133
142 135
142 136
142 137
142 138
142 139
142 140
142 141
142 143
142 144
142 145
143 107
143 108
143 109
143 110
143 111
143 112
143 113
143 114
143 115
143 119
143 136
143 137
143 138
143 140
143 141
143 142
143 144
143 145
144 106
144 107
144 108
144 109
144 110
144 111
144 112
144 113
144 114
144 136
144 137
144 138
144 140
144 141
144 142
144 143
144 145
144 146
144 147
145 106
145 107
145 108
145 109
145 110
145 111
145 112
145 113
145 114
145 141
145 142
145 143
145 144
145 146
145 147
145 148
145 149
145 150
146 108
146 109
146 110
146 112
146 144
146 145
146 147
146 148
146 149
146 150
146 151
147 105
147 106
147 108
147 109
147 110
147 112
147 144
147 145
147 146
147 148
147 149
147 150
147 151
147 152
148 109
148 145
148 146
148 147
148 149
148 150
148 151
148 152
149 108
149 109
149 112
149 145
149 146
149 147
149 148
149 150
149 151
149 152
150 105
150 106
150 107
150 108
150 109
150 112
150 145
150 146
150 147
150 148
150 149
150 151
150 152
150 153
151 105
151 108
151 109
151 146
151 147
151 148
151 149
151 150
151 152
151 153
151 154
151 155
151 156
152 147
152 148
152 149
152 150
152 151
152 153
152 154
152 155
152 156
153 150
153 151
153 152
153 154
153 155
153 156
154 151
154 152
154 153
154 155
154 156
154 157
155 151
155 152
155 153
155 154
155 156
155 157
155 158
156 151
156 152
156 153
156 154
156 155
156 157
156 158
156 159
156 160
157 154
157 155
157 156
157 158
157 159
157 160
158 155
158 156
158 157
158 159
158 160
158 161
159 156
159 157
159 158
159 160
159 161
159 162
160 156
160 157
160 158
160 159
160 161
160 162
161 158
161 159
161 160
161 162
161 163
161 164
162 159
162 160
162 161
162 163
162 164
162 165
163 161
163 162
163 164
163 165
163 166
164 161
164 162
164 163
164 165
164 166
164 167
165 162
165 163
165 164
165 166
165 167
166 163
166 164
166 165
166 167
166 168
166 169
167 164
167 165
167 166
167 168
167 169
168 166
168 167
168 169
168 170
169 166
169 167
169 168
169 170
169 171
170 168
170 169
170 171
170 172
171 169
171 170
171 172
171 173
172 170
172 171
172 173
172 174
173 171
173 172
173 174
173 175
174 172
174 173
174 175
174 176
175 173
175 174
175 176
175 177
175 178
176 174
176 175
176 177
176 178
177 175
177 176
177 178
177 179
178 175
178 176
178 177
178 179
178 180
179 177
179 178
179 180
179 181
180 178
180 179
180 181
180 182
180 183
181 179
181 180
181 182
181 183
182 180
182 181
182 183
182 184
182 185
183 180
183 181
183 182
183 184
183 185
184 182
184 183
184 185
184 186
185 182
185 183
185 184
185 186
185 187
185 188
186 184
186 185
186 187
186 188
187 185
187 186
187 188
187 189
188 185
188 186
188 187
188 189
188 190
189 187
189 188
189 190
189 191
190 188
190 189
190 191
190 192
190 193
191 189
191 190
191 192
191 193
192 190
192 191
192 193
192 194
193 190
193 191
193 192
193 194
193 195
194 192
194 193
194 195
194 196
194 197
195 193
195 194
195 196
195 197
196 194
196 195
196 197
196 198
197 194
197 195
197 196
197 198
197 199
198 196
198 197
198 199
198 200
199 197
199 198
199 200
199 201
200 198
200 199
200 201
200 202
201 199
201 200
201 202
201 203
202 200
202 201
202 203
202 204
203 201
203 202
203 204
203 205
204 202
204 203
204 205
204 206
205 203
205 204
205 206
205 207
206 204
206 205
206 207
206 208
207 205
207 206
207 208
207 209
207 210
208 206
208 207
208 209
208 210
209 207
209 208
209 210
209 211
210 207
210 208
210 209
210 211
210 212
211 209
211 210
211 212
211 213
212 210
212 211
212 213
212 214
213 211
213 212
213 214
213 215
214 212
214 213
214 215
214 216
215 213
215 214
215 216
215 217
216 214
216 215
216 217
216 218
217 215
217 216
217 218
217 219
218 216
218 217
218 219
218 220
219 217
219 218
219 220
219 221
219 222
220 218
220 219
220 221
220 222
220 223
221 219
221 220
221 222
221 223
221 224
222 219
222 220
222 221
222 223
222 224
222 225
222 226
223 220
223 221
223 222
223 224
223 225
223 226
223 227
224 221
224 222
224 223
224 225
224 226
224 227
224 228
224 229
225 222
225 223
225 224
225 226
225 227
225 228
225 229
225 230
226 222
226 223
226 224
226 225
226 227
226 228
226 229
226 230
227 223
227 224
227 225
227 226
227 228
227 229
227 230
228 224
228 225
228 226
228 227
228 229
228 230
228 231
229 224
229 225
229 226
229 227
229 228
229 230
229 231
229 232
230 225
230 226
230 227
230 228
230 229
230 231
230 232
230 233
230 234
231 228
231 229
231 230
231 232
231 233
231 234
231 235
232 229
232 230
232 231
232 233
232 234
232 235
232 236
233 230
233 231
233 232
233 234
233 235
233 236
234 230
234 231
234 232
234 233
234 235
234 236
234 237
235 231
235 232
235 233
235 234
235 236
235 237
235 238
236 232
236 233
236 234
236 235
236 237
236 238
236 239
237 234
237 235
237 236
237 238
237 239
237 240
238 235
238 236
238 237
238 239
238 240
238 241
239 236
239 237
239 238
239 240
239 241
239 242
240 237
240 238
240 239
240 241
240 242
240 243
241 238
241 239
241 240
241 242
241 243
242 239
242 240
242 241
242 243
242 244
243 240
243 241
243 242
243 244
243 245
244 242
244 243
244 245
244 246
244 247
245 243
245 244
245 246
245 247
246 244
246 245
246 247
246 248
247 244
247 245
247 246
247 248
247 249
247 250
248 246
248 247
248 249
248 250
249 247
249 248
249 250
249 251
250 247
250 248
250 249
250 251
250 252
251 249
251 250
251 252
251 253
252 250
252 251
252 253
252 254
253 251
253 252
253 254
253 255
254 252
254 253
254 255
254 256
254 257
255 253
255 254
255 256
255 257
256 254
256 255
256 257
256 258
256 259
257 254
257 255
257 256
257 258
257 259
257 260
258 256
258 257
258 259
258 260
258 261
259 256
259 257
259 258
259 260
259 261
259 262
260 257
260 258
260 259
260 261
260 262
260 263
261 258
261 259
261 260
261 262
261 263
261 264
262 259
262 260
262 261
262 263
262 264
262 265
262 266
263 260
263 261
263 262
263 264
263 265
263 266
264 261
264 262
264 263
264 265
264 266
264 267
265 262
265 263
265 264
265 266
265 267
265 268
266 262
266 263
266 264
266 265
266 267
266 268
267 264
267 265
267 266
267 268
267 269
267 270
268 265
268 266
268 267
268 269
268 270
269 267
269 268
269 270
269 271
270 267
270 268
270 269
270 271
270 272
271 269
271 270
271 272
271 273
272 270
272 271
272 273
272 274
272 275
273 271
273 272
273 274
273 275
274 272
274 273
274 275
274 276
274 277
275 272
275 273
275 274
275 276
275 277
275 278
276 274
276 275
276 277
276 278
276 279
277 274
277 275
277 276
277 278
277 279
278 275
278 276
278 277
278 279
278 280
278 281
279 276
279 277
279 278
279 280
279 281
280 278
280 279
280 281
280 282
280 283
281 278
281 279
281 280
281 282
281 283
282 280
282 281
282 283
282 284
283 280
283 281
283 282
283 284
283 285
283 286
284 282
284 283
284 285
284 286
284 287
285 283
285 284
285 286
285 287
285 288
286 283
286 284
286 285
286 287
286 288
287 284
287 285
287 286
287 288
287 289
288 285
288 286
288 287
288 289
288 290
289 287
289 288
289 290
289 291
290 288
290 289
290 291
290 292
291 289
291 290
291 292
291 293
292 290
292 291
292 293
292 294
293 291
293 292
293 294
293 295
294 292
294 293
294 295
294 296
295 293
295 294
295 296
295 297
296 294
296 295
296 297
296 298
297 295
297 296
297 298
297 299
298 296
298 297
298 299
298 300
299 297
299 298
299 300
299 301
300 298
300 299
300 301
300 302
301 299
301 300
301 302
301 303
302 300
302 301
302 303
302 304
303 301
303 302
303 304
303 305
304 302
304 303
304 305
304 306
305 303
305 304
305 306
305 307
306 304
306 305
306 307
306 308
307 305
307 306
307 308
307 309
308 306
308 307
308 309
308 310
309 307
309 308
309 310
309 311
310 308
310 309
310 311
310 312
311 309
311 310
311 312
311 313
312 310
312 311
312 313
312 314
313 311
313 312
313 314
313 315
314 312
314 313
314 315
314 316
315 313
315 314
315 316
315 317
316 314
316 315
316 317
316 318
317 315
317 316
317 318
317 319
318 316
318 317
318 319
318 320
319 317
319 318
319 320
319 321
320 318
320 319
320 321
320 322
321 319
321 320
321 322
321 323
322 320
322 321
322 323
322 324
323 321
323 322
323 324
323 325
324 322
324 323
324 325
324 326
325 323
325 324
325 326
325 327
326 324
326 325
326 327
326 328
327 325
327 326
327 328
327 329
327 330
328 326
328 327
328 329
328 330
329 327
329 328
329 330
329 331
330 327
330 328
330 329
330 331
330 332
330 333
331 329
331 330
331 332
331 333
332 330
332 331
332 333
332 334
333 330
333 331
333 332
333 334
333 335
334 332
334 333
334 335
334 336
335 333
335 334
335 336
335 337
336 334
336 335
336 337
336 338
336 339
337 335
337 336
337 338
337 339
338 336
338 337
338 339
338 340
339 336
339 337
339 338
339 340
339 341
340 338
340 339
340 341
340 342
341 339
341 340
341 342
341 343
341 344
342 340
342 341
342 343
342 344
342 345
343 341
343 342
343 344
343 345
344 341
344 342
344 343
344 345
344 346
345 342
345 343
345 344
345 346
345 347
346 344
346 345
346 347
346 348
346 349
347 345
347 346
347 348
347 349
348 346
348 347
348 349
348 350
349 346
349 347
349 348
349 350
349 351
350 348
350 349
350 351
350 352
351 349
351 350
351 352
351 353
352 350
352 351
352 353
352 354
353 351
353 352
353 354
353 355
354 352
354 353
354 355
354 356
354 357
355 353
355 354
355 356
355 357
356 354
356 355
356 357
356 358
356 359
357 354
357 355
357 356
357 358
357 359
358 356
358 357
358 359
358 360
358 361
359 356
359 357
359 358
359 360
359 361
359 362
360 358
360 359
360 361
360 362
360 363
361 358
361 359
361 360
361 362
361 363
361 364
362 359
362 360
362 361
362 363
362 364
362 365
363 360
363 361
363 362
363 364
363 365
363 366
364 361
364 362
364 363
364 365
364 366
364 367
364 368
365 362
365 363
365 364
365 366
365 367
365 368
365 369
366 363
366 364
366 365
366 367
366 368
366 369
367 364
367 365
367 366
367 368
367 369
367 370
368 364
368 365
368 366
368 367
368 369
368 370
368 371
369 365
369 366
369 367
369 368
369 370
369 371
369 372
370 367
370 368
370 369
370 371
370 372
370 373
371 368
371 369
371 370
371 372
371 373
371 374
372 369
372 370
372 371
372 373
372 374
372 375
373 370
373 371
373 372
373 374
373 375
373 376
374 371
374 372
374 373
374 375
374 376
374 377
375 372
375 373
375 374
375 376
375 377
375 378
376 373
376 374
376 375
376 377
376 378
376 379
377 374
377 375
377 376
377 378
377 379
377 380
378 375
378 376
378 377
378 379
378 380
378 381
379 376
379 377
379 378
379 380
379 381
379 382
379 383
380 377
380 378
380 379
380 381
380 382
380 383
381 378
381 379
381 380
381 382
381 383
381 384
382 379
382 380
382 381
382 383
382 384
383 379
383 380
383 381
383 382
383 384
383 385
383 386
384 381
384 382
384 383
384 385
384 386
385 383
385 384
385 386
385 387
386 383
386 384
386 385
386 387
386 388
387 385
387 386
387 388
387 389
388 386
388 387
388 389
388 390
389 387
389 388
389 390
389 391
390 388
390 389
390 391
390 392
390 393
391 389
391 390
391 392
391 393
392 390
392 391
392 393
392 394
393 390
393 391
393 392
393 394
393 395
394 392
394 393
394 395
394 396
395 393
395 394
395 396
395 397
396 394
396 395
396 397
396 398
397 395
397 396
397 398
397 399
398 396
398 397
398 399
398 400
399 397
399 398
399 400
399 401
400 398
400 399
400 401
400 402
401 399
401 400
401 402
401 403
402 400
402 401
402 403
402 404
403 401
403 402
403 404
403 405
404 402
404 403
404 405
404 406
405 403
405 404
405 406
405 407
406 404
406 405
406 407
406 408
407 405
407 406
407 408
407 409
408 406
408 407
408 409
408 410
409 407
409 408
409 410
409 411
410 408
410 409
410 411
410 412
411 409
411 410
411 412
411 413
412 410
412 411
412 413
412 414
413 411
413 412
413 414
413 415
414 412
414 413
414 415
414 416
415 413
415 414
415 416
415 417
416 414
416 415
416 417
416 418
417 415
417 416
417 418
417 419
417 420
418 416
418 417
418 419
418 420
419 417
419 418
419 420
419 421
420 417
420 418
420 419
420 421
420 422
421 419
421 420
421 422
421 423
422 420
422 421
422 423
422 424
423 421
423 422
423 424
423 425
424 422
424 423
424 425
424 426
425 423
425 424
425 426
425 427
426 424
426 425
426 427
426 428
427 425
427 426
427 428
427 429
428 426
428 427
428 429
428 430
428 431
429 427
429 428
429 430
429 431
430 428
430 429
430 431
430 432
431 428
431 429
431 430
431 432
431 433
432 430
432 431
432 433
432 434
433 431
433 432
433 434
433 435
434 432
434 433
434 435
434 436
435 433
435 434
435 436
435 437
436 434
436 435
436 437
436 438
437 435
437 436
437 438
437 439
437 440
438 436
438 437
438 439
438 440
438 441
439 437
439 438
439 440
439 441
439 442
440 437
440 438
440 439
440 441
440 442
441 438
441 439
441 440
441 442
441 443
442 439
442 440
442 441
442 443
442 444
443 441
443 442
443 444
443 445
444 442
444 443
444 445
444 446
445 443
445 444
445 446
445 447
446 444
446 445
446 447
446 448
447 445
447 446
447 448
447 449
448 446
448 447
448 449
448 450
449 447
449 448
449 450
449 451
450 448
450 449
450 451
450 452
451 449
451 450
451 452
451 453
451 454
452 450
452 451
452 453
452 454
453 451
453 452
453 454
453 455
454 451
454 452
454 453
454 455
454 456
454 457
455 453
455 454
455 456
455 457
455 458
456 454
456 455
456 457
456 458
456 459
457 454
457 455
457 456
457 458
457 459
457 460
458 455
458 456
458 457
458 459
458 460
458 461
459 456
459 457
459 458
459 460
459 461
459 462
460 457
460 458
460 459
460 461
460 462
460 463
461 458
461 459
461 460
461 462
461 463
461 464
462 459
462 460
462 461
462 463
462 464
462 465
463 460
463 461
463 462
463 464
463 465
464 461
464 462
464 463
464 465
464 466
464 467
465 462
465 463
465 464
465 466
465 467
466 464
466 465
466 467
466 468
467 464
467 465
467 466
467 468
467 469
467 470
468 466
468 467
468 469
468 470
469 467
469 468
469 470
469 471
470 467
470 468
470 469
470 471
470 472
471 469
471 470
471 472
471 473
472 470
472 471
472 473
472 474
472 475
473 471
473 472
473 474
473 475
474 472
474 473
474 475
474 476
475 472
475 473
475 474
475 476
475 477
475 478
476 474
476 475
476 477
476 478
476 479
476 480
477 475
477 476
477 478
477 479
477 480
478 475
478 476
478 477
478 479
478 480
479 476
479 477
479 478
479 480
480 476
480 477
480 478
480 479
