0 1
0 2
1 0
1 2
1 3
2 0
2 1
2 3
2 4
3 1
3 2
3 4
3 5
4 2
4 3
4 5
4 6
5 3
5 4
5 6
5 7
6 4
6 5
6 7
6 8
7 5
7 6
7 8
7 9
8 6
8 7
8 9
8 10
9 7
9 8
9 10
9 11
9 12
10 8
10 9
10 11
10 12
10 13
11 9
11 10
11 12
11 13
11 14
12 9
12 10
12 11
12 13
12 14
12 15
12 16
13 10
13 11
13 12
13 14
13 15
13 16
13 17
14 11
14 12
14 13
14 15
14 16
14 17
14 18
15 12
15 13
15 14
15 16
15 17
15 18
15 19
16 12
16 13
16 14
16 15
16 17
16 18
16 19
16 20
16 21
17 13
17 14
17 15
17 16
17 18
17 19
17 20
17 21
17 22
18 14
18 15
18 16
18 17
18 19
18 20
18 21
18 22
18 23
19 15
19 16
19 17
19 18
19 20
19 21
19 22
19 23
19 24
20 16
20 17
20 18
20 19
20 21
20 22
20 23
20 24
20 25
21 16
21 17
21 18
21 19
21 20
21 22
21 23
21 24
21 25
21 26
22 17
22 18
22 19
22 20
22 21
22 23
22 24
22 25
22 26
22 27
23 18
23 19
23 20
23 21
23 22
23 24
23 25
23 26
23 27
23 28
23 51
24 19
24 20
24 21
24 22
24 23
24 25
24 26
24 27
24 28
24 29
24 43
24 46
24 47
24 51
25 20
25 21
25 22
25 23
25 24
25 26
25 27
25 28
25 29
25 30
25 31
25 39
25 42
25 43
26 21
26 22
26 23
26 24
26 25
26 27
26 28
26 29
26 30
26 31
26 32
27 22
27 23
27 24
27 25
27 26
27 28
27 29
27 30
27 31
27 32
27 33
27 39
27 42
27 43
27 46
27 51
27 52
27 53
28 23
28 24
28 25
28 26
28 27
28 29
28 30
28 31
28 32
28 33
28 34
28 38
28 39
28 40
28 41
28 42
28 43
28 44
28 45
28 46
28 47
28 51
28 53
29 24
29 25
29 26
29 27
29 28
29 30
29 31
29 32
29 33
29 34
29 37
29 38
29 39
29 40
29 42
29 43
30 25
30 26
30 27
30 28
30 29
30 31
30 32
30 33
30 34
30 35
30 36
30 39
30 42
30 53
31 25
31 26
31 27
31 28
31 29
31 30
31 32
31 33
31 34
31 35
31 36
31 37
31 38
31 39
31 41
31 42
31 43
31 45
31 46
31 53
31 54
31 56
31 57
32 26
32 27
32 28
32 29
32 30
32 31
32 33
32 34
32 35
32 36
32 37
32 38
32 39
32 40
32 41
32 42
32 43
32 57
33 27
33 28
33 29
33 30
33 31
33 32
33 34
33 35
33 36
33 37
33 38
33 39
33 42
34 28
34 29
34 30
34 31
34 32
34 33
34 35
34 36
34 37
34 42
34 57
35 30
35 31
35 32
35 33
35 34
35 36
35 37
35 38
35 39
35 41
35 42
35 56
35 57
35 60
35 61
36 30
36 31
36 32
36 33
36 34
36 35
36 37
36 38
36 39
36 41
36 42
37 29
37 31
37 32
37 33
37 34
37 35
37 36
37 38
37 39
37 40
37 41
37 42
37 60
38 28
38 29
38 31
38 32
38 33
38 35
38 36
38 37
38 39
38 40
38 41
38 42
38 43
39 25
39 27
39 28
39 29
39 30
39 31
39 32
39 33
39 35
39 36
39 37
39 38
39 40
39 41
39 42
39 43
39 44
40 28
40 29
40 32
40 37
40 38
40 39
40 41
40 42
40 43
40 44
40 45
40 46
40 299
40 300
41 28
41 31
41 32
41 35
41 36
41 37
41 38
41 39
41 40
41 42
41 43
41 44
41 45
41 46
41 47
41 60
42 25
42 27
42 28
42 29
42 30
42 31
42 32
42 33
42 34
42 35
42 36
42 37
42 38
42 39
42 40
42 41
42 43
42 44
42 45
42 46
42 47
42 53
42 56
42 57
42 60
43 24
43 25
43 27
43 28
43 29
43 31
43 32
43 38
43 39
43 40
43 41
43 42
43 44
43 45
43 46
43 47
43 48
43 49
43 51
43 56
44 28
44 39
44 40
44 41
44 42
44 43
44 45
44 46
44 47
44 48
44 49
44 51
44 56
44 60
45 28
45 31
45 40
45 41
45 42
45 43
45 44
45 46
45 47
45 48
45 49
45 50
45 51
45 52
45 53
45 55
45 56
45 57
45 58
45 59
45 60
46 24
46 27
46 28
46 31
46 40
46 41
46 42
46 43
46 44
46 45
46 47
46 48
46 49
46 50
46 51
46 52
46 53
46 54
46 55
46 56
46 57
46 59
46 60
47 24
47 28
47 41
47 42
47 43
47 44
47 45
47 46
47 48
47 49
47 50
47 51
47 52
47 53
47 56
48 43
48 44
48 45
48 46
48 47
48 49
48 50
48 51
48 52
48 55
48 56
48 59
49 43
49 44
49 45
49 46
49 47
49 48
49 50
49 51
49 52
49 53
49 54
49 55
49 56
49 57
49 58
49 59
50 45
50 46
50 47
50 48
50 49
50 51
50 52
50 53
50 55
50 56
51 23
51 24
51 27
51 28
51 43
51 44
51 45
51 46
51 47
51 48
51 49
51 50
51 52
51 53
51 54
51 55
51 56
52 27
52 45
52 46
52 47
52 48
52 49
52 50
52 51
52 53
52 54
52 55
52 56
52 57
53 27
53 28
53 30
53 31
53 42
53 45
53 46
53 47
53 49
53 50
53 51
53 52
53 54
53 55
53 56
53 57
53 58
53 59
54 31
54 46
54 49
54 51
54 52
54 53
54 55
54 56
54 57
54 58
54 59
54 60
55 45
55 46
55 48
55 49
55 50
55 51
55 52
55 53
55 54
55 56
55 57
55 58
55 59
55 60
56 31
56 35
56 42
56 43
56 44
56 45
56 46
56 47
56 48
56 49
56 50
56 51
56 52
56 53
56 54
56 55
56 57
56 58
56 59
56 60
56 61
57 31
57 32
57 34
57 35
57 42
57 45
57 46
57 49
57 52
57 53
57 54
57 55
57 56
57 58
57 59
57 60
57 61
57 62
58 45
58 49
58 53
58 54
58 55
58 56
58 57
58 59
58 60
58 61
58 62
58 63
59 45
59 46
59 48
59 49
59 53
59 54
59 55
59 56
59 57
59 58
59 60
59 61
59 62
59 63
59 64
60 35
60 37
60 41
60 42
60 44
60 45
60 46
60 54
60 55
60 56
60 57
60 58
60 59
60 61
60 62
60 63
60 64
61 35
61 56
61 57
61 58
61 59
61 60
61 62
61 63
61 64
62 57
62 58
62 59
62 60
62 61
62 63
62 64
62 65
63 58
63 59
63 60
63 61
63 62
63 64
63 65
63 66
64 59
64 60
64 61
64 62
64 63
64 65
64 66
64 67
65 62
65 63
65 64
65 66
65 67
65 68
65 69
66 63
66 64
66 65
66 67
66 68
66 69
67 64
67 65
67 66
67 68
67 69
67 70
68 65
68 66
68 67
68 69
68 70
68 71
69 65
69 66
69 67
69 68
69 70
69 71
69 72
70 67
70 68
70 69
70 71
70 72
70 73
71 68
71 69
71 70
71 72
71 73
72 69
72 70
72 71
72 73
72 74
73 70
73 71
73 72
73 74
73 75
74 72
74 73
74 75
74 76
75 73
75 74
75 76
75 77
76 74
76 75
76 77
76 78
77 75
77 76
77 78
77 79
78 76
78 77
78 79
78 80
79 77
79 78
79 80
79 81
80 78
80 79
80 81
80 82
80 83
81 79
81 80
81 82
81 83
82 80
82 81
82 83
82 84
83 80
83 81
83 82
83 84
83 85
84 82
84 83
84 85
84 86
84 87
85 83
85 84
85 86
85 87
85 88
86 84
86 85
86 87
86 88
86 89
87 84
87 85
87 86
87 88
87 89
87 90
88 85
88 86
88 87
88 89
88 90
88 91
89 86
89 87
89 88
89 90
89 91
89 92
90 87
90 88
90 89
90 91
90 92
91 88
91 89
91 90
91 92
91 93
91 94
92 89
92 90
92 91
92 93
92 94
93 91
93 92
93 94
93 95
94 91
94 92
94 93
94 95
94 96
95 93
95 94
95 96
95 97
96 94
96 95
96 97
96 98
96 99
97 95
97 96
97 98
97 99
97 100
98 96
98 97
98 99
98 100
98 101
99 96
99 97
99 98
99 100
99 101
99 102
100 97
100 98
100 99
100 101
100 102
100 103
101 98
101 99
101 100
101 102
101 103
101 104
102 99
102 100
102 101
102 103
102 104
102 105
103 100
103 101
103 102
103 104
103 105
103 106
104 101
104 102
104 103
104 105
104 106
104 107
105 102
105 103
105 104
105 106
105 107
105 108
106 103
106 104
106 105
106 107
106 108
106 109
107 104
107 105
107 106
107 108
107 109
107 110
108 105
108 106
108 107
108 109
108 110
108 111
108 112
108 186
108 187
109 106
109 107
109 108
109 110
109 111
109 112
109 113
109 359
110 107
110 108
110 109
110 111
110 112
110 113
110 187
110 214
110 215
110 358
110 359
110 360
110 361
111 108
111 109
111 110
111 112
111 113
111 215
111 328
111 357
111 358
111 359
111 360
111 361
112 108
112 109
112 110
112 111
112 113
112 114
112 145
112 328
112 329
112 330
112 331
112 356
112 357
112 358
112 359
112 360
113 109
113 110
113 111
113 112
113 114
113 115
113 144
113 145
113 146
113 187
113 188
113 214
113 215
113 328
113 329
113 330
113 331
113 355
113 356
113 357
113 358
113 359
114 112
114 113
114 115
114 116
114 142
114 143
114 144
114 145
114 146
114 147
114 330
114 331
114 332
114 354
114 355
114 356
114 357
114 358
114 359
115 113
115 114
115 116
115 117
115 142
115 143
115 144
115 145
115 146
115 147
115 148
115 182
115 183
115 257
115 259
115 333
115 353
115 354
115 355
115 356
115 357
116 114
116 115
116 117
116 118
116 138
116 139
116 142
116 143
116 144
116 145
116 146
116 147
116 148
116 149
116 181
116 182
116 259
116 260
116 317
116 333
116 334
116 335
116 336
116 352
116 353
116 354
116 355
116 356
117 115
117 116
117 118
117 119
117 120
117 146
117 147
117 148
117 149
117 150
117 181
117 223
117 258
117 259
117 260
117 261
117 315
117 316
117 317
117 335
117 336
117 351
117 352
117 353
117 354
117 355
118 116
118 117
118 119
118 120
118 121
118 135
118 147
118 148
118 149
118 150
118 151
118 179
118 259
118 260
118 261
118 295
118 315
118 316
118 335
118 336
118 337
118 348
118 350
118 351
118 352
118 353
118 354
119 117
119 118
119 120
119 121
119 122
119 148
119 149
119 150
119 151
119 152
119 179
119 224
119 225
119 260
119 261
119 295
119 296
119 314
119 315
119 347
119 348
119 349
119 350
119 351
119 352
119 353
120 117
120 118
120 119
120 121
120 122
120 123
120 124
120 128
120 131
120 132
120 135
120 149
120 150
120 151
120 152
120 153
120 156
120 179
120 337
120 347
120 348
120 349
120 350
120 351
120 352
121 118
121 119
121 120
121 122
121 123
121 124
121 125
121 128
121 131
121 132
121 149
121 150
121 151
121 152
121 153
121 177
121 303
121 347
121 348
121 349
121 350
122 119
122 120
122 121
122 123
122 124
122 125
122 126
122 128
122 129
122 131
122 132
122 150
122 151
122 152
122 153
122 154
122 155
122 156
122 157
122 177
122 178
122 347
122 348
123 120
123 121
123 122
123 124
123 125
123 126
123 128
123 151
123 152
123 153
123 156
123 176
123 177
124 120
124 121
124 122
124 123
124 125
124 126
124 127
124 128
124 131
124 151
124 303
124 304
124 348
124 349
125 121
125 122
125 123
125 124
125 126
125 127
125 128
125 129
125 131
126 122
126 123
126 124
126 125
126 127
126 128
126 129
126 130
126 131
126 303
126 343
126 345
127 124
127 125
127 126
127 128
127 129
127 130
127 131
127 132
127 133
127 341
127 342
127 343
127 344
127 345
127 346
127 347
128 120
128 121
128 122
128 123
128 124
128 125
128 126
128 127
128 129
128 130
128 131
128 132
128 133
128 134
128 155
128 156
128 347
128 348
129 122
129 125
129 126
129 127
129 128
129 130
129 131
129 132
129 133
129 134
129 155
129 156
129 159
129 347
130 126
130 127
130 128
130 129
130 131
130 132
130 133
130 134
130 135
130 136
130 341
130 342
130 343
130 345
130 346
130 347
131 120
131 121
131 122
131 124
131 125
131 126
131 127
131 128
131 129
131 130
131 132
131 133
131 134
131 135
131 136
131 137
131 156
131 337
131 340
131 341
131 342
131 343
131 345
131 346
131 347
131 348
132 120
132 121
132 122
132 127
132 128
132 129
132 130
132 131
132 133
132 134
132 135
132 136
132 137
132 155
132 156
132 157
132 159
132 160
132 163
132 347
132 348
133 127
133 128
133 129
133 130
133 131
133 132
133 134
133 135
133 136
133 137
133 138
133 139
133 156
133 159
133 160
133 163
133 341
133 347
134 128
134 129
134 130
134 131
134 132
134 133
134 135
134 136
134 137
134 138
134 139
134 140
134 337
134 339
134 340
134 341
134 342
134 346
134 347
134 348
135 118
135 120
135 130
135 131
135 132
135 133
135 134
135 136
135 137
135 138
135 139
135 140
135 141
135 160
135 336
135 337
135 346
135 347
135 348
135 352
136 130
136 131
136 132
136 133
136 134
136 135
136 137
136 138
136 139
136 140
136 141
136 143
136 159
136 160
136 162
136 163
136 164
136 347
137 131
137 132
137 133
137 134
137 135
137 136
137 138
137 139
137 140
137 141
137 142
137 143
137 163
137 164
137 337
138 116
138 133
138 134
138 135
138 136
138 137
138 139
138 140
138 141
138 142
138 143
138 144
138 336
138 337
138 347
138 352
139 116
139 133
139 134
139 135
139 136
139 137
139 138
139 140
139 141
139 142
139 143
139 144
139 147
139 160
139 163
139 164
139 336
140 134
140 135
140 136
140 137
140 138
140 139
140 141
140 142
140 143
140 144
140 163
140 164
140 166
141 135
141 136
141 137
141 138
141 139
141 140
141 142
141 143
141 144
142 114
142 115
142 116
142 137
142 138
142 139
142 140
142 141
142 143
142 144
142 145
142 336
142 354
143 114
143 115
143 116
143 136
143 137
143 138
143 139
143 140
143 141
143 142
143 144
143 145
143 146
143 147
143 164
143 166
143 167
143 184
144 113
144 114
144 115
144 116
144 138
144 139
144 140
144 141
144 142
144 143
144 145
144 146
144 147
144 167
144 182
144 183
144 184
144 354
144 355
144 356
145 112
145 113
145 114
145 115
145 116
145 142
145 143
145 144
145 146
145 147
145 167
145 182
145 183
145 184
145 185
145 186
145 187
145 188
145 214
145 356
146 113
146 114
146 115
146 116
146 117
146 143
146 144
146 145
146 147
146 148
146 149
146 167
146 168
146 169
146 181
146 182
146 183
146 184
146 185
146 187
146 188
146 221
146 355
147 114
147 115
147 116
147 117
147 118
147 139
147 143
147 144
147 145
147 146
147 148
147 149
147 167
147 169
147 180
147 181
147 182
147 183
147 184
147 221
147 223
147 259
147 260
147 353
147 354
148 115
148 116
148 117
148 118
148 119
148 146
148 147
148 149
148 150
148 169
148 170
148 179
148 180
148 181
148 182
148 183
148 208
148 221
148 222
148 223
148 224
148 258
148 259
148 260
148 261
148 352
148 353
149 116
149 117
149 118
149 119
149 120
149 121
149 146
149 147
149 148
149 150
149 151
149 152
149 171
149 178
149 179
149 180
149 181
149 182
149 223
149 224
149 225
149 259
149 260
149 261
149 352
150 117
150 118
150 119
150 120
150 121
150 122
150 148
150 149
150 151
150 152
150 153
150 171
150 172
150 177
150 178
150 179
150 180
150 181
150 223
150 224
150 225
150 226
150 259
150 260
150 261
150 315
151 118
151 119
151 120
151 121
151 122
151 123
151 124
151 149
151 150
151 152
151 153
151 156
151 176
151 177
151 178
151 179
151 180
151 224
151 225
151 261
152 119
152 120
152 121
152 122
152 123
152 149
152 150
152 151
152 153
152 154
152 155
152 156
152 157
152 158
152 160
152 171
152 172
152 173
152 174
152 175
152 176
152 177
152 178
152 179
152 180
153 120
153 121
153 122
153 123
153 150
153 151
153 152
153 154
153 155
153 156
153 157
153 158
153 159
153 173
153 174
153 175
153 176
153 177
153 178
153 179
153 180
154 122
154 152
154 153
154 155
154 156
154 157
154 158
154 159
154 160
154 173
154 174
154 175
154 176
154 177
154 178
155 122
155 128
155 129
155 132
155 152
155 153
155 154
155 156
155 157
155 158
155 159
155 160
156 120
156 122
156 123
156 128
156 129
156 131
156 132
156 133
156 151
156 152
156 153
156 154
156 155
156 157
156 158
156 159
156 160
156 161
156 162
156 177
157 122
157 132
157 152
157 153
157 154
157 155
157 156
157 158
157 159
157 160
157 161
157 162
157 163
157 169
157 171
157 174
157 177
157 178
157 180
158 152
158 153
158 154
158 155
158 156
158 157
158 159
158 160
158 161
158 162
158 163
159 129
159 132
159 133
159 136
159 153
159 154
159 155
159 156
159 157
159 158
159 160
159 161
159 162
159 163
159 164
160 132
160 133
160 135
160 136
160 139
160 152
160 154
160 155
160 156
160 157
160 158
160 159
160 161
160 162
160 163
160 164
160 165
160 167
160 169
160 182
161 156
161 157
161 158
161 159
161 160
161 162
161 163
161 164
161 165
161 166
161 167
161 168
161 169
161 182
162 136
162 156
162 157
162 158
162 159
162 160
162 161
162 163
162 164
162 165
162 166
163 132
163 133
163 136
163 137
163 139
163 140
163 157
163 158
163 159
163 160
163 161
163 162
163 164
163 165
163 166
163 167
164 136
164 137
164 139
164 140
164 143
164 159
164 160
164 161
164 162
164 163
164 165
164 166
164 167
164 168
164 169
164 182
164 184
165 160
165 161
165 162
165 163
165 164
165 166
165 167
165 168
165 169
165 184
165 185
166 140
166 143
166 161
166 162
166 163
166 164
166 165
166 167
166 168
166 169
166 182
166 183
166 184
166 185
166 186
167 143
167 144
167 145
167 146
167 147
167 160
167 161
167 163
167 164
167 165
167 166
167 168
167 169
167 170
167 181
167 182
167 183
167 184
167 185
167 186
167 187
167 188
168 146
168 161
168 164
168 165
168 166
168 167
168 169
168 170
168 181
168 182
168 183
168 184
168 185
168 188
168 189
168 190
169 146
169 147
169 148
169 157
169 160
169 161
169 164
169 165
169 166
169 167
169 168
169 170
169 171
169 180
169 181
169 182
169 183
169 184
169 185
170 148
170 167
170 168
170 169
170 171
170 172
170 173
170 179
170 180
170 181
170 182
170 183
170 190
170 193
170 208
170 209
170 210
171 149
171 150
171 152
171 157
171 169
171 170
171 172
171 173
171 174
171 178
171 179
171 180
171 181
171 182
171 193
171 195
171 208
171 209
172 150
172 152
172 170
172 171
172 173
172 174
172 175
172 177
172 178
172 179
172 180
172 181
172 193
172 194
172 195
172 196
172 197
172 204
172 205
172 206
172 207
172 208
172 209
172 223
172 224
173 152
173 153
173 154
173 170
173 171
173 172
173 174
173 175
173 176
173 177
173 178
173 179
173 180
173 195
173 204
173 205
173 206
173 208
174 152
174 153
174 154
174 157
174 171
174 172
174 173
174 175
174 176
174 177
174 178
174 179
175 152
175 153
175 154
175 172
175 173
175 174
175 176
175 177
175 178
176 123
176 151
176 152
176 153
176 154
176 173
176 174
176 175
176 177
176 178
176 203
176 204
177 121
177 122
177 123
177 150
177 151
177 152
177 153
177 154
177 156
177 157
177 172
177 173
177 174
177 175
177 176
177 178
177 179
177 180
177 203
177 204
177 205
178 122
178 149
178 150
178 151
178 152
178 153
178 154
178 157
178 171
178 172
178 173
178 174
178 175
178 176
178 177
178 179
178 180
178 203
178 204
178 205
178 206
178 208
178 224
178 225
179 118
179 119
179 120
179 148
179 149
179 150
179 151
179 152
179 153
179 170
179 171
179 172
179 173
179 174
179 177
179 178
179 180
179 181
179 205
179 206
179 207
179 208
179 223
179 224
179 225
179 260
179 261
180 147
180 148
180 149
180 150
180 151
180 152
180 153
180 157
180 169
180 170
180 171
180 172
180 173
180 177
180 178
180 179
180 181
180 182
180 183
180 208
180 209
180 222
180 223
180 224
181 116
181 117
181 146
181 147
181 148
181 149
181 150
181 167
181 168
181 169
181 170
181 171
181 172
181 179
181 180
181 182
181 183
181 208
181 209
181 210
181 221
181 222
181 223
181 259
182 115
182 116
182 144
182 145
182 146
182 147
182 148
182 149
182 160
182 161
182 164
182 166
182 167
182 168
182 169
182 170
182 171
182 180
182 181
182 183
182 184
182 185
182 188
182 210
183 115
183 144
183 145
183 146
183 147
183 148
183 166
183 167
183 168
183 169
183 170
183 180
183 181
183 182
183 184
183 185
183 186
183 187
183 188
183 189
183 190
183 210
183 212
183 221
184 143
184 144
184 145
184 146
184 147
184 164
184 165
184 166
184 167
184 168
184 169
184 182
184 183
184 185
184 186
184 187
184 188
184 189
184 190
185 145
185 146
185 165
185 166
185 167
185 168
185 169
185 182
185 183
185 184
185 186
185 187
185 188
185 189
185 190
186 108
186 145
186 166
186 167
186 183
186 184
186 185
186 187
186 188
186 189
186 214
187 108
187 110
187 113
187 145
187 146
187 167
187 183
187 184
187 185
187 186
187 188
187 189
187 190
187 213
187 214
187 215
188 113
188 145
188 146
188 167
188 168
188 182
188 183
188 184
188 185
188 186
188 187
188 189
188 190
188 191
188 211
188 212
188 213
188 214
188 215
188 216
188 219
189 168
189 183
189 184
189 185
189 186
189 187
189 188
189 190
189 191
189 192
189 211
189 212
189 213
189 214
189 215
189 216
189 218
189 219
190 168
190 170
190 183
190 184
190 185
190 187
190 188
190 189
190 191
190 192
190 193
190 210
190 211
190 212
190 213
190 214
190 219
191 188
191 189
191 190
191 192
191 193
191 210
191 211
191 212
191 213
191 218
191 219
191 220
192 189
192 190
192 191
192 193
192 194
192 209
192 210
192 211
192 212
192 220
193 170
193 171
193 172
193 190
193 191
193 192
193 194
193 195
193 208
193 209
193 210
193 211
193 212
193 220
193 221
193 222
194 172
194 192
194 193
194 195
194 196
194 197
194 207
194 208
194 209
194 210
194 211
194 222
195 171
195 172
195 173
195 193
195 194
195 196
195 197
195 198
195 206
195 207
195 208
195 209
195 210
195 222
195 223
195 224
196 172
196 194
196 195
196 197
196 198
196 199
196 205
196 206
196 207
196 208
196 209
196 224
196 242
196 243
196 246
197 172
197 194
197 195
197 196
197 198
197 199
197 200
197 201
197 204
197 205
197 206
197 207
197 208
197 239
197 242
198 195
198 196
198 197
198 199
198 200
198 201
198 202
198 203
198 204
198 205
198 206
198 207
198 226
198 227
198 235
198 236
198 238
198 239
198 242
198 243
199 196
199 197
199 198
199 200
199 201
199 202
199 204
199 205
199 206
199 235
199 239
200 197
200 198
200 199
200 201
200 202
200 203
200 204
200 205
200 227
200 235
200 236
200 238
200 239
201 197
201 198
201 199
201 200
201 202
201 203
201 204
201 205
201 206
201 226
201 227
201 228
201 232
201 235
201 236
201 238
201 239
202 198
202 199
202 200
202 201
202 203
202 204
202 205
202 227
202 228
202 232
202 235
203 176
203 177
203 178
203 198
203 200
203 201
203 202
203 204
203 205
203 206
203 225
203 226
203 227
203 228
204 172
204 173
204 176
204 177
204 178
204 197
204 198
204 199
204 200
204 201
204 202
204 203
204 205
204 206
204 225
204 226
204 227
205 172
205 173
205 177
205 178
205 179
205 196
205 197
205 198
205 199
205 200
205 201
205 202
205 203
205 204
205 206
205 207
205 208
205 224
205 225
205 226
205 227
205 228
205 236
205 239
206 172
206 173
206 178
206 179
206 195
206 196
206 197
206 198
206 199
206 201
206 203
206 204
206 205
206 207
206 208
206 209
206 223
206 224
206 225
206 226
206 227
206 239
206 243
207 172
207 179
207 194
207 195
207 196
207 197
207 198
207 205
207 206
207 208
207 209
207 210
207 222
207 223
207 224
207 225
207 226
207 239
207 240
207 242
207 243
207 246
207 258
208 148
208 170
208 171
208 172
208 173
208 178
208 179
208 180
208 181
208 193
208 194
208 195
208 196
208 197
208 205
208 206
208 207
208 209
208 210
208 221
208 222
208 223
208 224
208 225
208 243
208 258
209 170
209 171
209 172
209 180
209 181
209 192
209 193
209 194
209 195
209 196
209 206
209 207
209 208
209 210
209 211
209 212
209 220
209 221
209 222
209 223
209 224
209 243
209 246
209 247
209 256
209 257
209 258
210 170
210 181
210 182
210 183
210 190
210 191
210 192
210 193
210 194
210 195
210 207
210 208
210 209
210 211
210 212
210 219
210 220
210 221
210 222
210 223
211 188
211 189
211 190
211 191
211 192
211 193
211 194
211 209
211 210
211 212
211 213
211 218
211 219
211 220
211 221
211 222
211 250
211 254
211 256
212 183
212 188
212 189
212 190
212 191
212 192
212 193
212 209
212 210
212 211
212 213
212 214
212 216
212 217
212 218
212 219
212 220
212 221
212 254
213 187
213 188
213 189
213 190
213 191
213 211
213 212
213 214
213 215
213 216
213 217
213 218
213 219
213 220
213 254
214 110
214 113
214 145
214 186
214 187
214 188
214 189
214 190
214 212
214 213
214 215
214 216
214 217
214 218
214 219
214 359
215 110
215 111
215 113
215 187
215 188
215 189
215 213
215 214
215 216
215 217
215 218
215 359
215 361
216 188
216 189
216 212
216 213
216 214
216 215
216 217
216 218
216 219
216 326
216 361
217 212
217 213
217 214
217 215
217 216
217 218
217 219
217 253
217 254
217 255
217 322
217 325
217 326
217 327
217 328
217 359
217 360
217 361
218 189
218 191
218 211
218 212
218 213
218 214
218 215
218 216
218 217
218 219
218 220
218 221
218 251
218 252
218 253
218 254
218 255
218 256
218 322
218 326
219 188
219 189
219 190
219 191
219 210
219 211
219 212
219 213
219 214
219 216
219 217
219 218
219 220
219 221
219 222
219 250
219 251
219 253
219 254
219 255
219 256
219 257
219 320
219 321
219 322
219 328
220 191
220 192
220 193
220 209
220 210
220 211
220 212
220 213
220 218
220 219
220 221
220 222
220 247
220 250
220 251
220 254
220 255
220 256
220 257
220 258
220 320
221 146
221 147
221 148
221 181
221 183
221 193
221 208
221 209
221 210
221 211
221 212
221 218
221 219
221 220
221 222
221 223
221 247
221 255
221 256
221 257
221 258
221 259
221 319
222 148
222 180
222 181
222 193
222 194
222 195
222 207
222 208
222 209
222 210
222 211
222 219
222 220
222 221
222 223
222 224
222 243
222 246
222 247
222 256
222 257
222 258
222 259
222 260
222 317
222 318
223 117
223 147
223 148
223 149
223 150
223 172
223 179
223 180
223 181
223 195
223 206
223 207
223 208
223 209
223 210
223 221
223 222
223 224
223 225
223 226
223 243
223 257
223 258
223 259
223 260
223 261
223 262
223 317
224 119
224 148
224 149
224 150
224 151
224 172
224 178
224 179
224 180
224 195
224 196
224 205
224 206
224 207
224 208
224 209
224 222
224 223
224 225
224 226
224 227
224 239
224 240
224 243
224 258
224 259
224 260
224 261
224 262
225 119
225 149
225 150
225 151
225 178
225 179
225 203
225 204
225 205
225 206
225 207
225 208
225 223
225 224
225 226
225 227
225 228
225 236
225 239
225 259
225 260
225 261
225 262
225 263
225 314
225 315
226 150
226 198
226 201
226 203
226 204
226 205
226 206
226 207
226 223
226 224
226 225
226 227
226 228
226 229
226 232
226 233
226 235
226 236
226 237
226 238
226 239
226 240
226 243
226 260
226 261
226 262
226 263
226 264
226 314
227 198
227 200
227 201
227 202
227 203
227 204
227 205
227 206
227 224
227 225
227 226
227 228
227 229
227 230
227 231
227 232
227 233
227 234
227 235
227 236
227 237
227 238
227 239
227 240
227 261
227 262
227 263
227 264
228 201
228 202
228 203
228 205
228 225
228 226
228 227
228 229
228 230
228 231
228 232
228 233
228 235
228 236
228 261
228 262
228 263
228 264
228 314
229 226
229 227
229 228
229 230
229 231
229 232
229 233
229 236
229 263
229 264
230 227
230 228
230 229
230 231
230 232
230 233
230 234
230 236
230 263
230 264
230 265
231 227
231 228
231 229
231 230
231 232
231 233
231 234
231 235
231 236
232 201
232 202
232 226
232 227
232 228
232 229
232 230
232 231
232 233
232 234
232 235
232 236
232 237
232 263
233 226
233 227
233 228
233 229
233 230
233 231
233 232
233 234
233 235
233 236
233 237
233 238
233 239
233 263
233 264
233 265
233 268
234 227
234 230
234 231
234 232
234 233
234 235
234 236
234 237
234 238
234 239
234 240
234 268
235 198
235 199
235 200
235 201
235 202
235 226
235 227
235 228
235 231
235 232
235 233
235 234
235 236
235 237
235 238
235 239
235 240
235 241
236 198
236 200
236 201
236 205
236 225
236 226
236 227
236 228
236 229
236 230
236 231
236 232
236 233
236 234
236 235
236 237
236 238
236 239
236 240
236 241
236 242
236 262
236 263
236 264
236 268
237 226
237 227
237 232
237 233
237 234
237 235
237 236
237 238
237 239
237 240
237 241
237 242
237 243
237 262
237 263
237 264
237 268
237 269
237 271
237 272
238 198
238 200
238 201
238 226
238 227
238 233
238 234
238 235
238 236
238 237
238 239
238 240
238 241
238 242
238 243
238 272
239 197
239 198
239 199
239 200
239 201
239 205
239 206
239 207
239 224
239 225
239 226
239 227
239 233
239 234
239 235
239 236
239 237
239 238
239 240
239 241
239 242
239 243
239 244
239 245
239 262
240 207
240 224
240 226
240 227
240 234
240 235
240 236
240 237
240 238
240 239
240 241
240 242
240 243
240 244
240 245
240 246
240 262
240 264
240 268
240 269
240 272
240 275
241 235
241 236
241 237
241 238
241 239
241 240
241 242
241 243
241 244
241 245
241 246
241 247
241 269
241 272
241 273
241 275
242 196
242 197
242 198
242 207
242 236
242 237
242 238
242 239
242 240
242 241
242 243
242 244
242 245
242 246
242 247
242 248
243 196
243 198
243 206
243 207
243 208
243 209
243 222
243 223
243 224
243 226
243 237
243 238
243 239
243 240
243 241
243 242
243 244
243 245
243 246
243 247
243 248
243 249
243 258
243 318
244 239
244 240
244 241
244 242
244 243
244 245
244 246
244 247
244 248
244 249
244 258
244 275
244 276
244 279
244 318
244 320
245 239
245 240
245 241
245 242
245 243
245 244
245 246
245 247
245 248
245 249
245 250
245 276
246 196
246 207
246 209
246 222
246 240
246 241
246 242
246 243
246 244
246 245
246 247
246 248
246 249
246 250
246 256
246 258
247 209
247 220
247 221
247 222
247 241
247 242
247 243
247 244
247 245
247 246
247 248
247 249
247 250
247 251
247 255
247 256
247 257
247 258
247 276
247 278
247 279
247 318
247 319
247 320
248 242
248 243
248 244
248 245
248 246
248 247
248 249
248 250
248 251
248 252
248 256
248 276
248 278
248 279
248 320
249 243
249 244
249 245
249 246
249 247
249 248
249 250
249 251
249 252
250 211
250 219
250 220
250 245
250 246
250 247
250 248
250 249
250 251
250 252
250 253
250 254
250 255
250 256
250 320
250 322
251 218
251 219
251 220
251 247
251 248
251 249
251 250
251 252
251 253
251 254
251 255
251 256
251 322
251 323
252 218
252 248
252 249
252 250
252 251
252 253
252 254
252 255
252 256
252 320
252 321
252 322
252 323
252 324
253 217
253 218
253 219
253 250
253 251
253 252
253 254
253 255
253 256
253 321
253 322
253 323
253 324
253 325
253 326
254 211
254 212
254 213
254 217
254 218
254 219
254 220
254 250
254 251
254 252
254 253
254 255
254 256
254 257
254 320
254 321
254 322
254 323
254 324
254 325
254 326
255 217
255 218
255 219
255 220
255 221
255 247
255 250
255 251
255 252
255 253
255 254
255 256
255 257
255 319
255 320
255 321
255 322
255 323
255 325
255 326
255 327
255 328
256 209
256 211
256 218
256 219
256 220
256 221
256 222
256 246
256 247
256 248
256 250
256 251
256 252
256 253
256 254
256 255
256 257
256 258
256 259
256 279
256 318
256 319
256 320
256 321
256 322
256 328
257 115
257 209
257 219
257 220
257 221
257 222
257 223
257 247
257 254
257 255
257 256
257 258
257 259
257 279
257 280
257 282
257 317
257 318
257 319
257 320
257 321
258 117
258 148
258 207
258 208
258 209
258 220
258 221
258 222
258 223
258 224
258 243
258 244
258 246
258 247
258 256
258 257
258 259
258 260
258 262
258 279
258 281
258 316
258 317
258 318
258 319
258 320
259 115
259 116
259 117
259 118
259 147
259 148
259 149
259 150
259 181
259 221
259 222
259 223
259 224
259 225
259 256
259 257
259 258
259 260
259 261
259 262
259 281
259 282
259 315
259 316
259 317
259 318
259 319
259 353
259 355
260 116
260 117
260 118
260 119
260 147
260 148
260 149
260 150
260 179
260 222
260 223
260 224
260 225
260 226
260 258
260 259
260 261
260 262
260 263
260 314
260 315
260 316
260 317
260 318
260 352
260 353
261 117
261 118
261 119
261 148
261 149
261 150
261 151
261 179
261 223
261 224
261 225
261 226
261 227
261 228
261 259
261 260
261 262
261 263
261 264
261 295
261 296
261 313
261 314
261 315
261 316
261 317
261 350
261 352
262 223
262 224
262 225
262 226
262 227
262 228
262 236
262 237
262 239
262 240
262 258
262 259
262 260
262 261
262 263
262 264
262 265
262 313
262 314
262 315
262 316
262 317
263 225
263 226
263 227
263 228
263 229
263 230
263 232
263 233
263 236
263 237
263 260
263 261
263 262
263 264
263 265
263 268
263 296
263 312
263 313
263 314
263 315
263 316
264 226
264 227
264 228
264 229
264 230
264 233
264 236
264 237
264 240
264 261
264 262
264 263
264 265
264 266
264 267
264 268
264 269
264 312
264 313
264 314
264 315
264 316
265 230
265 233
265 262
265 263
265 264
265 266
265 267
265 268
265 269
265 270
265 312
265 313
265 314
266 264
266 265
266 267
266 268
266 269
266 270
266 271
266 274
266 312
266 313
266 314
267 264
267 265
267 266
267 268
267 269
267 270
267 271
267 272
267 273
267 274
268 233
268 234
268 236
268 237
268 240
268 263
268 264
268 265
268 266
268 267
268 269
268 270
268 271
268 272
268 273
268 274
269 237
269 240
269 241
269 264
269 265
269 266
269 267
269 268
269 270
269 271
269 272
269 273
269 274
269 275
270 265
270 266
270 267
270 268
270 269
270 271
270 272
270 273
270 274
270 275
271 237
271 266
271 267
271 268
271 269
271 270
271 272
271 273
271 274
272 237
272 238
272 240
272 241
272 267
272 268
272 269
272 270
272 271
272 273
272 274
272 275
273 241
273 267
273 268
273 269
273 270
273 271
273 272
273 274
273 275
273 276
274 266
274 267
274 268
274 269
274 270
274 271
274 272
274 273
274 275
274 276
274 277
274 279
274 280
275 240
275 241
275 244
275 269
275 270
275 272
275 273
275 274
275 276
275 277
275 278
275 279
275 280
275 281
275 318
276 244
276 245
276 247
276 248
276 273
276 274
276 275
276 277
276 278
276 279
276 280
276 320
277 274
277 275
277 276
277 278
277 279
277 280
277 320
278 247
278 248
278 275
278 276
278 277
278 279
278 280
278 319
278 320
278 321
278 322
278 323
279 244
279 247
279 248
279 256
279 257
279 258
279 274
279 275
279 276
279 277
279 278
279 280
279 281
279 282
279 318
279 319
279 320
279 321
280 257
280 274
280 275
280 276
280 277
280 278
280 279
280 281
280 282
280 283
280 284
280 285
280 317
280 318
280 319
280 320
280 321
281 258
281 259
281 275
281 279
281 280
281 282
281 283
281 284
281 285
281 286
281 288
281 316
281 317
281 318
281 319
281 320
282 257
282 259
282 279
282 280
282 281
282 283
282 284
282 285
282 286
282 287
282 288
282 316
282 317
282 318
282 319
282 320
282 329
282 330
282 331
282 332
282 333
282 355
283 280
283 281
283 282
283 284
283 285
283 286
283 287
283 288
283 289
283 290
283 292
283 293
283 313
283 316
283 317
283 318
283 330
283 332
283 333
283 334
283 355
284 280
284 281
284 282
284 283
284 285
284 286
284 287
284 288
284 289
284 293
284 317
284 318
285 280
285 281
285 282
285 283
285 284
285 286
285 287
285 288
285 289
285 318
285 319
285 329
285 330
285 331
286 281
286 282
286 283
286 284
286 285
286 287
286 288
286 289
286 330
286 331
286 332
286 333
287 282
287 283
287 284
287 285
287 286
287 288
287 289
287 290
288 281
288 282
288 283
288 284
288 285
288 286
288 287
288 289
288 290
288 291
288 292
288 293
288 333
289 283
289 284
289 285
289 286
289 287
289 288
289 290
289 291
289 292
289 293
289 332
289 333
289 334
290 283
290 287
290 288
290 289
290 291
290 292
290 293
290 294
291 288
291 289
291 290
291 292
291 293
291 294
291 295
291 333
291 334
291 335
292 283
292 288
292 289
292 290
292 291
292 293
292 294
292 295
292 313
292 333
292 334
292 335
292 336
292 351
292 352
292 353
292 354
293 283
293 284
293 288
293 289
293 290
293 291
293 292
293 294
293 295
293 296
293 311
293 312
293 313
293 314
293 315
293 316
293 333
293 334
293 335
294 290
294 291
294 292
294 293
294 295
294 296
294 297
294 310
294 311
294 312
294 313
294 314
294 315
294 335
294 350
294 351
295 118
295 119
295 261
295 291
295 292
295 293
295 294
295 296
295 297
295 301
295 311
295 312
295 313
295 314
295 315
295 316
295 335
295 336
295 349
295 350
295 351
295 352
295 353
296 119
296 261
296 263
296 293
296 294
296 295
296 297
296 298
296 299
296 300
296 301
296 310
296 311
296 312
296 313
296 314
296 315
296 348
296 349
296 350
296 351
296 352
297 294
297 295
297 296
297 298
297 299
297 300
297 301
297 302
297 306
297 309
297 310
297 311
297 312
297 313
297 314
297 349
297 350
297 351
298 296
298 297
298 299
298 300
298 301
298 302
298 303
298 304
298 305
298 306
298 307
298 308
298 309
298 310
298 311
298 312
298 349
298 350
299 40
299 296
299 297
299 298
299 300
299 301
299 302
299 305
299 306
299 307
299 308
299 309
299 310
299 311
300 40
300 296
300 297
300 298
300 299
300 301
300 302
300 303
300 309
300 310
300 311
300 338
300 346
300 349
301 295
301 296
301 297
301 298
301 299
301 300
301 302
301 303
301 304
301 305
301 306
301 309
301 311
301 338
301 339
301 340
301 345
301 346
301 347
301 348
301 349
301 350
301 351
302 297
302 298
302 299
302 300
302 301
302 303
302 304
302 305
302 306
302 307
302 340
302 344
302 345
302 346
302 348
302 349
303 121
303 124
303 126
303 298
303 300
303 301
303 302
303 304
303 305
303 306
303 340
303 344
303 345
303 346
303 347
303 348
303 349
303 350
304 124
304 298
304 301
304 302
304 303
304 305
304 306
304 307
304 345
304 348
304 349
305 298
305 299
305 301
305 302
305 303
305 304
305 306
305 307
305 308
305 349
306 297
306 298
306 299
306 301
306 302
306 303
306 304
306 305
306 307
306 308
306 309
306 310
307 298
307 299
307 302
307 304
307 305
307 306
307 308
307 309
307 310
308 298
308 299
308 305
308 306
308 307
308 309
308 310
308 311
309 297
309 298
309 299
309 300
309 301
309 306
309 307
309 308
309 310
309 311
310 294
310 296
310 297
310 298
310 299
310 300
310 306
310 307
310 308
310 309
310 311
310 312
311 293
311 294
311 295
311 296
311 297
311 298
311 299
311 300
311 301
311 308
311 309
311 310
311 312
311 313
311 314
312 263
312 264
312 265
312 266
312 293
312 294
312 295
312 296
312 297
312 298
312 310
312 311
312 313
312 314
312 315
312 350
313 261
313 262
313 263
313 264
313 265
313 266
313 283
313 292
313 293
313 294
313 295
313 296
313 297
313 311
313 312
313 314
313 315
313 316
313 350
314 119
314 225
314 226
314 228
314 260
314 261
314 262
314 263
314 264
314 265
314 266
314 293
314 294
314 295
314 296
314 297
314 311
314 312
314 313
314 315
314 316
314 317
314 350
314 351
315 117
315 118
315 119
315 150
315 225
315 259
315 260
315 261
315 262
315 263
315 264
315 293
315 294
315 295
315 296
315 312
315 313
315 314
315 316
315 317
315 350
315 351
315 352
315 353
316 117
316 118
316 258
316 259
316 260
316 261
316 262
316 263
316 264
316 281
316 282
316 283
316 293
316 295
316 313
316 314
316 315
316 317
316 318
316 319
316 353
317 116
317 117
317 222
317 223
317 257
317 258
317 259
317 260
317 261
317 262
317 280
317 281
317 282
317 283
317 284
317 314
317 315
317 316
317 318
317 319
317 333
317 353
317 355
318 222
318 243
318 244
318 247
318 256
318 257
318 258
318 259
318 260
318 275
318 279
318 280
318 281
318 282
318 283
318 284
318 285
318 316
318 317
318 319
318 320
319 221
319 247
319 255
319 256
319 257
319 258
319 259
319 278
319 279
319 280
319 281
319 282
319 285
319 316
319 317
319 318
319 320
319 321
319 322
319 328
319 329
319 330
320 219
320 220
320 244
320 247
320 248
320 250
320 252
320 254
320 255
320 256
320 257
320 258
320 276
320 277
320 278
320 279
320 280
320 281
320 282
320 318
320 319
320 321
320 322
320 323
320 328
321 219
321 252
321 253
321 254
321 255
321 256
321 257
321 278
321 279
321 280
321 319
321 320
321 322
321 323
321 324
321 325
321 326
321 327
321 328
321 329
322 217
322 218
322 219
322 250
322 251
322 252
322 253
322 254
322 255
322 256
322 278
322 319
322 320
322 321
322 323
322 324
322 325
322 326
322 327
322 328
323 251
323 252
323 253
323 254
323 255
323 278
323 320
323 321
323 322
323 324
323 325
323 326
323 327
324 252
324 253
324 254
324 321
324 322
324 323
324 325
324 326
324 327
325 217
325 253
325 254
325 255
325 321
325 322
325 323
325 324
325 326
325 327
325 328
325 360
325 361
326 216
326 217
326 218
326 253
326 254
326 255
326 321
326 322
326 323
326 324
326 325
326 327
326 328
326 329
326 359
326 360
326 361
327 217
327 255
327 321
327 322
327 323
327 324
327 325
327 326
327 328
327 329
327 330
327 357
327 358
327 359
327 360
327 361
328 111
328 112
328 113
328 217
328 219
328 255
328 256
328 319
328 320
328 321
328 322
328 325
328 326
328 327
328 329
328 330
328 331
328 356
328 357
328 358
328 359
328 360
328 361
329 112
329 113
329 282
329 285
329 319
329 321
329 326
329 327
329 328
329 330
329 331
329 332
329 356
329 357
329 358
329 359
329 360
330 112
330 113
330 114
330 282
330 283
330 285
330 286
330 319
330 327
330 328
330 329
330 331
330 332
330 333
330 355
330 356
330 357
330 358
330 359
331 112
331 113
331 114
331 282
331 285
331 286
331 328
331 329
331 330
331 332
331 333
331 355
331 356
331 357
331 358
332 114
332 282
332 283
332 286
332 289
332 329
332 330
332 331
332 333
332 334
332 354
332 355
332 356
332 357
332 358
333 115
333 116
333 282
333 283
333 286
333 288
333 289
333 291
333 292
333 293
333 317
333 330
333 331
333 332
333 334
333 335
333 336
333 353
333 354
333 355
333 356
333 357
334 116
334 283
334 289
334 291
334 292
334 293
334 332
334 333
334 335
334 336
334 351
334 352
334 353
334 354
334 355
334 356
335 116
335 117
335 118
335 291
335 292
335 293
335 294
335 295
335 333
335 334
335 336
335 337
335 338
335 350
335 351
335 352
335 353
335 354
335 355
336 116
336 117
336 118
336 135
336 138
336 139
336 142
336 292
336 295
336 333
336 334
336 335
336 337
336 338
336 339
336 347
336 350
336 351
336 352
336 353
336 354
337 118
337 120
337 131
337 134
337 135
337 137
337 138
337 335
337 336
337 338
337 339
337 340
337 341
337 346
337 347
337 348
337 349
337 350
337 351
337 352
337 353
338 300
338 301
338 335
338 336
338 337
338 339
338 340
338 341
338 346
338 347
338 348
338 349
338 350
338 351
338 352
339 134
339 301
339 336
339 337
339 338
339 340
339 341
339 342
339 344
339 345
339 346
339 347
339 351
340 131
340 134
340 301
340 302
340 303
340 337
340 338
340 339
340 341
340 342
340 343
340 344
340 345
340 346
340 347
340 348
341 127
341 130
341 131
341 133
341 134
341 337
341 338
341 339
341 340
341 342
341 343
341 344
341 345
341 346
341 347
342 127
342 130
342 131
342 134
342 339
342 340
342 341
342 343
342 344
342 345
342 346
343 126
343 127
343 130
343 131
343 340
343 341
343 342
343 344
343 345
343 346
344 127
344 302
344 303
344 339
344 340
344 341
344 342
344 343
344 345
344 346
344 347
345 126
345 127
345 130
345 131
345 301
345 302
345 303
345 304
345 339
345 340
345 341
345 342
345 343
345 344
345 346
345 347
345 348
345 349
346 127
346 130
346 131
346 134
346 135
346 300
346 301
346 302
346 303
346 337
346 338
346 339
346 340
346 341
346 342
346 343
346 344
346 345
346 347
346 348
346 349
346 350
346 351
347 119
347 120
347 121
347 122
347 127
347 128
347 129
347 130
347 131
347 132
347 133
347 134
347 135
347 136
347 138
347 301
347 303
347 336
347 337
347 338
347 339
347 340
347 341
347 344
347 345
347 346
347 348
347 349
347 350
347 351
347 352
348 118
348 119
348 120
348 121
348 122
348 124
348 128
348 131
348 132
348 134
348 135
348 296
348 301
348 302
348 303
348 304
348 337
348 338
348 340
348 345
348 346
348 347
348 349
348 350
348 351
348 352
349 119
349 120
349 121
349 124
349 295
349 296
349 297
349 298
349 300
349 301
349 302
349 303
349 304
349 305
349 337
349 338
349 345
349 346
349 347
349 348
349 350
349 351
349 352
350 118
350 119
350 120
350 121
350 261
350 294
350 295
350 296
350 297
350 298
350 301
350 303
350 312
350 313
350 314
350 315
350 335
350 336
350 337
350 338
350 346
350 347
350 348
350 349
350 351
350 352
350 353
351 117
351 118
351 119
351 120
351 292
351 294
351 295
351 296
351 297
351 301
351 314
351 315
351 334
351 335
351 336
351 337
351 338
351 339
351 346
351 347
351 348
351 349
351 350
351 352
351 353
351 354
352 116
352 117
352 118
352 119
352 120
352 135
352 138
352 148
352 149
352 260
352 261
352 292
352 295
352 296
352 315
352 334
352 335
352 336
352 337
352 338
352 347
352 348
352 349
352 350
352 351
352 353
352 354
352 355
353 115
353 116
353 117
353 118
353 119
353 147
353 148
353 259
353 260
353 292
353 295
353 315
353 316
353 317
353 333
353 334
353 335
353 336
353 337
353 350
353 351
353 352
353 354
353 355
353 356
354 114
354 115
354 116
354 117
354 118
354 142
354 144
354 147
354 292
354 332
354 333
354 334
354 335
354 336
354 351
354 352
354 353
354 355
354 356
355 113
355 114
355 115
355 116
355 117
355 144
355 146
355 259
355 282
355 283
355 317
355 330
355 331
355 332
355 333
355 334
355 335
355 352
355 353
355 354
355 356
355 357
356 112
356 113
356 114
356 115
356 116
356 144
356 145
356 328
356 329
356 330
356 331
356 332
356 333
356 334
356 353
356 354
356 355
356 357
356 358
356 359
357 111
357 112
357 113
357 114
357 115
357 327
357 328
357 329
357 330
357 331
357 332
357 333
357 355
357 356
357 358
357 359
357 360
358 110
358 111
358 112
358 113
358 114
358 327
358 328
358 329
358 330
358 331
358 332
358 356
358 357
358 359
358 360
358 361
359 109
359 110
359 111
359 112
359 113
359 114
359 214
359 215
359 217
359 326
359 327
359 328
359 329
359 330
359 356
359 357
359 358
359 360
359 361
360 110
360 111
360 112
360 217
360 325
360 326
360 327
360 328
360 329
360 357
360 358
360 359
360 361
361 110
361 111
361 215
361 216
361 217
361 325
361 326
361 327
361 328
361 358
361 359
361 360
