0 1
0 2
0 3
1 0
1 2
1 3
1 4
2 0
2 1
2 3
2 4
2 5
3 0
3 1
3 2
3 4
3 5
3 6
4 1
4 2
4 3
4 5
4 6
4 7
5 2
5 3
5 4
5 6
5 7
5 8
5 9
6 3
6 4
6 5
6 7
6 8
6 9
6 12
7 4
7 5
7 6
7 8
7 9
7 10
7 11
7 12
7 13
8 5
8 6
8 7
8 9
8 10
8 11
8 12
8 13
9 5
9 6
9 7
9 8
9 10
9 11
9 12
9 13
9 14
10 7
10 8
10 9
10 11
10 12
10 13
10 14
10 15
10 16
11 7
11 8
11 9
11 10
11 12
11 13
11 14
11 15
11 16
11 17
12 6
12 7
12 8
12 9
12 10
12 11
12 13
12 14
12 15
12 16
12 17
12 18
13 7
13 8
13 9
13 10
13 11
13 12
13 14
13 15
13 16
13 17
13 18
14 9
14 10
14 11
14 12
14 13
14 15
14 16
14 17
14 18
14 19
14 20
14 21
15 10
15 11
15 12
15 13
15 14
15 16
15 17
15 18
15 19
15 20
16 10
16 11
16 12
16 13
16 14
16 15
16 17
16 18
16 19
16 20
16 21
17 11
17 12
17 13
17 14
17 15
17 16
17 18
17 19
17 20
17 21
17 22
18 12
18 13
18 14
18 15
18 16
18 17
18 19
18 20
18 21
18 22
18 23
19 14
19 15
19 16
19 17
19 18
19 20
19 21
19 22
19 23
20 14
20 15
20 16
20 17
20 18
20 19
20 21
20 22
20 23
20 24
20 25
21 14
21 16
21 17
21 18
21 19
21 20
21 22
21 23
21 24
22 17
22 18
22 19
22 20
22 21
22 23
22 24
22 25
23 18
23 19
23 20
23 21
23 22
23 24
23 25
23 26
24 20
24 21
24 22
24 23
24 25
24 26
24 27
25 20
25 22
25 23
25 24
25 26
25 27
25 28
25 29
26 23
26 24
26 25
26 27
26 28
26 29
26 30
27 24
27 25
27 26
27 28
27 29
27 30
28 25
28 26
28 27
28 29
28 30
28 31
28 34
28 37
29 25
29 26
29 27
29 28
29 30
29 31
29 32
29 33
29 34
29 35
29 36
29 37
29 38
30 26
30 27
30 28
30 29
30 31
30 32
30 33
30 34
30 35
30 36
30 37
31 28
31 29
31 30
31 32
31 33
31 34
31 35
32 29
32 30
32 31
32 33
32 34
32 35
32 36
33 29
33 30
33 31
33 32
33 34
33 35
33 36
33 37
33 38
34 28
34 29
34 30
34 31
34 32
34 33
34 35
34 36
34 37
34 38
34 39
34 40
35 29
35 30
35 31
35 32
35 33
35 34
35 36
35 37
35 38
35 39
35 40
35 44
35 45
36 29
36 30
36 32
36 33
36 34
36 35
36 37
36 38
36 39
36 40
36 41
36 45
37 28
37 29
37 30
37 33
37 34
37 35
37 36
37 38
37 39
37 40
37 41
37 44
37 45
38 29
38 33
38 34
38 35
38 36
38 37
38 39
38 40
38 41
38 42
38 43
38 44
38 45
38 46
39 34
39 35
39 36
39 37
39 38
39 40
39 41
39 42
39 43
39 44
39 45
39 46
39 47
39 48
40 34
40 35
40 36
40 37
40 38
40 39
40 41
40 42
40 43
40 44
40 45
40 46
40 48
40 56
40 57
40 59
40 60
41 36
41 37
41 38
41 39
41 40
41 42
41 43
41 44
41 45
41 57
41 59
41 60
42 38
42 39
42 40
42 41
42 43
42 44
42 45
42 46
42 47
42 48
42 57
42 58
42 59
42 60
42 61
42 63
43 38
43 39
43 40
43 41
43 42
43 44
43 45
43 46
43 59
43 60
44 35
44 37
44 38
44 39
44 40
44 41
44 42
44 43
44 45
44 46
44 47
45 35
45 36
45 37
45 38
45 39
45 40
45 41
45 42
45 43
45 44
45 46
45 47
45 48
45 49
46 38
46 39
46 40
46 42
46 43
46 44
46 45
46 47
46 48
47 39
47 42
47 44
47 45
47 46
47 48
47 49
47 50
48 39
48 40
48 42
48 45
48 46
48 47
48 49
48 50
48 51
48 52
48 60
49 45
49 47
49 48
49 50
49 51
49 52
49 53
49 57
49 60
50 47
50 48
50 49
50 51
50 52
50 53
51 48
51 49
51 50
51 52
51 53
51 54
51 57
51 61
52 48
52 49
52 50
52 51
52 53
52 54
52 55
52 56
52 57
52 58
52 59
52 60
52 61
52 62
52 64
53 49
53 50
53 51
53 52
53 54
53 55
53 56
53 57
53 58
53 60
53 61
54 51
54 52
54 53
54 55
54 56
54 57
54 58
54 59
54 60
54 61
54 62
54 64
55 52
55 53
55 54
55 56
55 57
55 58
55 59
55 61
56 40
56 52
56 53
56 54
56 55
56 57
56 58
56 59
56 60
56 61
57 40
57 41
57 42
57 49
57 51
57 52
57 53
57 54
57 55
57 56
57 58
57 59
57 60
57 61
57 62
58 42
58 52
58 53
58 54
58 55
58 56
58 57
58 59
58 60
58 61
58 62
58 63
58 64
59 40
59 41
59 42
59 43
59 52
59 54
59 55
59 56
59 57
59 58
59 60
59 61
59 62
59 63
59 64
59 65
60 40
60 41
60 42
60 43
60 48
60 49
60 52
60 53
60 54
60 56
60 57
60 58
60 59
60 61
60 62
60 63
60 64
60 65
60 66
61 42
61 51
61 52
61 53
61 54
61 55
61 56
61 57
61 58
61 59
61 60
61 62
61 63
61 64
61 65
61 66
61 67
62 52
62 54
62 57
62 58
62 59
62 60
62 61
62 63
62 64
62 65
62 66
62 67
62 68
62 69
63 42
63 58
63 59
63 60
63 61
63 62
63 64
63 65
63 66
63 67
63 68
63 69
64 52
64 54
64 58
64 59
64 60
64 61
64 62
64 63
64 65
64 66
64 67
64 68
64 69
65 59
65 60
65 61
65 62
65 63
65 64
65 66
65 67
65 68
65 69
65 70
66 60
66 61
66 62
66 63
66 64
66 65
66 67
66 68
66 69
66 70
66 71
66 72
67 61
67 62
67 63
67 64
67 65
67 66
67 68
67 69
67 70
67 72
67 76
67 77
67 80
67 81
68 62
68 63
68 64
68 65
68 66
68 67
68 69
68 70
68 71
68 72
68 76
68 77
68 80
68 81
69 62
69 63
69 64
69 65
69 66
69 67
69 68
69 70
69 71
69 72
69 73
69 76
69 77
70 65
70 66
70 67
70 68
70 69
70 71
70 72
70 73
70 74
70 77
71 66
71 68
71 69
71 70
71 72
71 73
71 74
71 77
72 66
72 67
72 68
72 69
72 70
72 71
72 73
72 74
72 75
72 76
72 77
72 78
73 69
73 70
73 71
73 72
73 74
73 75
73 76
73 77
73 78
73 79
73 107
73 109
74 70
74 71
74 72
74 73
74 75
74 76
74 77
74 78
74 79
74 80
74 104
74 105
74 106
74 107
74 108
74 109
74 110
74 111
75 72
75 73
75 74
75 76
75 77
75 78
75 79
75 80
75 104
75 105
75 107
75 108
75 109
75 110
75 111
75 114
75 115
76 67
76 68
76 69
76 72
76 73
76 74
76 75
76 77
76 78
76 79
76 80
76 81
76 82
76 104
76 107
76 109
77 67
77 68
77 69
77 70
77 71
77 72
77 73
77 74
77 75
77 76
77 78
77 79
77 80
77 81
77 82
77 83
77 103
77 104
77 105
77 106
77 107
77 108
77 109
78 72
78 73
78 74
78 75
78 76
78 77
78 79
78 80
78 81
78 82
78 83
78 84
78 100
78 101
78 102
78 103
78 104
78 105
78 106
78 107
78 108
78 109
78 111
78 114
78 115
78 118
79 73
79 74
79 75
79 76
79 77
79 78
79 80
79 81
79 82
79 83
79 84
79 85
79 101
79 104
79 105
79 107
79 109
79 114
79 115
79 117
79 118
80 67
80 68
80 74
80 75
80 76
80 77
80 78
80 79
80 81
80 82
80 83
80 84
80 85
80 86
80 100
80 101
80 103
80 104
81 67
81 68
81 76
81 77
81 78
81 79
81 80
81 82
81 83
81 84
81 85
81 86
81 87
81 97
81 99
81 100
81 101
81 102
81 103
81 104
81 105
81 107
81 118
82 76
82 77
82 78
82 79
82 80
82 81
82 83
82 84
82 85
82 86
82 87
82 97
82 98
82 100
82 101
82 102
82 103
82 104
82 105
82 114
82 115
82 117
82 118
82 119
82 121
82 122
83 77
83 78
83 79
83 80
83 81
83 82
83 84
83 85
83 86
83 87
83 88
83 89
83 97
83 100
83 101
83 104
83 118
84 78
84 79
84 80
84 81
84 82
84 83
84 85
84 86
84 87
84 88
84 89
84 96
84 97
84 99
84 100
84 101
84 104
85 79
85 80
85 81
85 82
85 83
85 84
85 86
85 87
85 88
85 89
85 90
85 91
85 93
85 94
85 95
85 96
85 97
85 98
85 99
85 100
85 101
85 102
85 103
85 104
85 118
85 121
85 122
85 125
86 80
86 81
86 82
86 83
86 84
86 85
86 87
86 88
86 89
86 90
86 91
86 92
86 93
86 94
86 96
86 97
86 98
86 100
86 101
86 118
86 121
86 122
86 125
87 81
87 82
87 83
87 84
87 85
87 86
87 88
87 89
87 90
87 91
87 92
87 93
87 94
87 96
87 97
87 100
88 83
88 84
88 85
88 86
88 87
88 89
88 90
88 91
88 92
88 93
88 94
88 95
88 96
88 97
88 98
88 99
88 100
88 125
89 83
89 84
89 85
89 86
89 87
89 88
89 90
89 91
89 92
89 93
89 94
89 95
89 96
89 97
89 98
89 121
89 122
89 124
89 125
89 128
90 85
90 86
90 87
90 88
90 89
90 91
90 92
90 93
90 94
90 97
91 85
91 86
91 87
91 88
91 89
91 90
91 92
91 93
91 94
91 96
91 97
92 86
92 87
92 88
92 89
92 90
92 91
92 93
92 94
92 95
92 96
92 97
92 125
92 128
93 85
93 86
93 87
93 88
93 89
93 90
93 91
93 92
93 94
93 95
93 96
93 97
93 98
93 125
93 128
93 129
94 85
94 86
94 87
94 88
94 89
94 90
94 91
94 92
94 93
94 95
94 96
94 97
94 98
94 99
94 100
94 122
94 124
94 125
94 126
94 127
94 128
94 129
95 85
95 88
95 89
95 92
95 93
95 94
95 96
95 97
95 98
95 99
95 100
95 122
95 125
95 126
95 128
95 129
96 84
96 85
96 86
96 87
96 88
96 89
96 91
96 92
96 93
96 94
96 95
96 97
96 98
96 99
96 100
96 101
96 102
96 125
97 81
97 82
97 83
97 84
97 85
97 86
97 87
97 88
97 89
97 90
97 91
97 92
97 93
97 94
97 95
97 96
97 98
97 99
97 100
97 101
97 102
97 121
97 122
97 124
97 125
97 126
98 82
98 85
98 86
98 88
98 89
98 93
98 94
98 95
98 96
98 97
98 99
98 100
98 101
98 102
98 103
98 104
98 118
98 119
98 121
98 122
98 123
98 124
98 125
98 126
98 129
99 81
99 84
99 85
99 88
99 94
99 95
99 96
99 97
99 98
99 100
99 101
99 102
99 103
99 104
99 105
99 122
99 125
100 78
100 80
100 81
100 82
100 83
100 84
100 85
100 86
100 87
100 88
100 94
100 95
100 96
100 97
100 98
100 99
100 101
100 102
100 103
100 104
100 105
100 106
100 118
100 122
101 78
101 79
101 80
101 81
101 82
101 83
101 84
101 85
101 86
101 96
101 97
101 98
101 99
101 100
101 102
101 103
101 104
101 105
101 106
101 115
101 117
101 118
101 119
101 120
101 121
101 122
101 123
101 125
102 78
102 81
102 82
102 85
102 96
102 97
102 98
102 99
102 100
102 101
102 103
102 104
102 105
102 106
102 107
102 118
102 119
102 122
103 77
103 78
103 80
103 81
103 82
103 85
103 98
103 99
103 100
103 101
103 102
103 104
103 105
103 106
103 107
103 108
103 118
104 74
104 75
104 76
104 77
104 78
104 79
104 80
104 81
104 82
104 83
104 84
104 85
104 98
104 99
104 100
104 101
104 102
104 103
104 105
104 106
104 107
104 108
104 109
104 114
104 115
104 118
104 119
105 74
105 75
105 77
105 78
105 79
105 81
105 82
105 99
105 100
105 101
105 102
105 103
105 104
105 106
105 107
105 108
105 109
105 114
105 115
105 116
105 118
105 119
105 122
106 74
106 77
106 78
106 100
106 101
106 102
106 103
106 104
106 105
106 107
106 108
106 109
107 73
107 74
107 75
107 76
107 77
107 78
107 79
107 81
107 102
107 103
107 104
107 105
107 106
107 108
107 109
107 110
107 115
108 74
108 75
108 77
108 78
108 103
108 104
108 105
108 106
108 107
108 109
108 110
108 111
108 112
108 115
109 73
109 74
109 75
109 76
109 77
109 78
109 79
109 104
109 105
109 106
109 107
109 108
109 110
109 111
109 112
109 113
109 114
109 115
110 74
110 75
110 107
110 108
110 109
110 111
110 112
110 113
110 114
110 115
111 74
111 75
111 78
111 108
111 109
111 110
111 112
111 113
111 114
111 115
111 116
111 145
112 108
112 109
112 110
112 111
112 113
112 114
112 115
112 116
112 117
112 118
112 142
112 144
112 145
112 146
113 109
113 110
113 111
113 112
113 114
113 115
113 116
113 117
113 118
113 142
113 145
113 146
113 149
114 75
114 78
114 79
114 82
114 104
114 105
114 109
114 110
114 111
114 112
114 113
114 115
114 116
114 117
114 118
114 119
114 120
114 142
114 145
114 146
115 75
115 78
115 79
115 82
115 101
115 104
115 105
115 107
115 108
115 109
115 110
115 111
115 112
115 113
115 114
115 116
115 117
115 118
115 119
115 120
115 121
115 141
115 142
115 145
115 146
116 105
116 111
116 112
116 113
116 114
116 115
116 117
116 118
116 119
116 120
116 121
116 122
116 138
116 139
116 140
116 141
116 142
116 143
116 144
116 145
116 146
116 147
116 149
116 152
117 79
117 82
117 101
117 112
117 113
117 114
117 115
117 116
117 118
117 119
117 120
117 121
117 122
117 123
117 139
117 142
117 145
117 146
117 149
117 151
117 152
118 78
118 79
118 81
118 82
118 83
118 85
118 86
118 98
118 100
118 101
118 102
118 103
118 104
118 105
118 112
118 113
118 114
118 115
118 116
118 117
118 119
118 120
118 121
118 122
118 123
118 124
118 138
118 139
118 142
119 82
119 98
119 101
119 102
119 104
119 105
119 114
119 115
119 116
119 117
119 118
119 120
119 121
119 122
119 123
119 124
119 135
119 137
119 138
119 139
119 140
119 141
119 142
119 143
119 145
119 152
120 101
120 114
120 115
120 116
120 117
120 118
120 119
120 121
120 122
120 123
120 124
120 125
120 126
120 135
120 136
120 137
120 138
120 139
120 140
120 141
120 142
120 143
120 149
120 151
120 152
120 153
120 155
120 156
121 82
121 85
121 86
121 89
121 97
121 98
121 101
121 115
121 116
121 117
121 118
121 119
121 120
121 122
121 123
121 124
121 125
121 126
121 127
121 135
121 138
121 139
121 142
121 151
121 152
121 155
122 82
122 85
122 86
122 89
122 94
122 95
122 97
122 98
122 99
122 100
122 101
122 102
122 105
122 116
122 117
122 118
122 119
122 120
122 121
122 123
122 124
122 125
122 126
122 127
122 134
122 135
122 138
122 139
123 98
123 101
123 117
123 118
123 119
123 120
123 121
123 122
123 124
123 125
123 126
123 127
123 128
123 129
123 131
123 132
123 133
123 134
123 135
123 136
123 137
123 138
123 139
123 140
123 141
123 142
123 152
123 155
123 156
123 159
124 89
124 94
124 97
124 98
124 118
124 119
124 120
124 121
124 122
124 123
124 125
124 126
124 127
124 128
124 129
124 130
124 131
124 132
124 135
124 136
124 138
124 139
124 151
124 152
124 155
124 156
124 159
125 85
125 86
125 88
125 89
125 92
125 93
125 94
125 95
125 96
125 97
125 98
125 99
125 101
125 120
125 121
125 122
125 123
125 124
125 126
125 127
125 128
125 129
125 130
125 131
125 135
126 94
126 95
126 97
126 98
126 120
126 121
126 122
126 123
126 124
126 125
126 127
126 128
126 129
126 130
126 131
126 132
126 133
126 134
126 135
126 136
126 138
127 94
127 121
127 122
127 123
127 124
127 125
127 126
127 128
127 129
127 130
127 131
127 132
127 133
127 134
127 135
127 136
127 155
127 158
127 159
127 162
128 89
128 92
128 93
128 94
128 95
128 123
128 124
128 125
128 126
128 127
128 129
128 130
128 131
128 132
128 135
129 93
129 94
129 95
129 98
129 123
129 124
129 125
129 126
129 127
129 128
129 130
129 131
129 132
129 134
129 135
130 124
130 125
130 126
130 127
130 128
130 129
130 131
130 132
130 133
130 134
130 135
130 159
130 162
131 123
131 124
131 125
131 126
131 127
131 128
131 129
131 130
131 132
131 133
131 134
131 135
131 136
131 159
132 123
132 124
132 126
132 127
132 128
132 129
132 130
132 131
132 133
132 134
132 135
132 136
132 137
132 138
132 155
132 156
132 158
132 159
132 160
132 161
132 162
132 163
133 123
133 126
133 127
133 130
133 131
133 132
133 134
133 135
133 136
133 137
133 138
133 156
133 159
133 160
133 162
133 163
134 122
134 123
134 126
134 127
134 129
134 130
134 131
134 132
134 133
134 135
134 136
134 137
134 138
134 139
134 140
134 159
135 119
135 120
135 121
135 122
135 123
135 124
135 125
135 126
135 127
135 128
135 129
135 130
135 131
135 132
135 133
135 134
135 136
135 137
135 138
135 139
135 140
135 141
135 152
135 155
135 156
135 158
135 159
135 160
136 120
136 123
136 124
136 126
136 127
136 131
136 132
136 133
136 134
136 135
136 137
136 138
136 139
136 140
136 141
136 142
136 152
136 153
136 155
136 156
136 157
136 158
136 159
136 160
136 163
137 119
137 120
137 123
137 132
137 133
137 134
137 135
137 136
137 138
137 139
137 140
137 141
137 142
137 143
137 156
137 159
138 116
138 118
138 119
138 120
138 121
138 122
138 123
138 124
138 126
138 132
138 133
138 134
138 135
138 136
138 137
138 139
138 140
138 141
138 142
138 143
138 144
138 152
138 155
138 156
139 116
139 117
139 118
139 119
139 120
139 121
139 122
139 123
139 124
139 134
139 135
139 136
139 137
139 138
139 140
139 141
139 142
139 143
139 144
139 145
139 149
139 151
139 152
139 153
139 154
139 155
139 156
139 157
139 159
140 116
140 119
140 120
140 123
140 134
140 135
140 136
140 137
140 138
140 139
140 141
140 142
140 143
140 144
140 145
140 146
140 147
140 152
140 153
140 155
140 156
141 115
141 116
141 119
141 120
141 123
141 135
141 136
141 137
141 138
141 139
141 140
141 142
141 143
141 144
141 145
141 146
141 147
141 152
142 112
142 113
142 114
142 115
142 116
142 117
142 118
142 119
142 120
142 121
142 123
142 136
142 137
142 138
142 139
142 140
142 141
142 143
142 144
142 145
142 146
142 147
142 148
142 149
142 151
142 152
142 153
142 156
143 116
143 119
143 120
143 137
143 138
143 139
143 140
143 141
143 142
143 144
143 145
143 146
143 147
143 148
143 149
143 150
143 151
143 152
143 153
143 156
144 112
144 116
144 138
144 139
144 140
144 141
144 142
144 143
144 145
144 146
144 147
144 148
144 149
145 111
145 112
145 113
145 114
145 115
145 116
145 117
145 119
145 139
145 140
145 141
145 142
145 143
145 144
145 146
145 147
145 148
145 149
146 112
146 113
146 114
146 115
146 116
146 117
146 140
146 141
146 142
146 143
146 144
146 145
146 147
146 148
146 149
146 150
146 152
147 116
147 140
147 141
147 142
147 143
147 144
147 145
147 146
147 148
147 149
147 150
147 152
147 153
147 175
147 176
147 179
148 142
148 143
148 144
148 145
148 146
148 147
148 149
148 150
148 151
148 152
148 153
148 175
148 176
148 178
148 179
148 180
149 113
149 116
149 117
149 120
149 139
149 142
149 143
149 144
149 145
149 146
149 147
149 148
149 150
149 151
149 152
149 153
149 154
149 176
149 179
150 143
150 146
150 147
150 148
150 149
150 151
150 152
150 153
150 154
150 155
150 156
150 173
150 175
150 176
150 177
150 178
150 179
150 180
150 183
150 186
151 117
151 120
151 121
151 124
151 139
151 142
151 143
151 148
151 149
151 150
151 152
151 153
151 154
151 155
151 156
151 176
152 116
152 117
152 119
152 120
152 121
152 123
152 124
152 135
152 136
152 138
152 139
152 140
152 141
152 142
152 143
152 146
152 147
152 148
152 149
152 150
152 151
152 153
152 154
152 155
152 156
152 157
152 158
152 172
152 176
153 120
153 136
153 139
153 140
153 142
153 143
153 147
153 148
153 149
153 150
153 151
153 152
153 154
153 155
153 156
153 157
153 158
153 159
153 169
153 172
153 173
153 174
153 175
153 176
153 177
153 179
153 186
154 139
154 149
154 150
154 151
154 152
154 153
154 155
154 156
154 157
154 158
154 159
154 169
154 172
154 173
154 175
154 176
154 177
154 183
154 185
154 186
154 189
155 120
155 121
155 123
155 124
155 127
155 132
155 135
155 136
155 138
155 139
155 140
155 150
155 151
155 152
155 153
155 154
155 156
155 157
155 158
155 159
155 160
155 161
155 172
155 173
155 186
156 120
156 123
156 124
156 132
156 133
156 135
156 136
156 137
156 138
156 139
156 140
156 142
156 143
156 150
156 151
156 152
156 153
156 154
156 155
156 157
156 158
156 159
156 160
156 161
156 162
156 168
156 169
156 172
156 173
156 176
157 136
157 139
157 152
157 153
157 154
157 155
157 156
157 158
157 159
157 160
157 161
157 162
157 163
157 165
157 166
157 168
157 169
157 170
157 171
157 172
157 173
157 174
157 175
157 176
157 185
157 186
157 189
157 190
157 193
158 127
158 132
158 135
158 136
158 152
158 153
158 154
158 155
158 156
158 157
158 159
158 160
158 161
158 162
158 163
158 164
158 165
158 169
158 172
158 173
158 185
158 186
158 189
158 190
158 193
159 123
159 124
159 127
159 130
159 131
159 132
159 133
159 134
159 135
159 136
159 137
159 139
159 153
159 154
159 155
159 156
159 157
159 158
159 160
159 161
159 162
159 163
159 164
159 165
159 168
159 169
160 132
160 133
160 135
160 136
160 155
160 156
160 157
160 158
160 159
160 161
160 162
160 163
160 164
160 165
160 166
160 167
160 168
160 169
160 170
160 171
160 172
160 193
161 132
161 155
161 156
161 157
161 158
161 159
161 160
161 162
161 163
161 164
161 165
161 166
161 167
161 168
161 169
161 170
161 189
161 190
161 192
161 193
161 196
162 127
162 130
162 132
162 133
162 156
162 157
162 158
162 159
162 160
162 161
162 163
162 164
162 165
162 166
162 169
163 132
163 133
163 136
163 157
163 158
163 159
163 160
163 161
163 162
163 164
163 165
163 166
163 168
163 169
164 158
164 159
164 160
164 161
164 162
164 163
164 165
164 166
164 167
164 168
164 169
164 193
164 196
164 197
164 200
165 157
165 158
165 159
165 160
165 161
165 162
165 163
165 164
165 166
165 167
165 168
165 169
165 170
165 193
165 196
165 197
166 157
166 160
166 161
166 162
166 163
166 164
166 165
166 167
166 168
166 169
166 170
166 171
166 172
166 189
166 190
166 192
166 193
166 194
166 195
166 196
166 197
166 198
166 200
167 160
167 161
167 164
167 165
167 166
167 168
167 169
167 170
167 171
167 172
167 190
167 193
167 194
167 196
167 197
167 198
168 156
168 157
168 159
168 160
168 161
168 163
168 164
168 165
168 166
168 167
168 169
168 170
168 171
168 172
168 173
168 174
168 193
168 197
169 153
169 154
169 156
169 157
169 158
169 159
169 160
169 161
169 162
169 163
169 164
169 165
169 166
169 167
169 168
169 170
169 171
169 172
169 173
169 174
169 186
169 189
169 190
169 192
169 193
169 194
169 197
170 157
170 160
170 161
170 165
170 166
170 167
170 168
170 169
170 171
170 172
170 173
170 174
170 175
170 176
170 186
170 187
170 189
170 190
170 191
170 192
170 193
170 194
170 197
171 157
171 160
171 166
171 167
171 168
171 169
171 170
171 172
171 173
171 174
171 175
171 176
171 177
171 190
171 193
171 194
172 152
172 153
172 154
172 155
172 156
172 157
172 158
172 160
172 166
172 167
172 168
172 169
172 170
172 171
172 173
172 174
172 175
172 176
172 177
172 178
172 186
172 189
172 190
173 150
173 153
173 154
173 155
173 156
173 157
173 158
173 168
173 169
173 170
173 171
173 172
173 174
173 175
173 176
173 177
173 178
173 181
173 183
173 185
173 186
173 187
173 188
173 189
173 190
173 191
173 193
174 153
174 157
174 168
174 169
174 170
174 171
174 172
174 173
174 175
174 176
174 177
174 178
174 179
174 180
174 181
174 186
174 187
174 190
175 147
175 148
175 150
175 153
175 154
175 157
175 170
175 171
175 172
175 173
175 174
175 176
175 177
175 178
175 179
175 180
175 181
175 186
176 147
176 148
176 149
176 150
176 151
176 152
176 153
176 154
176 156
176 157
176 170
176 171
176 172
176 173
176 174
176 175
176 177
176 178
176 179
176 180
176 181
176 182
176 183
176 186
176 187
177 150
177 153
177 154
177 171
177 172
177 173
177 174
177 175
177 176
177 178
177 179
177 180
177 181
177 182
177 183
177 184
177 185
177 186
177 187
177 190
178 148
178 150
178 172
178 173
178 174
178 175
178 176
178 177
178 179
178 180
178 181
178 182
178 183
179 147
179 148
179 149
179 150
179 153
179 174
179 175
179 176
179 177
179 178
179 180
179 181
179 182
179 183
180 148
180 150
180 174
180 175
180 176
180 177
180 178
180 179
180 181
180 182
180 183
180 184
180 186
181 173
181 174
181 175
181 176
181 177
181 178
181 179
181 180
181 182
181 183
181 184
181 186
181 187
182 176
182 177
182 178
182 179
182 180
182 181
182 183
182 184
182 185
182 186
182 187
183 150
183 154
183 173
183 176
183 177
183 178
183 179
183 180
183 181
183 182
183 184
183 185
183 186
183 187
183 188
184 177
184 180
184 181
184 182
184 183
184 185
184 186
184 187
184 188
184 189
184 190
185 154
185 157
185 158
185 173
185 177
185 182
185 183
185 184
185 186
185 187
185 188
185 189
185 190
186 150
186 153
186 154
186 155
186 157
186 158
186 169
186 170
186 172
186 173
186 174
186 175
186 176
186 177
186 180
186 181
186 182
186 183
186 184
186 185
186 187
186 188
186 189
186 190
186 191
186 192
187 170
187 173
187 174
187 176
187 177
187 181
187 182
187 183
187 184
187 185
187 186
187 188
187 189
187 190
187 191
187 192
187 193
188 173
188 183
188 184
188 185
188 186
188 187
188 189
188 190
188 191
188 192
188 193
189 154
189 157
189 158
189 161
189 166
189 169
189 170
189 172
189 173
189 184
189 185
189 186
189 187
189 188
189 190
189 191
189 192
189 193
189 194
189 195
190 157
190 158
190 161
190 166
190 167
190 169
190 170
190 171
190 172
190 173
190 174
190 177
190 184
190 185
190 186
190 187
190 188
190 189
190 191
190 192
190 193
190 194
190 195
190 196
191 170
191 173
191 186
191 187
191 188
191 189
191 190
191 192
191 193
191 194
191 195
191 196
191 197
192 161
192 166
192 169
192 170
192 186
192 187
192 188
192 189
192 190
192 191
192 193
192 194
192 195
192 196
192 197
193 157
193 158
193 160
193 161
193 164
193 165
193 166
193 167
193 168
193 169
193 170
193 171
193 173
193 187
193 188
193 189
193 190
193 191
193 192
193 194
193 195
193 196
193 197
193 198
193 199
194 166
194 167
194 169
194 170
194 171
194 189
194 190
194 191
194 192
194 193
194 195
194 196
194 197
194 198
194 199
194 200
195 166
195 189
195 190
195 191
195 192
195 193
195 194
195 196
195 197
195 198
195 199
195 200
196 161
196 164
196 165
196 166
196 167
196 190
196 191
196 192
196 193
196 194
196 195
196 197
196 198
196 199
196 200
196 201
196 202
197 164
197 165
197 166
197 167
197 168
197 169
197 170
197 191
197 192
197 193
197 194
197 195
197 196
197 198
197 199
197 200
197 201
197 202
197 203
198 166
198 167
198 193
198 194
198 195
198 196
198 197
198 199
198 200
198 201
198 202
198 203
198 204
199 193
199 194
199 195
199 196
199 197
199 198
199 200
199 201
199 202
199 203
199 204
199 205
200 164
200 166
200 194
200 195
200 196
200 197
200 198
200 199
200 201
200 202
200 203
200 204
200 205
200 206
201 196
201 197
201 198
201 199
201 200
201 202
201 203
201 204
201 205
201 206
201 207
202 196
202 197
202 198
202 199
202 200
202 201
202 203
202 204
202 205
202 206
202 207
202 208
203 197
203 198
203 199
203 200
203 201
203 202
203 204
203 205
203 206
203 207
203 208
203 209
204 198
204 199
204 200
204 201
204 202
204 203
204 205
204 206
204 207
204 208
204 209
204 210
205 199
205 200
205 201
205 202
205 203
205 204
205 206
205 207
205 208
205 209
205 210
205 211
206 200
206 201
206 202
206 203
206 204
206 205
206 207
206 208
206 209
206 210
206 211
206 212
207 201
207 202
207 203
207 204
207 205
207 206
207 208
207 209
207 210
207 211
207 212
207 213
208 202
208 203
208 204
208 205
208 206
208 207
208 209
208 210
208 211
208 212
208 213
208 214
209 203
209 204
209 205
209 206
209 207
209 208
209 210
209 211
209 212
209 213
209 214
209 215
210 204
210 205
210 206
210 207
210 208
210 209
210 211
210 212
210 213
210 214
210 215
210 216
211 205
211 206
211 207
211 208
211 209
211 210
211 212
211 213
211 214
211 215
211 216
211 217
212 206
212 207
212 208
212 209
212 210
212 211
212 213
212 214
212 215
212 216
212 217
212 218
213 207
213 208
213 209
213 210
213 211
213 212
213 214
213 215
213 216
213 217
213 218
213 219
214 208
214 209
214 210
214 211
214 212
214 213
214 215
214 216
214 217
214 218
214 219
214 220
214 252
214 253
214 255
214 256
215 209
215 210
215 211
215 212
215 213
215 214
215 216
215 217
215 218
215 219
215 220
215 221
215 249
215 252
215 253
215 255
215 256
216 210
216 211
216 212
216 213
216 214
216 215
216 217
216 218
216 219
216 220
216 221
216 222
216 252
217 211
217 212
217 213
217 214
217 215
217 216
217 218
217 219
217 220
217 221
217 222
217 223
217 252
217 255
217 256
217 266
217 267
218 212
218 213
218 214
218 215
218 216
218 217
218 219
218 220
218 221
218 222
218 223
218 224
218 249
218 251
218 252
218 253
218 254
218 255
218 256
218 265
218 266
219 213
219 214
219 215
219 216
219 217
219 218
219 220
219 221
219 222
219 223
219 224
219 225
219 248
219 249
219 252
219 255
220 214
220 215
220 216
220 217
220 218
220 219
220 221
220 222
220 223
220 224
220 225
220 226
220 266
220 267
220 271
221 215
221 216
221 217
221 218
221 219
221 220
221 222
221 223
221 224
221 225
221 226
221 227
221 252
221 255
221 265
221 266
221 267
221 271
221 272
221 273
222 216
222 217
222 218
222 219
222 220
222 221
222 223
222 224
222 225
222 226
222 227
222 228
222 248
222 251
222 252
222 255
222 265
223 217
223 218
223 219
223 220
223 221
223 222
223 224
223 225
223 226
223 227
223 228
224 218
224 219
224 220
224 221
224 222
224 223
224 225
224 226
224 227
224 228
224 229
224 230
224 267
224 271
224 272
224 273
225 219
225 220
225 221
225 222
225 223
225 224
225 226
225 227
225 228
225 229
225 230
225 231
225 232
225 272
225 273
225 349
225 350
226 220
226 221
226 222
226 223
226 224
226 225
226 227
226 228
226 229
226 230
226 231
226 232
227 221
227 222
227 223
227 224
227 225
227 226
227 228
227 229
227 230
228 222
228 223
228 224
228 225
228 226
228 227
228 229
228 230
228 231
228 273
228 346
228 347
228 349
228 350
229 224
229 225
229 226
229 227
229 228
229 230
229 231
229 232
229 346
229 349
229 350
229 351
229 352
230 224
230 225
230 226
230 227
230 228
230 229
230 231
230 232
230 346
230 347
230 348
230 349
230 350
230 351
230 352
230 354
230 355
230 356
231 225
231 226
231 228
231 229
231 230
231 232
231 233
231 234
231 235
231 236
231 349
231 350
231 351
231 352
231 353
231 354
231 355
231 356
231 357
232 225
232 226
232 229
232 230
232 231
232 233
232 234
232 235
232 236
232 237
232 349
232 354
232 355
232 356
232 357
232 358
232 359
232 360
232 361
233 231
233 232
233 234
233 235
233 236
233 237
233 354
233 355
233 356
233 357
233 358
233 359
234 231
234 232
234 233
234 235
234 236
234 237
234 238
234 247
234 250
234 251
234 254
234 355
234 356
234 357
234 358
234 359
235 231
235 232
235 233
235 234
235 236
235 237
235 238
235 239
235 247
235 248
235 251
235 355
235 356
235 357
236 231
236 232
236 233
236 234
236 235
236 237
236 238
236 239
236 240
236 355
237 232
237 233
237 234
237 235
237 236
237 238
237 239
237 240
238 234
238 235
238 236
238 237
238 239
238 240
238 241
238 242
238 247
239 235
239 236
239 237
239 238
239 240
239 241
239 242
239 243
240 236
240 237
240 238
240 239
240 241
240 242
240 243
240 244
241 238
241 239
241 240
241 242
241 243
241 244
242 238
242 239
242 240
242 241
242 243
242 244
242 245
242 246
242 247
243 239
243 240
243 241
243 242
243 244
243 245
243 246
243 247
244 240
244 241
244 242
244 243
244 245
244 246
244 247
244 248
244 249
245 242
245 243
245 244
245 246
245 247
245 248
245 249
245 250
246 242
246 243
246 244
246 245
246 247
246 248
246 249
246 250
246 251
246 252
247 234
247 235
247 238
247 242
247 243
247 244
247 245
247 246
247 248
247 249
247 250
247 251
247 252
247 253
248 219
248 222
248 235
248 244
248 245
248 246
248 247
248 249
248 250
248 251
248 252
248 253
248 254
249 215
249 218
249 219
249 244
249 245
249 246
249 247
249 248
249 250
249 251
249 252
249 253
249 254
249 255
250 234
250 245
250 246
250 247
250 248
250 249
250 251
250 252
250 253
250 254
250 255
251 218
251 222
251 234
251 235
251 246
251 247
251 248
251 249
251 250
251 252
251 253
251 254
251 255
251 256
251 358
251 359
252 214
252 215
252 216
252 217
252 218
252 219
252 221
252 222
252 246
252 247
252 248
252 249
252 250
252 251
252 253
252 254
252 255
252 256
252 257
253 214
253 215
253 218
253 247
253 248
253 249
253 250
253 251
253 252
253 254
253 255
253 256
253 257
254 218
254 234
254 248
254 249
254 250
254 251
254 252
254 253
254 255
254 256
254 257
254 258
254 259
254 358
254 359
255 214
255 215
255 217
255 218
255 219
255 221
255 222
255 249
255 250
255 251
255 252
255 253
255 254
255 256
255 257
255 258
255 259
255 264
255 265
255 266
255 358
255 359
256 214
256 215
256 217
256 218
256 251
256 252
256 253
256 254
256 255
256 257
256 258
256 259
256 264
256 265
257 252
257 253
257 254
257 255
257 256
257 258
257 259
257 260
257 262
257 263
257 264
257 358
258 254
258 255
258 256
258 257
258 259
258 260
258 261
258 262
258 263
258 264
258 265
259 254
259 255
259 256
259 257
259 258
259 260
259 261
259 262
259 263
259 264
259 265
259 276
259 291
259 358
259 359
259 360
260 257
260 258
260 259
260 261
260 262
260 263
261 258
261 259
261 260
261 262
261 263
261 264
261 276
261 289
261 290
261 291
262 257
262 258
262 259
262 260
262 261
262 263
262 264
262 276
262 291
263 257
263 258
263 259
263 260
263 261
263 262
263 264
263 265
263 266
263 275
263 276
263 277
263 289
263 290
263 291
263 292
263 360
264 255
264 256
264 257
264 258
264 259
264 261
264 262
264 263
264 265
264 266
264 267
264 274
264 275
264 276
264 291
264 292
264 359
264 360
265 218
265 221
265 222
265 255
265 256
265 258
265 259
265 263
265 264
265 266
265 267
265 273
265 274
265 275
265 276
265 277
265 291
265 292
265 293
265 294
265 359
265 360
266 217
266 218
266 220
266 221
266 255
266 263
266 264
266 265
266 267
266 268
266 269
266 271
266 272
266 273
266 274
266 275
266 276
266 292
266 293
266 294
267 217
267 220
267 221
267 224
267 264
267 265
267 266
267 268
267 269
267 270
267 271
267 272
267 273
267 274
267 275
267 294
268 266
268 267
268 269
268 270
268 271
268 272
268 273
268 274
268 294
269 266
269 267
269 268
269 270
269 271
269 272
269 273
270 267
270 268
270 269
270 271
270 272
270 273
271 220
271 221
271 224
271 266
271 267
271 268
271 269
271 270
271 272
271 273
271 274
272 221
272 224
272 225
272 266
272 267
272 268
272 269
272 270
272 271
272 273
272 274
272 294
272 295
272 296
272 346
273 221
273 224
273 225
273 228
273 265
273 266
273 267
273 268
273 269
273 270
273 271
273 272
273 274
273 275
273 292
273 293
273 294
273 295
273 296
273 345
273 346
274 264
274 265
274 266
274 267
274 268
274 271
274 272
274 273
274 275
274 276
274 277
274 291
274 292
274 293
274 294
274 295
274 296
274 297
274 345
274 346
275 263
275 264
275 265
275 266
275 267
275 273
275 274
275 276
275 277
275 278
275 290
275 291
275 292
275 293
275 294
275 295
275 345
275 346
275 359
275 360
275 361
276 259
276 261
276 262
276 263
276 264
276 265
276 266
276 274
276 275
276 277
276 278
276 289
276 290
276 291
276 292
276 293
276 294
276 359
276 360
276 361
276 362
277 263
277 265
277 274
277 275
277 276
277 278
277 279
277 280
277 288
277 289
277 290
277 291
277 292
277 293
277 294
277 345
277 359
277 360
277 361
277 362
277 363
278 275
278 276
278 277
278 279
278 280
278 281
278 287
278 288
278 289
278 290
278 291
278 293
278 360
278 361
278 362
278 363
278 364
279 277
279 278
279 280
279 281
279 282
279 286
279 287
279 288
279 289
279 290
279 303
279 326
279 327
279 361
279 362
279 363
279 364
279 365
279 366
280 277
280 278
280 279
280 281
280 282
280 283
280 284
280 285
280 286
280 287
280 288
280 289
280 326
280 327
280 362
280 363
280 364
280 365
280 366
281 278
281 279
281 280
281 282
281 283
281 284
281 285
281 286
281 287
281 288
281 319
281 326
281 363
281 364
281 365
281 366
281 367
282 279
282 280
282 281
282 283
282 284
282 285
282 286
282 287
282 364
282 365
282 366
282 372
282 373
282 376
283 280
283 281
283 282
283 284
283 285
283 286
283 314
283 364
283 365
283 366
283 367
283 370
283 371
283 372
283 373
283 376
284 280
284 281
284 282
284 283
284 285
284 286
284 287
284 313
284 314
284 315
284 366
284 372
285 280
285 281
285 282
285 283
285 284
285 286
285 287
285 313
286 279
286 280
286 281
286 282
286 283
286 284
286 285
286 287
286 288
286 313
287 278
287 279
287 280
287 281
287 282
287 284
287 285
287 286
287 288
287 289
287 362
287 363
287 364
287 365
288 277
288 278
288 279
288 280
288 281
288 286
288 287
288 289
288 290
288 291
288 306
289 261
289 263
289 276
289 277
289 278
289 279
289 280
289 287
289 288
289 290
289 291
289 292
289 293
289 360
289 362
290 261
290 263
290 275
290 276
290 277
290 278
290 279
290 288
290 289
290 291
290 292
290 293
290 294
290 302
290 306
290 360
291 259
291 261
291 262
291 263
291 264
291 265
291 274
291 275
291 276
291 277
291 278
291 288
291 289
291 290
291 292
291 293
291 294
291 360
292 263
292 264
292 265
292 266
292 273
292 274
292 275
292 276
292 277
292 289
292 290
292 291
292 293
292 294
292 295
293 265
293 266
293 273
293 274
293 275
293 276
293 277
293 278
293 289
293 290
293 291
293 292
293 294
293 295
293 296
293 297
293 298
293 299
293 302
293 344
293 345
293 361
294 265
294 266
294 267
294 268
294 272
294 273
294 274
294 275
294 276
294 277
294 290
294 291
294 292
294 293
294 295
294 296
294 297
294 298
294 344
294 345
294 346
295 272
295 273
295 274
295 275
295 292
295 293
295 294
295 296
295 297
295 298
295 344
295 345
295 346
295 347
295 348
295 349
296 272
296 273
296 274
296 293
296 294
296 295
296 297
296 298
296 299
296 343
296 344
296 345
296 346
296 347
297 274
297 293
297 294
297 295
297 296
297 298
297 299
297 300
297 301
297 302
297 342
297 343
297 344
297 345
297 346
298 293
298 294
298 295
298 296
298 297
298 299
298 300
298 301
298 302
298 303
298 340
298 341
298 342
298 343
298 344
298 345
298 346
298 347
299 293
299 296
299 297
299 298
299 300
299 301
299 302
299 303
299 304
299 321
299 326
299 339
299 340
299 341
299 342
299 343
299 344
299 345
300 297
300 298
300 299
300 301
300 302
300 303
300 304
300 305
300 306
300 321
300 322
300 324
300 325
300 326
300 340
300 341
300 342
300 343
300 344
301 297
301 298
301 299
301 300
301 302
301 303
301 304
301 305
301 306
301 321
301 341
301 342
301 344
302 290
302 293
302 297
302 298
302 299
302 300
302 301
302 303
302 304
302 305
302 306
302 307
302 308
302 321
302 341
303 279
303 298
303 299
303 300
303 301
303 302
303 304
303 305
303 306
303 307
303 308
303 319
303 320
303 321
303 322
303 324
303 326
303 341
303 365
304 299
304 300
304 301
304 302
304 303
304 305
304 306
304 307
304 308
304 309
304 320
304 321
304 322
305 300
305 301
305 302
305 303
305 304
305 306
305 307
305 308
305 309
305 321
306 288
306 290
306 300
306 301
306 302
306 303
306 304
306 305
306 307
306 308
306 309
306 310
306 311
306 320
306 321
307 302
307 303
307 304
307 305
307 306
307 308
307 309
307 310
307 311
307 319
307 320
307 321
307 324
308 302
308 303
308 304
308 305
308 306
308 307
308 309
308 310
308 311
308 319
308 320
308 321
309 304
309 305
309 306
309 307
309 308
309 310
309 311
309 312
309 317
309 319
309 320
310 306
310 307
310 308
310 309
310 311
310 312
310 313
310 314
310 315
310 316
310 317
310 318
310 319
310 320
311 306
311 307
311 308
311 309
311 310
311 312
311 313
311 314
311 315
311 317
311 319
312 309
312 310
312 311
312 313
312 314
312 315
312 317
313 284
313 285
313 286
313 310
313 311
313 312
313 314
313 315
313 316
313 317
313 319
314 283
314 284
314 310
314 311
314 312
314 313
314 315
314 316
314 317
314 318
314 319
314 320
315 284
315 310
315 311
315 312
315 313
315 314
315 316
315 317
315 318
315 319
316 310
316 313
316 314
316 315
316 317
316 318
316 319
317 309
317 310
317 311
317 312
317 313
317 314
317 315
317 316
317 318
317 319
317 320
318 310
318 314
318 315
318 316
318 317
318 319
318 320
318 321
318 322
318 323
318 324
318 366
318 367
318 368
318 369
318 370
319 281
319 303
319 307
319 308
319 309
319 310
319 311
319 313
319 314
319 315
319 316
319 317
319 318
319 320
319 321
319 322
319 323
319 324
319 325
319 365
319 366
319 367
319 368
319 370
320 303
320 304
320 306
320 307
320 308
320 309
320 310
320 314
320 317
320 318
320 319
320 321
320 322
320 323
320 324
320 366
320 367
321 299
321 300
321 301
321 302
321 303
321 304
321 305
321 306
321 307
321 308
321 318
321 319
321 320
321 322
321 323
321 324
321 325
321 341
321 367
322 300
322 303
322 304
322 318
322 319
322 320
322 321
322 323
322 324
322 325
322 341
322 367
322 368
323 318
323 319
323 320
323 321
323 322
323 324
323 325
323 366
323 367
323 368
323 369
323 370
324 300
324 303
324 307
324 318
324 319
324 320
324 321
324 322
324 323
324 325
324 326
324 340
324 341
324 365
324 366
324 367
324 368
324 369
324 370
325 300
325 319
325 321
325 322
325 323
325 324
325 326
325 327
325 338
325 339
325 340
325 341
325 364
325 365
325 366
325 367
325 368
325 369
325 373
326 279
326 280
326 281
326 299
326 300
326 303
326 324
326 325
326 327
326 328
326 337
326 338
326 339
326 340
326 341
326 363
326 364
326 365
326 366
326 367
326 368
327 279
327 280
327 325
327 326
327 328
327 329
327 330
327 336
327 337
327 338
327 339
327 340
327 341
327 362
327 363
327 364
327 365
327 366
327 382
327 383
327 384
327 385
328 326
328 327
328 329
328 330
328 331
328 335
328 336
328 337
328 338
328 339
328 348
328 353
328 354
328 355
328 361
328 362
328 363
328 364
328 365
328 382
329 327
329 328
329 330
329 331
329 332
329 333
329 334
329 335
329 336
329 337
329 338
329 353
329 354
329 355
329 362
329 363
329 364
329 382
330 327
330 328
330 329
330 331
330 332
330 333
330 334
330 335
330 336
330 337
330 352
330 353
330 354
330 355
331 328
331 329
331 330
331 332
331 333
331 334
331 335
331 336
331 353
331 354
331 355
332 329
332 330
332 331
332 333
332 334
332 335
332 353
333 329
333 330
333 331
333 332
333 334
333 335
333 336
333 353
333 380
333 381
334 329
334 330
334 331
334 332
334 333
334 335
334 336
334 379
334 380
334 381
334 382
335 328
335 329
335 330
335 331
335 332
335 333
335 334
335 336
335 337
335 353
335 377
335 379
335 380
335 381
335 382
335 383
336 327
336 328
336 329
336 330
336 331
336 333
336 334
336 335
336 337
336 338
336 339
336 353
336 364
336 377
336 380
336 381
336 382
336 383
336 384
337 326
337 327
337 328
337 329
337 330
337 335
337 336
337 338
337 339
337 340
337 348
337 351
337 353
337 354
337 364
337 381
337 382
337 383
337 384
337 385
338 325
338 326
338 327
338 328
338 329
338 336
338 337
338 339
338 340
338 341
338 348
338 363
338 364
338 365
338 382
338 383
338 384
338 385
338 386
339 299
339 325
339 326
339 327
339 328
339 336
339 337
339 338
339 340
339 341
339 342
339 343
339 344
339 345
339 347
339 348
339 363
339 364
339 365
339 383
339 384
339 385
339 386
340 298
340 299
340 300
340 324
340 325
340 326
340 327
340 337
340 338
340 339
340 341
340 342
340 343
340 344
340 348
340 384
340 385
340 386
341 298
341 299
341 300
341 301
341 302
341 303
341 321
341 322
341 324
341 325
341 326
341 327
341 338
341 339
341 340
341 342
341 343
341 344
341 345
342 297
342 298
342 299
342 300
342 301
342 339
342 340
342 341
342 343
342 344
342 345
343 296
343 297
343 298
343 299
343 300
343 339
343 340
343 341
343 342
343 344
343 345
343 346
343 347
343 348
343 385
343 386
344 293
344 294
344 295
344 296
344 297
344 298
344 299
344 300
344 301
344 339
344 340
344 341
344 342
344 343
344 345
344 346
344 347
344 348
344 349
345 273
345 274
345 275
345 277
345 293
345 294
345 295
345 296
345 297
345 298
345 299
345 339
345 341
345 342
345 343
345 344
345 346
345 347
345 348
345 349
345 350
345 361
346 228
346 229
346 230
346 272
346 273
346 274
346 275
346 294
346 295
346 296
346 297
346 298
346 343
346 344
346 345
346 347
346 348
346 349
346 350
346 351
347 228
347 230
347 295
347 296
347 298
347 339
347 343
347 344
347 345
347 346
347 348
347 349
347 350
347 351
347 385
347 386
348 230
348 295
348 328
348 337
348 338
348 339
348 340
348 343
348 344
348 345
348 346
348 347
348 349
348 350
348 351
348 352
348 353
348 354
348 355
348 361
348 385
348 386
349 225
349 228
349 229
349 230
349 231
349 232
349 295
349 344
349 345
349 346
349 347
349 348
349 350
349 351
349 352
349 353
349 354
349 355
349 356
349 361
350 225
350 228
350 229
350 230
350 231
350 345
350 346
350 347
350 348
350 349
350 351
350 352
350 353
350 354
350 355
351 229
351 230
351 231
351 337
351 346
351 347
351 348
351 349
351 350
351 352
351 353
351 354
351 355
351 385
351 386
352 229
352 230
352 231
352 330
352 348
352 349
352 350
352 351
352 353
352 354
352 355
353 231
353 328
353 329
353 330
353 331
353 332
353 333
353 335
353 336
353 337
353 348
353 349
353 350
353 351
353 352
353 354
353 355
353 356
354 230
354 231
354 232
354 233
354 328
354 329
354 330
354 331
354 337
354 348
354 349
354 350
354 351
354 352
354 353
354 355
354 356
354 357
354 361
354 362
355 230
355 231
355 232
355 233
355 234
355 235
355 236
355 328
355 329
355 330
355 331
355 348
355 349
355 350
355 351
355 352
355 353
355 354
355 356
355 357
355 358
355 359
355 360
355 361
355 362
356 230
356 231
356 232
356 233
356 234
356 235
356 349
356 353
356 354
356 355
356 357
356 358
356 359
356 360
356 361
356 362
357 231
357 232
357 233
357 234
357 235
357 354
357 355
357 356
357 358
357 359
357 360
357 361
357 362
358 232
358 233
358 234
358 251
358 254
358 255
358 257
358 259
358 355
358 356
358 357
358 359
358 360
358 361
358 362
359 232
359 233
359 234
359 251
359 254
359 255
359 259
359 264
359 265
359 275
359 276
359 277
359 355
359 356
359 357
359 358
359 360
359 361
359 362
360 232
360 259
360 263
360 264
360 265
360 275
360 276
360 277
360 278
360 289
360 290
360 291
360 355
360 356
360 357
360 358
360 359
360 361
360 362
360 363
361 232
361 275
361 276
361 277
361 278
361 279
361 293
361 328
361 345
361 348
361 349
361 354
361 355
361 356
361 357
361 358
361 359
361 360
361 362
361 363
362 276
362 277
362 278
362 279
362 280
362 287
362 289
362 327
362 328
362 329
362 354
362 355
362 356
362 357
362 358
362 359
362 360
362 361
362 363
362 364
362 365
363 277
363 278
363 279
363 280
363 281
363 287
363 326
363 327
363 328
363 329
363 338
363 339
363 360
363 361
363 362
363 364
363 365
363 366
364 278
364 279
364 280
364 281
364 282
364 283
364 287
364 325
364 326
364 327
364 328
364 329
364 336
364 337
364 338
364 339
364 362
364 363
364 365
364 366
365 279
365 280
365 281
365 282
365 283
365 287
365 303
365 319
365 324
365 325
365 326
365 327
365 328
365 338
365 339
365 362
365 363
365 364
365 366
365 367
365 368
365 373
366 279
366 280
366 281
366 282
366 283
366 284
366 318
366 319
366 320
366 323
366 324
366 325
366 326
366 327
366 363
366 364
366 365
366 367
366 368
366 369
366 370
366 372
366 373
366 374
366 376
367 281
367 283
367 318
367 319
367 320
367 321
367 322
367 323
367 324
367 325
367 326
367 365
367 366
367 368
367 369
367 370
367 371
367 372
367 373
367 374
368 318
368 319
368 322
368 323
368 324
368 325
368 326
368 365
368 366
368 367
368 369
368 370
368 371
368 372
368 373
368 374
369 318
369 323
369 324
369 325
369 366
369 367
369 368
369 370
369 371
369 372
369 373
369 374
370 283
370 318
370 319
370 323
370 324
370 366
370 367
370 368
370 369
370 371
370 372
370 373
370 374
370 375
370 376
371 283
371 367
371 368
371 369
371 370
371 372
371 373
371 374
371 375
371 376
372 282
372 283
372 284
372 366
372 367
372 368
372 369
372 370
372 371
372 373
372 374
372 375
372 376
372 377
372 378
373 282
373 283
373 325
373 365
373 366
373 367
373 368
373 369
373 370
373 371
373 372
373 374
373 375
373 376
373 377
373 378
374 366
374 367
374 368
374 369
374 370
374 371
374 372
374 373
374 375
374 376
374 377
374 378
375 370
375 371
375 372
375 373
375 374
375 376
375 377
375 378
375 379
375 380
376 282
376 283
376 366
376 370
376 371
376 372
376 373
376 374
376 375
376 377
376 378
376 379
376 380
377 335
377 336
377 372
377 373
377 374
377 375
377 376
377 378
377 379
377 380
377 381
377 382
378 372
378 373
378 374
378 375
378 376
378 377
378 379
378 380
378 381
378 382
379 334
379 335
379 375
379 376
379 377
379 378
379 380
379 381
379 382
380 333
380 334
380 335
380 336
380 375
380 376
380 377
380 378
380 379
380 381
380 382
380 383
381 333
381 334
381 335
381 336
381 337
381 377
381 378
381 379
381 380
381 382
381 383
382 327
382 328
382 329
382 334
382 335
382 336
382 337
382 338
382 377
382 378
382 379
382 380
382 381
382 383
382 384
383 327
383 335
383 336
383 337
383 338
383 339
383 380
383 381
383 382
383 384
383 385
383 386
384 327
384 336
384 337
384 338
384 339
384 340
384 382
384 383
384 385
384 386
385 327
385 337
385 338
385 339
385 340
385 343
385 347
385 348
385 351
385 383
385 384
385 386
386 338
386 339
386 340
386 343
386 347
386 348
386 351
386 383
386 384
386 385
