0 1
0 2
0 3
1 0
1 2
1 3
1 4
2 0
2 1
2 3
2 4
2 5
3 0
3 1
3 2
3 4
3 5
3 6
4 1
4 2
4 3
4 5
4 6
4 7
5 2
5 3
5 4
5 6
5 7
5 8
6 3
6 4
6 5
6 7
6 8
6 9
7 4
7 5
7 6
7 8
7 9
7 10
8 5
8 6
8 7
8 9
8 10
8 11
9 6
9 7
9 8
9 10
9 11
9 12
10 7
10 8
10 9
10 11
10 12
10 13
11 8
11 9
11 10
11 12
11 13
11 14
12 9
12 10
12 11
12 13
12 14
12 15
12 16
13 10
13 11
13 12
13 14
13 15
13 16
14 11
14 12
14 13
14 15
14 16
14 17
15 12
15 13
15 14
15 16
15 17
15 18
16 12
16 13
16 14
16 15
16 17
16 18
16 19
17 14
17 15
17 16
17 18
17 19
17 20
18 15
18 16
18 17
18 19
18 20
18 21
19 16
19 17
19 18
19 20
19 21
19 22
19 33
19 34
19 35
20 17
20 18
20 19
20 21
20 22
20 23
20 32
20 33
20 34
21 18
21 19
21 20
21 22
21 23
21 24
21 31
21 32
21 33
21 34
22 19
22 20
22 21
22 23
22 24
22 31
22 32
22 33
22 34
23 20
23 21
23 22
23 24
23 25
23 26
23 30
23 31
23 32
23 33
23 34
24 21
24 22
24 23
24 25
24 26
24 27
24 28
24 29
24 30
24 31
24 32
25 23
25 24
25 26
25 27
25 28
25 29
25 30
25 31
26 23
26 24
26 25
26 27
26 28
26 29
26 30
26 31
27 24
27 25
27 26
27 28
27 29
27 30
28 24
28 25
28 26
28 27
28 29
28 30
28 31
28 49
28 50
29 24
29 25
29 26
29 27
29 28
29 30
29 31
29 48
29 49
29 50
30 23
30 24
30 25
30 26
30 27
30 28
30 29
30 31
30 32
30 33
30 47
30 48
30 49
30 50
31 21
31 22
31 23
31 24
31 25
31 26
31 28
31 29
31 30
31 32
31 33
31 34
31 46
31 47
31 48
31 49
31 50
32 20
32 21
32 22
32 23
32 24
32 30
32 31
32 33
32 34
32 35
32 45
32 46
32 47
32 48
32 49
33 19
33 20
33 21
33 22
33 23
33 30
33 31
33 32
33 34
33 35
33 36
33 44
33 45
33 46
33 47
33 48
34 19
34 20
34 21
34 22
34 23
34 31
34 32
34 33
34 35
34 36
34 43
34 44
34 45
34 46
34 47
35 19
35 32
35 33
35 34
35 36
35 37
35 38
35 42
35 43
35 44
35 45
35 46
35 47
36 33
36 34
36 35
36 37
36 38
36 39
36 41
36 42
36 43
36 44
36 45
36 46
37 35
37 36
37 38
37 39
37 40
37 41
37 42
37 43
37 44
37 45
38 35
38 36
38 37
38 39
38 40
38 41
38 42
38 43
38 44
39 36
39 37
39 38
39 40
39 41
39 42
39 43
40 37
40 38
40 39
40 41
40 42
40 43
41 36
41 37
41 38
41 39
41 40
41 42
41 43
41 44
42 35
42 36
42 37
42 38
42 39
42 40
42 41
42 43
42 44
42 45
43 34
43 35
43 36
43 37
43 38
43 39
43 40
43 41
43 42
43 44
43 45
43 46
44 33
44 34
44 35
44 36
44 37
44 38
44 41
44 42
44 43
44 45
44 46
44 47
45 32
45 33
45 34
45 35
45 36
45 37
45 42
45 43
45 44
45 46
45 47
45 48
46 31
46 32
46 33
46 34
46 35
46 36
46 43
46 44
46 45
46 47
46 48
46 49
47 30
47 31
47 32
47 33
47 34
47 35
47 44
47 45
47 46
47 48
47 49
47 50
48 29
48 30
48 31
48 32
48 33
48 45
48 46
48 47
48 49
48 50
48 51
49 28
49 29
49 30
49 31
49 32
49 46
49 47
49 48
49 50
49 51
49 52
50 28
50 29
50 30
50 31
50 47
50 48
50 49
50 51
50 52
50 53
50 54
50 55
51 48
51 49
51 50
51 52
51 53
51 54
51 55
51 56
52 49
52 50
52 51
52 53
52 54
52 55
52 56
52 57
53 50
53 51
53 52
53 54
53 55
53 56
53 57
53 58
54 50
54 51
54 52
54 53
54 55
54 56
54 57
54 58
55 50
55 51
55 52
55 53
55 54
55 56
55 57
55 58
55 59
55 60
55 61
56 51
56 52
56 53
56 54
56 55
56 57
56 58
56 59
56 60
56 61
56 62
57 52
57 53
57 54
57 55
57 56
57 58
57 59
57 60
57 61
57 62
58 53
58 54
58 55
58 56
58 57
58 59
58 60
58 61
58 62
58 63
59 55
59 56
59 57
59 58
59 60
59 61
59 62
59 63
59 64
60 55
60 56
60 57
60 58
60 59
60 61
60 62
60 63
60 64
60 65
60 66
60 162
60 166
61 55
61 56
61 57
61 58
61 59
61 60
61 62
61 63
61 64
61 65
61 66
61 67
62 56
62 57
62 58
62 59
62 60
62 61
62 63
62 64
62 65
62 66
62 67
62 68
63 58
63 59
63 60
63 61
63 62
63 64
63 65
63 66
63 67
63 68
63 69
63 158
63 159
63 162
64 59
64 60
64 61
64 62
64 63
64 65
64 66
64 67
64 68
64 69
64 70
64 158
64 159
64 162
65 60
65 61
65 62
65 63
65 64
65 66
65 67
65 68
65 69
65 70
65 71
66 60
66 61
66 62
66 63
66 64
66 65
66 67
66 68
66 69
66 70
66 71
66 72
67 61
67 62
67 63
67 64
67 65
67 66
67 68
67 69
67 70
67 71
67 72
67 73
67 155
67 156
67 158
67 159
68 62
68 63
68 64
68 65
68 66
68 67
68 69
68 70
68 71
68 72
68 73
68 74
68 155
69 63
69 64
69 65
69 66
69 67
69 68
69 70
69 71
69 72
69 73
69 74
69 75
70 64
70 65
70 66
70 67
70 68
70 69
70 71
70 72
70 73
70 74
70 75
70 76
70 151
70 152
70 155
71 65
71 66
71 67
71 68
71 69
71 70
71 72
71 73
71 74
71 75
71 76
71 77
71 151
71 152
71 155
71 156
72 66
72 67
72 68
72 69
72 70
72 71
72 73
72 74
72 75
72 76
72 77
72 78
73 67
73 68
73 69
73 70
73 71
73 72
73 74
73 75
73 76
73 77
73 78
73 148
74 68
74 69
74 70
74 71
74 72
74 73
74 75
74 76
74 77
74 78
74 79
74 148
74 149
74 151
74 152
74 155
75 69
75 70
75 71
75 72
75 73
75 74
75 76
75 77
75 78
75 79
75 80
75 81
75 148
75 152
76 70
76 71
76 72
76 73
76 74
76 75
76 77
76 78
76 79
76 80
76 81
76 82
77 71
77 72
77 73
77 74
77 75
77 76
77 78
77 79
77 80
77 81
77 82
77 144
77 145
77 148
78 72
78 73
78 74
78 75
78 76
78 77
78 79
78 80
78 81
78 82
78 83
78 84
78 144
78 145
78 148
78 149
79 74
79 75
79 76
79 77
79 78
79 80
79 81
79 82
79 83
79 84
79 85
80 75
80 76
80 77
80 78
80 79
80 81
80 82
80 83
80 84
80 85
81 75
81 76
81 77
81 78
81 79
81 80
81 82
81 83
81 84
81 85
81 86
81 87
81 138
81 141
81 142
81 144
81 145
82 76
82 77
82 78
82 79
82 80
82 81
82 83
82 84
82 85
82 86
82 87
82 88
82 141
83 78
83 79
83 80
83 81
83 82
83 84
83 85
83 86
83 87
83 88
84 78
84 79
84 80
84 81
84 82
84 83
84 85
84 86
84 87
84 88
84 89
84 90
84 137
84 138
84 141
85 79
85 80
85 81
85 82
85 83
85 84
85 86
85 87
85 88
85 89
85 90
85 91
85 134
85 137
85 138
85 141
85 142
86 81
86 82
86 83
86 84
86 85
86 87
86 88
86 89
86 90
86 91
87 81
87 82
87 83
87 84
87 85
87 86
87 88
87 89
87 90
87 91
87 92
87 93
87 134
88 82
88 83
88 84
88 85
88 86
88 87
88 89
88 90
88 91
88 92
88 93
88 94
88 131
88 134
88 135
88 137
88 138
89 84
89 85
89 86
89 87
89 88
89 90
89 91
89 92
89 93
89 94
89 95
89 134
89 135
89 138
90 84
90 85
90 86
90 87
90 88
90 89
90 91
90 92
90 93
90 94
90 95
90 96
91 85
91 86
91 87
91 88
91 89
91 90
91 92
91 93
91 94
91 95
91 96
91 130
91 131
91 134
92 87
92 88
92 89
92 90
92 91
92 93
92 94
92 95
92 96
92 97
92 98
92 99
92 128
92 131
92 132
92 134
92 135
93 87
93 88
93 89
93 90
93 91
93 92
93 94
93 95
93 96
93 97
93 98
93 99
94 88
94 89
94 90
94 91
94 92
94 93
94 95
94 96
94 97
94 98
94 99
95 89
95 90
95 91
95 92
95 93
95 94
95 96
95 97
95 98
95 99
95 100
95 101
95 127
95 128
95 130
95 131
96 90
96 91
96 92
96 93
96 94
96 95
96 97
96 98
96 99
96 100
96 101
96 102
96 128
96 131
97 92
97 93
97 94
97 95
97 96
97 98
97 99
97 100
97 101
97 102
97 103
98 92
98 93
98 94
98 95
98 96
98 97
98 99
98 100
98 101
98 102
98 103
98 104
98 124
98 125
98 127
98 128
99 92
99 93
99 94
99 95
99 96
99 97
99 98
99 100
99 101
99 102
99 103
99 104
99 105
99 124
99 125
99 127
99 128
100 95
100 96
100 97
100 98
100 99
100 101
100 102
100 103
100 104
100 105
100 106
101 95
101 96
101 97
101 98
101 99
101 100
101 102
101 103
101 104
101 105
101 106
101 124
102 96
102 97
102 98
102 99
102 100
102 101
102 103
102 104
102 105
102 106
102 107
102 108
102 121
102 122
102 124
102 125
103 97
103 98
103 99
103 100
103 101
103 102
103 104
103 105
103 106
103 107
103 108
104 98
104 99
104 100
104 101
104 102
104 103
104 105
104 106
104 107
104 108
104 109
105 99
105 100
105 101
105 102
105 103
105 104
105 106
105 107
105 108
105 109
105 110
105 117
105 121
106 100
106 101
106 102
106 103
106 104
106 105
106 107
106 108
106 109
106 110
106 111
106 113
106 118
106 121
107 102
107 103
107 104
107 105
107 106
107 108
107 109
107 110
107 111
108 102
108 103
108 104
108 105
108 106
108 107
108 109
108 110
108 111
108 112
108 113
109 104
109 105
109 106
109 107
109 108
109 110
109 111
109 112
109 113
109 114
109 117
109 118
110 105
110 106
110 107
110 108
110 109
110 111
110 112
110 113
111 106
111 107
111 108
111 109
111 110
111 112
111 113
111 114
112 108
112 109
112 110
112 111
112 113
112 114
112 115
112 117
112 118
113 106
113 108
113 109
113 110
113 111
113 112
113 114
113 115
113 116
113 117
113 118
113 119
113 121
114 109
114 111
114 112
114 113
114 115
114 116
114 117
114 118
114 119
115 112
115 113
115 114
115 116
115 117
115 118
115 119
115 120
115 121
116 113
116 114
116 115
116 117
116 118
116 119
116 120
116 121
116 122
117 105
117 109
117 112
117 113
117 114
117 115
117 116
117 118
117 119
117 120
117 121
117 122
117 123
118 106
118 109
118 112
118 113
118 114
118 115
118 116
118 117
118 119
118 120
118 121
118 122
118 123
118 124
119 113
119 114
119 115
119 116
119 117
119 118
119 120
119 121
119 122
119 123
119 124
119 125
120 115
120 116
120 117
120 118
120 119
120 121
120 122
120 123
120 124
120 125
120 126
121 102
121 105
121 106
121 113
121 115
121 116
121 117
121 118
121 119
121 120
121 122
121 123
121 124
121 125
121 126
121 127
122 102
122 116
122 117
122 118
122 119
122 120
122 121
122 123
122 124
122 125
122 126
122 127
123 117
123 118
123 119
123 120
123 121
123 122
123 124
123 125
123 126
123 127
123 128
124 98
124 99
124 101
124 102
124 118
124 119
124 120
124 121
124 122
124 123
124 125
124 126
124 127
124 128
124 129
125 98
125 99
125 102
125 119
125 120
125 121
125 122
125 123
125 124
125 126
125 127
125 128
125 129
126 120
126 121
126 122
126 123
126 124
126 125
126 127
126 128
126 129
126 130
127 95
127 98
127 99
127 121
127 122
127 123
127 124
127 125
127 126
127 128
127 129
127 130
127 131
128 92
128 95
128 96
128 98
128 99
128 123
128 124
128 125
128 126
128 127
128 129
128 130
128 131
128 132
129 124
129 125
129 126
129 127
129 128
129 130
129 131
129 132
129 133
129 134
130 91
130 95
130 126
130 127
130 128
130 129
130 131
130 132
130 133
130 134
130 135
131 88
131 91
131 92
131 95
131 96
131 127
131 128
131 129
131 130
131 132
131 133
131 134
131 135
131 136
131 137
132 92
132 128
132 129
132 130
132 131
132 133
132 134
132 135
132 136
132 137
132 138
133 129
133 130
133 131
133 132
133 134
133 135
133 136
133 137
133 138
133 139
134 85
134 87
134 88
134 89
134 91
134 92
134 129
134 130
134 131
134 132
134 133
134 135
134 136
134 137
134 138
134 139
134 140
135 88
135 89
135 92
135 130
135 131
135 132
135 133
135 134
135 136
135 137
135 138
135 139
135 140
135 141
136 131
136 132
136 133
136 134
136 135
136 137
136 138
136 139
136 140
136 141
137 84
137 85
137 88
137 131
137 132
137 133
137 134
137 135
137 136
137 138
137 139
137 140
137 141
137 142
138 81
138 84
138 85
138 88
138 89
138 132
138 133
138 134
138 135
138 136
138 137
138 139
138 140
138 141
138 142
138 143
138 144
139 133
139 134
139 135
139 136
139 137
139 138
139 140
139 141
139 142
139 143
139 144
140 134
140 135
140 136
140 137
140 138
140 139
140 141
140 142
140 143
140 144
140 145
141 81
141 82
141 84
141 85
141 135
141 136
141 137
141 138
141 139
141 140
141 142
141 143
141 144
141 145
141 146
141 147
142 81
142 85
142 137
142 138
142 139
142 140
142 141
142 143
142 144
142 145
142 146
142 147
143 138
143 139
143 140
143 141
143 142
143 144
143 145
143 146
143 147
143 148
144 77
144 78
144 81
144 138
144 139
144 140
144 141
144 142
144 143
144 145
144 146
144 147
144 148
144 149
145 77
145 78
145 81
145 140
145 141
145 142
145 143
145 144
145 146
145 147
145 148
145 149
145 150
145 151
146 141
146 142
146 143
146 144
146 145
146 147
146 148
146 149
146 150
146 151
147 141
147 142
147 143
147 144
147 145
147 146
147 148
147 149
147 150
147 151
147 152
147 153
148 73
148 74
148 75
148 77
148 78
148 143
148 144
148 145
148 146
148 147
148 149
148 150
148 151
148 152
148 153
148 154
149 74
149 78
149 144
149 145
149 146
149 147
149 148
149 150
149 151
149 152
149 153
149 154
149 155
150 145
150 146
150 147
150 148
150 149
150 151
150 152
150 153
150 154
150 155
150 156
151 70
151 71
151 74
151 145
151 146
151 147
151 148
151 149
151 150
151 152
151 153
151 154
151 155
151 156
151 157
152 70
152 71
152 74
152 75
152 147
152 148
152 149
152 150
152 151
152 153
152 154
152 155
152 156
152 157
152 158
153 147
153 148
153 149
153 150
153 151
153 152
153 154
153 155
153 156
153 157
153 158
153 159
154 148
154 149
154 150
154 151
154 152
154 153
154 155
154 156
154 157
154 158
154 159
154 160
155 67
155 68
155 70
155 71
155 74
155 149
155 150
155 151
155 152
155 153
155 154
155 156
155 157
155 158
155 159
155 160
156 67
156 71
156 150
156 151
156 152
156 153
156 154
156 155
156 157
156 158
156 159
156 160
156 161
157 151
157 152
157 153
157 154
157 155
157 156
157 158
157 159
157 160
157 161
157 162
157 163
158 63
158 64
158 67
158 152
158 153
158 154
158 155
158 156
158 157
158 159
158 160
158 161
158 162
158 163
159 63
159 64
159 67
159 153
159 154
159 155
159 156
159 157
159 158
159 160
159 161
159 162
159 163
159 164
159 165
160 154
160 155
160 156
160 157
160 158
160 159
160 161
160 162
160 163
160 164
160 165
160 166
161 156
161 157
161 158
161 159
161 160
161 162
161 163
161 164
161 165
161 166
161 167
162 60
162 63
162 64
162 157
162 158
162 159
162 160
162 161
162 163
162 164
162 165
162 166
162 167
163 157
163 158
163 159
163 160
163 161
163 162
163 164
163 165
163 166
163 167
163 168
164 159
164 160
164 161
164 162
164 163
164 165
164 166
164 167
164 168
165 159
165 160
165 161
165 162
165 163
165 164
165 166
165 167
165 168
165 169
166 60
166 160
166 161
166 162
166 163
166 164
166 165
166 167
166 168
166 169
166 170
166 171
167 161
167 162
167 163
167 164
167 165
167 166
167 168
167 169
167 170
167 171
168 163
168 164
168 165
168 166
168 167
168 169
168 170
168 171
168 173
169 165
169 166
169 167
169 168
169 170
169 171
169 172
169 173
169 174
170 166
170 167
170 168
170 169
170 171
170 172
170 173
170 174
170 175
170 176
171 166
171 167
171 168
171 169
171 170
171 172
171 173
171 174
171 175
171 176
171 177
172 169
172 170
172 171
172 173
172 174
172 175
172 176
172 177
172 178
173 168
173 169
173 170
173 171
173 172
173 174
173 175
173 176
173 177
173 178
173 179
174 169
174 170
174 171
174 172
174 173
174 175
174 176
174 177
174 178
174 179
174 180
175 170
175 171
175 172
175 173
175 174
175 176
175 177
175 178
175 179
175 180
175 181
176 170
176 171
176 172
176 173
176 174
176 175
176 177
176 178
176 179
176 180
176 181
176 182
177 171
177 172
177 173
177 174
177 175
177 176
177 178
177 179
177 180
177 181
177 182
177 183
178 172
178 173
178 174
178 175
178 176
178 177
178 179
178 180
178 181
178 182
178 183
178 184
179 173
179 174
179 175
179 176
179 177
179 178
179 180
179 181
179 182
179 183
179 184
179 185
180 174
180 175
180 176
180 177
180 178
180 179
180 181
180 182
180 183
180 184
180 185
180 186
181 175
181 176
181 177
181 178
181 179
181 180
181 182
181 183
181 184
181 185
181 186
181 187
182 176
182 177
182 178
182 179
182 180
182 181
182 183
182 184
182 185
182 186
182 187
182 188
183 177
183 178
183 179
183 180
183 181
183 182
183 184
183 185
183 186
183 187
183 188
183 189
183 224
184 178
184 179
184 180
184 181
184 182
184 183
184 185
184 186
184 187
184 188
184 189
184 190
185 179
185 180
185 181
185 182
185 183
185 184
185 186
185 187
185 188
185 189
185 190
185 191
186 180
186 181
186 182
186 183
186 184
186 185
186 187
186 188
186 189
186 190
186 191
186 192
186 224
186 424
186 425
186 426
187 181
187 182
187 183
187 184
187 185
187 186
187 188
187 189
187 190
187 191
187 192
188 182
188 183
188 184
188 185
188 186
188 187
188 189
188 190
188 191
188 192
188 193
189 183
189 184
189 185
189 186
189 187
189 188
189 190
189 191
189 192
189 193
189 194
189 424
189 425
189 426
189 443
190 184
190 185
190 186
190 187
190 188
190 189
190 191
190 192
190 193
190 194
190 328
190 423
190 424
190 426
191 185
191 186
191 187
191 188
191 189
191 190
191 192
191 193
191 194
192 186
192 187
192 188
192 189
192 190
192 191
192 193
192 194
192 195
192 443
192 444
192 445
192 446
192 447
193 188
193 189
193 190
193 191
193 192
193 194
193 195
193 328
193 376
193 443
193 445
193 446
193 447
194 189
194 190
194 191
194 192
194 193
194 195
194 196
194 197
194 327
194 328
194 329
194 375
194 376
194 377
194 443
194 444
194 445
194 446
194 447
195 192
195 193
195 194
195 196
195 197
195 198
195 375
195 376
195 378
195 442
195 443
195 444
195 445
195 446
195 447
196 194
196 195
196 197
196 198
196 199
196 375
196 376
196 378
196 380
196 394
196 441
196 442
196 443
196 444
196 445
196 446
197 194
197 195
197 196
197 198
197 199
197 200
197 375
197 376
197 378
197 380
197 391
197 394
197 405
197 407
197 441
197 442
197 443
197 444
197 445
198 195
198 196
198 197
198 199
198 200
198 391
198 405
198 406
198 407
198 408
198 441
198 442
198 443
198 444
198 445
199 196
199 197
199 198
199 200
199 201
199 202
199 391
199 406
199 407
199 408
199 409
199 439
199 440
199 441
199 442
199 443
199 444
200 197
200 198
200 199
200 201
200 202
200 203
200 390
200 391
200 407
200 408
200 409
200 410
200 427
200 428
200 438
200 439
200 440
200 441
200 442
200 443
201 199
201 200
201 202
201 203
201 204
201 408
201 409
201 410
201 427
201 428
201 438
201 439
201 440
201 441
201 442
202 199
202 200
202 201
202 203
202 204
202 205
202 408
202 409
202 410
202 411
202 412
202 437
202 438
202 439
202 440
202 441
203 200
203 201
203 202
203 204
203 205
203 206
203 409
203 410
203 411
203 412
203 413
203 428
203 430
203 436
203 437
203 438
203 439
203 440
204 201
204 202
204 203
204 205
204 206
204 207
204 412
204 429
204 430
204 436
204 437
204 438
204 439
204 440
205 202
205 203
205 204
205 206
205 207
205 208
205 412
205 413
205 430
205 432
205 435
205 436
205 437
205 438
205 439
206 203
206 204
206 205
206 207
206 208
206 209
206 247
206 248
206 250
206 251
206 435
206 436
206 437
206 438
207 204
207 205
207 206
207 208
207 209
207 210
207 250
207 251
207 252
207 253
207 431
207 434
207 435
207 436
207 437
207 438
208 205
208 206
208 207
208 209
208 210
208 211
208 212
208 251
208 431
208 432
208 433
208 434
208 435
208 436
208 437
209 206
209 207
209 208
209 210
209 211
209 212
209 214
209 231
209 233
209 250
209 251
209 253
209 431
209 433
209 434
209 435
209 436
210 207
210 208
210 209
210 211
210 212
210 213
210 214
210 215
210 231
210 232
210 233
210 234
210 433
210 434
210 435
210 436
211 208
211 209
211 210
211 212
211 213
211 214
211 232
211 233
211 234
211 235
211 433
211 434
211 435
212 208
212 209
212 210
212 211
212 213
212 214
212 233
212 234
212 235
212 415
212 416
212 417
212 431
212 432
212 433
212 434
212 435
213 210
213 211
213 212
213 214
213 215
213 232
213 233
213 234
213 235
213 236
213 267
213 268
213 318
213 415
213 416
213 417
213 418
213 431
213 432
213 433
213 434
213 435
214 209
214 210
214 211
214 212
214 213
214 215
214 216
214 231
214 232
214 233
214 234
214 235
214 236
214 238
214 267
214 268
214 269
214 270
214 416
214 417
214 418
214 430
214 431
214 432
214 433
214 434
214 435
214 436
215 210
215 213
215 214
215 216
215 217
215 230
215 231
215 232
215 233
215 234
215 235
215 241
215 267
215 268
215 269
215 270
215 271
215 417
215 418
215 419
215 420
215 429
215 430
215 431
215 432
215 434
215 435
215 436
216 214
216 215
216 217
216 218
216 229
216 230
216 231
216 232
216 233
216 241
216 242
216 243
216 268
216 269
216 270
216 271
216 272
216 418
216 419
216 420
216 429
216 430
216 431
216 435
216 436
216 437
217 215
217 216
217 218
217 219
217 220
217 228
217 229
217 230
217 231
217 232
217 243
217 270
217 271
217 272
217 273
217 277
217 420
217 421
217 422
217 428
217 429
217 430
217 431
217 436
218 216
218 217
218 219
218 220
218 221
218 222
218 226
218 227
218 228
218 229
218 230
218 231
218 243
218 244
218 246
218 247
218 271
218 272
218 273
218 275
218 422
218 424
218 425
218 429
219 217
219 218
219 220
219 221
219 222
219 223
219 224
219 226
219 227
219 228
219 229
219 230
219 271
219 272
219 273
219 274
219 275
219 276
219 277
219 326
219 422
219 423
219 424
219 425
220 217
220 218
220 219
220 221
220 222
220 223
220 224
220 271
220 272
220 273
220 274
220 275
220 325
220 326
220 327
220 328
220 330
220 331
220 421
220 422
220 423
220 424
220 425
220 426
221 218
221 219
221 220
221 222
221 223
221 224
221 226
221 272
221 273
221 274
221 275
221 326
221 327
221 328
221 330
221 422
221 423
221 424
222 218
222 219
222 220
222 221
222 223
222 224
222 225
222 226
222 227
222 228
222 272
222 273
222 274
222 275
222 424
223 219
223 220
223 221
223 222
223 224
223 225
223 226
223 227
223 274
223 424
224 183
224 186
224 219
224 220
224 221
224 222
224 223
224 225
224 226
224 227
224 424
224 425
225 222
225 223
225 224
225 226
225 227
225 228
225 246
226 218
226 219
226 221
226 222
226 223
226 224
226 225
226 227
226 228
226 229
226 245
226 246
226 247
227 218
227 219
227 222
227 223
227 224
227 225
227 226
227 228
227 229
227 244
227 245
227 246
227 247
227 248
227 249
227 250
228 217
228 218
228 219
228 222
228 225
228 226
228 227
228 229
228 230
228 243
228 244
228 245
228 246
228 247
228 248
228 249
228 250
228 256
229 216
229 217
229 218
229 219
229 226
229 227
229 228
229 230
229 231
229 242
229 243
229 244
229 245
229 246
229 247
229 248
229 249
229 250
229 251
229 256
229 272
230 215
230 216
230 217
230 218
230 219
230 228
230 229
230 231
230 232
230 241
230 242
230 243
230 244
230 245
230 246
230 247
230 250
230 256
230 257
230 258
230 259
230 271
230 272
230 277
231 209
231 210
231 214
231 215
231 216
231 217
231 218
231 229
231 230
231 232
231 233
231 234
231 240
231 241
231 242
231 243
231 244
231 250
231 256
231 258
231 436
232 210
232 211
232 213
232 214
232 215
232 216
232 217
232 230
232 231
232 233
232 234
232 235
232 238
232 239
232 240
232 241
232 242
232 243
232 265
232 268
232 270
233 209
233 210
233 211
233 212
233 213
233 214
233 215
233 216
233 231
233 232
233 234
233 235
233 236
233 238
233 239
233 240
233 241
233 242
233 268
233 431
233 434
234 210
234 211
234 212
234 213
234 214
234 215
234 231
234 232
234 233
234 235
234 236
234 237
234 238
234 239
234 240
234 265
234 266
234 267
234 268
234 318
234 417
234 434
235 211
235 212
235 213
235 214
235 215
235 232
235 233
235 234
235 236
235 237
235 238
235 264
235 265
235 266
235 267
235 268
235 269
235 282
235 317
235 318
235 319
235 320
235 417
235 418
236 213
236 214
236 233
236 234
236 235
236 237
236 238
236 239
236 264
236 265
236 266
236 267
236 268
236 282
236 318
236 319
237 234
237 235
237 236
237 238
237 239
237 240
237 263
237 264
237 265
237 266
237 267
237 281
237 282
237 283
237 319
238 214
238 232
238 233
238 234
238 235
238 236
238 237
238 239
238 240
238 241
238 260
238 261
238 263
238 264
238 265
238 266
238 267
238 268
238 281
238 282
239 232
239 233
239 234
239 236
239 237
239 238
239 240
239 241
239 259
239 260
239 261
239 262
239 263
239 264
239 265
239 266
240 231
240 232
240 233
240 234
240 237
240 238
240 239
240 241
240 242
240 243
240 258
240 259
240 260
240 261
240 262
240 264
240 265
241 215
241 216
241 230
241 231
241 232
241 233
241 238
241 239
241 240
241 242
241 243
241 244
241 256
241 257
241 258
241 259
241 260
241 261
241 277
241 292
242 216
242 229
242 230
242 231
242 232
242 233
242 240
242 241
242 243
242 244
242 245
242 250
242 255
242 256
242 257
242 258
242 259
242 260
243 216
243 217
243 218
243 228
243 229
243 230
243 231
243 232
243 240
243 241
243 242
243 244
243 245
243 246
243 249
243 250
243 255
243 256
243 257
243 258
243 259
243 292
244 218
244 227
244 228
244 229
244 230
244 231
244 241
244 242
244 243
244 245
244 246
244 247
244 248
244 249
244 250
244 251
244 253
244 254
244 255
244 256
244 257
244 258
245 226
245 227
245 228
245 229
245 230
245 242
245 243
245 244
245 246
245 247
245 248
245 249
245 250
245 254
245 255
245 256
245 257
246 218
246 225
246 226
246 227
246 228
246 229
246 230
246 243
246 244
246 245
246 247
246 248
246 249
246 250
246 251
246 252
246 254
246 255
246 256
247 206
247 218
247 226
247 227
247 228
247 229
247 230
247 244
247 245
247 246
247 248
247 249
247 250
247 251
247 252
247 253
248 206
248 227
248 228
248 229
248 244
248 245
248 246
248 247
248 249
248 250
248 251
248 252
248 253
248 254
248 255
249 227
249 228
249 229
249 243
249 244
249 245
249 246
249 247
249 248
249 250
249 251
249 252
249 253
249 254
249 255
249 256
250 206
250 207
250 209
250 227
250 228
250 229
250 230
250 231
250 242
250 243
250 244
250 245
250 246
250 247
250 248
250 249
250 251
250 252
250 253
250 254
250 255
250 256
251 206
251 207
251 208
251 209
251 229
251 244
251 246
251 247
251 248
251 249
251 250
251 252
251 253
251 254
251 436
252 207
252 246
252 247
252 248
252 249
252 250
252 251
252 253
252 254
252 255
253 207
253 209
253 244
253 247
253 248
253 249
253 250
253 251
253 252
253 254
253 255
253 256
254 244
254 245
254 246
254 248
254 249
254 250
254 251
254 252
254 253
254 255
254 256
254 257
255 242
255 243
255 244
255 245
255 246
255 248
255 249
255 250
255 252
255 253
255 254
255 256
255 257
256 228
256 229
256 230
256 231
256 241
256 242
256 243
256 244
256 245
256 246
256 249
256 250
256 253
256 254
256 255
256 257
256 258
256 259
257 230
257 241
257 242
257 243
257 244
257 245
257 254
257 255
257 256
257 258
257 259
258 230
258 231
258 240
258 241
258 242
258 243
258 244
258 256
258 257
258 259
258 260
258 261
259 230
259 239
259 240
259 241
259 242
259 243
259 256
259 257
259 258
259 260
259 261
259 262
259 292
259 295
260 238
260 239
260 240
260 241
260 242
260 258
260 259
260 261
260 262
260 263
260 264
260 292
260 295
261 238
261 239
261 240
261 241
261 258
261 259
261 260
261 262
261 263
261 264
261 265
261 277
261 290
261 291
261 292
261 295
261 296
261 297
262 239
262 240
262 259
262 260
262 261
262 263
262 264
262 265
262 281
262 290
262 295
262 296
262 297
263 237
263 238
263 239
263 260
263 261
263 262
263 264
263 265
263 266
263 279
263 280
263 281
263 282
263 288
263 290
263 297
264 235
264 236
264 237
264 238
264 239
264 240
264 260
264 261
264 262
264 263
264 265
264 266
264 279
264 280
264 281
264 282
264 283
265 232
265 234
265 235
265 236
265 237
265 238
265 239
265 240
265 261
265 262
265 263
265 264
265 266
265 267
265 268
265 269
265 270
265 278
265 279
265 280
265 281
265 282
265 283
265 284
265 286
265 287
265 288
265 319
266 234
266 235
266 236
266 237
266 238
266 239
266 263
266 264
266 265
266 267
266 268
266 269
266 270
266 279
266 280
266 281
266 282
266 283
266 284
266 285
266 308
266 309
266 310
266 318
266 319
266 320
266 321
266 322
266 323
267 213
267 214
267 215
267 234
267 235
267 236
267 237
267 238
267 265
267 266
267 268
267 269
267 270
267 279
267 280
267 281
267 282
267 308
267 309
267 310
267 313
267 314
267 317
267 318
267 319
267 320
267 321
267 322
267 323
267 417
267 418
268 213
268 214
268 215
268 216
268 232
268 233
268 234
268 235
268 236
268 238
268 265
268 266
268 267
268 269
268 270
268 271
268 279
268 280
268 318
268 319
268 320
268 321
268 322
268 323
268 324
268 417
268 418
268 419
268 431
269 214
269 215
269 216
269 235
269 265
269 266
269 267
269 268
269 270
269 271
269 278
269 279
269 280
269 319
269 320
269 321
269 322
269 323
269 324
269 325
269 333
269 334
269 371
269 372
269 373
269 417
269 418
269 419
269 420
270 214
270 215
270 216
270 217
270 232
270 265
270 266
270 267
270 268
270 269
270 271
270 272
270 273
270 277
270 278
270 279
270 280
270 322
270 323
270 324
270 325
270 326
270 333
270 418
270 420
271 215
271 216
271 217
271 218
271 219
271 220
271 230
271 268
271 269
271 270
271 272
271 273
271 274
271 276
271 277
271 278
271 279
271 289
271 323
271 324
271 325
271 326
271 331
271 332
271 420
271 421
271 422
272 216
272 217
272 218
272 219
272 220
272 221
272 222
272 229
272 230
272 270
272 271
272 273
272 274
272 275
272 276
272 277
272 278
272 279
272 289
272 290
272 291
272 292
272 324
272 325
272 326
272 422
273 217
273 218
273 219
273 220
273 221
273 222
273 270
273 271
273 272
273 274
273 275
273 276
273 277
273 278
273 289
273 291
273 325
273 326
273 330
273 331
273 351
273 422
274 219
274 220
274 221
274 222
274 223
274 271
274 272
274 273
274 275
274 276
274 277
274 291
274 292
274 351
275 218
275 219
275 220
275 221
275 222
275 272
275 273
275 274
275 276
275 277
275 289
275 290
275 291
275 292
275 293
275 294
276 219
276 271
276 272
276 273
276 274
276 275
276 277
276 278
276 279
276 288
276 289
276 290
276 291
276 292
276 293
276 294
276 295
276 296
276 297
276 298
276 351
277 217
277 219
277 230
277 241
277 261
277 270
277 271
277 272
277 273
277 274
277 275
277 276
277 278
277 279
277 288
277 289
277 290
277 291
277 292
277 297
278 265
278 269
278 270
278 271
278 272
278 273
278 276
278 277
278 279
278 280
278 281
278 287
278 288
278 289
278 290
278 291
278 297
278 299
278 300
278 323
278 324
278 325
278 331
278 333
278 351
278 354
279 263
279 264
279 265
279 266
279 267
279 268
279 269
279 270
279 271
279 272
279 276
279 277
279 278
279 280
279 281
279 282
279 286
279 287
279 288
279 289
279 290
279 300
279 322
279 323
279 324
280 263
280 264
280 265
280 266
280 267
280 268
280 269
280 270
280 278
280 279
280 281
280 282
280 283
280 284
280 285
280 286
280 287
280 288
280 289
280 300
280 301
280 302
280 303
280 308
280 319
280 320
280 321
280 322
280 323
280 324
281 237
281 238
281 262
281 263
281 264
281 265
281 266
281 267
281 278
281 279
281 280
281 282
281 283
281 284
281 285
281 286
281 287
281 288
281 300
281 301
281 302
281 308
281 322
282 235
282 236
282 237
282 238
282 263
282 264
282 265
282 266
282 267
282 279
282 280
282 281
282 283
282 284
282 285
282 286
282 287
282 308
282 309
282 319
283 237
283 264
283 265
283 266
283 280
283 281
283 282
283 284
283 285
283 286
283 307
283 308
283 309
283 310
283 319
284 265
284 266
284 280
284 281
284 282
284 283
284 285
284 286
284 287
284 302
284 303
284 306
284 307
284 308
284 309
285 266
285 280
285 281
285 282
285 283
285 284
285 286
285 287
285 288
285 301
285 302
285 303
285 304
285 305
285 306
285 307
285 308
285 309
285 321
285 322
285 335
286 265
286 279
286 280
286 281
286 282
286 283
286 284
286 285
286 287
286 288
286 289
286 300
286 301
286 302
286 303
286 304
286 306
286 308
286 322
286 354
287 265
287 278
287 279
287 280
287 281
287 282
287 284
287 285
287 286
287 288
287 289
287 290
287 299
287 300
287 301
287 302
287 303
287 322
287 323
287 324
287 333
287 354
288 263
288 265
288 276
288 277
288 278
288 279
288 280
288 281
288 285
288 286
288 287
288 289
288 290
288 291
288 297
288 298
288 299
288 300
288 301
288 302
288 354
289 271
289 272
289 273
289 275
289 276
289 277
289 278
289 279
289 280
289 286
289 287
289 288
289 290
289 291
289 292
289 296
289 297
289 298
289 299
289 300
289 301
289 351
289 352
289 353
289 354
290 261
290 262
290 263
290 272
290 275
290 276
290 277
290 278
290 279
290 287
290 288
290 289
290 291
290 292
290 293
290 294
290 295
290 296
290 297
290 298
290 299
290 300
291 261
291 272
291 273
291 274
291 275
291 276
291 277
291 278
291 288
291 289
291 290
291 292
291 293
291 294
291 295
291 296
291 297
291 298
291 299
292 241
292 243
292 259
292 260
292 261
292 272
292 274
292 275
292 276
292 277
292 289
292 290
292 291
292 293
292 294
292 295
292 296
292 297
293 275
293 276
293 290
293 291
293 292
293 294
293 295
293 296
294 275
294 276
294 290
294 291
294 292
294 293
294 295
294 296
294 297
294 298
295 259
295 260
295 261
295 262
295 276
295 290
295 291
295 292
295 293
295 294
295 296
295 297
295 298
296 261
296 262
296 276
296 289
296 290
296 291
296 292
296 293
296 294
296 295
296 297
296 298
296 299
297 261
297 262
297 263
297 276
297 277
297 278
297 288
297 289
297 290
297 291
297 292
297 294
297 295
297 296
297 298
297 299
297 300
298 276
298 288
298 289
298 290
298 291
298 294
298 295
298 296
298 297
298 299
298 300
298 352
298 353
299 278
299 287
299 288
299 289
299 290
299 291
299 296
299 297
299 298
299 300
299 301
299 351
299 352
299 353
299 354
300 278
300 279
300 280
300 281
300 286
300 287
300 288
300 289
300 290
300 297
300 298
300 299
300 301
300 302
300 303
300 353
300 354
300 355
301 280
301 281
301 285
301 286
301 287
301 288
301 289
301 299
301 300
301 302
301 303
301 304
301 353
301 354
301 355
301 356
302 280
302 281
302 284
302 285
302 286
302 287
302 288
302 300
302 301
302 303
302 304
302 305
302 306
302 354
302 355
302 356
303 280
303 284
303 285
303 286
303 287
303 300
303 301
303 302
303 304
303 305
303 306
303 307
303 322
303 333
303 335
303 337
303 347
303 349
303 354
303 355
303 356
304 285
304 286
304 301
304 302
304 303
304 305
304 306
304 307
304 337
304 356
305 285
305 302
305 303
305 304
305 306
305 307
305 308
305 335
305 336
305 337
305 338
305 339
305 340
306 284
306 285
306 286
306 302
306 303
306 304
306 305
306 307
306 308
306 311
306 312
306 321
306 322
306 334
306 335
306 336
306 337
306 338
306 339
306 342
306 345
307 283
307 284
307 285
307 303
307 304
307 305
307 306
307 308
307 309
307 310
307 311
307 312
307 313
307 319
307 320
307 321
307 322
307 335
307 336
307 337
307 338
307 342
308 266
308 267
308 280
308 281
308 282
308 283
308 284
308 285
308 286
308 305
308 306
308 307
308 309
308 310
308 311
308 312
308 313
308 319
308 320
308 321
308 322
308 335
308 336
308 337
309 266
309 267
309 282
309 283
309 284
309 285
309 307
309 308
309 310
309 311
309 312
309 313
309 317
309 318
309 319
309 320
309 321
309 322
310 266
310 267
310 283
310 307
310 308
310 309
310 311
310 312
310 313
310 314
310 317
310 318
310 319
310 320
310 321
310 322
310 367
311 306
311 307
311 308
311 309
311 310
311 312
311 313
311 314
311 317
311 319
311 320
311 321
311 336
311 337
311 338
311 342
311 367
312 306
312 307
312 308
312 309
312 310
312 311
312 313
312 314
312 315
312 317
312 319
312 320
312 321
312 322
312 335
312 336
312 337
312 338
312 341
312 342
312 343
312 344
312 365
312 366
312 367
312 368
313 267
313 307
313 308
313 309
313 310
313 311
313 312
313 314
313 315
313 316
313 317
313 318
313 319
313 320
313 321
313 322
313 323
313 335
313 336
313 342
313 344
313 365
313 366
313 367
313 368
313 369
313 370
313 371
314 267
314 310
314 311
314 312
314 313
314 315
314 316
314 317
314 318
314 319
314 320
314 321
314 322
314 323
314 335
314 344
314 365
314 366
314 367
314 368
314 369
314 370
314 371
314 372
314 384
314 385
314 417
315 312
315 313
315 314
315 316
315 317
315 318
315 320
315 365
315 366
315 367
315 368
315 369
315 370
315 371
315 383
315 384
315 385
315 386
316 313
316 314
316 315
316 317
316 318
316 319
316 320
316 367
316 368
316 369
316 370
316 371
316 384
316 385
316 386
316 415
316 416
316 417
317 235
317 267
317 309
317 310
317 311
317 312
317 313
317 314
317 315
317 316
317 318
317 319
317 320
317 321
317 367
317 370
317 417
318 213
318 234
318 235
318 236
318 266
318 267
318 268
318 309
318 310
318 313
318 314
318 315
318 316
318 317
318 319
318 320
318 321
318 417
319 235
319 236
319 237
319 265
319 266
319 267
319 268
319 269
319 280
319 282
319 283
319 307
319 308
319 309
319 310
319 311
319 312
319 313
319 314
319 316
319 317
319 318
319 320
319 321
319 322
319 323
320 235
320 266
320 267
320 268
320 269
320 280
320 307
320 308
320 309
320 310
320 311
320 312
320 313
320 314
320 315
320 316
320 317
320 318
320 319
320 321
320 322
320 323
320 334
320 335
320 366
320 367
320 371
320 417
320 418
321 266
321 267
321 268
321 269
321 280
321 285
321 306
321 307
321 308
321 309
321 310
321 311
321 312
321 313
321 314
321 317
321 318
321 319
321 320
321 322
321 323
321 334
321 335
321 336
321 337
321 342
321 344
321 366
321 367
322 266
322 267
322 268
322 269
322 270
322 279
322 280
322 281
322 285
322 286
322 287
322 303
322 306
322 307
322 308
322 309
322 310
322 312
322 313
322 314
322 319
322 320
322 321
322 323
322 324
322 333
322 334
322 335
322 336
322 344
322 345
323 266
323 267
323 268
323 269
323 270
323 271
323 278
323 279
323 280
323 287
323 313
323 314
323 319
323 320
323 321
323 322
323 324
323 325
323 332
323 333
323 334
323 335
323 336
323 346
323 371
323 372
323 373
323 418
323 419
323 420
324 268
324 269
324 270
324 271
324 272
324 278
324 279
324 280
324 287
324 322
324 323
324 325
324 326
324 331
324 332
324 333
324 334
324 335
324 346
324 347
324 348
324 349
324 372
324 373
324 374
324 420
325 220
325 269
325 270
325 271
325 272
325 273
325 278
325 323
325 324
325 326
325 327
325 330
325 331
325 332
325 333
325 334
325 346
325 348
325 372
325 373
325 374
325 375
325 379
325 419
325 420
325 421
325 422
326 219
326 220
326 221
326 270
326 271
326 272
326 273
326 324
326 325
326 327
326 328
326 329
326 330
326 331
326 332
326 333
326 348
326 373
326 374
326 375
326 376
326 377
326 420
326 421
326 422
326 423
326 424
327 194
327 220
327 221
327 325
327 326
327 328
327 329
327 330
327 331
327 332
327 373
327 374
327 375
327 376
327 377
327 378
327 420
327 421
327 422
327 423
327 424
327 426
328 190
328 193
328 194
328 220
328 221
328 326
328 327
328 329
328 330
328 331
328 374
328 375
328 376
328 377
328 422
328 423
328 424
328 426
329 194
329 326
329 327
329 328
329 330
329 331
329 332
329 348
329 374
329 375
329 376
329 377
329 378
329 423
330 220
330 221
330 273
330 325
330 326
330 327
330 328
330 329
330 331
330 332
330 348
330 349
330 350
330 351
330 374
330 375
330 376
330 377
330 423
331 220
331 271
331 273
331 278
331 324
331 325
331 326
331 327
331 328
331 329
331 330
331 332
331 333
331 347
331 348
331 349
331 350
331 351
331 354
331 374
331 377
332 271
332 323
332 324
332 325
332 326
332 327
332 329
332 330
332 331
332 333
332 334
332 335
332 346
332 347
332 348
332 349
332 350
332 351
332 354
332 356
332 357
332 358
332 359
332 373
332 374
332 377
332 379
333 269
333 270
333 278
333 287
333 303
333 322
333 323
333 324
333 325
333 326
333 331
333 332
333 334
333 335
333 336
333 345
333 346
333 347
333 348
333 349
333 354
333 356
333 359
333 374
334 269
334 306
334 320
334 321
334 322
334 323
334 324
334 325
334 332
334 333
334 335
334 336
334 344
334 345
334 346
334 347
334 348
334 359
334 360
334 366
334 372
334 373
334 374
334 379
335 285
335 303
335 305
335 306
335 307
335 308
335 312
335 313
335 314
335 320
335 321
335 322
335 323
335 324
335 332
335 333
335 334
335 336
335 337
335 342
335 343
335 344
335 345
335 346
335 347
335 366
336 305
336 306
336 307
336 308
336 311
336 312
336 313
336 321
336 322
336 323
336 333
336 334
336 335
336 337
336 338
336 339
336 340
336 341
336 342
336 343
336 344
336 345
336 346
336 361
336 365
336 366
336 367
337 303
337 304
337 305
337 306
337 307
337 308
337 311
337 312
337 321
337 335
337 336
337 338
337 339
337 340
337 341
337 342
337 343
337 344
337 345
337 361
338 305
338 306
338 307
338 311
338 312
338 336
338 337
338 339
338 340
338 341
338 342
338 343
339 305
339 306
339 336
339 337
339 338
339 340
339 341
339 342
339 343
340 305
340 336
340 337
340 338
340 339
340 341
340 342
340 343
340 344
340 345
340 361
340 362
340 363
340 364
340 365
341 312
341 336
341 337
341 338
341 339
341 340
341 342
341 343
341 344
341 363
341 364
341 365
341 366
342 306
342 307
342 311
342 312
342 313
342 321
342 335
342 336
342 337
342 338
342 339
342 340
342 341
342 343
342 344
342 345
342 363
342 364
342 365
342 366
342 367
343 312
343 335
343 336
343 337
343 338
343 339
343 340
343 341
343 342
343 344
343 345
343 346
343 361
343 362
343 363
343 364
343 365
343 366
343 367
343 368
344 312
344 313
344 314
344 321
344 322
344 334
344 335
344 336
344 337
344 340
344 341
344 342
344 343
344 345
344 346
344 347
344 360
344 361
344 362
344 363
344 364
344 365
344 366
344 367
344 369
344 372
344 379
344 381
345 306
345 322
345 333
345 334
345 335
345 336
345 337
345 340
345 342
345 343
345 344
345 346
345 347
345 359
345 360
345 361
345 362
345 363
345 364
345 365
345 366
346 323
346 324
346 325
346 332
346 333
346 334
346 335
346 336
346 343
346 344
346 345
346 347
346 348
346 349
346 356
346 358
346 359
346 360
346 361
346 362
346 374
346 377
346 378
346 379
346 395
346 397
347 303
347 324
347 331
347 332
347 333
347 334
347 335
347 344
347 345
347 346
347 348
347 349
347 350
347 355
347 356
347 357
347 358
347 359
347 360
347 361
347 397
348 324
348 325
348 326
348 329
348 330
348 331
348 332
348 333
348 334
348 346
348 347
348 349
348 350
348 351
348 354
348 355
348 356
348 357
348 358
348 359
348 360
348 377
348 397
349 303
349 324
349 330
349 331
349 332
349 333
349 346
349 347
349 348
349 350
349 351
349 352
349 353
349 354
349 355
349 356
349 357
349 358
349 359
350 330
350 331
350 332
350 347
350 348
350 349
350 351
350 352
350 353
350 354
350 355
350 356
350 357
350 358
351 273
351 274
351 276
351 278
351 289
351 299
351 330
351 331
351 332
351 348
351 349
351 350
351 352
351 353
351 354
351 355
351 356
352 289
352 298
352 299
352 349
352 350
352 351
352 353
352 354
352 355
353 289
353 298
353 299
353 300
353 301
353 349
353 350
353 351
353 352
353 354
353 355
353 356
354 278
354 286
354 287
354 288
354 289
354 299
354 300
354 301
354 302
354 303
354 331
354 332
354 333
354 348
354 349
354 350
354 351
354 352
354 353
354 355
354 356
354 357
355 300
355 301
355 302
355 303
355 347
355 348
355 349
355 350
355 351
355 352
355 353
355 354
355 356
355 357
355 358
356 301
356 302
356 303
356 304
356 332
356 333
356 346
356 347
356 348
356 349
356 350
356 351
356 353
356 354
356 355
356 357
356 358
356 359
357 332
357 347
357 348
357 349
357 350
357 354
357 355
357 356
357 358
357 359
358 332
358 346
358 347
358 348
358 349
358 350
358 355
358 356
358 357
358 359
358 360
358 397
359 332
359 333
359 334
359 345
359 346
359 347
359 348
359 349
359 356
359 357
359 358
359 360
359 361
359 362
359 397
360 334
360 344
360 345
360 346
360 347
360 348
360 358
360 359
360 361
360 362
360 363
360 395
360 396
360 397
360 398
360 400
360 401
361 336
361 337
361 340
361 343
361 344
361 345
361 346
361 347
361 359
361 360
361 362
361 363
361 364
361 395
361 397
361 400
361 401
362 340
362 343
362 344
362 345
362 346
362 359
362 360
362 361
362 363
362 364
362 365
362 366
362 379
362 393
362 394
362 395
362 396
362 397
362 400
362 401
362 402
363 340
363 341
363 342
363 343
363 344
363 345
363 360
363 361
363 362
363 364
363 365
363 366
363 395
363 401
363 402
364 340
364 341
364 342
364 343
364 344
364 345
364 361
364 362
364 363
364 365
364 366
364 367
364 368
364 369
364 381
364 393
364 394
364 395
364 402
365 312
365 313
365 314
365 315
365 336
365 340
365 341
365 342
365 343
365 344
365 345
365 362
365 363
365 364
365 366
365 367
365 368
365 369
366 312
366 313
366 314
366 315
366 320
366 321
366 334
366 335
366 336
366 341
366 342
366 343
366 344
366 345
366 362
366 363
366 364
366 365
366 367
366 368
366 369
366 370
366 371
366 372
366 381
367 310
367 311
367 312
367 313
367 314
367 315
367 316
367 317
367 320
367 321
367 336
367 342
367 343
367 344
367 364
367 365
367 366
367 368
367 369
367 370
367 371
367 384
368 312
368 313
368 314
368 315
368 316
368 343
368 364
368 365
368 366
368 367
368 369
368 370
368 371
368 381
368 382
368 383
368 384
368 385
369 313
369 314
369 315
369 316
369 344
369 364
369 365
369 366
369 367
369 368
369 370
369 371
369 372
369 380
369 381
369 382
369 383
369 384
369 385
369 391
369 392
369 393
370 313
370 314
370 315
370 316
370 317
370 366
370 367
370 368
370 369
370 371
370 372
370 381
370 382
370 383
370 384
370 385
370 386
370 389
370 390
370 391
370 415
370 416
370 417
370 418
370 419
371 269
371 313
371 314
371 315
371 316
371 320
371 323
371 366
371 367
371 368
371 369
371 370
371 372
371 373
371 380
371 381
371 382
371 383
371 384
371 385
371 389
371 391
371 416
371 417
371 418
371 419
371 420
371 430
372 269
372 314
372 323
372 324
372 325
372 334
372 344
372 366
372 369
372 370
372 371
372 373
372 374
372 379
372 380
372 381
372 382
372 383
372 385
372 391
372 393
372 394
372 418
372 419
372 420
372 421
373 269
373 323
373 324
373 325
373 326
373 327
373 332
373 334
373 371
373 372
373 374
373 375
373 377
373 378
373 379
373 380
373 381
373 382
373 391
373 394
373 418
373 419
373 420
373 421
373 422
373 428
373 429
374 324
374 325
374 326
374 327
374 328
374 329
374 330
374 331
374 332
374 333
374 334
374 346
374 372
374 373
374 375
374 376
374 377
374 378
374 379
374 380
374 381
374 394
374 395
374 396
374 420
374 421
374 422
374 423
375 194
375 195
375 196
375 197
375 325
375 326
375 327
375 328
375 329
375 330
375 373
375 374
375 376
375 377
375 378
375 379
375 380
375 396
375 420
375 421
375 422
375 423
375 426
375 443
376 193
376 194
376 195
376 196
376 197
376 326
376 327
376 328
376 329
376 330
376 374
376 375
376 377
376 378
376 379
376 396
376 397
376 398
376 423
377 194
377 326
377 327
377 328
377 329
377 330
377 331
377 332
377 346
377 348
377 373
377 374
377 375
377 376
377 378
377 379
377 380
377 395
377 396
377 397
377 398
378 195
378 196
378 197
378 327
378 329
378 346
378 373
378 374
378 375
378 376
378 377
378 379
378 380
378 381
378 394
378 395
378 396
378 397
378 398
378 399
378 400
378 401
378 402
379 325
379 332
379 334
379 344
379 346
379 362
379 372
379 373
379 374
379 375
379 376
379 377
379 378
379 380
379 381
379 393
379 394
379 395
379 396
379 397
379 402
380 196
380 197
380 369
380 371
380 372
380 373
380 374
380 375
380 377
380 378
380 379
380 381
380 382
380 391
380 392
380 393
380 394
380 395
380 396
380 402
380 403
380 404
380 405
381 344
381 364
381 366
381 368
381 369
381 370
381 371
381 372
381 373
381 374
381 378
381 379
381 380
381 382
381 383
381 384
381 390
381 391
381 392
381 393
381 394
381 395
381 404
381 405
381 419
382 368
382 369
382 370
382 371
382 372
382 373
382 380
382 381
382 383
382 384
382 385
382 386
382 389
382 390
382 391
382 392
382 393
382 394
382 405
382 406
382 407
382 408
382 409
382 419
383 315
383 368
383 369
383 370
383 371
383 372
383 381
383 382
383 384
383 385
383 386
383 388
383 389
383 390
383 391
383 392
383 393
383 406
383 409
384 314
384 315
384 316
384 367
384 368
384 369
384 370
384 371
384 381
384 382
384 383
384 385
384 386
384 387
384 388
384 389
384 390
384 391
384 392
384 409
384 411
384 414
384 415
384 416
385 314
385 315
385 316
385 368
385 369
385 370
385 371
385 372
385 382
385 383
385 384
385 386
385 387
385 388
385 389
385 390
385 411
385 414
385 415
385 416
385 417
385 418
385 419
385 432
386 315
386 316
386 370
386 382
386 383
386 384
386 385
386 387
386 388
386 389
386 390
386 410
386 411
386 412
386 413
386 414
386 415
386 416
386 417
386 432
387 384
387 385
387 386
387 388
387 389
387 390
387 409
387 410
387 411
387 412
387 413
387 414
387 415
387 416
388 383
388 384
388 385
388 386
388 387
388 389
388 390
388 408
388 409
388 410
388 411
388 412
388 414
389 370
389 371
389 382
389 383
389 384
389 385
389 386
389 387
389 388
389 390
389 391
389 392
389 407
389 408
389 409
389 410
389 411
389 414
389 415
389 416
390 200
390 370
390 381
390 382
390 383
390 384
390 385
390 386
390 387
390 388
390 389
390 391
390 392
390 393
390 405
390 406
390 407
390 408
390 409
390 410
390 411
391 197
391 198
391 199
391 200
391 369
391 370
391 371
391 372
391 373
391 380
391 381
391 382
391 383
391 384
391 389
391 390
391 392
391 393
391 394
391 404
391 405
391 406
391 407
391 408
391 409
392 369
392 380
392 381
392 382
392 383
392 384
392 389
392 390
392 391
392 393
392 394
392 403
392 404
392 405
392 406
392 407
392 408
392 409
393 362
393 364
393 369
393 372
393 379
393 380
393 381
393 382
393 383
393 390
393 391
393 392
393 394
393 395
393 402
393 403
393 404
393 405
393 406
393 407
394 196
394 197
394 362
394 364
394 372
394 373
394 374
394 378
394 379
394 380
394 381
394 382
394 391
394 392
394 393
394 395
394 396
394 397
394 401
394 402
394 403
394 404
394 405
394 406
395 346
395 360
395 361
395 362
395 363
395 364
395 374
395 377
395 378
395 379
395 380
395 381
395 393
395 394
395 396
395 397
395 398
395 399
395 400
395 401
395 402
395 403
395 404
396 360
396 362
396 374
396 375
396 376
396 377
396 378
396 379
396 380
396 394
396 395
396 397
396 398
396 399
396 400
396 401
396 402
396 403
397 346
397 347
397 348
397 358
397 359
397 360
397 361
397 362
397 376
397 377
397 378
397 379
397 394
397 395
397 396
397 398
397 399
397 400
397 401
397 402
398 360
398 376
398 377
398 378
398 395
398 396
398 397
398 399
398 400
398 401
399 378
399 395
399 396
399 397
399 398
399 400
399 401
399 402
400 360
400 361
400 362
400 378
400 395
400 396
400 397
400 398
400 399
400 401
400 402
401 360
401 361
401 362
401 363
401 378
401 394
401 395
401 396
401 397
401 398
401 399
401 400
401 402
401 403
402 362
402 363
402 364
402 378
402 379
402 380
402 393
402 394
402 395
402 396
402 397
402 399
402 400
402 401
402 403
402 404
402 405
403 380
403 392
403 393
403 394
403 395
403 396
403 401
403 402
403 404
403 405
404 380
404 381
404 391
404 392
404 393
404 394
404 395
404 402
404 403
404 405
404 406
404 407
405 197
405 198
405 380
405 381
405 382
405 390
405 391
405 392
405 393
405 394
405 402
405 403
405 404
405 406
405 407
405 408
406 198
406 199
406 382
406 383
406 390
406 391
406 392
406 393
406 394
406 404
406 405
406 407
406 408
406 409
407 197
407 198
407 199
407 200
407 382
407 389
407 390
407 391
407 392
407 393
407 404
407 405
407 406
407 408
407 409
407 410
408 198
408 199
408 200
408 201
408 202
408 382
408 388
408 389
408 390
408 391
408 392
408 405
408 406
408 407
408 409
408 410
408 411
409 199
409 200
409 201
409 202
409 203
409 382
409 383
409 384
409 387
409 388
409 389
409 390
409 391
409 392
409 406
409 407
409 408
409 410
409 411
409 412
409 439
410 200
410 201
410 202
410 203
410 386
410 387
410 388
410 389
410 390
410 407
410 408
410 409
410 411
410 412
410 413
410 414
410 439
411 202
411 203
411 384
411 385
411 386
411 387
411 388
411 389
411 390
411 408
411 409
411 410
411 412
411 413
411 414
411 415
411 416
411 430
411 432
411 437
412 202
412 203
412 204
412 205
412 386
412 387
412 388
412 409
412 410
412 411
412 413
412 414
412 415
412 416
412 432
412 433
412 435
412 437
413 203
413 205
413 386
413 387
413 410
413 411
413 412
413 414
413 415
413 416
413 431
413 432
413 433
413 434
413 435
413 437
414 384
414 385
414 386
414 387
414 388
414 389
414 410
414 411
414 412
414 413
414 415
414 416
414 432
414 433
415 212
415 213
415 316
415 370
415 384
415 385
415 386
415 387
415 389
415 411
415 412
415 413
415 414
415 416
415 417
415 418
415 431
415 432
415 433
415 434
415 435
416 212
416 213
416 214
416 316
416 370
416 371
416 384
416 385
416 386
416 387
416 389
416 411
416 412
416 413
416 414
416 415
416 417
416 418
416 419
416 430
416 431
416 432
416 433
416 434
416 435
416 437
417 212
417 213
417 214
417 215
417 234
417 235
417 267
417 268
417 269
417 314
417 316
417 317
417 318
417 320
417 370
417 371
417 385
417 386
417 415
417 416
417 418
417 419
417 430
417 431
417 432
417 433
417 434
418 213
418 214
418 215
418 216
418 235
418 267
418 268
418 269
418 270
418 320
418 323
418 370
418 371
418 372
418 373
418 385
418 415
418 416
418 417
418 419
418 420
418 428
418 429
418 430
418 431
418 432
418 433
418 436
419 215
419 216
419 268
419 269
419 323
419 325
419 370
419 371
419 372
419 373
419 381
419 382
419 385
419 416
419 417
419 418
419 420
419 421
419 422
419 428
419 429
419 430
419 431
419 432
419 437
419 438
419 439
420 215
420 216
420 217
420 269
420 270
420 271
420 323
420 324
420 325
420 326
420 327
420 371
420 372
420 373
420 374
420 375
420 418
420 419
420 421
420 422
420 423
420 427
420 428
420 429
420 430
420 431
420 438
421 217
421 220
421 271
421 325
421 326
421 327
421 372
421 373
421 374
421 375
421 419
421 420
421 422
421 423
421 424
421 425
421 426
421 427
421 428
421 429
421 430
421 438
421 439
421 440
421 441
422 217
422 218
422 219
422 220
422 221
422 271
422 272
422 273
422 325
422 326
422 327
422 328
422 373
422 374
422 375
422 419
422 420
422 421
422 423
422 424
422 425
422 426
422 427
422 428
422 429
423 190
423 219
423 220
423 221
423 326
423 327
423 328
423 329
423 330
423 374
423 375
423 376
423 420
423 421
423 422
423 424
423 425
423 426
423 427
423 428
424 186
424 189
424 190
424 218
424 219
424 220
424 221
424 222
424 223
424 224
424 326
424 327
424 328
424 421
424 422
424 423
424 425
424 426
424 427
425 186
425 189
425 218
425 219
425 220
425 224
425 421
425 422
425 423
425 424
425 426
425 427
425 428
425 429
425 440
425 441
426 186
426 189
426 190
426 220
426 327
426 328
426 375
426 421
426 422
426 423
426 424
426 425
426 427
426 428
426 429
426 439
426 440
426 441
426 442
426 443
427 200
427 201
427 420
427 421
427 422
427 423
427 424
427 425
427 426
427 428
427 429
427 430
427 438
427 439
427 440
427 441
427 442
428 200
428 201
428 203
428 217
428 373
428 418
428 419
428 420
428 421
428 422
428 423
428 425
428 426
428 427
428 429
428 430
428 437
428 438
428 439
428 440
428 441
429 204
429 215
429 216
429 217
429 218
429 373
429 418
429 419
429 420
429 421
429 422
429 425
429 426
429 427
429 428
429 430
429 431
429 432
429 436
429 437
429 438
429 439
429 440
430 203
430 204
430 205
430 214
430 215
430 216
430 217
430 371
430 411
430 416
430 417
430 418
430 419
430 420
430 421
430 427
430 428
430 429
430 431
430 432
430 433
430 434
430 435
430 436
430 437
430 438
430 439
431 207
431 208
431 209
431 212
431 213
431 214
431 215
431 216
431 217
431 233
431 268
431 413
431 415
431 416
431 417
431 418
431 419
431 420
431 429
431 430
431 432
431 433
431 434
431 435
431 436
431 437
431 438
432 205
432 208
432 212
432 213
432 214
432 215
432 385
432 386
432 411
432 412
432 413
432 414
432 415
432 416
432 417
432 418
432 419
432 429
432 430
432 431
432 433
432 434
432 435
432 436
432 437
433 208
433 209
433 210
433 211
433 212
433 213
433 214
433 412
433 413
433 414
433 415
433 416
433 417
433 418
433 430
433 431
433 432
433 434
433 435
433 436
434 207
434 208
434 209
434 210
434 211
434 212
434 213
434 214
434 215
434 233
434 234
434 413
434 415
434 416
434 417
434 430
434 431
434 432
434 433
434 435
434 436
434 437
435 205
435 206
435 207
435 208
435 209
435 210
435 211
435 212
435 213
435 214
435 215
435 216
435 412
435 413
435 415
435 416
435 430
435 431
435 432
435 433
435 434
435 436
435 437
435 438
436 203
436 204
436 205
436 206
436 207
436 208
436 209
436 210
436 214
436 215
436 216
436 217
436 231
436 251
436 418
436 429
436 430
436 431
436 432
436 433
436 434
436 435
436 437
436 438
437 202
437 203
437 204
437 205
437 206
437 207
437 208
437 216
437 411
437 412
437 413
437 416
437 419
437 428
437 429
437 430
437 431
437 432
437 434
437 435
437 436
437 438
437 439
438 200
438 201
438 202
438 203
438 204
438 205
438 206
438 207
438 419
438 420
438 421
438 427
438 428
438 429
438 430
438 431
438 435
438 436
438 437
438 439
438 440
438 441
439 199
439 200
439 201
439 202
439 203
439 204
439 205
439 409
439 410
439 419
439 421
439 426
439 427
439 428
439 429
439 430
439 437
439 438
439 440
439 441
439 442
440 199
440 200
440 201
440 202
440 203
440 204
440 421
440 425
440 426
440 427
440 428
440 429
440 438
440 439
440 441
440 442
440 443
441 196
441 197
441 198
441 199
441 200
441 201
441 202
441 421
441 425
441 426
441 427
441 428
441 438
441 439
441 440
441 442
441 443
441 444
442 195
442 196
442 197
442 198
442 199
442 200
442 201
442 426
442 427
442 439
442 440
442 441
442 443
442 444
442 445
443 189
443 192
443 193
443 194
443 195
443 196
443 197
443 198
443 199
443 200
443 375
443 426
443 440
443 441
443 442
443 444
443 445
443 446
444 192
444 194
444 195
444 196
444 197
444 198
444 199
444 441
444 442
444 443
444 445
444 446
444 447
445 192
445 193
445 194
445 195
445 196
445 197
445 198
445 442
445 443
445 444
445 446
445 447
445 448
446 192
446 193
446 194
446 195
446 196
446 443
446 444
446 445
446 447
446 448
446 449
447 192
447 193
447 194
447 195
447 444
447 445
447 446
447 448
447 449
447 450
448 445
448 446
448 447
448 449
448 450
448 451
449 446
449 447
449 448
449 450
449 451
449 452
450 447
450 448
450 449
450 451
450 452
450 453
451 448
451 449
451 450
451 452
451 453
452 449
452 450
452 451
452 453
453 450
453 451
453 452
