0 1
0 2
1 0
1 2
1 3
1 4
2 0
2 1
2 3
2 4
2 5
3 1
3 2
3 4
3 5
3 6
4 1
4 2
4 3
4 5
4 6
5 2
5 3
5 4
5 6
5 7
6 3
6 4
6 5
6 7
6 8
7 5
7 6
7 8
7 9
8 6
8 7
8 9
8 10
8 11
9 7
9 8
9 10
9 11
10 8
10 9
10 11
10 12
11 8
11 9
11 10
11 12
11 13
12 10
12 11
12 13
12 14
13 11
13 12
13 14
13 15
14 12
14 13
14 15
14 16
15 13
15 14
15 16
15 17
15 18
16 14
16 15
16 17
16 18
16 19
17 15
17 16
17 18
17 19
17 20
18 15
18 16
18 17
18 19
18 20
18 21
19 16
19 17
19 18
19 20
19 21
19 22
20 17
20 18
20 19
20 21
20 22
20 23
21 18
21 19
21 20
21 22
21 23
21 24
22 19
22 20
22 21
22 23
22 24
22 25
23 20
23 21
23 22
23 24
23 25
23 26
24 21
24 22
24 23
24 25
24 26
24 27
25 22
25 23
25 24
25 26
25 27
25 28
26 23
26 24
26 25
26 27
26 28
26 29
27 24
27 25
27 26
27 28
27 29
27 30
28 25
28 26
28 27
28 29
28 30
28 31
29 26
29 27
29 28
29 30
29 31
29 32
30 27
30 28
30 29
30 31
30 32
30 33
31 28
31 29
31 30
31 32
31 33
31 34
32 29
32 30
32 31
32 33
32 34
32 35
33 30
33 31
33 32
33 34
33 35
33 36
34 31
34 32
34 33
34 35
34 36
34 37
35 32
35 33
35 34
35 36
35 37
35 38
35 195
36 33
36 34
36 35
36 37
36 38
36 39
36 40
36 41
36 45
36 46
36 195
37 34
37 35
37 36
37 38
37 39
37 40
37 41
37 42
37 45
37 159
37 195
37 196
38 35
38 36
38 37
38 39
38 40
38 41
38 42
38 43
38 45
38 46
38 152
38 155
38 156
38 158
38 159
38 195
38 196
38 197
39 36
39 37
39 38
39 40
39 41
39 42
39 152
39 155
39 156
39 157
39 158
39 159
39 160
39 163
39 195
39 196
40 36
40 37
40 38
40 39
40 41
40 42
40 43
40 45
40 155
40 156
40 159
41 36
41 37
41 38
41 39
41 40
41 42
41 43
41 44
41 45
41 46
41 152
41 155
41 156
42 37
42 38
42 39
42 40
42 41
42 43
42 44
42 45
42 46
42 47
42 152
43 38
43 40
43 41
43 42
43 44
43 45
43 46
43 47
43 48
43 148
43 149
43 151
43 152
43 153
44 41
44 42
44 43
44 45
44 46
44 47
44 48
45 36
45 37
45 38
45 40
45 41
45 42
45 43
45 44
45 46
45 47
45 48
46 36
46 38
46 41
46 42
46 43
46 44
46 45
46 47
46 48
46 49
46 152
46 192
46 195
46 196
47 42
47 43
47 44
47 45
47 46
47 48
47 49
47 50
47 148
47 149
47 192
48 43
48 44
48 45
48 46
48 47
48 49
48 50
48 51
48 123
48 148
48 149
48 150
48 151
48 152
48 188
48 189
48 192
48 196
49 46
49 47
49 48
49 50
49 51
49 52
49 53
49 123
49 148
49 149
49 188
49 189
49 192
50 47
50 48
50 49
50 51
50 52
50 53
50 54
50 122
50 123
50 124
50 125
50 126
50 147
50 148
50 149
50 151
50 188
50 189
50 192
50 384
51 48
51 49
51 50
51 52
51 53
51 123
51 124
51 125
51 126
51 148
51 188
51 189
51 382
51 383
51 384
51 385
52 49
52 50
52 51
52 53
52 54
52 55
52 122
52 123
52 124
52 125
52 126
52 127
52 130
52 147
52 148
52 382
52 383
52 384
53 49
53 50
53 51
53 52
53 54
53 55
53 56
53 122
53 123
53 125
53 126
53 127
53 130
53 131
53 145
53 146
53 147
53 148
53 149
54 50
54 52
54 53
54 55
54 56
54 57
54 125
54 126
54 127
54 128
54 130
54 131
54 133
54 134
54 140
54 145
54 146
54 147
54 148
55 52
55 53
55 54
55 56
55 57
55 58
55 131
55 140
55 144
55 145
55 146
55 147
55 148
56 53
56 54
56 55
56 57
56 58
56 59
56 131
56 134
56 139
56 140
56 141
56 142
56 143
56 144
56 145
56 146
56 147
57 54
57 55
57 56
57 58
57 59
57 60
57 140
57 145
58 55
58 56
58 57
58 59
58 60
58 61
58 145
59 56
59 57
59 58
59 60
59 61
59 62
60 57
60 58
60 59
60 61
60 62
60 63
61 58
61 59
61 60
61 62
61 63
61 64
61 65
62 59
62 60
62 61
62 63
62 64
62 65
63 60
63 61
63 62
63 64
63 65
63 66
64 61
64 62
64 63
64 65
64 66
64 67
65 61
65 62
65 63
65 64
65 66
65 67
65 68
65 69
66 63
66 64
66 65
66 67
66 68
66 69
67 64
67 65
67 66
67 68
67 69
67 70
68 65
68 66
68 67
68 69
68 70
68 71
69 65
69 66
69 67
69 68
69 70
69 71
69 72
70 67
70 68
70 69
70 71
70 72
70 73
71 68
71 69
71 70
71 72
71 73
71 74
71 75
71 76
71 77
71 80
71 81
71 447
71 448
72 69
72 70
72 71
72 73
72 74
72 75
72 76
72 77
72 80
72 447
72 448
72 449
73 70
73 71
73 72
73 74
73 75
73 76
73 77
73 447
74 71
74 72
74 73
74 75
74 76
74 77
74 447
75 71
75 72
75 73
75 74
75 76
75 77
75 78
75 79
75 80
75 447
75 448
76 71
76 72
76 73
76 74
76 75
76 77
76 78
76 79
76 80
76 81
76 82
76 153
76 156
76 157
76 448
77 71
77 72
77 73
77 74
77 75
77 76
77 78
77 79
77 80
77 81
77 82
77 83
77 142
77 143
77 153
78 75
78 76
78 77
78 79
78 80
78 81
78 82
78 83
78 84
78 142
78 143
78 144
78 149
78 150
78 152
78 153
78 154
78 156
78 157
79 75
79 76
79 77
79 78
79 80
79 81
79 82
79 83
79 84
79 85
79 142
79 150
79 152
79 153
79 154
79 155
79 156
79 157
79 448
80 71
80 72
80 75
80 76
80 77
80 78
80 79
80 81
80 82
80 83
80 84
80 85
80 86
80 142
80 153
80 157
80 447
80 448
80 449
80 450
81 71
81 76
81 77
81 78
81 79
81 80
81 82
81 83
81 84
81 85
81 86
81 87
81 139
81 141
81 142
81 143
81 144
81 153
81 448
82 76
82 77
82 78
82 79
82 80
82 81
82 83
82 84
82 85
82 86
82 87
82 88
82 112
82 137
82 138
82 139
82 140
82 141
82 142
82 143
82 150
82 153
82 154
82 157
82 448
82 450
83 77
83 78
83 79
83 80
83 81
83 82
83 84
83 85
83 86
83 87
83 88
83 89
83 112
83 139
83 142
83 153
83 154
83 157
83 445
83 448
83 449
83 450
83 451
83 452
84 78
84 79
84 80
84 81
84 82
84 83
84 85
84 86
84 87
84 88
84 89
84 90
84 138
84 139
84 141
84 142
84 332
84 448
84 449
84 450
84 451
85 79
85 80
85 81
85 82
85 83
85 84
85 86
85 87
85 88
85 89
85 90
85 112
85 115
85 135
85 136
85 137
85 138
85 139
85 140
85 141
85 142
85 332
85 450
86 80
86 81
86 82
86 83
86 84
86 85
86 87
86 88
86 89
86 90
86 91
86 111
86 112
86 113
86 114
86 115
86 116
86 137
86 138
86 139
86 332
86 450
86 451
86 452
87 81
87 82
87 83
87 84
87 85
87 86
87 88
87 89
87 90
87 91
87 92
87 93
87 111
87 112
87 137
87 138
87 331
87 332
87 333
87 335
87 336
87 449
87 450
87 451
87 452
88 82
88 83
88 84
88 85
88 86
88 87
88 89
88 90
88 91
88 92
88 93
88 94
88 111
88 136
88 137
88 138
88 139
88 141
88 331
88 332
88 333
88 451
89 83
89 84
89 85
89 86
89 87
89 88
89 90
89 91
89 92
89 93
89 94
89 111
89 112
89 114
89 115
89 135
89 136
89 137
89 138
89 139
89 332
89 369
90 84
90 85
90 86
90 87
90 88
90 89
90 91
90 92
90 93
90 94
90 95
90 109
90 110
90 111
90 112
90 114
90 115
90 137
90 138
90 331
90 332
90 450
90 451
90 452
90 453
90 454
91 86
91 87
91 88
91 89
91 90
91 92
91 93
91 94
91 95
91 96
91 97
91 111
91 327
91 328
91 330
91 331
91 332
91 335
91 451
91 454
92 87
92 88
92 89
92 90
92 91
92 93
92 94
92 95
92 96
92 97
92 98
92 111
92 136
92 137
92 330
92 331
92 332
92 369
93 87
93 88
93 89
93 90
93 91
93 92
93 94
93 95
93 96
93 97
93 98
93 109
93 111
93 136
93 137
93 362
93 365
93 366
93 368
93 369
94 88
94 89
94 90
94 91
94 92
94 93
94 95
94 96
94 97
94 98
94 99
94 100
94 107
94 108
94 109
94 110
94 111
94 327
94 330
94 365
94 454
94 455
94 456
95 90
95 91
95 92
95 93
95 94
95 96
95 97
95 98
95 99
95 100
95 324
95 327
95 328
95 330
95 331
95 365
96 91
96 92
96 93
96 94
96 95
96 97
96 98
96 99
96 100
96 101
96 364
96 365
96 366
96 368
96 369
97 91
97 92
97 93
97 94
97 95
97 96
97 98
97 99
97 100
97 101
97 107
97 108
97 109
97 360
97 362
97 364
97 365
97 366
98 92
98 93
98 94
98 95
98 96
98 97
98 99
98 100
98 101
98 102
98 103
98 105
98 106
98 107
98 324
98 327
98 328
98 455
98 456
99 94
99 95
99 96
99 97
99 98
99 100
99 101
99 102
99 103
99 324
99 327
99 328
100 94
100 95
100 96
100 97
100 98
100 99
100 101
100 102
100 103
100 365
101 96
101 97
101 98
101 99
101 100
101 102
101 103
101 104
101 105
101 106
101 107
102 98
102 99
102 100
102 101
102 103
102 104
102 105
102 106
102 107
102 273
102 274
102 324
102 458
103 98
103 99
103 100
103 101
103 102
103 104
103 105
103 106
103 107
103 272
103 273
103 274
103 322
103 323
103 324
103 438
103 456
103 457
103 458
103 459
104 101
104 102
104 103
104 105
104 106
104 107
104 272
104 273
104 274
104 275
104 276
104 438
104 456
104 457
104 458
104 459
105 98
105 101
105 102
105 103
105 104
105 106
105 107
105 108
105 272
105 273
105 358
105 438
105 456
105 457
105 458
105 459
106 98
106 101
106 102
106 103
106 104
106 105
106 107
106 108
106 355
106 356
106 357
106 358
106 438
106 439
106 440
106 455
106 456
106 457
106 458
106 459
106 460
106 462
107 94
107 97
107 98
107 101
107 102
107 103
107 104
107 105
107 106
107 108
107 109
107 356
107 357
107 358
107 359
107 402
107 440
107 441
107 454
107 455
107 456
107 457
107 458
107 459
108 94
108 97
108 105
108 106
108 107
108 109
108 110
108 111
108 356
108 357
108 358
108 359
108 400
108 401
108 402
108 403
108 404
108 440
108 441
108 442
108 453
108 454
108 455
108 456
108 457
109 90
109 93
109 94
109 97
109 107
109 108
109 110
109 111
109 112
109 113
109 114
109 249
109 250
109 251
109 356
109 357
109 358
109 359
109 360
109 400
109 401
109 402
109 403
109 404
109 442
109 452
109 453
109 454
109 455
109 456
110 90
110 94
110 108
110 109
110 111
110 112
110 113
110 114
110 115
110 116
110 173
110 248
110 249
110 250
110 251
110 400
110 401
110 402
110 403
110 442
110 443
110 451
110 452
110 453
110 454
110 455
111 86
111 87
111 88
111 89
111 90
111 91
111 92
111 93
111 94
111 108
111 109
111 110
111 112
111 113
111 114
111 115
111 116
111 117
111 137
111 400
111 450
111 451
111 452
111 453
111 454
112 82
112 83
112 85
112 86
112 87
112 89
112 90
112 109
112 110
112 111
112 113
112 114
112 115
112 116
112 117
112 137
112 154
112 157
112 158
112 250
112 450
112 451
112 452
112 453
112 454
113 86
113 109
113 110
113 111
113 112
113 114
113 115
113 116
113 117
113 118
113 119
113 158
113 173
113 174
113 175
113 248
113 249
113 250
113 251
113 400
113 401
113 402
113 451
113 452
113 453
114 86
114 89
114 90
114 109
114 110
114 111
114 112
114 113
114 115
114 116
114 117
114 118
114 119
114 120
114 137
114 175
114 246
114 247
114 248
114 249
114 250
114 362
114 398
114 399
114 400
114 401
114 452
115 85
115 86
115 89
115 90
115 110
115 111
115 112
115 113
115 114
115 116
115 117
115 118
115 119
115 120
115 121
115 133
115 136
115 137
115 138
115 139
115 154
115 248
116 86
116 110
116 111
116 112
116 113
116 114
116 115
116 117
116 118
116 119
116 120
116 121
116 122
116 137
116 151
116 154
116 155
116 157
116 158
116 173
116 175
116 197
116 248
117 111
117 112
117 113
117 114
117 115
117 116
117 118
117 119
117 120
117 121
117 122
117 173
117 174
117 175
117 176
117 177
117 197
117 199
117 246
117 247
117 248
117 249
117 398
117 400
118 113
118 114
118 115
118 116
118 117
118 119
118 120
118 121
118 122
118 123
118 133
118 134
118 137
118 175
118 177
118 246
118 248
118 398
119 113
119 114
119 115
119 116
119 117
119 118
119 120
119 121
119 122
119 123
119 124
119 125
119 133
119 134
119 137
119 139
119 150
119 151
119 154
119 193
119 197
120 114
120 115
120 116
120 117
120 118
120 119
120 121
120 122
120 123
120 124
120 125
120 151
120 154
120 175
120 176
120 177
120 189
120 190
120 192
120 193
120 194
120 196
120 197
120 198
120 199
120 200
120 246
121 115
121 116
121 117
121 118
121 119
121 120
121 122
121 123
121 124
121 125
121 130
121 133
121 176
121 177
121 189
121 193
121 246
121 374
121 382
121 384
121 385
121 395
122 50
122 52
122 53
122 116
122 117
122 118
122 119
122 120
122 121
122 123
122 124
122 125
122 126
122 129
122 130
122 131
122 132
122 133
122 134
122 147
122 148
122 150
122 151
122 374
122 382
122 384
122 385
123 48
123 49
123 50
123 51
123 52
123 53
123 118
123 119
123 120
123 121
123 122
123 124
123 125
123 126
123 130
123 147
123 148
123 150
123 151
123 189
123 190
123 192
123 193
123 382
123 384
123 385
124 50
124 51
124 52
124 119
124 120
124 121
124 122
124 123
124 125
124 126
124 129
124 130
124 186
124 188
124 189
124 190
124 193
124 381
124 382
124 383
124 384
124 385
124 386
125 50
125 51
125 52
125 53
125 54
125 119
125 120
125 121
125 122
125 123
125 124
125 126
125 127
125 128
125 129
125 130
125 131
125 132
125 133
125 374
125 380
125 381
125 382
125 383
125 384
125 385
125 394
126 50
126 51
126 52
126 53
126 54
126 122
126 123
126 124
126 125
126 127
126 128
126 129
126 130
126 131
126 132
126 133
126 374
126 380
126 381
126 382
126 383
126 384
127 52
127 53
127 54
127 125
127 126
127 128
127 129
127 130
127 131
127 132
127 373
127 379
127 380
127 381
127 382
128 54
128 125
128 126
128 127
128 129
128 130
128 131
128 132
128 133
128 134
128 371
128 372
128 373
128 374
128 379
128 380
128 381
129 122
129 124
129 125
129 126
129 127
129 128
129 130
129 131
129 132
129 133
129 134
129 370
129 371
129 372
129 373
129 374
129 375
129 376
129 379
129 380
129 381
129 382
129 394
130 52
130 53
130 54
130 121
130 122
130 123
130 124
130 125
130 126
130 127
130 128
130 129
130 131
130 132
130 133
130 134
130 135
130 147
130 371
130 373
130 374
130 380
130 381
130 382
131 53
131 54
131 55
131 56
131 122
131 125
131 126
131 127
131 128
131 129
131 130
131 132
131 133
131 134
131 135
131 136
131 139
131 140
131 147
131 371
131 373
132 122
132 125
132 126
132 127
132 128
132 129
132 130
132 131
132 133
132 134
132 135
132 136
132 137
132 138
132 140
132 366
132 367
132 369
132 370
132 371
132 372
132 373
132 374
133 54
133 115
133 118
133 119
133 121
133 122
133 125
133 126
133 128
133 129
133 130
133 131
133 132
133 134
133 135
133 136
133 137
133 138
133 139
133 140
133 366
133 370
133 371
133 372
133 373
133 374
134 54
134 56
134 118
134 119
134 122
134 128
134 129
134 130
134 131
134 132
134 133
134 135
134 136
134 137
134 138
134 139
134 140
134 141
134 142
134 147
134 150
134 371
135 85
135 89
135 130
135 131
135 132
135 133
135 134
135 136
135 137
135 138
135 139
135 140
135 141
135 369
135 370
135 371
136 85
136 88
136 89
136 92
136 93
136 115
136 131
136 132
136 133
136 134
136 135
136 137
136 138
136 139
136 140
136 366
136 367
136 368
136 369
136 370
136 371
137 82
137 85
137 86
137 87
137 88
137 89
137 90
137 92
137 93
137 111
137 112
137 114
137 115
137 116
137 118
137 119
137 132
137 133
137 134
137 135
137 136
137 138
137 139
137 140
137 141
137 366
137 369
137 371
138 82
138 84
138 85
138 86
138 87
138 88
138 89
138 90
138 115
138 132
138 133
138 134
138 135
138 136
138 137
138 139
138 140
138 141
138 142
139 56
139 81
139 82
139 83
139 84
139 85
139 86
139 88
139 89
139 115
139 119
139 131
139 133
139 134
139 135
139 136
139 137
139 138
139 140
139 141
139 142
139 143
139 144
139 147
139 150
140 54
140 55
140 56
140 57
140 82
140 85
140 131
140 132
140 133
140 134
140 135
140 136
140 137
140 138
140 139
140 141
140 142
140 143
140 144
140 145
140 146
140 147
140 150
141 56
141 81
141 82
141 84
141 85
141 88
141 134
141 135
141 137
141 138
141 139
141 140
141 142
141 143
141 144
141 145
142 56
142 77
142 78
142 79
142 80
142 81
142 82
142 83
142 84
142 85
142 134
142 138
142 139
142 140
142 141
142 143
142 144
142 145
142 146
142 147
142 150
143 56
143 77
143 78
143 81
143 82
143 139
143 140
143 141
143 142
143 144
143 145
143 146
144 55
144 56
144 78
144 81
144 139
144 140
144 141
144 142
144 143
144 145
144 146
144 147
144 148
144 149
144 150
145 53
145 54
145 55
145 56
145 57
145 58
145 140
145 141
145 142
145 143
145 144
145 146
145 147
145 148
145 149
146 53
146 54
146 55
146 56
146 140
146 142
146 143
146 144
146 145
146 147
146 148
146 149
146 150
147 50
147 52
147 53
147 54
147 55
147 56
147 122
147 123
147 130
147 131
147 134
147 139
147 140
147 142
147 144
147 145
147 146
147 148
147 149
147 150
147 151
148 43
148 47
148 48
148 49
148 50
148 51
148 52
148 53
148 54
148 55
148 122
148 123
148 144
148 145
148 146
148 147
148 149
148 150
148 151
148 152
148 153
149 43
149 47
149 48
149 49
149 50
149 53
149 78
149 144
149 145
149 146
149 147
149 148
149 150
149 151
149 152
149 153
149 154
149 155
150 48
150 78
150 79
150 82
150 119
150 122
150 123
150 134
150 139
150 140
150 142
150 144
150 146
150 147
150 148
150 149
150 151
150 152
150 153
150 154
150 155
151 43
151 48
151 50
151 116
151 119
151 120
151 122
151 123
151 147
151 148
151 149
151 150
151 152
151 153
151 154
151 155
151 156
151 157
151 192
151 193
151 196
151 197
152 38
152 39
152 41
152 42
152 43
152 46
152 48
152 78
152 79
152 148
152 149
152 150
152 151
152 153
152 154
152 155
152 156
152 157
152 158
152 196
152 197
153 43
153 76
153 77
153 78
153 79
153 80
153 81
153 82
153 83
153 148
153 149
153 150
153 151
153 152
153 154
153 155
153 156
153 157
153 158
153 159
153 196
154 78
154 79
154 82
154 83
154 112
154 115
154 116
154 119
154 120
154 149
154 150
154 151
154 152
154 153
154 155
154 156
154 157
154 158
154 159
154 160
154 196
154 197
155 38
155 39
155 40
155 41
155 79
155 116
155 149
155 150
155 151
155 152
155 153
155 154
155 156
155 157
155 158
155 159
155 160
155 195
155 196
155 197
155 198
156 38
156 39
156 40
156 41
156 76
156 78
156 79
156 151
156 152
156 153
156 154
156 155
156 157
156 158
156 159
156 160
156 161
156 196
157 39
157 76
157 78
157 79
157 80
157 82
157 83
157 112
157 116
157 151
157 152
157 153
157 154
157 155
157 156
157 158
157 159
157 160
157 161
157 162
157 163
157 448
157 450
158 38
158 39
158 112
158 113
158 116
158 152
158 153
158 154
158 155
158 156
158 157
158 159
158 160
158 161
158 162
158 163
158 164
158 173
158 196
158 197
158 198
159 37
159 38
159 39
159 40
159 153
159 154
159 155
159 156
159 157
159 158
159 160
159 161
159 162
159 163
159 164
159 196
159 197
160 39
160 154
160 155
160 156
160 157
160 158
160 159
160 161
160 162
160 163
160 164
160 165
160 445
161 156
161 157
161 158
161 159
161 160
161 162
161 163
161 164
161 165
161 170
161 171
161 172
161 309
161 310
161 445
161 450
161 452
162 157
162 158
162 159
162 160
162 161
162 163
162 164
162 165
162 169
162 170
162 171
162 172
162 173
163 39
163 157
163 158
163 159
163 160
163 161
163 162
163 164
163 165
163 166
163 170
163 171
163 172
164 158
164 159
164 160
164 161
164 162
164 163
164 165
164 166
164 167
164 169
164 170
164 171
164 309
165 160
165 161
165 162
165 163
165 164
165 166
165 167
165 168
165 169
165 170
165 171
165 172
166 163
166 164
166 165
166 167
166 168
166 169
166 170
166 171
166 254
166 306
166 307
167 164
167 165
167 166
167 168
167 169
167 170
167 254
167 255
167 306
167 307
168 165
168 166
168 167
168 169
168 170
168 253
168 254
168 255
168 256
168 257
168 305
168 306
168 307
168 410
168 411
169 162
169 164
169 165
169 166
169 167
169 168
169 170
169 171
169 252
169 253
169 254
169 255
169 256
169 305
169 306
169 307
169 309
169 310
169 410
169 411
170 161
170 162
170 163
170 164
170 165
170 166
170 167
170 168
170 169
170 171
170 172
170 173
170 251
170 252
170 253
170 254
170 255
170 411
171 161
171 162
171 163
171 164
171 165
171 166
171 169
171 170
171 172
171 173
171 250
171 251
171 252
171 253
171 254
171 452
172 161
172 162
172 163
172 165
172 170
172 171
172 173
172 174
172 175
172 224
172 225
172 226
172 249
172 250
172 251
172 252
172 253
173 110
173 113
173 116
173 117
173 158
173 162
173 170
173 171
173 172
173 174
173 175
173 176
173 197
173 198
173 221
173 224
173 225
173 248
173 249
173 250
173 251
173 252
173 402
174 113
174 117
174 172
174 173
174 175
174 176
174 197
174 198
174 199
174 220
174 221
174 222
174 223
174 224
174 225
174 247
174 248
174 249
174 250
174 251
175 113
175 114
175 116
175 117
175 118
175 120
175 172
175 173
175 174
175 176
175 177
175 178
175 197
175 198
175 199
175 200
175 201
175 221
175 224
175 246
175 247
175 248
175 249
175 250
175 400
176 117
176 120
176 121
176 173
176 174
176 175
176 177
176 178
176 179
176 193
176 194
176 197
176 198
176 199
176 200
176 201
176 202
176 217
176 220
176 221
176 245
176 246
176 247
176 248
176 249
177 117
177 118
177 120
177 121
177 175
177 176
177 178
177 179
177 190
177 193
177 199
177 200
177 201
177 202
177 203
177 244
177 245
177 246
177 247
177 248
177 395
177 398
178 175
178 176
178 177
178 179
178 180
178 181
178 200
178 201
178 202
178 203
178 204
178 205
178 206
178 213
178 217
178 242
178 243
178 244
178 245
178 246
178 247
178 395
179 176
179 177
179 178
179 180
179 181
179 182
179 183
179 184
179 185
179 201
179 202
179 203
179 204
179 205
179 206
179 242
179 243
179 244
179 245
179 246
179 385
179 386
179 393
179 394
179 395
179 396
180 178
180 179
180 181
180 182
180 183
180 184
180 185
180 202
180 203
180 204
180 205
180 206
180 207
180 208
180 210
180 213
180 240
180 241
180 242
180 243
180 244
180 245
181 178
181 179
181 180
181 182
181 183
181 184
181 185
181 202
181 203
181 204
181 205
181 206
181 207
181 243
182 179
182 180
182 181
182 183
182 184
182 185
182 203
182 204
182 205
182 206
182 207
182 243
183 179
183 180
183 181
183 182
183 184
183 185
183 186
183 203
183 204
183 243
183 244
183 385
183 386
183 387
183 388
183 390
183 393
184 179
184 180
184 181
184 182
184 183
184 185
184 186
184 187
184 203
184 385
184 386
184 387
184 388
184 390
185 179
185 180
185 181
185 182
185 183
185 184
185 186
185 187
185 188
185 189
185 190
185 201
185 202
185 203
185 383
185 384
185 385
185 386
185 387
185 388
186 124
186 183
186 184
186 185
186 187
186 188
186 189
186 190
186 191
186 201
186 383
186 384
186 385
186 386
186 387
186 388
186 389
187 184
187 185
187 186
187 188
187 189
187 190
187 191
187 192
187 193
187 200
187 201
187 384
187 385
187 386
187 387
188 48
188 49
188 50
188 51
188 124
188 185
188 186
188 187
188 189
188 190
188 191
188 192
188 193
188 194
188 384
188 385
188 386
188 387
189 48
189 49
189 50
189 51
189 120
189 121
189 123
189 124
189 185
189 186
189 187
189 188
189 190
189 191
189 192
189 193
189 194
189 195
189 200
189 201
189 384
189 385
189 386
189 387
190 120
190 123
190 124
190 177
190 185
190 186
190 187
190 188
190 189
190 191
190 192
190 193
190 194
190 195
190 199
190 200
190 201
190 202
190 384
190 385
190 386
191 186
191 187
191 188
191 189
191 190
191 192
191 193
191 194
191 195
191 196
191 197
191 198
191 199
191 200
191 201
192 46
192 47
192 48
192 49
192 50
192 120
192 123
192 151
192 187
192 188
192 189
192 190
192 191
192 193
192 194
192 195
192 196
192 197
192 198
192 199
192 200
193 119
193 120
193 121
193 123
193 124
193 151
193 176
193 177
193 187
193 188
193 189
193 190
193 191
193 192
193 194
193 195
193 196
193 197
193 198
193 199
193 200
193 201
194 120
194 176
194 188
194 189
194 190
194 191
194 192
194 193
194 195
194 196
194 197
194 198
194 199
194 200
194 201
195 35
195 36
195 37
195 38
195 39
195 46
195 155
195 189
195 190
195 191
195 192
195 193
195 194
195 196
195 197
195 198
195 199
195 200
196 37
196 38
196 39
196 46
196 48
196 120
196 151
196 152
196 153
196 154
196 155
196 156
196 158
196 159
196 191
196 192
196 193
196 194
196 195
196 197
196 198
196 199
196 200
197 38
197 116
197 117
197 119
197 120
197 151
197 152
197 154
197 155
197 158
197 159
197 173
197 174
197 175
197 176
197 191
197 192
197 193
197 194
197 195
197 196
197 198
197 199
197 200
198 120
198 155
198 158
198 173
198 174
198 175
198 176
198 191
198 192
198 193
198 194
198 195
198 196
198 197
198 199
198 200
199 117
199 120
199 174
199 175
199 176
199 177
199 190
199 191
199 192
199 193
199 194
199 195
199 196
199 197
199 198
199 200
199 201
199 202
200 120
200 175
200 176
200 177
200 178
200 187
200 189
200 190
200 191
200 192
200 193
200 194
200 195
200 196
200 197
200 198
200 199
200 201
200 202
200 203
201 175
201 176
201 177
201 178
201 179
201 185
201 186
201 187
201 189
201 190
201 191
201 193
201 194
201 199
201 200
201 202
201 203
201 204
201 244
201 246
201 385
202 176
202 177
202 178
202 179
202 180
202 181
202 185
202 190
202 199
202 200
202 201
202 203
202 204
202 217
202 244
202 245
203 177
203 178
203 179
203 180
203 181
203 182
203 183
203 184
203 185
203 200
203 201
203 202
203 204
203 205
203 206
203 213
203 243
203 244
204 178
204 179
204 180
204 181
204 182
204 183
204 201
204 202
204 203
204 205
204 206
204 207
204 208
204 209
204 210
204 212
204 213
204 214
204 216
204 217
204 243
204 244
205 178
205 179
205 180
205 181
205 182
205 203
205 204
205 206
205 207
205 208
205 209
205 210
205 211
205 212
205 213
205 214
205 240
205 242
205 243
206 178
206 179
206 180
206 181
206 182
206 203
206 204
206 205
206 207
206 208
206 209
206 210
206 211
206 212
206 213
206 214
206 238
206 239
206 240
206 241
206 242
206 243
206 244
206 245
207 180
207 181
207 182
207 204
207 205
207 206
207 208
207 209
207 210
207 213
207 238
207 239
207 240
207 241
207 242
207 243
208 180
208 204
208 205
208 206
208 207
208 209
208 210
208 211
208 212
208 213
208 239
208 240
208 241
209 204
209 205
209 206
209 207
209 208
209 210
209 211
209 212
209 213
209 214
209 238
209 239
209 240
210 180
210 204
210 205
210 206
210 207
210 208
210 209
210 211
210 212
210 213
210 214
210 215
210 216
210 235
210 236
210 237
210 238
210 239
210 240
210 241
210 242
211 205
211 206
211 208
211 209
211 210
211 212
211 213
211 214
211 215
211 216
211 217
211 235
211 236
211 237
211 238
211 239
211 240
212 204
212 205
212 206
212 208
212 209
212 210
212 211
212 213
212 214
212 215
212 216
212 217
212 218
212 238
213 178
213 180
213 203
213 204
213 205
213 206
213 207
213 208
213 209
213 210
213 211
213 212
213 214
213 215
213 216
213 217
213 218
213 219
213 238
213 239
214 204
214 205
214 206
214 209
214 210
214 211
214 212
214 213
214 215
214 216
214 217
214 218
214 219
214 220
214 231
214 232
214 233
214 234
214 235
214 236
214 237
214 238
214 239
215 210
215 211
215 212
215 213
215 214
215 216
215 217
215 218
215 219
215 220
215 221
215 231
215 232
215 233
215 234
215 235
216 204
216 210
216 211
216 212
216 213
216 214
216 215
216 217
216 218
216 219
216 220
216 221
216 222
217 176
217 178
217 202
217 204
217 211
217 212
217 213
217 214
217 215
217 216
217 218
217 219
217 220
217 221
217 222
217 223
217 230
217 231
217 232
217 233
217 245
217 247
218 212
218 213
218 214
218 215
218 216
218 217
218 219
218 220
218 221
218 222
218 223
218 224
218 229
218 230
218 231
218 232
218 233
218 234
218 247
219 213
219 214
219 215
219 216
219 217
219 218
219 220
219 221
219 222
219 223
219 224
219 225
219 227
219 229
219 230
219 231
219 232
220 174
220 176
220 214
220 215
220 216
220 217
220 218
220 219
220 221
220 222
220 223
220 224
220 225
220 227
220 230
221 173
221 174
221 175
221 176
221 215
221 216
221 217
221 218
221 219
221 220
221 222
221 223
221 224
221 225
221 226
221 227
221 228
221 229
221 230
221 231
221 232
221 233
221 247
221 248
221 249
221 250
221 401
222 174
222 216
222 217
222 218
222 219
222 220
222 221
222 223
222 224
222 225
222 226
222 227
222 228
222 229
222 230
222 231
222 232
222 249
223 174
223 217
223 218
223 219
223 220
223 221
223 222
223 224
223 225
223 226
223 227
223 228
223 229
223 230
224 172
224 173
224 174
224 175
224 218
224 219
224 220
224 221
224 222
224 223
224 225
224 226
224 227
224 228
224 229
224 249
224 250
225 172
225 173
225 174
225 219
225 220
225 221
225 222
225 223
225 224
225 226
225 227
225 228
225 229
225 230
225 249
225 250
225 251
225 252
225 403
226 172
226 221
226 222
226 223
226 224
226 225
226 227
226 228
226 229
226 230
226 251
227 219
227 220
227 221
227 222
227 223
227 224
227 225
227 226
227 228
227 229
227 230
228 221
228 222
228 223
228 224
228 225
228 226
228 227
228 229
228 230
228 250
228 251
228 357
228 402
228 403
228 404
229 218
229 219
229 221
229 222
229 223
229 224
229 225
229 226
229 227
229 228
229 230
229 231
229 232
229 249
229 250
229 251
229 357
229 358
229 359
229 401
229 402
229 403
230 217
230 218
230 219
230 220
230 221
230 222
230 223
230 225
230 226
230 227
230 228
230 229
230 231
230 232
230 233
230 249
230 359
230 401
231 214
231 215
231 217
231 218
231 219
231 221
231 222
231 229
231 230
231 232
231 233
231 234
231 235
231 359
231 401
232 214
232 215
232 217
232 218
232 219
232 221
232 222
232 229
232 230
232 231
232 233
232 234
232 235
232 247
232 248
232 249
232 358
232 359
232 360
232 361
232 399
232 400
232 401
232 402
233 214
233 215
233 217
233 218
233 221
233 230
233 231
233 232
233 234
233 235
233 236
233 237
233 238
233 245
233 247
233 359
233 360
233 361
233 397
233 398
233 399
233 400
233 401
234 214
234 215
234 218
234 231
234 232
234 233
234 235
234 236
234 237
234 238
234 359
234 360
234 361
234 399
235 210
235 211
235 214
235 215
235 231
235 232
235 233
235 234
235 236
235 237
235 238
235 239
236 210
236 211
236 214
236 233
236 234
236 235
236 237
236 238
236 239
237 210
237 211
237 214
237 233
237 234
237 235
237 236
237 238
237 239
237 242
237 361
237 396
237 397
237 399
238 206
238 207
238 209
238 210
238 211
238 212
238 213
238 214
238 233
238 234
238 235
238 236
238 237
238 239
238 240
238 241
238 242
238 243
238 244
238 245
238 396
238 397
239 206
239 207
239 208
239 209
239 210
239 211
239 213
239 214
239 235
239 236
239 237
239 238
239 240
239 241
239 242
239 243
239 396
240 180
240 205
240 206
240 207
240 208
240 209
240 210
240 211
240 238
240 239
240 241
240 242
240 243
241 180
241 206
241 207
241 208
241 210
241 238
241 239
241 240
241 242
241 243
241 244
241 396
242 178
242 179
242 180
242 205
242 206
242 207
242 210
242 237
242 238
242 239
242 240
242 241
242 243
242 244
242 245
242 394
242 395
242 396
242 397
243 178
243 179
243 180
243 181
243 182
243 183
243 203
243 204
243 205
243 206
243 207
243 238
243 239
243 240
243 241
243 242
243 244
243 245
243 377
243 392
243 393
243 394
243 395
243 396
243 397
244 177
244 178
244 179
244 180
244 183
244 201
244 202
244 203
244 204
244 206
244 238
244 241
244 242
244 243
244 245
244 246
244 247
244 375
244 393
244 394
244 395
244 396
244 397
244 398
245 176
245 177
245 178
245 179
245 180
245 202
245 206
245 217
245 233
245 238
245 242
245 243
245 244
245 246
245 247
245 248
245 394
245 395
245 396
245 397
245 398
245 399
246 114
246 117
246 118
246 120
246 121
246 175
246 176
246 177
246 178
246 179
246 201
246 244
246 245
246 247
246 248
246 361
246 362
246 395
246 396
246 397
246 398
246 399
246 400
247 114
247 117
247 174
247 175
247 176
247 177
247 178
247 217
247 218
247 221
247 232
247 233
247 244
247 245
247 246
247 248
247 249
247 361
247 397
247 398
247 399
247 400
247 401
248 110
248 113
248 114
248 115
248 116
248 117
248 118
248 173
248 174
248 175
248 176
248 177
248 221
248 232
248 245
248 246
248 247
248 249
248 250
248 359
248 362
248 398
248 399
248 400
248 401
248 402
249 109
249 110
249 113
249 114
249 117
249 172
249 173
249 174
249 175
249 176
249 221
249 222
249 224
249 225
249 229
249 230
249 232
249 247
249 248
249 250
249 251
249 359
249 399
249 400
249 401
249 402
249 403
250 109
250 110
250 112
250 113
250 114
250 171
250 172
250 173
250 174
250 175
250 221
250 224
250 225
250 228
250 229
250 248
250 249
250 251
250 252
250 400
250 401
250 402
250 403
250 404
250 452
250 453
251 109
251 110
251 113
251 170
251 171
251 172
251 173
251 174
251 225
251 226
251 228
251 229
251 249
251 250
251 252
251 253
251 357
251 401
251 402
251 403
251 404
251 405
251 452
251 453
252 169
252 170
252 171
252 172
252 173
252 225
252 250
252 251
252 253
252 254
252 402
252 403
252 404
252 405
252 411
252 443
252 452
252 453
253 168
253 169
253 170
253 171
253 172
253 251
253 252
253 254
253 255
253 256
253 305
253 403
253 404
253 405
253 406
253 410
253 411
253 412
254 166
254 167
254 168
254 169
254 170
254 171
254 252
254 253
254 255
254 256
254 257
254 304
254 305
254 306
254 307
254 310
254 311
254 312
254 405
254 406
254 409
254 410
254 411
254 412
255 167
255 168
255 169
255 170
255 253
255 254
255 256
255 257
255 258
255 259
255 304
255 305
255 306
255 307
255 406
255 407
255 408
255 409
255 410
255 411
255 412
255 413
255 414
256 168
256 169
256 253
256 254
256 255
256 257
256 258
256 259
256 260
256 303
256 304
256 305
256 306
256 307
256 308
256 310
256 311
256 312
256 406
256 407
256 408
256 409
256 410
256 411
257 168
257 254
257 255
257 256
257 258
257 259
257 260
257 303
257 304
257 305
257 306
257 307
257 308
257 311
257 409
257 410
258 255
258 256
258 257
258 259
258 260
258 261
258 285
258 286
258 287
258 288
258 289
258 303
258 304
258 305
258 306
258 408
258 409
258 410
258 416
258 417
258 418
258 419
259 255
259 256
259 257
259 258
259 260
259 261
259 262
259 283
259 284
259 285
259 287
259 303
259 304
259 305
259 306
259 407
259 408
259 409
259 410
259 415
259 416
259 417
259 418
259 419
260 256
260 257
260 258
260 259
260 261
260 262
260 263
260 264
260 265
260 283
260 284
260 285
260 286
260 287
260 349
260 350
260 351
260 407
260 408
260 409
260 410
260 416
260 417
260 418
260 419
261 258
261 259
261 260
261 262
261 263
261 264
261 265
261 283
261 284
261 285
261 407
261 408
261 409
261 415
261 416
261 417
261 418
261 419
262 259
262 260
262 261
262 263
262 264
262 265
262 266
262 281
262 282
262 283
262 284
262 285
262 407
262 408
262 409
262 415
262 416
262 418
263 260
263 261
263 262
263 264
263 265
263 266
263 283
263 284
263 408
263 416
263 418
264 260
264 261
264 262
264 263
264 265
264 266
264 282
264 283
264 284
264 285
264 408
264 418
265 260
265 261
265 262
265 263
265 264
265 266
265 267
265 268
265 280
265 281
265 282
265 283
265 284
265 285
265 350
265 351
265 352
265 353
265 407
265 408
266 262
266 263
266 264
266 265
266 267
266 268
266 269
266 279
266 280
266 281
266 282
266 283
266 284
266 350
266 352
267 265
267 266
267 268
267 269
267 270
267 278
267 279
267 280
267 281
267 282
267 283
267 352
268 265
268 266
268 267
268 269
268 270
268 271
268 277
268 278
268 279
268 280
268 281
268 282
268 283
268 350
268 352
268 436
269 266
269 267
269 268
269 270
269 271
269 272
269 276
269 277
269 278
269 279
269 280
269 281
269 282
269 352
269 436
269 437
270 267
270 268
270 269
270 271
270 272
270 275
270 276
270 277
270 278
270 279
270 280
270 281
270 282
270 352
270 434
270 435
270 436
270 437
270 438
270 458
270 459
270 460
270 461
271 268
271 269
271 270
271 272
271 273
271 274
271 275
271 276
271 277
271 278
271 279
271 280
271 319
271 435
271 436
271 437
271 438
271 458
271 459
271 460
272 103
272 104
272 105
272 269
272 270
272 271
272 273
272 274
272 275
272 276
272 277
272 278
272 436
272 437
272 438
272 457
272 458
272 459
272 460
273 102
273 103
273 104
273 105
273 271
273 272
273 274
273 275
273 276
273 277
273 322
273 323
273 324
273 437
273 438
273 458
273 459
274 102
274 103
274 104
274 271
274 272
274 273
274 275
274 276
274 277
274 458
275 104
275 270
275 271
275 272
275 273
275 274
275 276
275 277
275 437
276 104
276 269
276 270
276 271
276 272
276 273
276 274
276 275
276 277
276 278
276 459
277 268
277 269
277 270
277 271
277 272
277 273
277 274
277 275
277 276
277 278
277 279
277 280
277 436
277 437
277 459
277 461
278 267
278 268
278 269
278 270
278 271
278 272
278 276
278 277
278 279
278 280
278 281
278 436
278 459
278 460
278 461
278 462
279 266
279 267
279 268
279 269
279 270
279 271
279 277
279 278
279 280
279 281
279 282
279 352
279 436
279 460
279 461
280 265
280 266
280 267
280 268
280 269
280 270
280 271
280 277
280 278
280 279
280 281
280 282
280 283
280 351
280 352
280 353
280 354
280 436
280 459
280 460
280 461
280 462
281 262
281 265
281 266
281 267
281 268
281 269
281 270
281 278
281 279
281 280
281 282
281 283
281 284
281 350
281 351
281 352
281 353
281 354
281 407
281 460
281 461
282 262
282 264
282 265
282 266
282 267
282 268
282 269
282 270
282 279
282 280
282 281
282 283
282 284
282 349
282 350
282 351
282 352
282 353
282 354
282 407
282 408
282 434
282 435
282 436
282 460
283 259
283 260
283 261
283 262
283 263
283 264
283 265
283 266
283 267
283 268
283 280
283 281
283 282
283 284
283 285
283 349
283 350
283 351
283 352
283 353
283 407
283 408
283 434
283 435
284 259
284 260
284 261
284 262
284 263
284 264
284 265
284 266
284 281
284 282
284 283
284 285
284 286
284 348
284 349
284 350
284 351
284 352
284 408
284 434
285 258
285 259
285 260
285 261
285 262
285 264
285 265
285 283
285 284
285 286
285 287
285 288
285 347
285 348
285 349
285 350
285 351
285 408
285 418
285 419
285 420
286 258
286 260
286 284
286 285
286 287
286 288
286 289
286 346
286 347
286 348
286 349
286 350
286 418
286 419
286 420
286 421
286 430
286 432
287 258
287 259
287 260
287 285
287 286
287 288
287 289
287 290
287 344
287 345
287 346
287 347
287 348
287 349
287 419
287 420
287 421
288 258
288 285
288 286
288 287
288 289
288 290
288 291
288 303
288 343
288 344
288 345
288 346
288 347
288 348
288 349
289 258
289 286
289 287
289 288
289 290
289 291
289 292
289 301
289 302
289 303
289 304
289 342
289 343
289 344
289 345
289 346
289 347
289 348
289 349
290 287
290 288
290 289
290 291
290 292
290 300
290 301
290 302
290 303
290 304
290 313
290 339
290 341
290 342
290 343
290 344
290 345
290 346
290 347
291 288
291 289
291 290
291 292
291 293
291 294
291 299
291 300
291 301
291 302
291 303
291 313
291 314
291 338
291 339
291 341
291 342
291 343
291 344
291 345
291 346
291 347
291 431
291 433
292 289
292 290
292 291
292 293
292 294
292 295
292 297
292 298
292 299
292 300
292 301
292 302
292 315
292 338
292 339
292 340
292 341
292 342
292 343
292 344
292 345
293 291
293 292
293 294
293 295
293 296
293 297
293 298
293 299
293 300
293 301
293 315
293 316
293 317
293 318
293 338
293 341
293 342
294 291
294 292
294 293
294 295
294 296
294 297
294 298
294 299
294 300
294 315
294 317
294 337
294 338
294 341
295 292
295 293
295 294
295 296
295 297
295 298
295 299
295 317
296 293
296 294
296 295
296 297
296 298
296 299
296 317
296 318
296 320
296 321
296 326
297 292
297 293
297 294
297 295
297 296
297 298
297 299
297 300
297 316
297 317
297 318
297 319
297 320
297 321
298 292
298 293
298 294
298 295
298 296
298 297
298 299
298 300
298 315
298 316
298 317
298 318
298 319
298 321
298 323
298 326
298 439
299 291
299 292
299 293
299 294
299 295
299 296
299 297
299 298
299 300
299 301
299 314
299 315
299 316
299 317
299 318
299 338
299 432
299 433
299 434
299 435
299 439
300 290
300 291
300 292
300 293
300 294
300 297
300 298
300 299
300 301
300 302
300 313
300 314
300 315
300 316
300 317
300 335
300 338
300 339
300 341
300 342
300 433
300 439
300 440
301 289
301 290
301 291
301 292
301 293
301 299
301 300
301 302
301 303
301 311
301 312
301 313
301 314
301 315
301 316
301 338
301 339
301 342
301 343
301 344
301 347
301 349
301 433
301 441
302 289
302 290
302 291
302 292
302 300
302 301
302 303
302 304
302 305
302 311
302 312
302 313
302 314
302 315
302 339
302 342
302 343
302 344
302 442
302 443
302 444
303 256
303 257
303 258
303 259
303 288
303 289
303 290
303 291
303 301
303 302
303 304
303 305
303 306
303 308
303 310
303 311
303 312
303 313
303 314
303 349
303 410
303 443
304 254
304 255
304 256
304 257
304 258
304 259
304 289
304 290
304 302
304 303
304 305
304 306
304 307
304 308
304 309
304 310
304 311
304 312
304 313
304 410
304 443
304 444
304 446
305 168
305 169
305 253
305 254
305 255
305 256
305 257
305 258
305 259
305 302
305 303
305 304
305 306
305 307
305 308
305 309
305 310
305 311
305 312
305 409
305 410
305 411
305 443
306 166
306 167
306 168
306 169
306 254
306 255
306 256
306 257
306 258
306 259
306 303
306 304
306 305
306 307
306 308
306 309
306 310
306 311
306 410
307 166
307 167
307 168
307 169
307 254
307 255
307 256
307 257
307 304
307 305
307 306
307 308
307 309
307 310
307 311
308 256
308 257
308 303
308 304
308 305
308 306
308 307
308 309
308 310
308 311
308 445
308 446
308 447
309 161
309 164
309 169
309 304
309 305
309 306
309 307
309 308
309 310
309 311
309 444
309 445
309 446
309 447
309 448
309 449
310 161
310 169
310 254
310 256
310 303
310 304
310 305
310 306
310 307
310 308
310 309
310 311
310 312
310 313
310 443
310 444
310 445
310 446
310 447
310 449
310 450
310 451
310 452
311 254
311 256
311 257
311 301
311 302
311 303
311 304
311 305
311 306
311 307
311 308
311 309
311 310
311 312
311 313
311 314
311 442
311 443
311 444
311 445
311 446
311 449
311 451
312 254
312 256
312 301
312 302
312 303
312 304
312 305
312 310
312 311
312 313
312 314
312 410
312 441
312 442
312 443
312 444
312 445
312 446
312 453
312 454
313 290
313 291
313 300
313 301
313 302
313 303
313 304
313 310
313 311
313 312
313 314
313 315
313 316
313 339
313 440
313 441
313 442
313 443
313 444
313 454
314 291
314 299
314 300
314 301
314 302
314 303
314 311
314 312
314 313
314 315
314 316
314 317
314 351
314 433
314 435
314 439
314 440
314 441
314 442
314 443
314 455
314 456
314 457
315 292
315 293
315 294
315 298
315 299
315 300
315 301
315 302
315 313
315 314
315 316
315 317
315 318
315 323
315 326
315 327
315 335
315 338
315 433
315 435
315 438
315 439
315 440
315 441
315 442
315 456
316 293
316 297
316 298
316 299
316 300
316 301
316 313
316 314
316 315
316 317
316 318
316 319
316 321
316 322
316 323
316 326
316 433
316 434
316 435
316 436
316 437
316 438
316 439
316 440
316 441
317 293
317 294
317 295
317 296
317 297
317 298
317 299
317 300
317 314
317 315
317 316
317 318
317 319
317 320
317 321
317 322
317 323
317 324
317 325
317 326
317 327
317 435
317 437
317 438
317 439
317 440
318 293
318 296
318 297
318 298
318 299
318 315
318 316
318 317
318 319
318 320
318 321
318 322
318 323
318 437
319 271
319 297
319 298
319 316
319 317
319 318
319 320
319 321
319 322
319 323
319 436
319 437
319 438
320 296
320 297
320 317
320 318
320 319
320 321
320 322
320 323
321 296
321 297
321 298
321 316
321 317
321 318
321 319
321 320
321 322
321 323
321 324
321 325
321 326
322 103
322 273
322 316
322 317
322 318
322 319
322 320
322 321
322 323
322 324
322 325
322 326
322 327
322 437
322 438
322 439
323 103
323 273
323 298
323 315
323 316
323 317
323 318
323 319
323 320
323 321
323 322
323 324
323 325
323 326
323 327
323 328
323 437
323 438
323 439
323 440
323 456
323 457
323 458
324 95
324 98
324 99
324 102
324 103
324 273
324 317
324 321
324 322
324 323
324 325
324 326
324 327
324 328
324 329
324 330
324 438
324 439
324 440
324 456
325 317
325 321
325 322
325 323
325 324
325 326
325 327
325 328
325 329
325 330
326 296
326 298
326 315
326 316
326 317
326 321
326 322
326 323
326 324
326 325
326 327
326 328
326 329
326 330
326 331
326 439
326 440
327 91
327 94
327 95
327 98
327 99
327 315
327 317
327 322
327 323
327 324
327 325
327 326
327 328
327 329
327 330
327 331
327 439
327 440
327 456
328 91
328 95
328 98
328 99
328 323
328 324
328 325
328 326
328 327
328 329
328 330
328 331
329 324
329 325
329 326
329 327
329 328
329 330
329 331
329 334
329 335
330 91
330 92
330 94
330 95
330 324
330 325
330 326
330 327
330 328
330 329
330 331
330 332
330 333
330 334
330 335
330 336
331 87
331 88
331 90
331 91
331 92
331 95
331 326
331 327
331 328
331 329
331 330
331 332
331 333
331 334
331 335
331 336
331 337
332 84
332 85
332 86
332 87
332 88
332 89
332 90
332 91
332 92
332 330
332 331
332 333
332 334
332 335
332 336
332 337
332 338
333 87
333 88
333 330
333 331
333 332
333 334
333 335
333 336
333 337
333 338
333 339
334 329
334 330
334 331
334 332
334 333
334 335
334 336
334 337
334 338
334 339
335 87
335 91
335 300
335 315
335 329
335 330
335 331
335 332
335 333
335 334
335 336
335 337
335 338
335 339
335 340
336 87
336 330
336 331
336 332
336 333
336 334
336 335
336 337
336 338
336 339
336 340
336 341
336 449
337 294
337 331
337 332
337 333
337 334
337 335
337 336
337 338
337 339
337 340
337 341
337 342
338 291
338 292
338 293
338 294
338 299
338 300
338 301
338 315
338 332
338 333
338 334
338 335
338 336
338 337
338 339
338 340
338 341
338 342
339 290
339 291
339 292
339 300
339 301
339 302
339 313
339 333
339 334
339 335
339 336
339 337
339 338
339 340
339 341
339 342
339 343
339 446
339 449
340 292
340 335
340 336
340 337
340 338
340 339
340 341
340 342
340 343
341 290
341 291
341 292
341 293
341 294
341 300
341 336
341 337
341 338
341 339
341 340
341 342
341 343
341 344
342 289
342 290
342 291
342 292
342 293
342 300
342 301
342 302
342 337
342 338
342 339
342 340
342 341
342 343
342 344
342 345
343 288
343 289
343 290
343 291
343 292
343 301
343 302
343 339
343 340
343 341
343 342
343 344
343 345
344 287
344 288
344 289
344 290
344 291
344 292
344 301
344 302
344 341
344 342
344 343
344 345
344 346
344 347
345 287
345 288
345 289
345 290
345 291
345 292
345 342
345 343
345 344
345 346
345 347
345 430
345 431
346 286
346 287
346 288
346 289
346 290
346 291
346 344
346 345
346 347
346 348
346 349
346 429
346 430
346 431
346 432
347 285
347 286
347 287
347 288
347 289
347 290
347 291
347 301
347 344
347 345
347 346
347 348
347 349
347 350
347 429
347 430
347 431
347 432
347 433
348 284
348 285
348 286
348 287
348 288
348 289
348 346
348 347
348 349
348 350
348 430
348 431
348 432
348 433
348 434
349 260
349 282
349 283
349 284
349 285
349 286
349 287
349 288
349 289
349 301
349 303
349 346
349 347
349 348
349 350
349 351
349 431
349 432
349 433
349 434
349 435
350 260
350 265
350 266
350 268
350 281
350 282
350 283
350 284
350 285
350 286
350 347
350 348
350 349
350 351
350 352
350 353
350 432
350 433
350 434
350 435
350 436
351 260
351 265
351 280
351 281
351 282
351 283
351 284
351 285
351 314
351 349
351 350
351 352
351 353
351 354
351 406
351 407
351 408
351 433
351 434
351 435
351 436
351 460
352 265
352 266
352 267
352 268
352 269
352 270
352 279
352 280
352 281
352 282
352 283
352 284
352 350
352 351
352 353
352 354
352 355
352 406
352 407
352 408
352 434
352 435
352 436
352 437
352 457
352 459
352 460
352 461
353 265
353 280
353 281
353 282
353 283
353 350
353 351
353 352
353 354
353 355
353 405
353 406
353 407
353 408
353 410
353 460
353 461
354 280
354 281
354 282
354 351
354 352
354 353
354 355
354 356
354 357
354 404
354 405
354 406
354 407
354 457
354 459
354 460
354 461
354 462
354 463
355 106
355 352
355 353
355 354
355 356
355 357
355 403
355 404
355 405
355 406
355 407
355 457
355 459
355 460
355 461
355 462
355 463
356 106
356 107
356 108
356 109
356 354
356 355
356 357
356 358
356 402
356 403
356 404
356 405
356 406
356 455
356 456
356 457
356 458
356 459
356 460
356 461
356 462
356 463
357 106
357 107
357 108
357 109
357 228
357 229
357 251
357 354
357 355
357 356
357 358
357 359
357 401
357 402
357 403
357 404
357 405
357 455
357 462
357 463
358 105
358 106
358 107
358 108
358 109
358 229
358 232
358 356
358 357
358 359
358 360
358 400
358 401
358 402
358 403
358 404
358 455
359 107
359 108
359 109
359 229
359 230
359 231
359 232
359 233
359 234
359 248
359 249
359 357
359 358
359 360
359 361
359 362
359 399
359 400
359 401
359 402
359 403
360 97
360 109
360 232
360 233
360 234
360 358
360 359
360 361
360 362
360 363
360 364
360 365
360 398
360 399
360 400
360 401
360 402
361 232
361 233
361 234
361 237
361 246
361 247
361 359
361 360
361 362
361 363
361 364
361 365
361 366
361 397
361 398
361 399
361 400
361 401
362 93
362 97
362 114
362 246
362 248
362 359
362 360
362 361
362 363
362 364
362 365
362 366
362 367
362 397
362 398
362 399
362 400
363 360
363 361
363 362
363 364
363 365
363 366
363 367
363 368
363 369
363 371
363 372
363 374
363 375
363 395
363 396
363 397
363 398
363 399
364 96
364 97
364 360
364 361
364 362
364 363
364 365
364 366
364 367
364 368
364 369
364 370
364 371
364 372
364 375
364 397
364 398
365 93
365 94
365 95
365 96
365 97
365 100
365 360
365 361
365 362
365 363
365 364
365 366
365 367
365 368
365 369
365 370
365 371
366 93
366 96
366 97
366 132
366 133
366 136
366 137
366 361
366 362
366 363
366 364
366 365
366 367
366 368
366 369
366 370
366 371
366 372
366 374
366 375
366 398
367 132
367 136
367 362
367 363
367 364
367 365
367 366
367 368
367 369
367 370
367 371
367 372
367 373
367 374
367 375
367 376
368 93
368 96
368 136
368 363
368 364
368 365
368 366
368 367
368 369
368 370
368 371
368 372
369 89
369 92
369 93
369 96
369 132
369 135
369 136
369 137
369 363
369 364
369 365
369 366
369 367
369 368
369 370
369 371
369 372
370 129
370 132
370 133
370 135
370 136
370 364
370 365
370 366
370 367
370 368
370 369
370 371
370 372
370 373
370 374
371 128
371 129
371 130
371 131
371 132
371 133
371 134
371 135
371 136
371 137
371 363
371 364
371 365
371 366
371 367
371 368
371 369
371 370
371 372
371 373
371 374
371 375
371 376
372 128
372 129
372 132
372 133
372 363
372 364
372 366
372 367
372 368
372 369
372 370
372 371
372 373
372 374
372 375
372 376
372 379
372 380
373 127
373 128
373 129
373 130
373 131
373 132
373 133
373 367
373 370
373 371
373 372
373 374
373 375
373 376
373 377
373 378
373 379
373 380
373 381
373 394
373 395
374 121
374 122
374 125
374 126
374 128
374 129
374 130
374 132
374 133
374 363
374 366
374 367
374 370
374 371
374 372
374 373
374 375
374 376
374 377
374 378
374 379
374 380
374 381
374 382
374 393
374 394
374 395
374 396
374 397
375 129
375 244
375 363
375 364
375 366
375 367
375 371
375 372
375 373
375 374
375 376
375 377
375 378
375 379
375 380
375 381
375 393
375 394
375 395
375 396
375 397
375 398
376 129
376 367
376 371
376 372
376 373
376 374
376 375
376 377
376 378
376 379
376 380
376 381
376 392
376 393
376 394
376 395
376 396
377 243
377 373
377 374
377 375
377 376
377 378
377 379
377 380
377 381
377 391
377 392
377 393
377 394
377 395
377 396
378 373
378 374
378 375
378 376
378 377
378 379
378 380
378 381
378 391
378 392
378 393
378 394
379 127
379 128
379 129
379 372
379 373
379 374
379 375
379 376
379 377
379 378
379 380
379 381
379 382
379 391
379 392
379 393
379 394
380 125
380 126
380 127
380 128
380 129
380 130
380 372
380 373
380 374
380 375
380 376
380 377
380 378
380 379
380 381
380 382
380 383
380 391
380 392
380 393
380 394
380 395
381 124
381 125
381 126
381 127
381 128
381 129
381 130
381 373
381 374
381 375
381 376
381 377
381 378
381 379
381 380
381 382
381 383
381 384
381 385
381 390
381 391
381 392
381 393
381 394
382 51
382 52
382 121
382 122
382 123
382 124
382 125
382 126
382 127
382 129
382 130
382 374
382 379
382 380
382 381
382 383
382 384
382 385
382 386
382 389
382 390
382 391
382 392
382 393
382 394
382 395
383 51
383 52
383 124
383 125
383 126
383 185
383 186
383 380
383 381
383 382
383 384
383 385
383 386
383 387
383 388
383 389
383 390
383 391
383 392
383 393
383 394
384 50
384 51
384 52
384 121
384 122
384 123
384 124
384 125
384 126
384 185
384 186
384 187
384 188
384 189
384 190
384 381
384 382
384 383
384 385
384 386
384 387
384 388
384 389
384 390
385 51
385 121
385 122
385 123
385 124
385 125
385 179
385 183
385 184
385 185
385 186
385 187
385 188
385 189
385 190
385 201
385 381
385 382
385 383
385 384
385 386
385 387
385 388
385 389
385 390
385 393
386 124
386 179
386 183
386 184
386 185
386 186
386 187
386 188
386 189
386 190
386 382
386 383
386 384
386 385
386 387
386 388
386 389
386 390
386 391
386 393
387 183
387 184
387 185
387 186
387 187
387 188
387 189
387 383
387 384
387 385
387 386
387 388
387 389
387 390
388 183
388 184
388 185
388 186
388 383
388 384
388 385
388 386
388 387
388 389
388 390
388 391
389 186
389 382
389 383
389 384
389 385
389 386
389 387
389 388
389 390
389 391
389 392
389 393
390 183
390 184
390 381
390 382
390 383
390 384
390 385
390 386
390 387
390 388
390 389
390 391
390 392
390 393
391 377
391 378
391 379
391 380
391 381
391 382
391 383
391 386
391 388
391 389
391 390
391 392
391 393
391 394
392 243
392 376
392 377
392 378
392 379
392 380
392 381
392 382
392 383
392 389
392 390
392 391
392 393
392 394
393 179
393 183
393 243
393 244
393 374
393 375
393 376
393 377
393 378
393 379
393 380
393 381
393 382
393 383
393 385
393 386
393 389
393 390
393 391
393 392
393 394
393 395
393 396
394 125
394 129
394 179
394 242
394 243
394 244
394 245
394 373
394 374
394 375
394 376
394 377
394 378
394 379
394 380
394 381
394 382
394 383
394 391
394 392
394 393
394 395
394 396
394 397
395 121
395 177
395 178
395 179
395 242
395 243
395 244
395 245
395 246
395 363
395 373
395 374
395 375
395 376
395 377
395 380
395 382
395 393
395 394
395 396
395 397
395 398
396 179
396 237
396 238
396 239
396 241
396 242
396 243
396 244
396 245
396 246
396 363
396 374
396 375
396 376
396 377
396 393
396 394
396 395
396 397
396 398
397 233
397 237
397 238
397 242
397 243
397 244
397 245
397 246
397 247
397 361
397 362
397 363
397 364
397 374
397 375
397 394
397 395
397 396
397 398
397 399
398 114
398 117
398 118
398 177
398 233
398 244
398 245
398 246
398 247
398 248
398 360
398 361
398 362
398 363
398 364
398 366
398 375
398 395
398 396
398 397
398 399
398 400
399 114
399 232
399 233
399 234
399 237
399 245
399 246
399 247
399 248
399 249
399 359
399 360
399 361
399 362
399 363
399 397
399 398
399 400
399 401
400 108
400 109
400 110
400 111
400 113
400 114
400 117
400 175
400 232
400 233
400 246
400 247
400 248
400 249
400 250
400 358
400 359
400 360
400 361
400 362
400 398
400 399
400 401
400 402
401 108
401 109
401 110
401 113
401 114
401 221
401 229
401 230
401 231
401 232
401 233
401 247
401 248
401 249
401 250
401 251
401 357
401 358
401 359
401 360
401 361
401 399
401 400
401 402
401 403
402 107
402 108
402 109
402 110
402 113
402 173
402 228
402 229
402 232
402 248
402 249
402 250
402 251
402 252
402 356
402 357
402 358
402 359
402 360
402 400
402 401
402 403
402 404
402 453
402 454
402 455
403 108
403 109
403 110
403 225
403 228
403 229
403 249
403 250
403 251
403 252
403 253
403 355
403 356
403 357
403 358
403 359
403 401
403 402
403 404
403 405
403 453
404 108
404 109
404 228
404 250
404 251
404 252
404 253
404 354
404 355
404 356
404 357
404 358
404 402
404 403
404 405
404 406
404 411
404 443
404 453
404 455
405 251
405 252
405 253
405 254
405 353
405 354
405 355
405 356
405 357
405 403
405 404
405 406
405 407
405 410
405 411
405 412
406 253
406 254
406 255
406 256
406 351
406 352
406 353
406 354
406 355
406 356
406 404
406 405
406 407
406 408
406 409
406 410
406 411
406 412
406 460
407 255
407 256
407 259
407 260
407 261
407 262
407 265
407 281
407 282
407 283
407 351
407 352
407 353
407 354
407 355
407 405
407 406
407 408
407 409
407 410
407 411
407 412
407 413
408 255
408 256
408 258
408 259
408 260
408 261
408 262
408 263
408 264
408 265
408 282
408 283
408 284
408 285
408 351
408 352
408 353
408 406
408 407
408 409
408 410
408 411
408 412
408 413
408 414
408 415
408 416
409 254
409 255
409 256
409 257
409 258
409 259
409 260
409 261
409 262
409 305
409 406
409 407
409 408
409 410
409 411
409 412
409 413
409 414
409 415
409 416
410 168
410 169
410 253
410 254
410 255
410 256
410 257
410 258
410 259
410 260
410 303
410 304
410 305
410 306
410 312
410 353
410 405
410 406
410 407
410 408
410 409
410 411
410 412
410 413
411 168
411 169
411 170
411 252
411 253
411 254
411 255
411 256
411 305
411 404
411 405
411 406
411 407
411 408
411 409
411 410
411 412
411 413
411 414
412 253
412 254
412 255
412 405
412 406
412 407
412 408
412 409
412 410
412 411
412 413
412 414
413 255
413 407
413 408
413 409
413 410
413 411
413 412
413 414
413 415
413 416
414 255
414 408
414 409
414 411
414 412
414 413
414 415
414 416
415 259
415 261
415 262
415 408
415 409
415 413
415 414
415 416
415 417
415 418
416 258
416 259
416 260
416 261
416 262
416 263
416 408
416 409
416 413
416 414
416 415
416 417
416 418
416 419
417 258
417 259
417 260
417 261
417 415
417 416
417 418
417 419
417 420
418 258
418 259
418 260
418 261
418 262
418 263
418 264
418 285
418 286
418 415
418 416
418 417
418 419
418 420
418 421
419 258
419 259
419 260
419 261
419 285
419 286
419 287
419 416
419 417
419 418
419 420
419 421
419 422
420 285
420 286
420 287
420 417
420 418
420 419
420 421
420 422
420 423
421 286
421 287
421 418
421 419
421 420
421 422
421 423
421 424
422 419
422 420
422 421
422 423
422 424
422 425
423 420
423 421
423 422
423 424
423 425
423 426
423 427
424 421
424 422
424 423
424 425
424 426
424 427
425 422
425 423
425 424
425 426
425 427
425 428
426 423
426 424
426 425
426 427
426 428
426 429
426 430
427 423
427 424
427 425
427 426
427 428
427 429
427 430
427 431
428 425
428 426
428 427
428 429
428 430
428 431
429 346
429 347
429 426
429 427
429 428
429 430
429 431
429 432
430 286
430 345
430 346
430 347
430 348
430 426
430 427
430 428
430 429
430 431
430 432
430 433
431 291
431 345
431 346
431 347
431 348
431 349
431 427
431 428
431 429
431 430
431 432
431 433
431 434
432 286
432 299
432 346
432 347
432 348
432 349
432 350
432 429
432 430
432 431
432 433
432 434
432 435
433 291
433 299
433 300
433 301
433 314
433 315
433 316
433 347
433 348
433 349
433 350
433 351
433 430
433 431
433 432
433 434
433 435
433 436
434 270
434 282
434 283
434 284
434 299
434 316
434 348
434 349
434 350
434 351
434 352
434 431
434 432
434 433
434 435
434 436
434 437
435 270
435 271
435 282
435 283
435 299
435 314
435 315
435 316
435 317
435 349
435 350
435 351
435 352
435 432
435 433
435 434
435 436
435 437
435 438
435 439
435 440
435 457
436 268
436 269
436 270
436 271
436 272
436 277
436 278
436 279
436 280
436 282
436 316
436 319
436 350
436 351
436 352
436 433
436 434
436 435
436 437
436 438
436 439
436 458
436 459
436 460
437 269
437 270
437 271
437 272
437 273
437 275
437 277
437 316
437 317
437 318
437 319
437 322
437 323
437 352
437 434
437 435
437 436
437 438
437 439
437 457
437 458
437 459
437 460
438 103
438 104
438 105
438 106
438 270
438 271
438 272
438 273
438 315
438 316
438 317
438 319
438 322
438 323
438 324
438 435
438 436
438 437
438 439
438 440
438 441
438 456
438 457
438 458
438 459
438 460
439 106
439 298
439 299
439 300
439 314
439 315
439 316
439 317
439 322
439 323
439 324
439 326
439 327
439 435
439 436
439 437
439 438
439 440
439 441
439 455
439 456
439 457
439 458
439 459
440 106
440 107
440 108
440 300
440 313
440 314
440 315
440 316
440 317
440 323
440 324
440 326
440 327
440 435
440 438
440 439
440 441
440 442
440 454
440 455
440 456
440 457
440 458
441 107
441 108
441 301
441 312
441 313
441 314
441 315
441 316
441 438
441 439
441 440
441 442
441 443
441 444
441 453
441 454
441 455
441 456
441 457
442 108
442 109
442 110
442 302
442 311
442 312
442 313
442 314
442 315
442 440
442 441
442 443
442 444
442 451
442 452
442 453
442 454
442 455
442 456
443 110
443 252
443 302
443 303
443 304
443 305
443 310
443 311
443 312
443 313
443 314
443 404
443 441
443 442
443 444
443 445
443 446
443 449
443 450
443 451
443 452
443 453
443 454
443 455
444 302
444 304
444 309
444 310
444 311
444 312
444 313
444 441
444 442
444 443
444 445
444 446
444 447
444 448
444 449
444 450
444 451
444 452
444 453
444 454
445 83
445 160
445 161
445 308
445 309
445 310
445 311
445 312
445 443
445 444
445 446
445 447
445 448
445 449
445 450
445 451
445 452
445 453
446 304
446 308
446 309
446 310
446 311
446 312
446 339
446 443
446 444
446 445
446 447
446 448
446 449
446 450
446 451
447 71
447 72
447 73
447 74
447 75
447 80
447 308
447 309
447 310
447 444
447 445
447 446
447 448
447 449
447 450
448 71
448 72
448 75
448 76
448 79
448 80
448 81
448 82
448 83
448 84
448 157
448 309
448 444
448 445
448 446
448 447
448 449
448 450
448 451
449 72
449 80
449 83
449 84
449 87
449 309
449 310
449 311
449 336
449 339
449 443
449 444
449 445
449 446
449 447
449 448
449 450
449 451
449 452
450 80
450 82
450 83
450 84
450 85
450 86
450 87
450 90
450 111
450 112
450 157
450 161
450 310
450 443
450 444
450 445
450 446
450 447
450 448
450 449
450 451
450 452
450 453
451 83
451 84
451 86
451 87
451 88
451 90
451 91
451 110
451 111
451 112
451 113
451 310
451 311
451 442
451 443
451 444
451 445
451 446
451 448
451 449
451 450
451 452
451 453
451 454
452 83
452 86
452 87
452 90
452 109
452 110
452 111
452 112
452 113
452 114
452 161
452 171
452 250
452 251
452 252
452 310
452 442
452 443
452 444
452 445
452 449
452 450
452 451
452 453
452 454
453 90
453 108
453 109
453 110
453 111
453 112
453 113
453 250
453 251
453 252
453 312
453 402
453 403
453 404
453 441
453 442
453 443
453 444
453 445
453 450
453 451
453 452
453 454
453 455
454 90
454 91
454 94
454 107
454 108
454 109
454 110
454 111
454 112
454 312
454 313
454 402
454 440
454 441
454 442
454 443
454 444
454 451
454 452
454 453
454 455
454 456
455 94
455 98
455 106
455 107
455 108
455 109
455 110
455 314
455 356
455 357
455 358
455 402
455 404
455 439
455 440
455 441
455 442
455 443
455 453
455 454
455 456
455 457
455 458
456 94
456 98
456 103
456 104
456 105
456 106
456 107
456 108
456 109
456 314
456 315
456 323
456 324
456 327
456 356
456 438
456 439
456 440
456 441
456 442
456 454
456 455
456 457
456 458
456 459
456 460
457 103
457 104
457 105
457 106
457 107
457 108
457 272
457 314
457 323
457 352
457 354
457 355
457 356
457 435
457 437
457 438
457 439
457 440
457 441
457 455
457 456
457 458
457 459
457 460
457 461
458 102
458 103
458 104
458 105
458 106
458 107
458 270
458 271
458 272
458 273
458 274
458 323
458 356
458 436
458 437
458 438
458 439
458 440
458 455
458 456
458 457
458 459
458 460
458 461
458 462
459 103
459 104
459 105
459 106
459 107
459 270
459 271
459 272
459 273
459 276
459 277
459 278
459 280
459 352
459 354
459 355
459 356
459 436
459 437
459 438
459 439
459 456
459 457
459 458
459 460
459 461
459 462
459 463
460 106
460 270
460 271
460 272
460 278
460 279
460 280
460 281
460 282
460 351
460 352
460 353
460 354
460 355
460 356
460 406
460 436
460 437
460 438
460 456
460 457
460 458
460 459
460 461
460 462
460 463
461 270
461 277
461 278
461 279
461 280
461 281
461 352
461 353
461 354
461 355
461 356
461 457
461 458
461 459
461 460
461 462
461 463
462 106
462 278
462 280
462 354
462 355
462 356
462 357
462 458
462 459
462 460
462 461
462 463
463 354
463 355
463 356
463 357
463 459
463 460
463 461
463 462
