0 1
0 2
0 3
0 33
0 34
0 35
0 62
0 63
0 64
1 0
1 2
1 3
1 33
1 34
1 35
1 64
1 91
2 0
2 1
2 3
2 4
2 5
2 33
2 34
2 35
2 36
2 64
2 90
2 91
2 92
3 0
3 1
3 2
3 4
3 5
3 6
3 31
3 32
3 33
3 34
3 35
3 64
3 65
3 88
3 90
3 91
3 92
4 2
4 3
4 5
4 6
4 7
4 30
4 31
4 32
4 33
4 34
4 35
4 38
4 87
4 88
4 89
4 90
4 91
4 92
4 95
4 96
4 97
5 2
5 3
5 4
5 6
5 7
5 8
5 29
5 30
5 31
5 32
5 33
5 34
5 35
5 38
5 64
5 65
5 66
5 67
5 86
5 87
5 88
5 91
5 95
5 96
5 97
6 3
6 4
6 5
6 7
6 8
6 29
6 30
6 31
6 32
6 33
6 66
6 86
6 97
7 4
7 5
7 6
7 8
7 9
7 10
7 28
7 29
7 30
7 31
7 32
7 33
7 66
7 67
7 68
7 84
7 85
7 86
7 97
7 98
7 99
7 198
7 199
8 5
8 6
8 7
8 9
8 10
8 11
8 27
8 28
8 29
8 30
8 31
8 68
8 84
8 97
8 98
8 99
8 198
8 199
8 200
8 479
9 7
9 8
9 10
9 11
9 26
9 27
9 28
9 29
9 30
9 68
9 69
9 82
9 83
9 84
9 98
9 99
9 100
9 101
9 102
9 197
9 198
9 199
10 7
10 8
10 9
10 11
10 12
10 13
10 25
10 26
10 27
10 28
10 29
10 68
10 69
10 70
10 101
10 103
10 104
10 105
10 198
11 8
11 9
11 10
11 12
11 13
11 14
11 24
11 25
11 26
11 27
11 28
11 101
11 102
11 103
11 104
11 105
11 106
11 482
12 10
12 11
12 13
12 14
12 15
12 16
12 17
12 24
12 25
12 26
12 27
12 102
12 103
12 104
12 105
12 106
12 482
13 10
13 11
13 12
13 14
13 15
13 16
13 17
13 103
13 104
13 105
13 106
13 107
13 481
13 482
13 483
13 484
14 11
14 12
14 13
14 15
14 16
14 17
14 18
14 19
14 102
14 103
14 104
14 105
14 106
14 107
15 12
15 13
15 14
15 16
15 17
15 18
15 19
15 104
15 105
15 106
15 107
16 12
16 13
16 14
16 15
16 17
16 18
16 19
16 104
17 12
17 13
17 14
17 15
17 16
17 18
17 19
17 20
17 21
17 23
17 24
17 103
17 104
18 14
18 15
18 16
18 17
18 19
18 20
18 21
18 22
18 23
18 24
19 14
19 15
19 16
19 17
19 18
19 20
19 21
19 22
20 17
20 18
20 19
20 21
20 22
20 23
21 17
21 18
21 19
21 20
21 22
21 23
21 24
21 74
21 75
22 18
22 19
22 20
22 21
22 23
22 24
22 73
22 74
22 75
22 76
22 77
23 17
23 18
23 20
23 21
23 22
23 24
23 25
23 49
23 72
23 73
23 74
23 75
23 76
23 77
24 11
24 12
24 17
24 18
24 21
24 22
24 23
24 25
24 26
24 49
24 71
24 72
24 73
24 74
24 75
24 77
24 78
24 103
24 104
25 10
25 11
25 12
25 23
25 24
25 26
25 27
25 49
25 50
25 51
25 70
25 71
25 72
25 73
25 74
25 103
25 104
26 9
26 10
26 11
26 12
26 24
26 25
26 27
26 28
26 51
26 69
26 70
26 71
26 72
26 73
26 82
26 84
26 101
26 102
26 103
26 104
27 8
27 9
27 10
27 11
27 12
27 25
27 26
27 28
27 29
27 30
27 51
27 52
27 53
27 68
27 69
27 70
27 71
27 72
27 84
27 103
28 7
28 8
28 9
28 10
28 11
28 26
28 27
28 29
28 30
28 31
28 40
28 41
28 42
28 53
28 67
28 68
28 69
28 70
28 71
28 83
28 84
28 85
28 86
28 99
29 5
29 6
29 7
29 8
29 9
29 10
29 27
29 28
29 30
29 31
29 40
29 53
29 54
29 66
29 67
29 68
29 69
29 70
29 84
29 86
30 4
30 5
30 6
30 7
30 8
30 9
30 27
30 28
30 29
30 31
30 32
30 33
30 38
30 39
30 40
30 56
30 65
30 66
30 67
30 68
30 69
30 86
30 87
30 88
30 97
31 3
31 4
31 5
31 6
31 7
31 8
31 28
31 29
31 30
31 32
31 33
31 34
31 38
31 56
31 57
31 58
31 59
31 64
31 65
31 66
31 67
31 68
32 3
32 4
32 5
32 6
32 7
32 30
32 31
32 33
32 34
32 35
32 58
32 59
32 62
32 63
32 64
32 65
32 66
32 67
33 0
33 1
33 2
33 3
33 4
33 5
33 6
33 7
33 30
33 31
33 32
33 34
33 35
33 36
33 37
33 38
33 58
33 59
33 63
33 64
33 65
33 66
33 67
33 88
33 90
33 91
34 0
34 1
34 2
34 3
34 4
34 5
34 31
34 32
34 33
34 35
34 36
34 37
34 38
34 58
34 63
34 64
34 65
34 66
34 88
34 90
34 91
35 0
35 1
35 2
35 3
35 4
35 5
35 32
35 33
35 34
35 36
35 37
35 38
35 63
35 64
35 65
35 88
35 89
35 90
35 91
36 2
36 33
36 34
36 35
36 37
36 38
36 39
36 56
36 64
36 65
36 66
36 67
36 88
36 89
36 90
37 33
37 34
37 35
37 36
37 38
37 39
37 40
37 55
37 56
37 65
37 67
37 87
37 88
37 89
37 90
38 4
38 5
38 30
38 31
38 33
38 34
38 35
38 36
38 37
38 39
38 40
38 56
38 65
38 66
38 67
38 86
38 87
38 88
38 89
38 90
39 30
39 36
39 37
39 38
39 40
39 41
39 53
39 67
39 69
39 85
39 86
39 87
39 88
39 89
39 96
40 28
40 29
40 30
40 37
40 38
40 39
40 41
40 42
40 51
40 52
40 53
40 67
40 68
40 69
40 70
40 84
40 85
40 86
40 87
40 88
40 96
40 97
40 98
41 28
41 39
41 40
41 42
41 43
41 44
41 51
41 53
41 69
41 71
41 83
41 84
41 85
41 86
41 87
41 98
42 28
42 40
42 41
42 43
42 44
42 45
42 49
42 50
42 51
42 69
42 70
42 71
42 82
42 83
42 84
42 85
42 86
42 98
42 99
42 100
43 41
43 42
43 44
43 45
43 46
43 47
43 49
43 71
43 81
43 82
43 83
43 84
43 85
43 98
43 100
44 41
44 42
44 43
44 45
44 46
44 47
44 48
44 49
44 71
44 72
44 73
44 77
44 80
44 81
44 82
44 83
44 84
45 42
45 43
45 44
45 46
45 47
45 48
45 49
45 77
45 80
45 81
45 82
45 83
46 43
46 44
46 45
46 47
46 48
46 49
46 75
46 76
46 77
46 80
47 43
47 44
47 45
47 46
47 48
47 49
47 73
47 74
47 75
47 76
47 77
47 80
47 82
48 44
48 45
48 46
48 47
48 49
48 50
48 72
48 73
48 74
48 75
48 77
49 23
49 24
49 25
49 42
49 43
49 44
49 45
49 46
49 47
49 48
49 50
49 51
49 71
49 72
49 73
49 74
49 75
50 25
50 42
50 48
50 49
50 51
50 52
50 70
50 71
50 72
50 73
50 74
51 25
51 26
51 27
51 40
51 41
51 42
51 49
51 50
51 52
51 53
51 69
51 70
51 71
51 72
51 73
52 27
52 40
52 50
52 51
52 53
52 54
52 55
52 68
52 69
52 70
52 71
52 72
53 27
53 28
53 29
53 39
53 40
53 41
53 51
53 52
53 54
53 55
53 56
53 67
53 68
53 69
53 70
53 71
54 29
54 52
54 53
54 55
54 56
54 57
54 66
54 67
54 68
54 69
54 70
55 37
55 52
55 53
55 54
55 56
55 57
55 58
55 65
55 66
55 67
55 68
55 69
56 30
56 31
56 36
56 37
56 38
56 53
56 54
56 55
56 57
56 58
56 59
56 64
56 65
56 66
56 67
56 68
57 31
57 54
57 55
57 56
57 58
57 59
57 60
57 63
57 64
57 65
57 66
57 67
57 68
58 31
58 32
58 33
58 34
58 55
58 56
58 57
58 59
58 60
58 61
58 62
58 63
58 64
58 65
58 66
58 67
59 31
59 32
59 33
59 56
59 57
59 58
59 60
59 61
59 62
59 63
59 64
59 65
59 66
60 57
60 58
60 59
60 61
60 62
60 63
60 64
60 65
61 58
61 59
61 60
61 62
61 63
61 64
62 0
62 32
62 58
62 59
62 60
62 61
62 63
62 64
62 65
63 0
63 32
63 33
63 34
63 35
63 57
63 58
63 59
63 60
63 61
63 62
63 64
63 65
63 66
64 0
64 1
64 2
64 3
64 5
64 31
64 32
64 33
64 34
64 35
64 36
64 56
64 57
64 58
64 59
64 60
64 61
64 62
64 63
64 65
64 66
65 3
65 5
65 30
65 31
65 32
65 33
65 34
65 35
65 36
65 37
65 38
65 55
65 56
65 57
65 58
65 59
65 60
65 62
65 63
65 64
65 66
65 67
66 5
66 6
66 7
66 29
66 30
66 31
66 32
66 33
66 34
66 36
66 38
66 54
66 55
66 56
66 57
66 58
66 59
66 63
66 64
66 65
66 67
66 68
67 5
67 7
67 28
67 29
67 30
67 31
67 32
67 33
67 36
67 37
67 38
67 39
67 40
67 53
67 54
67 55
67 56
67 57
67 58
67 65
67 66
67 68
67 69
68 7
68 8
68 9
68 10
68 27
68 28
68 29
68 30
68 31
68 40
68 52
68 53
68 54
68 55
68 56
68 57
68 66
68 67
68 69
68 70
69 9
69 10
69 26
69 27
69 28
69 29
69 30
69 39
69 40
69 41
69 42
69 51
69 52
69 53
69 54
69 55
69 67
69 68
69 70
69 71
69 84
69 86
70 10
70 25
70 26
70 27
70 28
70 29
70 40
70 42
70 50
70 51
70 52
70 53
70 54
70 68
70 69
70 71
70 72
70 84
71 24
71 25
71 26
71 27
71 28
71 41
71 42
71 43
71 44
71 49
71 50
71 51
71 52
71 53
71 69
71 70
71 72
71 73
71 82
71 84
72 23
72 24
72 25
72 26
72 27
72 44
72 48
72 49
72 50
72 51
72 52
72 70
72 71
72 73
72 74
73 22
73 23
73 24
73 25
73 26
73 44
73 47
73 48
73 49
73 50
73 51
73 71
73 72
73 74
73 75
73 76
73 77
73 82
73 103
74 21
74 22
74 23
74 24
74 25
74 47
74 48
74 49
74 50
74 72
74 73
74 75
74 76
74 77
74 78
75 21
75 22
75 23
75 24
75 46
75 47
75 48
75 49
75 73
75 74
75 76
75 77
75 78
76 22
76 23
76 46
76 47
76 73
76 74
76 75
76 77
76 78
76 79
76 80
77 22
77 23
77 24
77 44
77 45
77 46
77 47
77 48
77 73
77 74
77 75
77 76
77 78
77 79
77 80
77 81
77 82
77 102
77 103
78 24
78 74
78 75
78 76
78 77
78 79
78 80
78 81
78 102
78 103
78 104
79 76
79 77
79 78
79 80
79 81
79 82
79 102
79 103
80 44
80 45
80 46
80 47
80 76
80 77
80 78
80 79
80 81
80 82
80 101
80 102
80 103
81 43
81 44
81 45
81 77
81 78
81 79
81 80
81 82
81 83
81 99
81 100
81 101
81 102
81 103
81 197
81 198
82 9
82 26
82 42
82 43
82 44
82 45
82 47
82 71
82 73
82 77
82 79
82 80
82 81
82 83
82 84
82 85
82 99
82 100
82 101
82 102
82 103
82 198
83 9
83 28
83 41
83 42
83 43
83 44
83 45
83 81
83 82
83 84
83 85
83 86
83 97
83 98
83 99
83 100
83 101
83 102
83 198
84 7
84 8
84 9
84 26
84 27
84 28
84 29
84 40
84 41
84 42
84 43
84 44
84 69
84 70
84 71
84 82
84 83
84 85
84 86
84 97
84 98
84 99
84 100
84 101
84 198
85 7
85 28
85 39
85 40
85 41
85 42
85 43
85 82
85 83
85 84
85 86
85 87
85 96
85 97
85 98
85 99
85 100
86 5
86 6
86 7
86 28
86 29
86 30
86 38
86 39
86 40
86 41
86 42
86 69
86 83
86 84
86 85
86 87
86 88
86 89
86 95
86 96
86 97
86 98
86 99
87 4
87 5
87 30
87 37
87 38
87 39
87 40
87 41
87 85
87 86
87 88
87 89
87 90
87 91
87 92
87 93
87 94
87 95
87 96
87 97
87 98
88 3
88 4
88 5
88 30
88 33
88 34
88 35
88 36
88 37
88 38
88 39
88 40
88 86
88 87
88 89
88 90
88 91
88 92
88 93
88 94
88 95
88 96
88 97
89 4
89 35
89 36
89 37
89 38
89 39
89 86
89 87
89 88
89 90
89 91
89 92
89 93
89 94
89 95
89 96
90 2
90 3
90 4
90 33
90 34
90 35
90 36
90 37
90 38
90 87
90 88
90 89
90 91
90 92
90 93
90 94
90 95
91 1
91 2
91 3
91 4
91 5
91 33
91 34
91 35
91 87
91 88
91 89
91 90
91 92
91 93
91 94
91 95
91 96
92 2
92 3
92 4
92 87
92 88
92 89
92 90
92 91
92 93
92 94
92 95
92 96
93 87
93 88
93 89
93 90
93 91
93 92
93 94
93 95
93 96
94 87
94 88
94 89
94 90
94 91
94 92
94 93
94 95
94 96
94 97
95 4
95 5
95 86
95 87
95 88
95 89
95 90
95 91
95 92
95 93
95 94
95 96
95 97
96 4
96 5
96 39
96 40
96 85
96 86
96 87
96 88
96 89
96 91
96 92
96 93
96 94
96 95
96 97
96 98
97 4
97 5
97 6
97 7
97 8
97 30
97 40
97 83
97 84
97 85
97 86
97 87
97 88
97 94
97 95
97 96
97 98
97 99
97 100
98 7
98 8
98 9
98 40
98 41
98 42
98 43
98 83
98 84
98 85
98 86
98 87
98 96
98 97
98 99
98 100
98 101
98 198
99 7
99 8
99 9
99 28
99 42
99 81
99 82
99 83
99 84
99 85
99 86
99 97
99 98
99 100
99 101
99 195
99 197
99 198
99 199
99 200
100 9
100 42
100 43
100 81
100 82
100 83
100 84
100 85
100 97
100 98
100 99
100 101
100 102
100 195
100 196
100 197
100 198
100 199
101 9
101 10
101 11
101 26
101 80
101 81
101 82
101 83
101 84
101 98
101 99
101 100
101 102
101 103
101 104
101 105
101 196
101 197
101 198
101 199
102 9
102 11
102 12
102 14
102 26
102 77
102 78
102 79
102 80
102 81
102 82
102 83
102 100
102 101
102 103
102 104
102 105
102 106
102 197
102 198
103 10
103 11
103 12
103 13
103 14
103 17
103 24
103 25
103 26
103 27
103 73
103 77
103 78
103 79
103 80
103 81
103 82
103 101
103 102
103 104
103 105
103 106
104 10
104 11
104 12
104 13
104 14
104 15
104 16
104 17
104 24
104 25
104 26
104 78
104 101
104 102
104 103
104 105
104 106
104 107
104 197
105 10
105 11
105 12
105 13
105 14
105 15
105 101
105 102
105 103
105 104
105 106
105 107
105 108
105 197
105 198
105 481
105 482
106 11
106 12
106 13
106 14
106 15
106 102
106 103
106 104
106 105
106 107
106 108
106 109
106 140
106 197
107 13
107 14
107 15
107 104
107 105
107 106
107 108
107 109
107 110
107 140
107 481
107 482
107 483
108 105
108 106
108 107
108 109
108 110
108 111
108 139
108 140
108 141
108 142
108 170
108 197
109 106
109 107
109 108
109 110
109 111
109 112
109 137
109 138
109 139
109 140
109 141
109 169
109 170
109 171
110 107
110 108
110 109
110 111
110 112
110 113
110 136
110 137
110 138
110 139
110 140
110 170
110 196
110 197
110 199
110 200
110 201
111 108
111 109
111 110
111 112
111 113
111 114
111 135
111 136
111 137
111 138
111 139
111 140
111 141
111 144
111 170
111 171
111 172
111 173
111 194
111 195
111 196
111 199
111 200
111 201
111 202
112 109
112 110
112 111
112 113
112 114
112 135
112 136
112 137
112 138
112 139
112 172
112 194
112 201
112 202
112 203
113 110
113 111
113 112
113 114
113 115
113 134
113 135
113 136
113 137
113 138
113 139
113 172
113 173
113 174
113 192
113 193
113 194
113 201
113 202
113 203
113 204
114 111
114 112
114 113
114 115
114 116
114 133
114 134
114 135
114 136
114 137
114 174
114 191
114 192
114 201
114 202
114 203
114 204
114 205
115 113
115 114
115 116
115 117
115 132
115 133
115 134
115 135
115 136
115 174
115 175
115 176
115 190
115 191
115 192
115 202
115 203
115 204
115 205
116 114
116 115
116 117
116 118
116 119
116 131
116 132
116 133
116 134
116 135
116 176
116 203
116 204
116 205
117 115
117 116
117 118
117 119
117 120
117 130
117 131
117 132
117 133
117 134
117 176
117 177
117 178
117 205
117 206
117 207
117 208
118 116
118 117
118 119
118 120
118 121
118 122
118 127
118 129
118 130
118 131
118 132
118 133
118 178
119 116
119 117
119 118
119 120
119 121
119 122
119 123
119 126
119 127
119 130
119 131
119 208
120 117
120 118
120 119
120 121
120 122
120 123
120 125
120 126
120 127
120 130
120 207
120 208
120 209
120 210
120 212
121 118
121 119
121 120
121 122
121 123
121 124
121 125
121 126
121 127
121 208
122 118
122 119
122 120
122 121
122 123
122 124
122 125
122 126
122 127
123 119
123 120
123 121
123 122
123 124
123 125
123 126
123 127
124 121
124 122
124 123
124 125
124 126
124 127
125 120
125 121
125 122
125 123
125 124
125 126
125 127
125 128
126 119
126 120
126 121
126 122
126 123
126 124
126 125
126 127
126 128
126 129
126 130
126 181
127 118
127 119
127 120
127 121
127 122
127 123
127 124
127 125
127 126
127 128
127 129
127 130
127 131
127 180
127 181
128 125
128 126
128 127
128 129
128 130
128 179
128 180
128 181
128 182
129 118
129 126
129 127
129 128
129 130
129 131
129 132
129 178
129 179
129 180
129 181
129 182
129 183
129 184
130 117
130 118
130 119
130 120
130 126
130 127
130 128
130 129
130 131
130 132
130 133
130 177
130 178
130 179
130 180
130 181
130 182
130 183
130 184
130 185
130 207
131 116
131 117
131 118
131 119
131 127
131 129
131 130
131 132
131 133
131 134
131 176
131 177
131 178
131 179
131 180
131 181
131 184
132 115
132 116
132 117
132 118
132 129
132 130
132 131
132 133
132 134
132 135
132 175
132 176
132 177
132 178
132 179
132 190
132 191
132 192
132 205
133 114
133 115
133 116
133 117
133 118
133 130
133 131
133 132
133 134
133 135
133 136
133 174
133 175
133 176
133 177
133 178
133 192
134 113
134 114
134 115
134 116
134 117
134 131
134 132
134 133
134 135
134 136
134 137
134 146
134 147
134 148
134 161
134 173
134 174
134 175
134 176
134 177
134 191
134 192
134 193
134 194
134 202
134 203
134 204
135 111
135 112
135 113
135 114
135 115
135 116
135 132
135 133
135 134
135 136
135 137
135 172
135 173
135 174
135 175
135 176
135 192
135 203
136 110
136 111
136 112
136 113
136 114
136 115
136 133
136 134
136 135
136 137
136 138
136 139
136 144
136 146
136 164
136 171
136 172
136 173
136 174
136 175
136 192
136 194
136 201
136 202
137 109
137 110
137 111
137 112
137 113
137 114
137 134
137 135
137 136
137 138
137 139
137 140
137 164
137 165
137 166
137 167
137 170
137 171
137 172
137 173
137 174
138 109
138 110
138 111
138 112
138 113
138 136
138 137
138 139
138 140
138 141
138 166
138 167
138 169
138 170
138 171
138 172
138 173
139 108
139 109
139 110
139 111
139 112
139 113
139 136
139 137
139 138
139 140
139 141
139 142
139 144
139 166
139 167
139 169
139 170
139 171
139 172
139 173
139 196
140 106
140 107
140 108
140 109
140 110
140 111
140 137
140 138
140 139
140 141
140 142
140 143
140 166
140 167
140 168
140 169
140 170
140 171
140 172
141 108
141 109
141 111
141 138
141 139
141 140
141 142
141 143
141 144
141 164
141 165
141 166
141 167
141 168
141 169
141 170
141 171
141 172
142 108
142 139
142 140
142 141
142 143
142 144
142 164
142 170
142 171
142 196
142 197
143 140
143 141
143 142
143 144
143 145
143 164
143 195
143 196
143 197
144 111
144 136
144 139
144 141
144 142
144 143
144 145
144 146
144 164
144 173
144 194
144 195
144 196
144 197
144 198
145 143
145 144
145 146
145 147
145 161
145 193
145 194
145 195
145 196
145 197
145 200
146 134
146 136
146 144
146 145
146 147
146 148
146 159
146 161
146 173
146 174
146 175
146 192
146 193
146 194
146 195
146 196
146 200
146 201
146 202
147 134
147 145
147 146
147 148
147 149
147 154
147 155
147 156
147 157
147 159
147 175
147 191
147 192
147 193
147 194
147 195
147 202
148 134
148 146
148 147
148 149
148 150
148 151
148 152
148 153
148 154
148 155
148 156
148 157
148 159
148 175
148 176
148 177
148 190
148 191
148 192
148 193
148 194
148 202
148 204
149 147
149 148
149 150
149 151
149 152
149 153
149 154
149 155
149 156
149 189
149 190
149 191
149 192
149 193
149 204
150 148
150 149
150 151
150 152
150 153
150 154
150 155
150 156
150 188
150 189
150 190
150 191
150 192
150 204
150 206
151 148
151 149
151 150
151 152
151 153
151 154
151 155
151 187
151 188
151 189
151 190
151 191
151 204
151 206
152 148
152 149
152 150
152 151
152 153
152 154
152 155
152 188
152 189
152 190
152 191
152 193
153 148
153 149
153 150
153 151
153 152
153 154
153 155
153 156
153 189
153 190
153 191
154 147
154 148
154 149
154 150
154 151
154 152
154 153
154 155
154 156
154 157
154 191
154 193
155 147
155 148
155 149
155 150
155 151
155 152
155 153
155 154
155 156
155 157
155 158
155 159
155 190
155 191
156 147
156 148
156 149
156 150
156 153
156 154
156 155
156 157
156 158
156 159
157 147
157 148
157 154
157 155
157 156
157 158
157 159
157 160
157 177
157 178
158 155
158 156
158 157
158 159
158 160
158 161
158 176
158 177
159 146
159 147
159 148
159 155
159 156
159 157
159 158
159 160
159 161
159 162
159 175
159 176
159 177
159 178
160 157
160 158
160 159
160 161
160 162
160 163
160 174
160 175
160 176
160 177
160 178
161 134
161 145
161 146
161 158
161 159
161 160
161 162
161 163
161 164
161 173
161 174
161 175
161 176
161 177
162 159
162 160
162 161
162 163
162 164
162 165
162 172
162 173
162 174
162 175
162 176
163 160
163 161
163 162
163 164
163 165
163 166
163 172
163 173
163 174
163 175
164 136
164 137
164 141
164 142
164 143
164 144
164 161
164 162
164 163
164 165
164 166
164 167
164 171
164 172
164 173
164 174
165 137
165 141
165 162
165 163
165 164
165 166
165 167
165 168
165 170
165 171
165 172
165 173
165 174
166 137
166 138
166 139
166 140
166 141
166 163
166 164
166 165
166 167
166 168
166 169
166 170
166 171
166 172
166 173
167 137
167 138
167 139
167 140
167 141
167 164
167 165
167 166
167 168
167 169
167 170
167 171
167 172
168 140
168 141
168 165
168 166
168 167
168 169
168 170
168 171
169 109
169 138
169 139
169 140
169 141
169 166
169 167
169 168
169 170
169 171
170 108
170 109
170 110
170 111
170 137
170 138
170 139
170 140
170 141
170 142
170 165
170 166
170 167
170 168
170 169
170 171
170 172
171 109
171 111
171 136
171 137
171 138
171 139
171 140
171 141
171 142
171 164
171 165
171 166
171 167
171 168
171 169
171 170
171 172
171 173
172 111
172 112
172 113
172 135
172 136
172 137
172 138
172 139
172 140
172 141
172 162
172 163
172 164
172 165
172 166
172 167
172 170
172 171
172 173
172 174
173 111
173 113
173 134
173 135
173 136
173 137
173 138
173 139
173 144
173 146
173 161
173 162
173 163
173 164
173 165
173 166
173 171
173 172
173 174
173 175
174 113
174 114
174 115
174 133
174 134
174 135
174 136
174 137
174 146
174 160
174 161
174 162
174 163
174 164
174 165
174 172
174 173
174 175
174 176
175 115
175 132
175 133
175 134
175 135
175 136
175 146
175 147
175 148
175 159
175 160
175 161
175 162
175 163
175 173
175 174
175 176
175 177
175 192
176 115
176 116
176 117
176 131
176 132
176 133
176 134
176 135
176 148
176 158
176 159
176 160
176 161
176 162
176 174
176 175
176 177
176 178
176 179
176 192
177 117
177 130
177 131
177 132
177 133
177 134
177 148
177 157
177 158
177 159
177 160
177 161
177 175
177 176
177 178
177 179
177 190
177 192
178 117
178 118
178 129
178 130
178 131
178 132
178 133
178 157
178 159
178 160
178 176
178 177
178 179
178 180
178 181
178 184
179 128
179 129
179 130
179 131
179 132
179 176
179 177
179 178
179 180
179 181
179 182
179 183
179 184
179 185
179 190
180 127
180 128
180 129
180 130
180 131
180 178
180 179
180 181
180 182
180 183
180 184
180 185
181 126
181 127
181 128
181 129
181 130
181 131
181 178
181 179
181 180
181 182
181 183
181 184
181 185
181 186
181 207
182 128
182 129
182 130
182 179
182 180
182 181
182 183
182 184
182 185
182 186
182 187
183 129
183 130
183 179
183 180
183 181
183 182
183 184
183 185
183 186
183 187
183 188
183 207
184 129
184 130
184 131
184 178
184 179
184 180
184 181
184 182
184 183
184 185
184 186
184 187
184 188
184 189
184 190
184 205
184 206
184 207
184 208
185 130
185 179
185 180
185 181
185 182
185 183
185 184
185 186
185 187
185 188
185 206
185 207
185 208
185 209
186 181
186 182
186 183
186 184
186 185
186 187
186 188
186 189
186 206
186 207
187 151
187 182
187 183
187 184
187 185
187 186
187 188
187 189
187 190
187 206
187 207
187 208
187 209
188 150
188 151
188 152
188 183
188 184
188 185
188 186
188 187
188 189
188 190
188 191
188 205
188 206
188 207
189 149
189 150
189 151
189 152
189 153
189 184
189 186
189 187
189 188
189 190
189 191
189 204
189 205
189 206
189 207
190 115
190 132
190 148
190 149
190 150
190 151
190 152
190 153
190 155
190 177
190 179
190 184
190 187
190 188
190 189
190 191
190 192
190 193
190 203
190 204
190 205
190 206
190 207
191 114
191 115
191 132
191 134
191 147
191 148
191 149
191 150
191 151
191 152
191 153
191 154
191 155
191 188
191 189
191 190
191 192
191 193
191 194
191 202
191 203
191 204
191 205
191 206
192 113
192 114
192 115
192 132
192 133
192 134
192 135
192 136
192 146
192 147
192 148
192 149
192 150
192 175
192 176
192 177
192 190
192 191
192 193
192 194
192 201
192 202
192 203
192 204
192 205
193 113
193 134
193 145
193 146
193 147
193 148
193 149
193 152
193 154
193 190
193 191
193 192
193 194
193 195
193 196
193 200
193 201
193 202
193 203
193 204
194 111
194 112
194 113
194 134
194 136
194 144
194 145
194 146
194 147
194 148
194 191
194 192
194 193
194 195
194 196
194 198
194 199
194 200
194 201
194 202
194 203
195 99
195 100
195 111
195 143
195 144
195 145
195 146
195 147
195 193
195 194
195 196
195 197
195 198
195 199
195 200
195 201
195 202
196 100
196 101
196 110
196 111
196 139
196 142
196 143
196 144
196 145
196 146
196 193
196 194
196 195
196 197
196 198
196 199
196 200
196 201
197 9
197 81
197 99
197 100
197 101
197 102
197 104
197 105
197 106
197 108
197 110
197 142
197 143
197 144
197 145
197 195
197 196
197 198
197 199
197 200
198 7
198 8
198 9
198 10
198 81
198 82
198 83
198 84
198 98
198 99
198 100
198 101
198 102
198 105
198 144
198 194
198 195
198 196
198 197
198 199
198 200
198 201
199 7
199 8
199 9
199 99
199 100
199 101
199 110
199 111
199 194
199 195
199 196
199 197
199 198
199 200
199 201
200 8
200 99
200 110
200 111
200 145
200 146
200 193
200 194
200 195
200 196
200 197
200 198
200 199
200 201
200 202
201 110
201 111
201 112
201 113
201 114
201 136
201 146
201 192
201 193
201 194
201 195
201 196
201 198
201 199
201 200
201 202
201 203
202 111
202 112
202 113
202 114
202 115
202 134
202 136
202 146
202 147
202 148
202 191
202 192
202 193
202 194
202 195
202 200
202 201
202 203
202 204
203 112
203 113
203 114
203 115
203 116
203 134
203 135
203 190
203 191
203 192
203 193
203 194
203 201
203 202
203 204
203 205
204 113
204 114
204 115
204 116
204 134
204 148
204 149
204 150
204 151
204 189
204 190
204 191
204 192
204 193
204 202
204 203
204 205
204 206
205 114
205 115
205 116
205 117
205 132
205 184
205 188
205 189
205 190
205 191
205 192
205 203
205 204
205 206
205 207
205 208
206 117
206 150
206 151
206 184
206 185
206 186
206 187
206 188
206 189
206 190
206 191
206 204
206 205
206 207
206 208
206 209
207 117
207 120
207 130
207 181
207 183
207 184
207 185
207 186
207 187
207 188
207 189
207 190
207 205
207 206
207 208
207 209
207 210
207 212
208 117
208 119
208 120
208 121
208 184
208 185
208 187
208 205
208 206
208 207
208 209
208 210
208 211
208 212
208 213
209 120
209 185
209 187
209 206
209 207
209 208
209 210
209 211
209 212
209 213
210 120
210 207
210 208
210 209
210 211
210 212
210 213
211 208
211 209
211 210
211 212
211 213
211 214
211 244
211 304
212 120
212 207
212 208
212 209
212 210
212 211
212 213
212 214
212 215
212 244
212 304
213 208
213 209
213 210
213 211
213 212
213 214
213 215
213 216
213 242
213 243
213 244
213 304
213 305
214 211
214 212
214 213
214 215
214 216
214 217
214 241
214 242
214 243
214 244
214 276
215 212
215 213
215 214
215 216
215 217
215 218
215 241
215 242
215 243
215 244
215 304
215 305
216 213
216 214
216 215
216 217
216 218
216 240
216 241
216 242
216 243
216 244
216 276
216 277
216 278
216 300
216 302
216 304
216 305
216 309
217 214
217 215
217 216
217 218
217 219
217 239
217 240
217 241
217 242
217 243
217 278
217 300
217 309
218 215
218 216
218 217
218 219
218 220
218 238
218 239
218 240
218 241
218 242
218 243
218 278
218 279
218 280
218 298
218 299
218 300
218 309
218 310
218 311
219 217
219 218
219 220
219 221
219 237
219 238
219 239
219 240
219 241
219 280
219 298
219 310
219 311
219 312
220 218
220 219
220 221
220 222
220 223
220 236
220 237
220 238
220 239
220 240
220 280
220 281
220 282
220 296
220 297
220 298
220 310
220 311
220 312
220 313
221 219
221 220
221 222
221 223
221 224
221 235
221 236
221 237
221 238
221 239
221 282
221 311
221 312
221 313
222 220
222 221
222 223
222 224
222 225
222 228
222 234
222 235
222 236
222 237
222 238
222 290
222 296
222 312
222 313
222 314
222 315
222 316
222 353
223 220
223 221
223 222
223 224
223 225
223 226
223 227
223 228
223 229
223 233
223 234
223 235
223 236
223 237
223 283
223 284
223 285
223 287
223 290
223 313
223 314
223 315
223 353
224 221
224 222
224 223
224 225
224 226
224 227
224 228
224 229
224 230
224 231
224 233
224 234
224 235
224 236
224 353
224 354
224 355
224 407
224 408
225 222
225 223
225 224
225 226
225 227
225 228
225 229
225 230
225 231
225 232
225 234
225 353
225 354
225 355
225 356
225 406
225 407
225 408
225 409
225 415
225 416
226 223
226 224
226 225
226 227
226 228
226 229
226 230
226 231
226 232
226 233
226 234
226 354
226 355
226 356
226 357
226 406
226 407
226 408
226 409
226 415
226 416
227 223
227 224
227 225
227 226
227 228
227 229
227 230
227 231
227 232
227 233
227 234
227 235
227 287
227 355
227 407
228 222
228 223
228 224
228 225
228 226
228 227
228 229
228 230
228 231
228 232
228 233
228 234
228 235
228 285
228 286
228 287
228 288
228 290
228 291
228 407
228 408
228 409
228 415
229 223
229 224
229 225
229 226
229 227
229 228
229 230
229 231
229 232
229 233
229 234
229 287
229 407
229 408
229 409
229 414
229 415
229 416
230 224
230 225
230 226
230 227
230 228
230 229
230 231
230 232
230 233
230 234
230 407
230 414
230 415
230 416
231 224
231 225
231 226
231 227
231 228
231 229
231 230
231 232
231 233
231 234
232 225
232 226
232 227
232 228
232 229
232 230
232 231
232 233
232 234
232 235
232 285
232 286
232 287
232 288
233 223
233 224
233 226
233 227
233 228
233 229
233 230
233 231
233 232
233 234
233 235
233 284
233 285
233 286
233 287
234 222
234 223
234 224
234 225
234 226
234 227
234 228
234 229
234 230
234 231
234 232
234 233
234 235
234 236
234 283
234 284
234 285
234 286
234 287
234 290
235 221
235 222
235 223
235 224
235 227
235 228
235 232
235 233
235 234
235 236
235 237
235 265
235 282
235 283
235 284
235 285
235 286
235 287
236 220
236 221
236 222
236 223
236 224
236 234
236 235
236 237
236 238
236 239
236 265
236 281
236 282
236 283
236 284
236 285
236 296
236 298
236 313
237 219
237 220
237 221
237 222
237 223
237 235
237 236
237 238
237 239
237 240
237 265
237 266
237 267
237 280
237 281
237 282
237 283
237 284
237 298
238 218
238 219
238 220
238 221
238 222
238 236
238 237
238 239
238 240
238 241
238 252
238 253
238 254
238 267
238 279
238 280
238 281
238 282
238 283
238 297
238 298
238 299
238 300
238 311
238 312
239 217
239 218
239 219
239 220
239 221
239 236
239 237
239 238
239 240
239 241
239 267
239 268
239 269
239 278
239 279
239 280
239 281
239 282
239 298
240 216
240 217
240 218
240 219
240 220
240 237
240 238
240 239
240 241
240 242
240 243
240 250
240 252
240 269
240 277
240 278
240 279
240 280
240 281
240 300
240 309
241 214
241 215
241 216
241 217
241 218
241 219
241 238
241 239
241 240
241 242
241 243
241 244
241 270
241 271
241 272
241 276
241 277
241 278
241 279
241 280
242 213
242 214
242 215
242 216
242 217
242 218
242 240
242 241
242 243
242 244
242 245
242 271
242 272
242 274
242 275
242 276
242 277
242 278
242 279
243 213
243 214
243 215
243 216
243 217
243 218
243 240
243 241
243 242
243 244
243 245
243 246
243 250
243 271
243 272
243 275
243 276
243 277
243 278
243 279
243 302
243 304
243 305
244 211
244 212
244 213
244 214
244 215
244 216
244 241
244 242
244 243
244 245
244 246
244 247
244 248
244 250
244 275
244 276
244 277
244 278
244 302
244 303
244 304
245 242
245 243
245 244
245 246
245 247
245 248
245 249
245 250
245 271
245 275
245 276
245 277
245 278
246 243
246 244
246 245
246 247
246 248
246 249
246 250
246 276
246 277
246 302
246 303
246 304
247 244
247 245
247 246
247 248
247 249
247 250
247 303
248 244
248 245
248 246
248 247
248 249
248 250
248 251
248 301
248 302
248 303
248 304
249 245
249 246
249 247
249 248
249 250
249 251
249 252
249 301
249 302
249 303
250 240
250 243
250 244
250 245
250 246
250 247
250 248
250 249
250 251
250 252
250 253
250 277
250 279
250 300
250 301
250 302
250 303
250 304
250 305
251 248
251 249
251 250
251 252
251 253
251 279
251 299
251 300
251 301
251 302
251 303
251 308
252 238
252 240
252 249
252 250
252 251
252 253
252 254
252 265
252 267
252 279
252 280
252 281
252 298
252 299
252 300
252 301
252 302
252 308
252 309
252 310
253 238
253 250
253 251
253 252
253 254
253 255
253 262
253 265
253 281
253 297
253 298
253 299
253 300
253 301
253 310
254 238
254 252
254 253
254 255
254 256
254 261
254 262
254 263
254 264
254 265
254 281
254 282
254 283
254 296
254 297
254 298
254 299
254 300
254 310
254 311
254 312
255 253
255 254
255 256
255 257
255 258
255 259
255 260
255 261
255 262
255 263
255 295
255 296
255 297
255 298
255 299
255 312
256 254
256 255
256 257
256 258
256 259
256 260
256 261
256 262
256 294
256 295
256 296
256 297
256 298
256 312
256 313
257 255
257 256
257 258
257 259
257 260
257 294
257 295
257 296
257 297
257 312
257 314
258 255
258 256
258 257
258 259
258 260
258 261
258 294
258 295
258 296
259 255
259 256
259 257
259 258
259 260
259 261
259 262
259 295
259 296
260 255
260 256
260 257
260 258
260 259
260 261
260 262
260 263
260 294
261 254
261 255
261 256
261 258
261 259
261 260
261 262
261 263
261 264
262 253
262 254
262 255
262 256
262 259
262 260
262 261
262 263
262 264
262 265
262 283
262 284
262 285
262 286
262 296
263 254
263 255
263 260
263 261
263 262
263 264
263 265
263 266
263 283
263 284
263 285
263 286
264 254
264 261
264 262
264 263
264 265
264 266
264 267
264 282
264 283
264 284
264 285
265 235
265 236
265 237
265 252
265 253
265 254
265 262
265 263
265 264
265 266
265 267
265 281
265 282
265 283
265 284
265 285
266 237
266 263
266 264
266 265
266 267
266 268
266 280
266 281
266 282
266 283
266 284
267 237
267 238
267 239
267 252
267 264
267 265
267 266
267 268
267 269
267 279
267 280
267 281
267 282
267 283
268 239
268 266
268 267
268 269
268 270
268 278
268 279
268 280
268 281
268 282
269 239
269 240
269 267
269 268
269 270
269 271
269 272
269 277
269 278
269 279
269 280
269 281
270 241
270 268
270 269
270 271
270 272
270 273
270 276
270 277
270 278
270 279
270 280
271 241
271 242
271 243
271 245
271 269
271 270
271 272
271 273
271 274
271 275
271 276
271 277
271 278
271 279
272 241
272 242
272 243
272 269
272 270
272 271
272 273
272 274
272 275
272 276
272 277
272 278
273 270
273 271
273 272
273 274
273 275
273 276
273 277
274 242
274 271
274 272
274 273
274 275
274 276
274 277
275 242
275 243
275 244
275 245
275 271
275 272
275 273
275 274
275 276
275 277
275 278
276 214
276 216
276 241
276 242
276 243
276 244
276 245
276 246
276 270
276 271
276 272
276 273
276 274
276 275
276 277
276 278
277 216
277 240
277 241
277 242
277 243
277 244
277 245
277 246
277 250
277 269
277 270
277 271
277 272
277 273
277 274
277 275
277 276
277 278
277 279
277 280
278 216
278 217
278 218
278 239
278 240
278 241
278 242
278 243
278 244
278 245
278 268
278 269
278 270
278 271
278 272
278 275
278 276
278 277
278 279
278 280
279 218
279 238
279 239
279 240
279 241
279 242
279 243
279 250
279 251
279 252
279 267
279 268
279 269
279 270
279 271
279 277
279 278
279 280
279 281
279 300
280 218
280 219
280 220
280 237
280 238
280 239
280 240
280 241
280 252
280 266
280 267
280 268
280 269
280 270
280 277
280 278
280 279
280 281
280 282
281 220
281 236
281 237
281 238
281 239
281 240
281 252
281 253
281 254
281 265
281 266
281 267
281 268
281 269
281 279
281 280
281 282
281 283
281 298
282 220
282 221
282 235
282 236
282 237
282 238
282 239
282 254
282 264
282 265
282 266
282 267
282 268
282 280
282 281
282 283
282 284
282 285
283 223
283 234
283 235
283 236
283 237
283 238
283 254
283 262
283 263
283 264
283 265
283 266
283 267
283 281
283 282
283 284
283 285
283 286
283 296
283 298
284 223
284 233
284 234
284 235
284 236
284 237
284 262
284 263
284 264
284 265
284 266
284 282
284 283
284 285
284 286
284 287
285 223
285 228
285 232
285 233
285 234
285 235
285 236
285 262
285 263
285 264
285 265
285 282
285 283
285 284
285 286
285 287
285 288
285 289
285 290
285 294
285 296
286 228
286 232
286 233
286 234
286 235
286 262
286 263
286 283
286 284
286 285
286 287
286 288
286 289
286 290
286 291
286 292
286 294
287 223
287 227
287 228
287 229
287 232
287 233
287 234
287 235
287 284
287 285
287 286
287 288
287 289
287 290
287 291
287 292
288 228
288 232
288 285
288 286
288 287
288 289
288 290
288 291
288 292
288 293
288 294
289 285
289 286
289 287
289 288
289 290
289 291
289 292
289 293
289 294
289 295
289 296
289 314
289 315
290 222
290 223
290 228
290 234
290 285
290 286
290 287
290 288
290 289
290 291
290 292
290 293
290 294
290 295
290 296
290 313
290 314
290 315
291 228
291 286
291 287
291 288
291 289
291 290
291 292
291 293
291 294
291 314
291 315
291 316
291 409
292 286
292 287
292 288
292 289
292 290
292 291
292 293
292 294
292 295
292 314
292 315
293 288
293 289
293 290
293 291
293 292
293 294
293 295
293 296
293 313
293 314
293 315
293 316
293 317
294 256
294 257
294 258
294 260
294 285
294 286
294 288
294 289
294 290
294 291
294 292
294 293
294 295
294 296
294 313
294 314
294 315
295 255
295 256
295 257
295 258
295 259
295 289
295 290
295 292
295 293
295 294
295 296
295 297
295 312
295 313
295 314
295 315
296 220
296 222
296 236
296 254
296 255
296 256
296 257
296 258
296 259
296 262
296 283
296 285
296 289
296 290
296 293
296 294
296 295
296 297
296 298
296 311
296 312
296 313
296 314
296 315
297 220
297 238
297 253
297 254
297 255
297 256
297 257
297 295
297 296
297 298
297 299
297 300
297 310
297 311
297 312
297 313
297 314
298 218
298 219
298 220
298 236
298 237
298 238
298 239
298 252
298 253
298 254
298 255
298 256
298 281
298 283
298 296
298 297
298 299
298 300
298 309
298 310
298 311
298 312
298 313
299 218
299 238
299 251
299 252
299 253
299 254
299 255
299 297
299 298
299 300
299 301
299 308
299 309
299 310
299 311
299 312
300 216
300 217
300 218
300 238
300 240
300 250
300 251
300 252
300 253
300 254
300 279
300 297
300 298
300 299
300 301
300 302
300 305
300 307
300 308
300 309
300 310
300 311
301 248
301 249
301 250
301 251
301 252
301 253
301 299
301 300
301 302
301 303
301 304
301 305
301 306
301 307
301 308
301 309
301 310
302 216
302 243
302 244
302 246
302 248
302 249
302 250
302 251
302 252
302 300
302 301
302 303
302 304
302 305
302 306
302 307
302 308
302 309
303 244
303 246
303 247
303 248
303 249
303 250
303 251
303 301
303 302
303 304
303 305
303 306
303 307
303 308
304 211
304 212
304 213
304 215
304 216
304 243
304 244
304 246
304 248
304 250
304 301
304 302
304 303
304 305
304 306
304 307
304 308
305 213
305 215
305 216
305 243
305 250
305 300
305 301
305 302
305 303
305 304
305 306
305 307
305 308
305 309
306 301
306 302
306 303
306 304
306 305
306 307
306 308
306 309
307 300
307 301
307 302
307 303
307 304
307 305
307 306
307 308
307 309
307 310
308 251
308 252
308 299
308 300
308 301
308 302
308 303
308 304
308 305
308 306
308 307
308 309
308 310
308 311
309 216
309 217
309 218
309 240
309 252
309 298
309 299
309 300
309 301
309 302
309 305
309 306
309 307
309 308
309 310
309 311
310 218
310 219
310 220
310 252
310 253
310 254
310 297
310 298
310 299
310 300
310 301
310 307
310 308
310 309
310 311
310 312
311 218
311 219
311 220
311 221
311 238
311 254
311 296
311 297
311 298
311 299
311 300
311 308
311 309
311 310
311 312
311 313
312 219
312 220
312 221
312 222
312 238
312 254
312 255
312 256
312 257
312 295
312 296
312 297
312 298
312 299
312 310
312 311
312 313
312 314
313 220
313 221
313 222
313 223
313 236
313 256
313 290
313 293
313 294
313 295
313 296
313 297
313 298
313 311
313 312
313 314
313 315
313 316
314 222
314 223
314 257
314 289
314 290
314 291
314 292
314 293
314 294
314 295
314 296
314 297
314 312
314 313
314 315
314 316
314 317
315 222
315 223
315 289
315 290
315 291
315 292
315 293
315 294
315 295
315 296
315 313
315 314
315 316
315 317
315 318
315 351
315 353
316 222
316 291
316 293
316 313
316 314
316 315
316 317
316 318
316 319
316 350
316 351
316 352
316 353
317 293
317 314
317 315
317 316
317 318
317 319
317 320
317 350
317 351
318 315
318 316
318 317
318 319
318 320
318 321
318 350
318 351
319 316
319 317
319 318
319 320
319 321
319 349
319 350
319 351
319 381
319 382
319 410
320 317
320 318
320 319
320 321
320 322
320 323
320 349
320 350
320 351
320 352
320 382
320 408
320 409
320 410
320 411
321 318
321 319
321 320
321 322
321 323
321 324
321 347
321 348
321 349
321 350
321 351
321 381
321 382
321 383
321 408
321 409
321 410
321 411
321 412
322 320
322 321
322 323
322 324
322 325
322 346
322 347
322 348
322 349
322 350
322 351
322 382
322 406
322 407
322 408
322 409
322 410
322 411
322 412
322 415
322 416
322 417
323 320
323 321
323 322
323 324
323 325
323 326
323 345
323 346
323 347
323 348
323 349
323 350
323 351
323 354
323 382
323 383
323 384
323 385
323 406
323 407
323 408
323 409
323 410
323 411
323 416
323 417
323 418
324 321
324 322
324 323
324 325
324 326
324 345
324 346
324 347
324 348
324 349
324 384
324 406
324 411
324 417
324 418
324 419
325 322
325 323
325 324
325 326
325 327
325 344
325 345
325 346
325 347
325 348
325 349
325 384
325 385
325 386
325 404
325 405
325 406
325 417
325 418
325 419
325 420
326 323
326 324
326 325
326 327
326 328
326 343
326 344
326 345
326 346
326 347
326 386
326 404
326 418
326 419
326 420
326 421
326 437
327 325
327 326
327 328
327 329
327 330
327 342
327 343
327 344
327 345
327 346
327 386
327 387
327 388
327 402
327 403
327 404
327 405
327 418
327 419
327 420
327 421
327 422
328 326
328 327
328 329
328 330
328 331
328 341
328 342
328 343
328 344
328 345
328 402
328 404
328 419
328 420
328 421
328 422
328 423
328 425
329 327
329 328
329 330
329 331
329 332
329 340
329 341
329 342
329 343
329 344
329 388
329 389
329 402
329 421
329 422
329 423
330 327
330 328
330 329
330 331
330 332
330 333
330 340
330 341
330 342
330 343
330 344
330 388
331 328
331 329
331 330
331 332
331 333
331 334
331 340
331 341
331 342
332 329
332 330
332 331
332 333
332 334
332 335
332 336
332 337
332 339
332 340
332 341
333 330
333 331
333 332
333 334
333 335
333 336
333 337
333 339
333 340
333 341
334 331
334 332
334 333
334 335
334 336
334 337
335 332
335 333
335 334
335 336
335 337
335 338
335 339
336 332
336 333
336 334
336 335
336 337
336 338
336 339
336 340
336 341
336 393
337 332
337 333
337 334
337 335
337 336
337 338
337 339
337 340
337 392
337 393
338 335
338 336
338 337
338 339
338 340
338 391
338 392
338 393
338 394
339 332
339 333
339 335
339 336
339 337
339 338
339 340
339 341
339 342
339 390
339 391
339 392
339 393
339 394
339 395
339 396
340 329
340 330
340 331
340 332
340 333
340 336
340 337
340 338
340 339
340 341
340 342
340 343
340 389
340 390
340 391
340 392
340 393
340 394
340 395
340 396
341 328
341 329
341 330
341 331
341 332
341 333
341 336
341 339
341 340
341 342
341 343
341 370
341 388
341 389
341 390
341 391
341 392
341 393
341 396
342 327
342 328
342 329
342 330
342 331
342 339
342 340
342 341
342 343
342 344
342 358
342 370
342 387
342 388
342 389
342 390
342 391
342 402
342 403
342 404
342 421
342 422
343 326
343 327
343 328
343 329
343 330
343 340
343 341
343 342
343 344
343 345
343 346
343 370
343 371
343 372
343 386
343 387
343 388
343 389
343 390
343 404
343 421
344 325
344 326
344 327
344 328
344 329
344 330
344 342
344 343
344 345
344 346
344 347
344 356
344 358
344 372
344 385
344 386
344 387
344 388
344 389
344 403
344 404
344 405
344 406
344 418
344 419
344 420
344 421
345 323
345 324
345 325
345 326
345 327
345 328
345 343
345 344
345 346
345 347
345 372
345 384
345 385
345 386
345 387
345 388
345 404
346 322
346 323
346 324
346 325
346 326
346 327
346 343
346 344
346 345
346 347
346 348
346 349
346 354
346 356
346 375
346 383
346 384
346 385
346 386
346 387
346 404
346 405
346 406
346 417
346 418
347 321
347 322
347 323
347 324
347 325
347 326
347 344
347 345
347 346
347 348
347 349
347 350
347 375
347 376
347 377
347 378
347 382
347 383
347 384
347 385
347 386
348 321
348 322
348 323
348 324
348 325
348 346
348 347
348 349
348 350
348 351
348 352
348 377
348 378
348 379
348 380
348 381
348 382
348 383
348 384
348 385
349 319
349 320
349 321
349 322
349 323
349 324
349 325
349 346
349 347
349 348
349 350
349 351
349 352
349 353
349 354
349 375
349 377
349 378
349 381
349 382
349 383
349 384
349 385
349 408
349 409
349 410
349 411
350 316
350 317
350 318
350 319
350 320
350 321
350 322
350 323
350 347
350 348
350 349
350 351
350 352
350 353
350 354
350 377
350 381
350 382
350 383
350 384
350 408
350 409
350 410
351 315
351 316
351 317
351 318
351 319
351 320
351 321
351 322
351 323
351 348
351 349
351 350
351 352
351 353
351 354
351 375
351 382
351 383
351 408
351 409
351 410
352 316
352 320
352 348
352 349
352 350
352 351
352 353
352 354
352 355
352 374
352 375
352 376
352 377
352 382
352 383
352 384
352 385
352 408
352 409
353 222
353 223
353 224
353 225
353 315
353 316
353 349
353 350
353 351
353 352
353 354
353 355
353 374
353 375
353 383
353 407
353 408
353 409
354 224
354 225
354 226
354 323
354 346
354 349
354 350
354 351
354 352
354 353
354 355
354 356
354 374
354 375
354 383
354 384
354 385
354 406
354 407
354 408
354 409
354 410
355 224
355 225
355 226
355 227
355 352
355 353
355 354
355 356
355 357
355 372
355 405
355 406
355 407
355 408
355 409
355 416
356 225
356 226
356 344
356 346
356 354
356 355
356 357
356 358
356 367
356 370
356 371
356 372
356 373
356 385
356 386
356 387
356 404
356 405
356 406
356 407
356 408
356 416
356 417
356 418
357 226
357 355
357 356
357 358
357 359
357 364
357 365
357 366
357 367
357 369
357 370
357 371
357 372
357 387
357 389
357 403
357 404
357 405
357 406
357 407
357 418
358 342
358 344
358 356
358 357
358 359
358 360
358 362
358 363
358 364
358 365
358 366
358 367
358 369
358 370
358 371
358 387
358 388
358 389
358 402
358 403
358 404
358 405
358 406
358 418
358 419
358 420
359 357
359 358
359 360
359 361
359 362
359 363
359 364
359 365
359 366
359 401
359 402
359 403
359 404
359 405
359 418
359 420
360 358
360 359
360 361
360 362
360 363
360 364
360 365
360 395
360 400
360 401
360 402
360 403
360 404
360 420
360 421
361 359
361 360
361 362
361 363
361 364
361 365
361 400
361 401
361 402
361 403
362 358
362 359
362 360
362 361
362 363
362 364
362 365
362 401
362 402
362 403
363 358
363 359
363 360
363 361
363 362
363 364
363 365
363 366
363 402
363 403
364 357
364 358
364 359
364 360
364 361
364 362
364 363
364 365
364 366
364 367
364 402
364 403
364 404
364 405
365 357
365 358
365 359
365 360
365 361
365 362
365 363
365 364
365 366
365 367
365 368
365 369
365 370
365 389
365 402
365 403
366 357
366 358
366 359
366 363
366 364
366 365
366 367
366 368
366 369
366 370
367 356
367 357
367 358
367 364
367 365
367 366
367 368
367 369
367 370
367 371
367 372
367 389
368 365
368 366
368 367
368 369
368 370
368 371
368 389
369 357
369 358
369 365
369 366
369 367
369 368
369 370
369 371
369 388
369 389
369 390
369 391
370 341
370 342
370 343
370 356
370 357
370 358
370 365
370 366
370 367
370 368
370 369
370 371
370 372
370 387
370 388
370 389
370 390
370 391
371 343
371 356
371 357
371 358
371 367
371 368
371 369
371 370
371 372
371 373
371 374
371 386
371 387
371 388
371 389
371 390
372 343
372 344
372 345
372 355
372 356
372 357
372 367
372 370
372 371
372 373
372 374
372 375
372 385
372 386
372 387
372 388
372 389
373 356
373 371
373 372
373 374
373 375
373 376
373 384
373 385
373 386
373 387
373 388
374 352
374 353
374 354
374 371
374 372
374 373
374 375
374 376
374 383
374 384
374 385
374 386
374 387
375 346
375 347
375 349
375 351
375 352
375 353
375 354
375 372
375 373
375 374
375 376
375 377
375 378
375 382
375 383
375 384
375 385
375 386
376 347
376 352
376 373
376 374
376 375
376 377
376 378
376 379
376 382
376 383
376 384
376 385
376 386
377 347
377 348
377 349
377 350
377 352
377 375
377 376
377 378
377 379
377 380
377 381
377 382
377 383
377 384
377 385
377 471
378 347
378 348
378 349
378 375
378 376
378 377
378 379
378 380
378 381
378 382
378 383
378 384
378 385
379 348
379 376
379 377
379 378
379 380
379 381
379 382
379 383
379 468
379 469
379 470
380 348
380 377
380 378
380 379
380 381
380 382
380 383
380 468
380 469
381 319
381 321
381 348
381 349
381 350
381 377
381 378
381 379
381 380
381 382
381 383
382 319
382 320
382 321
382 322
382 323
382 347
382 348
382 349
382 350
382 351
382 352
382 375
382 376
382 377
382 378
382 379
382 380
382 381
382 383
382 384
383 321
383 323
383 346
383 347
383 348
383 349
383 350
383 351
383 352
383 353
383 354
383 374
383 375
383 376
383 377
383 378
383 379
383 380
383 381
383 382
383 384
383 385
384 323
384 324
384 325
384 345
384 346
384 347
384 348
384 349
384 350
384 352
384 354
384 373
384 374
384 375
384 376
384 377
384 378
384 382
384 383
384 385
384 386
385 323
385 325
385 344
385 345
385 346
385 347
385 348
385 349
385 352
385 354
385 356
385 372
385 373
385 374
385 375
385 376
385 377
385 378
385 383
385 384
385 386
385 387
386 325
386 326
386 327
386 343
386 344
386 345
386 346
386 347
386 356
386 371
386 372
386 373
386 374
386 375
386 376
386 384
386 385
386 387
386 388
387 327
387 342
387 343
387 344
387 345
387 346
387 356
387 357
387 358
387 370
387 371
387 372
387 373
387 374
387 385
387 386
387 388
387 389
387 404
387 406
388 327
388 329
388 330
388 341
388 342
388 343
388 344
388 345
388 358
388 369
388 370
388 371
388 372
388 373
388 386
388 387
388 389
388 390
388 391
388 404
389 329
389 340
389 341
389 342
389 343
389 344
389 357
389 358
389 365
389 367
389 368
389 369
389 370
389 371
389 372
389 387
389 388
389 390
389 391
389 402
389 404
390 339
390 340
390 341
390 342
390 343
390 369
390 370
390 371
390 388
390 389
390 391
390 392
390 393
391 338
391 339
391 340
391 341
391 342
391 369
391 370
391 388
391 389
391 390
391 392
391 393
391 394
391 395
391 396
391 402
392 337
392 338
392 339
392 340
392 341
392 390
392 391
392 393
392 394
392 395
392 396
392 397
393 336
393 337
393 338
393 339
393 340
393 341
393 390
393 391
393 392
393 394
393 395
393 396
393 397
393 398
394 338
394 339
394 340
394 391
394 392
394 393
394 395
394 396
394 397
394 398
394 399
395 339
395 340
395 360
395 391
395 392
395 393
395 394
395 396
395 397
395 398
395 399
395 400
395 401
395 402
396 339
396 340
396 341
396 391
396 392
396 393
396 394
396 395
396 397
396 398
396 399
396 400
396 401
396 402
396 422
396 423
397 392
397 393
397 394
397 395
397 396
397 398
397 399
397 400
397 422
397 423
398 393
398 394
398 395
398 396
398 397
398 399
398 400
398 401
398 422
398 423
399 394
399 395
399 396
399 397
399 398
399 400
399 401
399 402
399 421
399 422
399 423
399 424
400 360
400 361
400 395
400 396
400 397
400 398
400 399
400 401
400 402
400 403
400 420
400 421
400 422
400 423
401 359
401 360
401 361
401 362
401 395
401 396
401 398
401 399
401 400
401 402
401 403
401 404
401 419
401 420
401 421
401 422
401 423
402 327
402 328
402 329
402 342
402 358
402 359
402 360
402 361
402 362
402 363
402 364
402 365
402 389
402 391
402 395
402 396
402 399
402 400
402 401
402 403
402 404
402 405
402 419
402 420
402 421
402 422
402 423
403 327
403 342
403 344
403 357
403 358
403 359
403 360
403 361
403 362
403 363
403 364
403 365
403 400
403 401
403 402
403 404
403 405
403 406
403 418
403 419
403 420
403 421
403 422
404 325
404 326
404 327
404 328
404 342
404 343
404 344
404 345
404 346
404 356
404 357
404 358
404 359
404 360
404 364
404 387
404 388
404 389
404 401
404 402
404 403
404 405
404 406
404 417
404 418
404 419
404 420
404 421
405 325
405 327
405 344
405 346
405 355
405 356
405 357
405 358
405 359
405 364
405 402
405 403
405 404
405 406
405 407
405 408
405 416
405 417
405 418
405 419
405 420
406 225
406 226
406 322
406 323
406 324
406 325
406 344
406 346
406 354
406 355
406 356
406 357
406 358
406 387
406 403
406 404
406 405
406 407
406 408
406 411
406 415
406 416
406 417
406 418
406 419
407 224
407 225
407 226
407 227
407 228
407 229
407 230
407 322
407 323
407 353
407 354
407 355
407 356
407 357
407 405
407 406
407 408
407 409
407 410
407 411
407 414
407 415
407 416
407 417
407 418
408 224
408 225
408 226
408 228
408 229
408 320
408 321
408 322
408 323
408 349
408 350
408 351
408 352
408 353
408 354
408 355
408 356
408 405
408 406
408 407
408 409
408 410
408 411
408 412
408 414
408 415
408 416
408 417
409 225
409 226
409 228
409 229
409 291
409 320
409 321
409 322
409 323
409 349
409 350
409 351
409 352
409 353
409 354
409 355
409 407
409 408
409 410
409 411
409 412
409 413
409 414
409 415
409 416
410 319
410 320
410 321
410 322
410 323
410 349
410 350
410 351
410 354
410 407
410 408
410 409
410 411
410 412
410 413
410 414
410 415
410 416
410 417
411 320
411 321
411 322
411 323
411 324
411 349
411 406
411 407
411 408
411 409
411 410
411 412
411 413
411 414
411 415
411 416
411 417
412 321
412 322
412 408
412 409
412 410
412 411
412 413
412 414
412 415
412 416
412 417
413 409
413 410
413 411
413 412
413 414
413 415
413 416
413 417
414 229
414 230
414 407
414 408
414 409
414 410
414 411
414 412
414 413
414 415
414 416
414 417
415 225
415 226
415 228
415 229
415 230
415 322
415 406
415 407
415 408
415 409
415 410
415 411
415 412
415 413
415 414
415 416
415 417
416 225
416 226
416 229
416 230
416 322
416 323
416 355
416 356
416 405
416 406
416 407
416 408
416 409
416 410
416 411
416 412
416 413
416 414
416 415
416 417
416 418
417 322
417 323
417 324
417 325
417 346
417 356
417 404
417 405
417 406
417 407
417 408
417 410
417 411
417 412
417 413
417 414
417 415
417 416
417 418
417 419
418 323
418 324
418 325
418 326
418 327
418 344
418 346
418 356
418 357
418 358
418 359
418 403
418 404
418 405
418 406
418 407
418 416
418 417
418 419
418 420
419 324
419 325
419 326
419 327
419 328
419 344
419 358
419 401
419 402
419 403
419 404
419 405
419 406
419 417
419 418
419 420
419 421
420 325
420 326
420 327
420 328
420 344
420 358
420 359
420 360
420 400
420 401
420 402
420 403
420 404
420 405
420 418
420 419
420 421
420 422
420 425
421 326
421 327
421 328
421 329
421 342
421 343
421 344
421 360
421 399
421 400
421 401
421 402
421 403
421 404
421 419
421 420
421 422
421 423
421 424
421 425
422 327
422 328
422 329
422 342
422 396
422 397
422 398
422 399
422 400
422 401
422 402
422 403
422 420
422 421
422 423
422 424
422 425
422 426
423 328
423 329
423 396
423 397
423 398
423 399
423 400
423 401
423 402
423 421
423 422
423 424
423 425
423 426
424 399
424 421
424 422
424 423
424 425
424 426
424 427
424 428
425 328
425 420
425 421
425 422
425 423
425 424
425 426
425 427
425 428
426 422
426 423
426 424
426 425
426 427
426 428
426 429
427 424
427 425
427 426
427 428
427 429
427 430
428 424
428 425
428 426
428 427
428 429
428 430
428 431
429 426
429 427
429 428
429 430
429 431
429 432
430 427
430 428
430 429
430 431
430 432
430 433
431 428
431 429
431 430
431 432
431 433
431 434
432 429
432 430
432 431
432 433
432 434
432 435
433 430
433 431
433 432
433 434
433 435
433 436
434 431
434 432
434 433
434 435
434 436
434 437
435 432
435 433
435 434
435 436
435 437
435 438
436 433
436 434
436 435
436 437
436 438
436 439
437 326
437 434
437 435
437 436
437 438
437 439
437 440
438 435
438 436
438 437
438 439
438 440
438 441
439 436
439 437
439 438
439 440
439 441
439 442
440 437
440 438
440 439
440 441
440 442
440 443
441 438
441 439
441 440
441 442
441 443
441 444
442 439
442 440
442 441
442 443
442 444
442 445
443 440
443 441
443 442
443 444
443 445
443 446
444 441
444 442
444 443
444 445
444 446
444 447
445 442
445 443
445 444
445 446
445 447
445 448
446 443
446 444
446 445
446 447
446 448
446 449
447 444
447 445
447 446
447 448
447 449
448 445
448 446
448 447
448 449
448 450
448 451
449 446
449 447
449 448
449 450
449 451
450 448
450 449
450 451
450 452
451 448
451 449
451 450
451 452
451 453
452 450
452 451
452 453
452 454
453 451
453 452
453 454
453 455
454 452
454 453
454 455
454 456
455 453
455 454
455 456
455 457
456 454
456 455
456 457
456 458
457 455
457 456
457 458
457 459
458 456
458 457
458 459
458 460
458 461
459 457
459 458
459 460
459 461
460 458
460 459
460 461
460 462
460 463
461 458
461 459
461 460
461 462
461 463
461 464
462 460
462 461
462 463
462 464
463 460
463 461
463 462
463 464
463 465
464 461
464 462
464 463
464 465
464 466
465 463
465 464
465 466
465 467
466 464
466 465
466 467
466 468
467 465
467 466
467 468
467 469
467 485
467 486
467 488
468 379
468 380
468 466
468 467
468 469
468 470
468 486
469 379
469 380
469 467
469 468
469 470
469 471
469 483
469 485
469 486
470 379
470 468
470 469
470 471
470 472
471 377
471 469
471 470
471 472
471 473
472 470
472 471
472 473
472 474
472 475
473 471
473 472
473 474
473 475
474 472
474 473
474 475
474 476
474 477
475 472
475 473
475 474
475 476
475 477
475 478
476 474
476 475
476 477
476 478
476 479
477 474
477 475
477 476
477 478
477 479
477 480
478 475
478 476
478 477
478 479
478 480
478 481
479 8
479 476
479 477
479 478
479 480
479 481
479 482
480 477
480 478
480 479
480 481
480 482
480 483
481 13
481 105
481 107
481 478
481 479
481 480
481 482
481 483
481 484
482 11
482 12
482 13
482 105
482 107
482 479
482 480
482 481
482 483
482 484
482 485
483 13
483 107
483 469
483 480
483 481
483 482
483 484
483 485
483 486
484 13
484 481
484 482
484 483
484 485
484 486
484 487
485 467
485 469
485 482
485 483
485 484
485 486
485 487
485 488
486 467
486 468
486 469
486 483
486 484
486 485
486 487
486 488
486 489
487 484
487 485
487 486
487 488
487 489
487 490
488 467
488 485
488 486
488 487
488 489
488 490
488 491
489 486
489 487
489 488
489 490
489 491
489 492
490 487
490 488
490 489
490 491
490 492
490 493
491 488
491 489
491 490
491 492
491 493
491 494
492 489
492 490
492 491
492 493
492 494
492 495
492 496
492 497
493 490
493 491
493 492
493 494
493 495
493 496
493 497
493 498
494 491
494 492
494 493
494 495
494 496
494 497
494 498
494 499
495 492
495 493
495 494
495 496
495 497
495 498
495 499
495 500
495 501
496 492
496 493
496 494
496 495
496 497
496 498
496 499
496 500
496 501
496 502
497 492
497 493
497 494
497 495
497 496
497 498
497 499
497 500
497 501
497 502
498 493
498 494
498 495
498 496
498 497
498 499
498 500
498 501
498 502
498 503
498 504
499 494
499 495
499 496
499 497
499 498
499 500
499 501
499 502
499 503
499 504
499 505
500 495
500 496
500 497
500 498
500 499
500 501
500 502
500 503
500 504
500 505
500 506
501 495
501 496
501 497
501 498
501 499
501 500
501 502
501 503
501 504
501 505
501 506
501 507
502 496
502 497
502 498
502 499
502 500
502 501
502 503
502 504
502 505
502 506
502 507
502 508
503 498
503 499
503 500
503 501
503 502
503 504
503 505
503 506
503 507
503 508
503 509
504 498
504 499
504 500
504 501
504 502
504 503
504 505
504 506
504 507
504 508
504 509
504 510
505 499
505 500
505 501
505 502
505 503
505 504
505 506
505 507
505 508
505 509
505 510
505 511
506 500
506 501
506 502
506 503
506 504
506 505
506 507
506 508
506 509
506 510
506 511
506 512
507 501
507 502
507 503
507 504
507 505
507 506
507 508
507 509
507 510
507 511
507 512
507 513
508 502
508 503
508 504
508 505
508 506
508 507
508 509
508 510
508 511
508 512
508 513
509 503
509 504
509 505
509 506
509 507
509 508
509 510
509 511
509 512
509 513
509 514
509 515
510 504
510 505
510 506
510 507
510 508
510 509
510 511
510 512
510 513
510 514
510 515
510 516
511 505
511 506
511 507
511 508
511 509
511 510
511 512
511 513
511 514
511 515
511 516
511 517
512 506
512 507
512 508
512 509
512 510
512 511
512 513
512 514
512 515
512 516
512 517
512 518
513 507
513 508
513 509
513 510
513 511
513 512
513 514
513 515
513 516
513 517
513 518
513 519
514 509
514 510
514 511
514 512
514 513
514 515
514 516
514 517
514 518
514 519
514 520
515 509
515 510
515 511
515 512
515 513
515 514
515 516
515 517
515 518
515 519
515 520
515 521
516 510
516 511
516 512
516 513
516 514
516 515
516 517
516 518
516 519
516 520
516 521
516 522
517 511
517 512
517 513
517 514
517 515
517 516
517 518
517 519
517 520
517 521
517 522
517 523
518 512
518 513
518 514
518 515
518 516
518 517
518 519
518 520
518 521
518 522
518 523
518 524
519 513
519 514
519 515
519 516
519 517
519 518
519 520
519 521
519 522
519 523
519 524
519 525
520 514
520 515
520 516
520 517
520 518
520 519
520 521
520 522
520 523
520 524
520 525
520 526
521 515
521 516
521 517
521 518
521 519
521 520
521 522
521 523
521 524
521 525
521 526
521 527
522 516
522 517
522 518
522 519
522 520
522 521
522 523
522 524
522 525
522 526
522 527
522 528
523 517
523 518
523 519
523 520
523 521
523 522
523 524
523 525
523 526
523 527
523 528
524 518
524 519
524 520
524 521
524 522
524 523
524 525
524 526
524 527
524 528
524 529
525 519
525 520
525 521
525 522
525 523
525 524
525 526
525 527
525 528
525 529
525 530
526 520
526 521
526 522
526 523
526 524
526 525
526 527
526 528
526 529
526 530
527 521
527 522
527 523
527 524
527 525
527 526
527 528
527 529
527 530
528 522
528 523
528 524
528 525
528 526
528 527
528 529
528 530
528 531
529 524
529 525
529 526
529 527
529 528
529 530
529 531
530 525
530 526
530 527
530 528
530 529
530 531
530 532
531 528
531 529
531 530
531 532
531 533
532 530
532 531
532 533
532 534
533 531
533 532
533 534
533 535
534 532
534 533
534 535
534 536
535 533
535 534
535 536
535 537
535 538
536 534
536 535
536 537
536 538
536 539
537 535
537 536
537 538
537 539
537 540
538 535
538 536
538 537
538 539
538 540
538 541
539 536
539 537
539 538
539 540
539 541
539 542
540 537
540 538
540 539
540 541
540 542
540 543
541 538
541 539
541 540
541 542
541 543
542 539
542 540
542 541
542 543
542 544
543 540
543 541
543 542
543 544
543 545
544 542
544 543
544 545
545 543
545 544
