0 1
0 2
1 0
1 2
1 3
2 0
2 1
2 3
2 4
3 1
3 2
3 4
3 5
4 2
4 3
4 5
4 6
5 3
5 4
5 6
5 7
5 8
6 4
6 5
6 7
6 8
6 9
7 5
7 6
7 8
7 9
7 10
8 5
8 6
8 7
8 9
8 10
8 11
9 6
9 7
9 8
9 10
9 11
9 12
10 7
10 8
10 9
10 11
10 12
10 13
11 8
11 9
11 10
11 12
11 13
11 14
12 9
12 10
12 11
12 13
12 14
12 15
13 10
13 11
13 12
13 14
13 15
13 16
14 11
14 12
14 13
14 15
14 16
14 17
15 12
15 13
15 14
15 16
15 17
15 18
16 13
16 14
16 15
16 17
16 18
16 19
17 14
17 15
17 16
17 18
17 19
17 20
17 79
17 80
17 186
18 15
18 16
18 17
18 19
18 20
18 21
18 186
19 16
19 17
19 18
19 20
19 21
19 22
19 49
19 50
19 113
20 17
20 18
20 19
20 21
20 22
20 23
20 49
20 50
20 114
20 116
21 18
21 19
21 20
21 22
21 23
21 24
21 30
21 48
21 49
21 50
21 113
21 114
21 116
22 19
22 20
22 21
22 23
22 24
22 25
22 29
22 30
22 48
22 49
22 70
22 114
22 115
22 116
22 117
23 20
23 21
23 22
23 24
23 25
23 26
23 28
23 29
23 30
23 116
24 21
24 22
24 23
24 25
24 26
24 27
24 28
24 29
24 30
25 22
25 23
25 24
25 26
25 27
25 28
25 29
25 30
26 23
26 24
26 25
26 27
26 28
26 29
27 24
27 25
27 26
27 28
27 29
27 30
27 69
27 70
27 214
28 23
28 24
28 25
28 26
28 27
28 29
28 30
28 31
28 68
28 69
28 70
29 22
29 23
29 24
29 25
29 26
29 27
29 28
29 30
29 31
29 32
29 47
29 48
29 49
29 68
29 69
29 70
30 21
30 22
30 23
30 24
30 25
30 27
30 28
30 29
30 31
30 32
30 47
30 48
30 49
30 67
30 68
30 69
30 70
30 71
30 72
30 89
30 114
30 115
30 116
30 214
31 28
31 29
31 30
31 32
31 33
31 46
31 47
31 48
31 49
31 66
31 67
31 68
31 69
31 70
31 71
31 72
31 89
31 114
32 29
32 30
32 31
32 33
32 34
32 45
32 46
32 47
32 48
32 49
32 50
32 65
32 66
32 67
32 68
32 69
32 70
32 71
32 72
32 87
32 88
32 89
32 90
32 112
32 113
32 114
33 31
33 32
33 34
33 35
33 40
33 44
33 45
33 46
33 47
33 48
33 62
33 64
33 65
33 66
33 67
33 68
33 91
34 32
34 33
34 35
34 36
34 37
34 40
34 41
34 42
34 43
34 44
34 45
34 46
34 47
34 54
34 59
34 61
34 62
34 63
34 64
34 65
34 66
34 67
34 92
35 33
35 34
35 36
35 37
35 38
35 39
35 40
35 41
35 42
35 43
35 44
35 45
35 46
35 59
35 61
35 62
35 63
35 64
35 65
35 66
35 93
35 94
36 34
36 35
36 37
36 38
36 39
36 40
36 41
36 42
36 43
36 44
36 45
36 58
36 59
36 60
36 61
36 62
36 63
36 64
36 65
37 34
37 35
37 36
37 38
37 39
37 40
37 41
37 42
37 43
37 44
37 59
37 61
37 62
37 63
37 64
37 65
37 93
37 94
38 35
38 36
38 37
38 39
38 40
38 41
38 42
38 62
38 63
38 64
38 65
38 92
38 93
38 94
38 95
39 35
39 36
39 37
39 38
39 40
39 41
39 42
39 63
39 64
39 65
39 91
39 92
39 93
39 94
40 33
40 34
40 35
40 36
40 37
40 38
40 39
40 41
40 42
40 43
40 44
40 63
40 64
40 65
40 66
40 91
40 92
40 93
40 94
41 34
41 35
41 36
41 37
41 38
41 39
41 40
41 42
41 43
41 44
41 63
41 64
41 65
41 93
42 34
42 35
42 36
42 37
42 38
42 39
42 40
42 41
42 43
42 44
42 63
42 64
43 34
43 35
43 36
43 37
43 40
43 41
43 42
43 44
43 45
43 58
43 59
44 33
44 34
44 35
44 36
44 37
44 40
44 41
44 42
44 43
44 45
44 46
44 57
44 59
44 62
44 64
44 65
45 32
45 33
45 34
45 35
45 36
45 43
45 44
45 46
45 47
45 54
45 57
45 58
45 59
45 65
46 31
46 32
46 33
46 34
46 35
46 44
46 45
46 47
46 48
46 49
46 65
46 66
46 67
46 68
47 29
47 30
47 31
47 32
47 33
47 34
47 45
47 46
47 48
47 49
47 50
47 51
47 67
47 112
47 113
47 114
48 21
48 22
48 29
48 30
48 31
48 32
48 33
48 46
48 47
48 49
48 50
48 51
48 69
48 70
48 113
48 114
49 19
49 20
49 21
49 22
49 29
49 30
49 31
49 32
49 46
49 47
49 48
49 50
49 51
49 52
49 72
49 112
49 113
49 114
50 19
50 20
50 21
50 32
50 47
50 48
50 49
50 51
50 52
50 53
50 72
50 73
50 74
50 80
50 111
50 112
50 113
50 114
50 115
51 47
51 48
51 49
51 50
51 52
51 53
51 54
51 55
51 56
51 57
51 74
51 78
51 79
51 80
51 110
51 111
51 112
51 113
51 114
52 49
52 50
52 51
52 53
52 54
52 55
52 56
52 75
52 77
52 78
52 79
52 80
52 81
52 110
52 111
52 112
52 113
53 50
53 51
53 52
53 54
53 55
53 56
53 57
53 58
53 59
53 60
53 61
53 75
53 77
53 78
53 79
53 80
53 109
53 110
53 111
53 112
54 34
54 45
54 51
54 52
54 53
54 55
54 56
54 57
54 58
54 59
54 60
54 61
54 62
54 77
54 78
54 79
54 109
54 110
54 111
54 112
55 51
55 52
55 53
55 54
55 56
55 57
55 58
55 59
55 60
55 61
55 62
55 78
55 110
55 111
56 51
56 52
56 53
56 54
56 55
56 57
56 58
56 59
56 60
57 44
57 45
57 51
57 53
57 54
57 55
57 56
57 58
57 59
57 60
58 36
58 43
58 45
58 53
58 54
58 55
58 56
58 57
58 59
58 60
58 61
59 34
59 35
59 36
59 37
59 43
59 44
59 45
59 53
59 54
59 55
59 56
59 57
59 58
59 60
59 61
59 62
59 63
59 110
60 36
60 53
60 54
60 55
60 56
60 57
60 58
60 59
60 61
60 62
60 63
60 108
60 109
60 110
61 34
61 35
61 36
61 37
61 53
61 54
61 55
61 58
61 59
61 60
61 62
61 63
61 64
61 76
61 77
61 107
61 108
61 109
61 110
61 111
62 33
62 34
62 35
62 36
62 37
62 38
62 44
62 54
62 55
62 59
62 60
62 61
62 63
62 64
62 65
62 74
62 76
62 94
62 95
62 107
62 108
62 109
62 110
62 111
63 34
63 35
63 36
63 37
63 38
63 39
63 40
63 41
63 42
63 59
63 60
63 61
63 62
63 64
63 65
63 92
63 93
63 94
63 95
63 96
63 107
63 108
63 109
64 33
64 34
64 35
64 36
64 37
64 38
64 39
64 40
64 41
64 42
64 44
64 61
64 62
64 63
64 65
64 66
64 91
64 92
64 93
64 94
64 95
64 96
64 97
64 98
64 109
65 32
65 33
65 34
65 35
65 36
65 37
65 38
65 39
65 40
65 41
65 44
65 45
65 46
65 62
65 63
65 64
65 66
65 67
65 68
65 87
65 90
65 91
65 92
65 93
65 94
65 95
65 97
65 98
66 31
66 32
66 33
66 34
66 35
66 40
66 46
66 64
66 65
66 67
66 68
66 69
66 87
66 88
66 89
66 90
66 91
66 92
66 93
67 30
67 31
67 32
67 33
67 34
67 46
67 47
67 65
67 66
67 68
67 69
67 70
67 71
67 72
67 87
67 88
67 89
67 90
67 91
67 92
67 214
68 28
68 29
68 30
68 31
68 32
68 33
68 46
68 65
68 66
68 67
68 69
68 70
68 71
68 88
68 89
68 90
68 91
68 214
69 27
69 28
69 29
69 30
69 31
69 32
69 48
69 66
69 67
69 68
69 70
69 71
69 72
69 88
69 89
69 90
69 114
69 214
70 22
70 27
70 28
70 29
70 30
70 31
70 32
70 48
70 67
70 68
70 69
70 71
70 72
70 87
70 88
70 89
70 114
70 115
70 116
70 118
70 212
70 213
70 214
71 30
71 31
71 32
71 67
71 68
71 69
71 70
71 72
71 73
71 86
71 87
71 88
71 89
71 90
71 113
71 114
71 115
71 116
71 117
71 118
71 119
71 166
71 212
71 213
71 214
72 30
72 31
72 32
72 49
72 50
72 67
72 69
72 70
72 71
72 73
72 74
72 75
72 85
72 86
72 87
72 88
72 89
72 112
72 113
72 114
72 115
72 116
72 118
72 181
72 212
72 213
72 214
73 50
73 71
73 72
73 74
73 75
73 80
73 83
73 84
73 85
73 86
73 87
73 88
73 111
73 112
73 113
73 114
73 115
73 180
73 181
74 50
74 51
74 62
74 72
74 73
74 75
74 76
74 77
74 80
74 81
74 82
74 83
74 84
74 85
74 86
74 87
74 98
74 99
74 108
74 109
74 110
74 111
74 112
74 113
74 114
75 52
75 53
75 72
75 73
75 74
75 76
75 77
75 78
75 79
75 80
75 81
75 82
75 83
75 84
75 85
75 86
75 108
75 109
75 110
75 111
75 112
75 113
75 200
76 61
76 62
76 74
76 75
76 77
76 78
76 79
76 80
76 81
76 82
76 83
76 84
76 85
76 99
76 106
76 107
76 108
76 109
76 110
76 111
76 112
76 200
77 52
77 53
77 54
77 61
77 74
77 75
77 76
77 78
77 79
77 80
77 81
77 82
77 83
77 84
77 108
77 109
77 110
77 111
77 112
78 51
78 52
78 53
78 54
78 55
78 75
78 76
78 77
78 79
78 80
78 81
78 82
78 109
78 110
78 111
78 112
79 17
79 51
79 52
79 53
79 54
79 75
79 76
79 77
79 78
79 80
79 81
79 82
79 110
79 111
79 112
79 113
80 17
80 50
80 51
80 52
80 53
80 73
80 74
80 75
80 76
80 77
80 78
80 79
80 81
80 82
80 83
80 84
80 109
80 110
80 111
80 112
80 113
80 198
80 199
81 52
81 74
81 75
81 76
81 77
81 78
81 79
81 80
81 82
81 83
81 84
81 110
81 111
81 112
81 198
81 199
81 200
82 74
82 75
82 76
82 77
82 78
82 79
82 80
82 81
82 83
82 84
82 85
82 108
82 109
82 110
82 111
82 198
82 199
82 200
82 201
83 73
83 74
83 75
83 76
83 77
83 80
83 81
83 82
83 84
83 85
83 99
83 104
83 106
83 108
83 109
83 178
83 179
83 180
83 198
83 199
83 200
83 201
84 73
84 74
84 75
84 76
84 77
84 80
84 81
84 82
84 83
84 85
84 86
84 87
84 98
84 99
84 109
84 111
84 112
84 168
84 178
84 179
84 180
84 181
84 197
84 198
84 199
84 200
84 201
85 72
85 73
85 74
85 75
85 76
85 82
85 83
85 84
85 86
85 87
85 88
85 98
85 99
85 100
85 109
85 112
85 168
85 178
85 179
85 180
85 181
86 71
86 72
86 73
86 74
86 75
86 84
86 85
86 87
86 88
86 98
86 99
86 100
86 112
86 115
86 167
86 168
86 179
86 180
86 181
86 212
86 213
87 32
87 65
87 66
87 67
87 70
87 71
87 72
87 73
87 74
87 84
87 85
87 86
87 88
87 89
87 90
87 91
87 92
87 97
87 98
87 99
87 112
87 113
87 114
87 115
87 212
87 213
87 214
88 32
88 66
88 67
88 68
88 69
88 70
88 71
88 72
88 73
88 85
88 86
88 87
88 89
88 90
88 91
88 92
88 98
88 115
88 212
88 213
88 214
89 30
89 31
89 32
89 66
89 67
89 68
89 69
89 70
89 71
89 72
89 87
89 88
89 90
89 91
89 92
89 213
89 214
90 32
90 65
90 66
90 67
90 68
90 69
90 71
90 87
90 88
90 89
90 91
90 92
90 93
90 97
91 33
91 39
91 40
91 64
91 65
91 66
91 67
91 68
91 87
91 88
91 89
91 90
91 92
91 93
91 94
91 97
91 98
92 34
92 38
92 39
92 40
92 63
92 64
92 65
92 66
92 67
92 87
92 88
92 89
92 90
92 91
92 93
92 94
92 95
92 96
92 97
92 98
93 35
93 37
93 38
93 39
93 40
93 41
93 63
93 64
93 65
93 66
93 90
93 91
93 92
93 94
93 95
93 96
93 97
93 98
94 35
94 37
94 38
94 39
94 40
94 62
94 63
94 64
94 65
94 91
94 92
94 93
94 95
94 96
94 97
94 98
94 99
94 107
95 38
95 62
95 63
95 64
95 65
95 92
95 93
95 94
95 96
95 97
95 98
95 99
95 100
95 105
95 106
95 107
95 108
95 109
96 63
96 64
96 92
96 93
96 94
96 95
96 97
96 98
96 99
96 100
96 101
96 102
96 104
96 105
96 106
96 107
97 64
97 65
97 87
97 90
97 91
97 92
97 93
97 94
97 95
97 96
97 98
97 99
97 100
97 101
98 64
98 65
98 74
98 84
98 85
98 86
98 87
98 88
98 91
98 92
98 93
98 94
98 95
98 96
98 97
98 99
98 100
98 101
98 107
98 109
99 74
99 76
99 83
99 84
99 85
99 86
99 87
99 94
99 95
99 96
99 97
99 98
99 100
99 101
99 102
99 103
99 104
99 105
99 106
99 107
99 108
99 109
99 176
99 177
99 178
99 179
100 85
100 86
100 95
100 96
100 97
100 98
100 99
100 101
100 102
100 103
100 104
100 105
100 175
100 176
100 177
100 178
100 179
101 96
101 97
101 98
101 99
101 100
101 102
101 103
101 104
101 105
101 175
101 176
101 177
102 96
102 99
102 100
102 101
102 103
102 104
102 105
102 176
102 177
103 99
103 100
103 101
103 102
103 104
103 105
103 106
103 171
103 172
103 176
103 177
103 178
104 83
104 96
104 99
104 100
104 101
104 102
104 103
104 105
104 106
104 107
104 176
104 177
104 178
104 179
105 95
105 96
105 99
105 100
105 101
105 102
105 103
105 104
105 106
105 107
105 108
106 76
106 83
106 95
106 96
106 99
106 103
106 104
106 105
106 107
106 108
106 109
107 61
107 62
107 63
107 76
107 94
107 95
107 96
107 98
107 99
107 104
107 105
107 106
107 108
107 109
107 110
108 60
108 61
108 62
108 63
108 74
108 75
108 76
108 77
108 82
108 83
108 95
108 99
108 105
108 106
108 107
108 109
108 110
108 111
109 53
109 54
109 60
109 61
109 62
109 63
109 64
109 74
109 75
109 76
109 77
109 78
109 80
109 82
109 83
109 84
109 85
109 95
109 98
109 99
109 106
109 107
109 108
109 110
109 111
109 112
110 51
110 52
110 53
110 54
110 55
110 59
110 60
110 61
110 62
110 74
110 75
110 76
110 77
110 78
110 79
110 80
110 81
110 82
110 107
110 108
110 109
110 111
110 112
111 50
111 51
111 52
111 53
111 54
111 55
111 61
111 62
111 73
111 74
111 75
111 76
111 77
111 78
111 79
111 80
111 81
111 82
111 84
111 108
111 109
111 110
111 112
111 113
112 32
112 47
112 49
112 50
112 51
112 52
112 53
112 54
112 72
112 73
112 74
112 75
112 76
112 77
112 78
112 79
112 80
112 81
112 84
112 85
112 86
112 87
112 109
112 110
112 111
112 113
112 114
112 115
113 19
113 21
113 32
113 47
113 48
113 49
113 50
113 51
113 52
113 71
113 72
113 73
113 74
113 75
113 79
113 80
113 87
113 111
113 112
113 114
113 115
113 116
114 20
114 21
114 22
114 30
114 31
114 32
114 47
114 48
114 49
114 50
114 51
114 69
114 70
114 71
114 72
114 73
114 74
114 87
114 112
114 113
114 115
114 116
114 117
114 118
115 22
115 30
115 50
115 70
115 71
115 72
115 73
115 86
115 87
115 88
115 112
115 113
115 114
115 116
115 117
115 118
115 119
115 165
115 166
115 167
115 181
115 182
115 183
115 185
115 212
115 213
115 214
116 20
116 21
116 22
116 23
116 30
116 70
116 71
116 72
116 113
116 114
116 115
116 117
116 118
116 119
116 165
116 166
116 183
116 184
116 185
116 186
116 214
117 22
117 71
117 114
117 115
117 116
117 118
117 119
117 120
117 123
117 164
117 165
117 166
117 167
117 182
117 183
117 184
117 185
117 186
117 212
117 214
118 70
118 71
118 72
118 114
118 115
118 116
118 117
118 119
118 120
118 121
118 122
118 123
118 164
118 165
118 166
118 167
118 182
118 183
118 184
118 185
118 211
118 212
118 213
118 214
119 71
119 115
119 116
119 117
119 118
119 120
119 121
119 122
119 123
119 124
119 164
119 165
119 166
119 167
119 211
119 212
119 213
119 214
120 117
120 118
120 119
120 121
120 122
120 123
120 124
120 141
120 142
120 164
120 165
120 166
120 167
120 210
120 211
120 212
120 213
120 214
121 118
121 119
121 120
121 122
121 123
121 124
121 141
121 142
121 164
121 165
121 211
121 212
121 213
122 118
122 119
122 120
122 121
122 123
122 124
122 141
122 142
122 163
122 164
122 165
122 166
122 211
123 117
123 118
123 119
123 120
123 121
123 122
123 124
123 125
123 140
123 141
123 142
123 162
123 163
123 164
123 165
123 166
123 167
123 183
123 184
123 210
123 211
123 212
123 213
124 119
124 120
124 121
124 122
124 123
124 125
124 126
124 139
124 140
124 141
124 142
124 161
124 162
124 163
124 164
124 165
124 166
124 167
124 184
124 211
125 123
125 124
125 126
125 127
125 138
125 139
125 140
125 141
125 142
125 160
125 161
125 162
125 163
125 164
125 165
125 166
125 167
125 182
125 183
125 184
125 189
125 211
126 124
126 125
126 127
126 128
126 133
126 137
126 138
126 139
126 140
126 141
126 159
126 160
126 161
126 162
126 163
126 190
127 125
127 126
127 128
127 129
127 130
127 133
127 134
127 135
127 136
127 137
127 138
127 139
127 140
127 152
127 156
127 157
127 158
127 159
127 160
127 161
127 162
127 191
128 126
128 127
128 129
128 130
128 131
128 132
128 133
128 134
128 135
128 136
128 137
128 138
128 139
128 152
128 156
128 157
128 158
128 159
128 160
128 161
128 192
129 127
129 128
129 130
129 131
129 132
129 133
129 134
129 135
129 136
129 137
129 138
129 152
129 153
129 154
129 155
129 156
129 157
129 158
129 159
129 160
129 204
130 127
130 128
130 129
130 131
130 132
130 133
130 134
130 135
130 136
130 137
130 156
130 157
130 158
130 159
130 160
130 192
130 193
130 204
131 128
131 129
131 130
131 132
131 133
131 134
131 135
131 157
131 158
131 159
131 160
131 191
131 192
131 193
131 194
131 204
132 128
132 129
132 130
132 131
132 133
132 134
132 135
132 158
132 159
132 160
132 190
132 191
132 192
132 193
133 126
133 127
133 128
133 129
133 130
133 131
133 132
133 134
133 135
133 136
133 137
133 158
133 159
133 160
133 161
133 190
133 191
133 192
133 193
134 127
134 128
134 129
134 130
134 131
134 132
134 133
134 135
134 136
134 137
134 158
134 159
134 192
135 127
135 128
135 129
135 130
135 131
135 132
135 133
135 134
135 136
135 137
135 158
135 159
136 127
136 128
136 129
136 130
136 133
136 134
136 135
136 137
136 138
136 152
136 153
137 126
137 127
137 128
137 129
137 130
137 133
137 134
137 135
137 136
137 138
137 139
137 140
137 152
137 157
137 159
137 160
138 125
138 126
138 127
138 128
138 129
138 136
138 137
138 139
138 140
138 150
138 151
138 152
138 160
139 124
139 125
139 126
139 127
139 128
139 137
139 138
139 140
139 141
139 142
139 160
139 161
139 162
139 163
140 123
140 124
140 125
140 126
140 127
140 137
140 138
140 139
140 141
140 142
140 143
140 144
140 150
140 162
140 209
140 210
140 211
141 120
141 121
141 122
141 123
141 124
141 125
141 126
141 139
141 140
141 142
141 143
141 144
141 164
141 165
141 210
141 211
142 120
142 121
142 122
142 123
142 124
142 125
142 139
142 140
142 141
142 143
142 144
142 145
142 209
142 210
142 211
143 140
143 141
143 142
143 144
143 145
143 146
143 147
143 167
143 168
143 208
143 209
143 210
143 211
143 212
144 140
144 141
144 142
144 143
144 145
144 146
144 147
144 148
144 149
144 150
144 169
144 173
144 174
144 175
144 207
144 208
144 209
144 210
144 211
145 142
145 143
145 144
145 146
145 147
145 148
145 149
145 150
145 170
145 172
145 173
145 174
145 175
145 176
145 207
145 208
145 209
145 210
146 143
146 144
146 145
146 147
146 148
146 149
146 150
146 151
146 152
146 155
146 170
146 172
146 173
146 174
146 175
146 206
146 207
146 208
146 209
147 143
147 144
147 145
147 146
147 148
147 149
147 150
147 151
147 152
147 153
147 154
147 155
147 156
147 157
147 172
147 173
147 174
147 206
147 207
147 208
147 209
148 144
148 145
148 146
148 147
148 149
148 150
148 151
148 152
148 153
148 154
148 155
148 173
148 207
148 208
149 144
149 145
149 146
149 147
149 148
149 150
149 151
149 152
149 153
149 173
149 207
149 208
150 138
150 140
150 144
150 145
150 146
150 147
150 148
150 149
150 151
150 152
150 153
151 138
151 146
151 147
151 148
151 149
151 150
151 152
151 153
151 154
152 127
152 128
152 129
152 136
152 137
152 138
152 146
152 147
152 148
152 149
152 150
152 151
152 153
152 154
152 155
152 156
152 157
152 207
153 129
153 136
153 147
153 148
153 149
153 150
153 151
153 152
153 154
153 155
153 156
154 129
154 147
154 148
154 151
154 152
154 153
154 155
154 156
154 157
154 205
154 206
154 207
155 129
155 146
155 147
155 148
155 152
155 153
155 154
155 156
155 157
155 171
155 172
155 173
155 204
155 205
155 206
155 207
155 208
156 127
156 128
156 129
156 130
156 147
156 152
156 153
156 154
156 155
156 157
156 158
156 159
156 171
156 194
156 203
156 204
156 205
156 206
156 207
157 127
157 128
157 129
157 130
157 131
157 137
157 147
157 152
157 154
157 155
157 156
157 158
157 159
157 160
157 169
157 193
157 194
157 203
157 204
157 205
157 206
157 207
158 127
158 128
158 129
158 130
158 131
158 132
158 133
158 134
158 135
158 156
158 157
158 159
158 160
158 191
158 192
158 193
158 194
158 203
158 204
158 205
158 206
159 126
159 127
159 128
159 129
159 130
159 131
159 132
159 133
159 134
159 135
159 137
159 156
159 157
159 158
159 160
159 161
159 190
159 191
159 192
159 193
159 194
159 195
159 196
159 197
159 204
160 125
160 126
160 127
160 128
160 129
160 130
160 131
160 132
160 133
160 137
160 138
160 139
160 157
160 158
160 159
160 161
160 162
160 163
160 182
160 189
160 190
160 191
160 192
160 193
160 194
160 196
160 197
161 124
161 125
161 126
161 127
161 128
161 133
161 139
161 159
161 160
161 162
161 163
161 164
161 182
161 183
161 184
161 187
161 188
161 189
161 190
161 191
161 192
162 123
162 124
162 125
162 126
162 127
162 139
162 140
162 160
162 161
162 163
162 164
162 165
162 166
162 167
162 182
162 183
162 184
162 185
162 186
162 187
162 188
162 189
162 190
162 191
163 122
163 123
163 124
163 125
163 126
163 139
163 160
163 161
163 162
163 164
163 165
163 166
163 183
163 184
163 185
163 188
163 189
163 190
164 117
164 118
164 119
164 120
164 121
164 122
164 123
164 124
164 125
164 141
164 161
164 162
164 163
164 165
164 166
164 167
164 183
164 184
164 185
164 188
164 189
165 115
165 116
165 117
165 118
165 119
165 120
165 121
165 122
165 123
165 124
165 125
165 141
165 162
165 163
165 164
165 166
165 167
165 182
165 183
165 184
165 185
165 189
165 211
165 212
165 213
166 71
166 115
166 116
166 117
166 118
166 119
166 120
166 122
166 123
166 124
166 125
166 162
166 163
166 164
166 165
166 167
166 168
166 181
166 182
166 183
166 184
166 185
166 186
166 189
166 210
166 211
166 212
166 213
166 214
167 86
167 115
167 117
167 118
167 119
167 120
167 123
167 124
167 125
167 143
167 162
167 164
167 165
167 166
167 168
167 169
167 170
167 179
167 180
167 181
167 182
167 183
167 184
167 209
167 210
167 211
167 212
167 213
168 84
168 85
168 86
168 143
168 166
168 167
168 169
168 170
168 175
168 178
168 179
168 180
168 181
168 182
168 183
168 208
168 209
168 210
168 211
168 212
169 144
169 157
169 167
169 168
169 170
169 171
169 172
169 175
169 176
169 177
169 178
169 179
169 180
169 181
169 182
169 197
169 205
169 206
169 207
169 208
169 209
169 210
169 211
170 145
170 146
170 167
170 168
170 169
170 171
170 172
170 173
170 174
170 175
170 176
170 177
170 178
170 179
170 180
170 181
170 205
170 206
170 207
170 208
170 209
170 210
171 103
171 155
171 156
171 169
171 170
171 172
171 173
171 174
171 175
171 176
171 177
171 178
171 179
171 180
171 203
171 204
171 205
171 206
171 207
171 208
171 209
172 103
172 145
172 146
172 147
172 155
172 169
172 170
172 171
172 173
172 174
172 175
172 176
172 177
172 178
172 179
172 205
172 206
172 207
172 208
172 209
173 144
173 145
173 146
173 147
173 148
173 149
173 155
173 170
173 171
173 172
173 174
173 175
173 176
173 177
173 206
173 207
173 208
173 209
174 144
174 145
174 146
174 147
174 170
174 171
174 172
174 173
174 175
174 176
174 177
174 207
174 208
174 209
175 100
175 101
175 144
175 145
175 146
175 168
175 169
175 170
175 171
175 172
175 173
175 174
175 176
175 177
175 178
175 179
175 206
175 207
175 208
175 209
175 210
176 99
176 100
176 101
176 102
176 103
176 104
176 145
176 169
176 170
176 171
176 172
176 173
176 174
176 175
176 177
176 178
176 179
176 206
176 207
176 208
177 99
177 100
177 101
177 102
177 103
177 104
177 169
177 170
177 171
177 172
177 173
177 174
177 175
177 176
177 178
177 179
177 180
177 206
177 207
177 208
178 83
178 84
178 85
178 99
178 100
178 103
178 104
178 168
178 169
178 170
178 171
178 172
178 175
178 176
178 177
178 179
178 180
178 200
178 201
178 202
178 205
178 206
179 83
179 84
179 85
179 86
179 99
179 100
179 104
179 167
179 168
179 169
179 170
179 171
179 172
179 175
179 176
179 177
179 178
179 180
179 181
179 182
179 197
179 198
179 200
179 201
179 206
179 208
179 209
180 73
180 83
180 84
180 85
180 86
180 167
180 168
180 169
180 170
180 171
180 177
180 178
180 179
180 181
180 182
180 183
180 194
180 196
180 197
180 198
180 199
180 200
180 201
180 206
180 209
181 72
181 73
181 84
181 85
181 86
181 115
181 166
181 167
181 168
181 169
181 170
181 179
181 180
181 182
181 183
181 197
181 198
181 209
181 210
181 211
181 212
182 115
182 117
182 118
182 125
182 160
182 161
182 162
182 165
182 166
182 167
182 168
182 169
182 179
182 180
182 181
182 183
182 184
182 185
182 186
182 187
182 189
182 190
182 191
182 196
182 197
182 198
182 211
182 212
183 115
183 116
183 117
183 118
183 123
183 125
183 161
183 162
183 163
183 164
183 165
183 166
183 167
183 168
183 180
183 181
183 182
183 184
183 185
183 186
183 187
183 188
183 189
183 190
183 191
183 197
183 212
184 116
184 117
184 118
184 123
184 124
184 125
184 161
184 162
184 163
184 164
184 165
184 166
184 167
184 182
184 183
184 185
184 186
184 187
184 188
184 189
184 190
184 191
185 115
185 116
185 117
185 118
185 162
185 163
185 164
185 165
185 166
185 182
185 183
185 184
185 186
185 187
185 188
185 189
185 190
186 17
186 18
186 116
186 117
186 162
186 166
186 182
186 183
186 184
186 185
186 187
186 188
186 189
186 190
186 191
186 196
186 197
187 161
187 162
187 182
187 183
187 184
187 185
187 186
187 188
187 189
187 190
187 191
187 192
187 196
188 161
188 162
188 163
188 164
188 183
188 184
188 185
188 186
188 187
188 189
188 190
188 191
189 125
189 160
189 161
189 162
189 163
189 164
189 165
189 166
189 182
189 183
189 184
189 185
189 186
189 187
189 188
189 190
189 191
189 192
190 126
190 132
190 133
190 159
190 160
190 161
190 162
190 163
190 182
190 183
190 184
190 185
190 186
190 187
190 188
190 189
190 191
190 192
190 193
190 196
191 127
191 131
191 132
191 133
191 158
191 159
191 160
191 161
191 162
191 182
191 183
191 184
191 186
191 187
191 188
191 189
191 190
191 192
191 193
191 194
191 195
191 196
191 197
192 128
192 130
192 131
192 132
192 133
192 134
192 158
192 159
192 160
192 161
192 187
192 189
192 190
192 191
192 193
192 194
192 195
192 196
192 197
193 130
193 131
193 132
193 133
193 157
193 158
193 159
193 160
193 190
193 191
193 192
193 194
193 195
193 196
193 197
193 201
193 203
193 204
194 131
194 156
194 157
194 158
194 159
194 160
194 180
194 191
194 192
194 193
194 195
194 196
194 197
194 198
194 199
194 200
194 201
194 202
194 203
194 204
194 205
194 206
195 159
195 191
195 192
195 193
195 194
195 196
195 197
195 198
195 199
195 200
195 201
195 202
195 203
195 204
196 159
196 160
196 180
196 182
196 186
196 187
196 190
196 191
196 192
196 193
196 194
196 195
196 197
196 198
196 199
196 200
196 201
197 84
197 159
197 160
197 169
197 179
197 180
197 181
197 182
197 183
197 186
197 191
197 192
197 193
197 194
197 195
197 196
197 198
197 199
197 200
197 201
197 202
197 204
198 80
198 81
198 82
198 83
198 84
198 179
198 180
198 181
198 182
198 194
198 195
198 196
198 197
198 199
198 200
198 201
198 202
199 80
199 81
199 82
199 83
199 84
199 180
199 194
199 195
199 196
199 197
199 198
199 200
199 201
199 202
200 75
200 76
200 81
200 82
200 83
200 84
200 178
200 179
200 180
200 194
200 195
200 196
200 197
200 198
200 199
200 201
200 202
200 203
201 82
201 83
201 84
201 178
201 179
201 180
201 193
201 194
201 195
201 196
201 197
201 198
201 199
201 200
201 202
201 203
201 204
201 205
202 178
202 194
202 195
202 197
202 198
202 199
202 200
202 201
202 203
202 204
202 205
203 156
203 157
203 158
203 171
203 193
203 194
203 195
203 200
203 201
203 202
203 204
203 205
203 206
204 129
204 130
204 131
204 155
204 156
204 157
204 158
204 159
204 171
204 193
204 194
204 195
204 197
204 201
204 202
204 203
204 205
204 206
204 207
205 154
205 155
205 156
205 157
205 158
205 169
205 170
205 171
205 172
205 178
205 194
205 201
205 202
205 203
205 204
205 206
205 207
205 208
206 146
206 147
206 154
206 155
206 156
206 157
206 158
206 169
206 170
206 171
206 172
206 173
206 175
206 176
206 177
206 178
206 179
206 180
206 194
206 203
206 204
206 205
206 207
206 208
206 209
207 144
207 145
207 146
207 147
207 148
207 149
207 152
207 154
207 155
207 156
207 157
207 169
207 170
207 171
207 172
207 173
207 174
207 175
207 176
207 177
207 204
207 205
207 206
207 208
207 209
208 143
208 144
208 145
208 146
208 147
208 148
208 149
208 155
208 168
208 169
208 170
208 171
208 172
208 173
208 174
208 175
208 176
208 177
208 179
208 205
208 206
208 207
208 209
208 210
209 140
209 142
209 143
209 144
209 145
209 146
209 147
209 167
209 168
209 169
209 170
209 171
209 172
209 173
209 174
209 175
209 179
209 180
209 181
209 206
209 207
209 208
209 210
209 211
209 212
210 120
210 123
210 140
210 141
210 142
210 143
210 144
210 145
210 166
210 167
210 168
210 169
210 170
210 175
210 181
210 208
210 209
210 211
210 212
210 213
211 118
211 119
211 120
211 121
211 122
211 123
211 124
211 125
211 140
211 141
211 142
211 143
211 144
211 165
211 166
211 167
211 168
211 169
211 181
211 182
211 209
211 210
211 212
211 213
211 214
212 70
212 71
212 72
212 86
212 87
212 88
212 115
212 117
212 118
212 119
212 120
212 121
212 123
212 143
212 165
212 166
212 167
212 168
212 181
212 182
212 183
212 209
212 210
212 211
212 213
212 214
213 70
213 71
213 72
213 86
213 87
213 88
213 89
213 115
213 118
213 119
213 120
213 121
213 123
213 165
213 166
213 167
213 210
213 211
213 212
213 214
214 27
214 30
214 67
214 68
214 69
214 70
214 71
214 72
214 87
214 88
214 89
214 115
214 116
214 117
214 118
214 119
214 120
214 166
214 211
214 212
214 213
