0 1
0 2
1 0
1 2
1 3
2 0
2 1
2 3
2 4
3 1
3 2
3 4
3 5
3 6
4 2
4 3
4 5
4 6
4 7
5 3
5 4
5 6
5 7
5 8
6 3
6 4
6 5
6 7
6 8
6 9
7 4
7 5
7 6
7 8
7 9
7 10
8 5
8 6
8 7
8 9
8 10
8 11
9 6
9 7
9 8
9 10
9 11
9 12
10 7
10 8
10 9
10 11
10 12
10 13
11 8
11 9
11 10
11 12
11 13
11 14
12 9
12 10
12 11
12 13
12 14
12 15
13 10
13 11
13 12
13 14
13 15
13 16
14 11
14 12
14 13
14 15
14 16
14 17
15 12
15 13
15 14
15 16
15 17
15 18
16 13
16 14
16 15
16 17
16 18
16 19
17 14
17 15
17 16
17 18
17 19
17 20
18 15
18 16
18 17
18 19
18 20
18 21
19 16
19 17
19 18
19 20
19 21
19 22
20 17
20 18
20 19
20 21
20 22
20 23
21 18
21 19
21 20
21 22
21 23
21 24
22 19
22 20
22 21
22 23
22 24
22 25
23 20
23 21
23 22
23 24
23 25
23 26
24 21
24 22
24 23
24 25
24 26
24 27
25 22
25 23
25 24
25 26
25 27
26 23
26 24
26 25
26 27
26 28
27 24
27 25
27 26
27 28
27 29
27 30
28 26
28 27
28 29
28 30
29 27
29 28
29 30
29 31
29 32
30 27
30 28
30 29
30 31
30 32
30 33
31 29
31 30
31 32
31 33
31 34
32 29
32 30
32 31
32 33
32 34
32 35
33 30
33 31
33 32
33 34
33 35
33 36
33 37
34 31
34 32
34 33
34 35
34 36
34 37
34 38
34 39
35 32
35 33
35 34
35 36
35 37
35 38
35 39
35 40
36 33
36 34
36 35
36 37
36 38
36 39
36 40
36 41
37 33
37 34
37 35
37 36
37 38
37 39
37 40
37 41
37 42
38 34
38 35
38 36
38 37
38 39
38 40
38 41
38 42
38 43
38 44
39 34
39 35
39 36
39 37
39 38
39 40
39 41
39 42
39 43
39 44
39 45
40 35
40 36
40 37
40 38
40 39
40 41
40 42
40 43
40 44
40 45
40 46
41 36
41 37
41 38
41 39
41 40
41 42
41 43
41 44
41 45
41 46
41 47
42 37
42 38
42 39
42 40
42 41
42 43
42 44
42 45
42 46
42 47
42 48
43 38
43 39
43 40
43 41
43 42
43 44
43 45
43 46
43 47
43 48
43 49
44 38
44 39
44 40
44 41
44 42
44 43
44 45
44 46
44 47
44 48
44 49
44 50
45 39
45 40
45 41
45 42
45 43
45 44
45 46
45 47
45 48
45 49
45 50
45 51
46 40
46 41
46 42
46 43
46 44
46 45
46 47
46 48
46 49
46 50
46 51
46 52
47 41
47 42
47 43
47 44
47 45
47 46
47 48
47 49
47 50
47 51
47 52
47 53
48 42
48 43
48 44
48 45
48 46
48 47
48 49
48 50
48 51
48 52
48 53
48 54
49 43
49 44
49 45
49 46
49 47
49 48
49 50
49 51
49 52
49 53
49 54
49 55
50 44
50 45
50 46
50 47
50 48
50 49
50 51
50 52
50 53
50 54
50 55
51 45
51 46
51 47
51 48
51 49
51 50
51 52
51 53
51 54
51 55
51 56
52 46
52 47
52 48
52 49
52 50
52 51
52 53
52 54
52 55
52 56
52 57
53 47
53 48
53 49
53 50
53 51
53 52
53 54
53 55
53 56
53 57
54 48
54 49
54 50
54 51
54 52
54 53
54 55
54 56
54 57
54 58
54 59
54 60
55 49
55 50
55 51
55 52
55 53
55 54
55 56
55 57
55 58
55 59
55 60
55 61
56 51
56 52
56 53
56 54
56 55
56 57
56 58
56 59
56 60
57 52
57 53
57 54
57 55
57 56
57 58
57 59
57 60
57 61
58 54
58 55
58 56
58 57
58 59
58 60
58 61
58 62
59 54
59 55
59 56
59 57
59 58
59 60
59 61
59 62
59 63
59 67
60 54
60 55
60 56
60 57
60 58
60 59
60 61
60 62
60 63
61 55
61 57
61 58
61 59
61 60
61 62
61 63
61 64
62 58
62 59
62 60
62 61
62 63
62 64
62 65
62 66
62 67
63 59
63 60
63 61
63 62
63 64
63 65
63 66
63 67
64 61
64 62
64 63
64 65
64 66
64 67
64 68
65 62
65 63
65 64
65 66
65 67
65 68
65 69
66 62
66 63
66 64
66 65
66 67
66 68
66 69
67 59
67 62
67 63
67 64
67 65
67 66
67 68
67 69
67 70
68 64
68 65
68 66
68 67
68 69
68 70
68 71
68 81
68 82
68 205
69 65
69 66
69 67
69 68
69 70
69 71
69 72
69 74
69 205
70 67
70 68
70 69
70 71
70 72
70 73
70 74
70 75
71 68
71 69
71 70
71 72
71 73
71 74
71 75
71 203
71 204
71 205
72 69
72 70
72 71
72 73
72 74
72 75
72 76
73 70
73 71
73 72
73 74
73 75
73 76
73 77
74 69
74 70
74 71
74 72
74 73
74 75
74 76
74 77
74 78
74 79
74 80
74 81
75 70
75 71
75 72
75 73
75 74
75 76
75 77
75 78
75 79
75 80
75 81
75 119
75 123
76 72
76 73
76 74
76 75
76 77
76 78
76 79
76 119
76 122
76 123
77 73
77 74
77 75
77 76
77 78
77 79
77 80
77 119
78 74
78 75
78 76
78 77
78 79
78 80
78 81
78 118
78 119
78 120
78 121
78 122
78 123
78 125
79 74
79 75
79 76
79 77
79 78
79 80
79 81
79 82
79 117
79 118
79 119
80 74
80 75
80 77
80 78
80 79
80 81
80 82
80 83
80 116
80 117
80 118
80 119
80 125
80 126
80 127
81 68
81 74
81 75
81 78
81 79
81 80
81 82
81 83
81 84
81 115
81 116
81 117
81 118
81 119
81 127
81 203
81 205
82 68
82 79
82 80
82 81
82 83
82 84
82 114
82 115
82 116
82 117
82 118
82 127
82 128
82 129
82 130
82 203
82 204
82 205
83 80
83 81
83 82
83 84
83 85
83 86
83 94
83 113
83 114
83 115
83 116
83 117
83 127
83 130
83 202
83 203
83 204
83 205
84 81
84 82
84 83
84 85
84 86
84 87
84 93
84 94
84 95
84 96
84 109
84 110
84 112
84 113
84 114
84 115
84 116
84 117
84 129
84 201
84 202
84 203
84 204
84 205
85 83
85 84
85 86
85 87
85 88
85 93
85 94
85 95
85 96
85 105
85 113
85 114
85 115
85 117
85 127
85 165
85 166
85 200
85 201
85 202
85 203
85 204
85 205
86 83
86 84
86 85
86 87
86 88
86 89
86 92
86 93
86 94
86 95
86 96
86 105
86 106
86 107
86 109
86 113
86 165
86 166
86 180
86 200
86 201
86 202
86 203
86 204
86 205
87 84
87 85
87 86
87 88
87 89
87 90
87 91
87 92
87 93
87 94
87 95
87 105
87 106
87 107
87 165
87 166
87 179
87 180
87 181
87 182
87 184
87 197
87 198
87 199
87 200
87 201
87 202
87 203
88 85
88 86
88 87
88 89
88 90
88 91
88 92
88 93
88 94
88 165
88 180
88 181
88 182
88 197
88 198
88 199
88 200
88 201
88 202
89 86
89 87
89 88
89 90
89 91
89 92
89 93
89 179
89 180
89 181
89 182
89 183
89 184
89 197
89 198
89 199
89 200
89 201
90 87
90 88
90 89
90 91
90 92
90 93
90 107
90 180
90 181
90 182
90 183
90 184
90 198
91 87
91 88
91 89
91 90
91 92
91 93
91 106
91 107
91 182
91 183
91 184
92 86
92 87
92 88
92 89
92 90
92 91
92 93
92 94
92 105
92 106
92 107
92 108
92 180
92 181
92 182
92 183
92 184
93 84
93 85
93 86
93 87
93 88
93 89
93 90
93 91
93 92
93 94
93 95
93 96
93 104
93 105
93 106
93 107
93 108
93 109
93 113
93 180
93 181
93 182
93 183
93 184
93 185
93 201
94 83
94 84
94 85
94 86
94 87
94 88
94 92
94 93
94 95
94 96
94 104
94 105
94 106
94 107
94 108
94 109
94 110
94 112
94 113
94 114
94 115
94 180
94 184
94 201
94 202
94 203
94 204
95 84
95 85
95 86
95 87
95 93
95 94
95 96
95 97
95 98
95 103
95 104
95 105
95 106
95 107
95 109
95 110
95 112
95 113
95 114
95 115
95 129
95 136
95 178
95 179
95 180
95 184
95 185
95 186
95 201
96 84
96 85
96 86
96 93
96 94
96 95
96 97
96 98
96 99
96 101
96 102
96 103
96 104
96 105
96 106
96 107
96 109
96 110
96 111
96 112
96 113
96 114
96 115
96 128
96 129
96 130
96 131
96 132
96 136
96 146
96 184
97 95
97 96
97 98
97 99
97 100
97 101
97 102
97 103
97 104
97 105
97 106
97 111
97 112
97 113
97 114
97 115
97 127
97 128
97 129
97 130
97 131
97 132
97 133
97 134
97 135
97 136
97 144
97 145
97 146
97 147
98 95
98 96
98 97
98 99
98 100
98 101
98 102
98 103
98 104
98 105
98 111
98 112
98 113
98 129
98 131
98 132
98 133
98 134
98 145
98 146
99 96
99 97
99 98
99 100
99 101
99 102
99 103
99 112
99 129
99 131
99 132
99 133
99 134
99 146
100 97
100 98
100 99
100 101
100 102
100 103
100 132
100 134
100 145
100 146
101 96
101 97
101 98
101 99
101 100
101 102
101 103
101 104
101 129
101 132
101 133
101 134
101 135
101 136
101 137
101 144
101 145
101 146
101 147
101 148
102 96
102 97
102 98
102 99
102 100
102 101
102 103
102 104
102 132
102 134
102 136
102 144
102 145
102 146
102 147
102 186
103 95
103 96
103 97
103 98
103 99
103 100
103 101
103 102
103 104
103 105
103 112
103 113
103 129
103 134
103 135
103 136
103 137
103 143
103 144
103 145
103 146
103 180
103 184
103 185
103 186
104 93
104 94
104 95
104 96
104 97
104 98
104 101
104 102
104 103
104 105
104 106
104 112
104 113
104 144
104 145
104 179
104 180
104 181
104 183
104 184
104 185
104 186
104 187
105 85
105 86
105 87
105 92
105 93
105 94
105 95
105 96
105 97
105 98
105 103
105 104
105 106
105 107
105 108
105 110
105 112
105 113
105 179
105 180
105 181
105 182
105 183
105 184
105 185
105 186
106 86
106 87
106 91
106 92
106 93
106 94
106 95
106 96
106 97
106 104
106 105
106 107
106 108
106 109
106 110
106 112
106 113
106 180
106 183
106 184
106 185
107 86
107 87
107 90
107 91
107 92
107 93
107 94
107 95
107 96
107 105
107 106
107 108
107 109
107 110
107 113
107 183
107 184
108 92
108 93
108 94
108 105
108 106
108 107
108 109
108 110
108 111
108 113
109 84
109 86
109 93
109 94
109 95
109 96
109 106
109 107
109 108
109 110
109 111
109 112
109 113
109 114
110 84
110 94
110 95
110 96
110 105
110 106
110 107
110 108
110 109
110 111
110 112
110 113
110 114
110 131
111 96
111 97
111 98
111 108
111 109
111 110
111 112
111 113
111 114
111 115
111 129
111 130
111 131
111 132
112 84
112 94
112 95
112 96
112 97
112 98
112 99
112 103
112 104
112 105
112 106
112 109
112 110
112 111
112 113
112 114
112 115
112 129
112 130
112 131
112 132
112 133
113 83
113 84
113 85
113 86
113 93
113 94
113 95
113 96
113 97
113 98
113 103
113 104
113 105
113 106
113 107
113 108
113 109
113 110
113 111
113 112
113 114
113 115
113 116
113 129
113 130
113 131
113 132
114 82
114 83
114 84
114 85
114 94
114 95
114 96
114 97
114 109
114 110
114 111
114 112
114 113
114 115
114 116
114 117
114 128
114 129
114 130
114 131
114 132
114 204
114 205
115 81
115 82
115 83
115 84
115 85
115 94
115 95
115 96
115 97
115 111
115 112
115 113
115 114
115 116
115 117
115 118
115 126
115 127
115 128
115 129
115 130
115 131
115 132
115 133
115 134
115 135
115 136
115 203
115 205
116 80
116 81
116 82
116 83
116 84
116 113
116 114
116 115
116 117
116 118
116 119
116 125
116 126
116 127
116 128
116 129
116 130
116 135
117 79
117 80
117 81
117 82
117 83
117 84
117 85
117 114
117 115
117 116
117 118
117 119
117 120
117 124
117 125
117 126
117 127
117 128
117 129
117 130
117 135
117 203
118 78
118 79
118 80
118 81
118 82
118 115
118 116
118 117
118 119
118 120
118 121
118 124
118 125
118 126
118 127
118 128
118 155
119 75
119 76
119 77
119 78
119 79
119 80
119 81
119 116
119 117
119 118
119 120
119 121
119 122
119 123
119 124
119 125
119 126
119 127
119 155
119 156
119 157
119 158
120 78
120 117
120 118
120 119
120 121
120 122
120 123
120 124
120 125
120 126
120 155
120 156
120 157
121 78
121 118
121 119
121 120
121 122
121 123
121 124
121 125
121 126
121 155
121 156
121 157
122 76
122 78
122 119
122 120
122 121
122 123
122 124
122 125
122 157
122 158
123 75
123 76
123 78
123 119
123 120
123 121
123 122
123 124
123 125
123 156
123 157
123 158
123 159
123 160
124 117
124 118
124 119
124 120
124 121
124 122
124 123
124 125
124 126
124 155
124 156
124 157
124 158
124 159
124 168
124 169
124 170
124 171
125 78
125 80
125 116
125 117
125 118
125 119
125 120
125 121
125 122
125 123
125 124
125 126
125 127
125 128
125 154
125 155
125 156
125 157
125 158
125 168
125 170
125 171
126 80
126 115
126 116
126 117
126 118
126 119
126 120
126 121
126 124
126 125
126 127
126 128
126 135
126 136
126 137
126 150
126 151
126 152
126 153
126 154
126 155
126 156
126 157
126 158
127 80
127 81
127 82
127 83
127 85
127 97
127 115
127 116
127 117
127 118
127 119
127 125
127 126
127 128
127 129
127 130
127 134
127 135
127 136
127 137
127 154
127 155
127 156
127 168
128 82
128 96
128 97
128 114
128 115
128 116
128 117
128 118
128 125
128 126
128 127
128 129
128 130
128 131
128 132
128 133
128 134
128 135
128 136
128 137
128 146
128 147
128 148
128 150
128 154
129 82
129 84
129 95
129 96
129 97
129 98
129 99
129 101
129 103
129 111
129 112
129 113
129 114
129 115
129 116
129 117
129 127
129 128
129 130
129 131
129 132
129 133
129 134
129 135
129 136
129 146
129 147
130 82
130 83
130 96
130 97
130 111
130 112
130 113
130 114
130 115
130 116
130 117
130 127
130 128
130 129
130 131
130 132
130 133
130 134
130 135
131 96
131 97
131 98
131 99
131 110
131 111
131 112
131 113
131 114
131 115
131 128
131 129
131 130
131 132
131 133
131 134
132 96
132 97
132 98
132 99
132 100
132 101
132 102
132 111
132 112
132 113
132 114
132 115
132 128
132 129
132 130
132 131
132 133
132 134
132 135
132 146
132 148
133 97
133 98
133 99
133 101
133 112
133 115
133 128
133 129
133 130
133 131
133 132
133 134
133 135
133 136
133 146
133 147
133 148
133 149
134 97
134 98
134 99
134 100
134 101
134 102
134 103
134 115
134 127
134 128
134 129
134 130
134 131
134 132
134 133
134 135
134 136
134 137
134 145
134 146
134 147
134 148
134 149
134 150
134 154
135 97
135 101
135 103
135 115
135 116
135 117
135 126
135 127
135 128
135 129
135 130
135 132
135 133
135 134
135 136
135 137
135 138
135 145
135 146
135 147
135 148
135 149
135 150
135 151
135 153
135 154
135 155
136 95
136 96
136 97
136 101
136 102
136 103
136 115
136 126
136 127
136 128
136 129
136 133
136 134
136 135
136 137
136 138
136 144
136 145
136 146
136 147
136 148
136 150
136 153
136 154
136 155
136 156
136 178
137 101
137 103
137 126
137 127
137 128
137 134
137 135
137 136
137 138
137 139
137 142
137 143
137 144
137 145
137 146
137 147
137 148
137 149
137 150
137 151
137 152
137 153
137 154
137 155
137 156
137 170
137 178
138 135
138 136
138 137
138 139
138 140
138 141
138 142
138 143
138 144
138 145
138 146
138 147
138 152
138 153
138 154
138 155
138 156
138 169
138 170
138 171
138 172
138 173
138 176
138 177
138 178
138 188
138 189
139 137
139 138
139 140
139 141
139 142
139 143
139 144
139 145
139 152
139 153
139 154
139 170
139 172
139 173
139 176
139 188
139 189
140 138
140 139
140 141
140 142
140 143
140 144
140 153
140 170
140 172
140 173
140 176
140 189
140 190
141 138
141 139
141 140
141 142
141 143
141 144
141 173
141 176
141 188
141 189
141 190
142 137
142 138
142 139
142 140
142 141
142 143
142 144
142 145
142 170
142 173
142 175
142 176
142 177
142 178
142 179
142 187
142 188
142 189
142 190
142 191
142 192
143 103
143 137
143 138
143 139
143 140
143 141
143 142
143 144
143 145
143 176
143 177
143 178
143 179
143 186
143 187
143 188
143 189
143 190
144 97
144 101
144 102
144 103
144 104
144 136
144 137
144 138
144 139
144 140
144 141
144 142
144 143
144 145
144 146
144 147
144 153
144 154
144 177
144 178
144 179
144 186
144 187
144 188
144 189
145 97
145 98
145 100
145 101
145 102
145 103
145 104
145 134
145 135
145 136
145 137
145 138
145 139
145 142
145 143
145 144
145 146
145 147
145 148
145 153
145 154
145 186
146 96
146 97
146 98
146 99
146 100
146 101
146 102
146 103
146 128
146 129
146 132
146 133
146 134
146 135
146 136
146 137
146 138
146 144
146 145
146 147
146 148
146 149
146 154
147 97
147 101
147 102
147 128
147 129
147 133
147 134
147 135
147 136
147 137
147 138
147 144
147 145
147 146
147 148
147 149
147 150
147 151
147 153
147 154
148 101
148 128
148 132
148 133
148 134
148 135
148 136
148 137
148 145
148 146
148 147
148 149
148 150
148 151
149 133
149 134
149 135
149 137
149 146
149 147
149 148
149 150
149 151
149 154
150 126
150 128
150 134
150 135
150 136
150 137
150 147
150 148
150 149
150 151
150 152
150 153
150 154
150 155
151 126
151 135
151 137
151 147
151 148
151 149
151 150
151 152
151 153
151 154
151 155
151 172
152 126
152 137
152 138
152 139
152 150
152 151
152 153
152 154
152 155
152 156
152 170
152 171
152 172
152 173
153 126
153 135
153 136
153 137
153 138
153 139
153 140
153 144
153 145
153 147
153 150
153 151
153 152
153 154
153 155
153 156
153 170
153 171
153 172
153 173
154 125
154 126
154 127
154 128
154 134
154 135
154 136
154 137
154 138
154 139
154 144
154 145
154 146
154 147
154 149
154 150
154 151
154 152
154 153
154 155
154 156
154 170
154 171
154 172
155 118
155 119
155 120
155 121
155 124
155 125
155 126
155 127
155 135
155 136
155 137
155 138
155 150
155 151
155 152
155 153
155 154
155 156
155 157
155 158
155 168
155 169
155 170
155 171
155 172
155 173
156 119
156 120
156 121
156 123
156 124
156 125
156 126
156 127
156 136
156 137
156 138
156 152
156 153
156 154
156 155
156 157
156 158
156 159
156 167
156 168
156 169
156 170
156 171
156 172
156 173
156 174
156 176
156 177
156 178
157 119
157 120
157 121
157 122
157 123
157 124
157 125
157 126
157 155
157 156
157 158
157 159
157 160
157 166
157 167
157 168
157 169
157 170
157 171
157 172
157 174
157 177
158 119
158 122
158 123
158 124
158 125
158 126
158 155
158 156
158 157
158 159
158 160
158 161
158 166
158 167
158 168
158 169
158 170
158 171
159 123
159 124
159 156
159 157
159 158
159 160
159 161
159 162
159 164
159 165
159 166
159 167
159 168
159 169
159 194
159 200
160 123
160 157
160 158
160 159
160 161
160 162
160 163
160 164
160 165
160 166
160 167
160 168
160 200
160 201
160 202
161 158
161 159
161 160
161 162
161 163
161 164
161 165
161 166
161 167
161 194
161 195
161 200
161 201
162 159
162 160
162 161
162 163
162 164
162 165
162 166
162 195
163 160
163 161
163 162
163 164
163 165
163 166
163 200
164 159
164 160
164 161
164 162
164 163
164 165
164 166
164 167
164 200
164 201
164 202
165 85
165 86
165 87
165 88
165 159
165 160
165 161
165 162
165 163
165 164
165 166
165 167
165 197
165 199
165 200
165 201
165 202
165 203
166 85
166 86
166 87
166 157
166 158
166 159
166 160
166 161
166 162
166 163
166 164
166 165
166 167
166 168
166 169
166 194
166 199
166 200
166 201
166 202
166 203
167 156
167 157
167 158
167 159
167 160
167 161
167 164
167 165
167 166
167 168
167 169
167 170
167 177
167 178
167 179
167 193
167 194
167 195
167 196
167 197
167 198
167 199
167 200
167 201
167 202
168 124
168 125
168 127
168 155
168 156
168 157
168 158
168 159
168 160
168 166
168 167
168 169
168 170
168 171
168 176
168 177
168 178
168 179
168 189
168 194
168 199
168 200
168 201
169 124
169 138
169 155
169 156
169 157
169 158
169 159
169 166
169 167
169 168
169 170
169 171
169 172
169 173
169 174
169 175
169 176
169 177
169 178
169 179
169 189
169 193
169 194
169 199
170 124
170 125
170 137
170 138
170 139
170 140
170 142
170 152
170 153
170 154
170 155
170 156
170 157
170 158
170 167
170 168
170 169
170 171
170 172
170 173
170 174
170 175
170 176
170 177
170 178
170 189
171 124
171 125
171 138
171 152
171 153
171 154
171 155
171 156
171 157
171 158
171 168
171 169
171 170
171 172
171 173
171 174
171 175
171 176
171 177
172 138
172 139
172 140
172 151
172 152
172 153
172 154
172 155
172 156
172 157
172 169
172 170
172 171
172 173
172 174
172 175
172 176
173 138
173 139
173 140
173 141
173 142
173 152
173 153
173 155
173 156
173 169
173 170
173 171
173 172
173 174
173 175
173 176
173 177
173 189
173 190
174 156
174 157
174 169
174 170
174 171
174 172
174 173
174 175
174 176
174 177
174 189
174 190
175 142
175 169
175 170
175 171
175 172
175 173
175 174
175 176
175 177
175 189
175 190
175 191
175 192
175 193
175 194
176 138
176 139
176 140
176 141
176 142
176 143
176 156
176 168
176 169
176 170
176 171
176 172
176 173
176 174
176 175
176 177
176 178
176 179
176 188
176 189
176 190
176 191
176 192
176 193
176 194
176 199
177 138
177 142
177 143
177 144
177 156
177 157
177 167
177 168
177 169
177 170
177 171
177 173
177 174
177 175
177 176
177 178
177 179
177 180
177 187
177 188
177 189
177 190
177 191
177 192
177 193
177 194
177 198
177 199
177 200
178 95
178 136
178 137
178 138
178 142
178 143
178 144
178 156
178 167
178 168
178 169
178 170
178 176
178 177
178 179
178 180
178 186
178 187
178 188
178 189
178 190
178 192
178 193
178 194
178 198
178 199
178 200
178 201
179 87
179 89
179 95
179 104
179 105
179 142
179 143
179 144
179 167
179 168
179 169
179 176
179 177
179 178
179 180
179 181
179 182
179 184
179 185
179 186
179 187
179 188
179 189
179 191
179 192
179 193
179 194
179 196
179 197
179 198
179 199
179 200
179 201
180 86
180 87
180 88
180 89
180 90
180 92
180 93
180 94
180 95
180 103
180 104
180 105
180 106
180 177
180 178
180 179
180 181
180 182
180 183
180 184
180 185
180 186
180 187
180 188
180 189
180 192
180 197
180 198
180 199
180 200
180 201
181 87
181 88
181 89
181 90
181 92
181 93
181 104
181 105
181 179
181 180
181 182
181 183
181 184
181 185
181 186
181 187
181 188
181 197
181 198
181 199
182 87
182 88
182 89
182 90
182 91
182 92
182 93
182 105
182 179
182 180
182 181
182 183
182 184
182 185
182 186
182 187
182 197
182 198
183 89
183 90
183 91
183 92
183 93
183 104
183 105
183 106
183 107
183 180
183 181
183 182
183 184
183 185
183 186
184 87
184 89
184 90
184 91
184 92
184 93
184 94
184 95
184 96
184 103
184 104
184 105
184 106
184 107
184 179
184 180
184 181
184 182
184 183
184 185
184 186
184 187
184 198
185 93
185 95
185 103
185 104
185 105
185 106
185 179
185 180
185 181
185 182
185 183
185 184
185 186
185 187
185 188
186 95
186 102
186 103
186 104
186 105
186 143
186 144
186 145
186 178
186 179
186 180
186 181
186 182
186 183
186 184
186 185
186 187
186 188
186 189
186 198
187 104
187 142
187 143
187 144
187 177
187 178
187 179
187 180
187 181
187 182
187 184
187 185
187 186
187 188
187 189
187 190
187 191
187 192
187 198
187 199
188 138
188 139
188 141
188 142
188 143
188 144
188 176
188 177
188 178
188 179
188 180
188 181
188 185
188 186
188 187
188 189
188 190
188 191
188 192
189 138
189 139
189 140
189 141
189 142
189 143
189 144
189 168
189 169
189 170
189 173
189 174
189 175
189 176
189 177
189 178
189 179
189 180
189 186
189 187
189 188
189 190
189 191
189 192
189 193
189 199
190 140
190 141
190 142
190 143
190 173
190 174
190 175
190 176
190 177
190 178
190 187
190 188
190 189
190 191
190 192
190 193
191 142
191 175
191 176
191 177
191 179
191 187
191 188
191 189
191 190
191 192
191 193
192 142
192 175
192 176
192 177
192 178
192 179
192 180
192 187
192 188
192 189
192 190
192 191
192 193
192 194
192 195
192 196
192 197
192 198
192 199
193 167
193 169
193 175
193 176
193 177
193 178
193 179
193 189
193 190
193 191
193 192
193 194
193 195
193 196
193 197
193 198
193 199
193 200
194 159
194 161
194 166
194 167
194 168
194 169
194 175
194 176
194 177
194 178
194 179
194 192
194 193
194 195
194 196
194 197
194 198
194 199
194 200
195 161
195 162
195 167
195 192
195 193
195 194
195 196
195 197
195 198
195 199
195 200
196 167
196 179
196 192
196 193
196 194
196 195
196 197
196 198
196 199
196 200
197 87
197 88
197 89
197 165
197 167
197 179
197 180
197 181
197 182
197 192
197 193
197 194
197 195
197 196
197 198
197 199
197 200
197 201
198 87
198 88
198 89
198 90
198 167
198 177
198 178
198 179
198 180
198 181
198 182
198 184
198 186
198 187
198 192
198 193
198 194
198 195
198 196
198 197
198 199
198 200
198 201
199 87
199 88
199 89
199 165
199 166
199 167
199 168
199 169
199 176
199 177
199 178
199 179
199 180
199 181
199 187
199 189
199 192
199 193
199 194
199 195
199 196
199 197
199 198
199 200
199 201
200 85
200 86
200 87
200 88
200 89
200 159
200 160
200 161
200 163
200 164
200 165
200 166
200 167
200 168
200 177
200 178
200 179
200 180
200 193
200 194
200 195
200 196
200 197
200 198
200 199
200 201
200 202
200 203
201 84
201 85
201 86
201 87
201 88
201 89
201 93
201 94
201 95
201 160
201 161
201 164
201 165
201 166
201 167
201 168
201 178
201 179
201 180
201 197
201 198
201 199
201 200
201 202
201 203
201 204
202 83
202 84
202 85
202 86
202 87
202 88
202 94
202 160
202 164
202 165
202 166
202 167
202 200
202 201
202 203
202 204
202 205
203 71
203 81
203 82
203 83
203 84
203 85
203 86
203 87
203 94
203 115
203 117
203 165
203 166
203 200
203 201
203 202
203 204
203 205
204 71
204 82
204 83
204 84
204 85
204 86
204 94
204 114
204 201
204 202
204 203
204 205
205 68
205 69
205 71
205 81
205 82
205 83
205 84
205 85
205 86
205 114
205 115
205 202
205 203
205 204
