0 1
0 2
1 0
1 2
1 3
1 4
2 0
2 1
2 3
2 4
2 5
3 1
3 2
3 4
3 5
3 6
4 1
4 2
4 3
4 5
4 6
4 7
5 2
5 3
5 4
5 6
5 7
5 8
6 3
6 4
6 5
6 7
6 8
6 9
7 4
7 5
7 6
7 8
7 9
7 10
8 5
8 6
8 7
8 9
8 10
8 11
9 6
9 7
9 8
9 10
9 11
9 12
10 7
10 8
10 9
10 11
10 12
10 13
11 8
11 9
11 10
11 12
11 13
11 14
12 9
12 10
12 11
12 13
12 14
12 15
13 10
13 11
13 12
13 14
13 15
13 16
14 11
14 12
14 13
14 15
14 16
14 17
15 12
15 13
15 14
15 16
15 17
15 18
16 13
16 14
16 15
16 17
16 18
16 19
17 14
17 15
17 16
17 18
17 19
17 20
18 15
18 16
18 17
18 19
18 20
18 21
18 22
19 16
19 17
19 18
19 20
19 21
19 22
20 17
20 18
20 19
20 21
20 22
20 23
21 18
21 19
21 20
21 22
21 23
21 24
21 25
21 26
22 18
22 19
22 20
22 21
22 23
22 24
22 25
22 26
22 27
23 20
23 21
23 22
23 24
23 25
23 26
23 27
23 28
24 21
24 22
24 23
24 25
24 26
24 27
24 28
24 29
24 31
25 21
25 22
25 23
25 24
25 26
25 27
25 28
25 29
25 30
25 31
26 21
26 22
26 23
26 24
26 25
26 27
26 28
26 29
26 30
26 31
27 22
27 23
27 24
27 25
27 26
27 28
27 29
27 30
27 31
27 32
28 23
28 24
28 25
28 26
28 27
28 29
28 30
28 31
28 32
28 33
28 78
28 80
29 24
29 25
29 26
29 27
29 28
29 30
29 31
29 32
29 33
29 78
30 25
30 26
30 27
30 28
30 29
30 31
30 32
30 33
30 75
30 76
30 77
30 78
30 79
30 80
31 24
31 25
31 26
31 27
31 28
31 29
31 30
31 32
31 33
31 34
31 35
31 75
31 78
31 79
31 80
31 81
32 27
32 28
32 29
32 30
32 31
32 33
32 34
32 35
32 36
32 78
32 79
32 80
32 81
33 28
33 29
33 30
33 31
33 32
33 34
33 35
33 36
33 80
34 31
34 32
34 33
34 35
34 36
34 37
34 79
34 80
34 81
35 31
35 32
35 33
35 34
35 36
35 37
35 38
35 61
35 78
35 79
35 80
35 81
35 82
36 32
36 33
36 34
36 35
36 37
36 38
36 39
36 61
36 74
36 77
36 78
36 79
36 80
36 81
36 125
37 34
37 35
37 36
37 38
37 39
37 40
37 60
37 61
37 62
37 79
37 80
37 81
37 100
37 124
37 125
37 126
38 35
38 36
38 37
38 39
38 40
38 41
38 59
38 60
38 61
38 62
38 63
38 74
38 79
38 81
38 99
38 100
38 101
38 123
38 124
38 125
38 126
39 36
39 37
39 38
39 40
39 41
39 42
39 60
39 61
39 62
39 63
39 98
39 99
39 100
39 101
39 120
39 121
39 122
39 123
39 124
39 125
39 126
40 37
40 38
40 39
40 41
40 42
40 43
40 44
40 61
40 62
40 63
40 97
40 98
40 99
40 100
40 101
40 112
40 117
40 118
40 120
40 121
40 122
40 123
40 124
40 125
40 126
41 38
41 39
41 40
41 42
41 43
41 44
41 45
41 59
41 60
41 61
41 62
41 63
41 64
41 65
41 67
41 68
41 97
41 98
41 99
41 100
41 121
41 122
41 123
41 124
41 125
42 39
42 40
42 41
42 43
42 44
42 45
42 46
42 62
42 67
42 68
42 97
42 98
42 99
42 100
42 112
42 117
42 118
42 121
42 122
42 123
43 40
43 41
43 42
43 44
43 45
43 46
43 97
43 98
43 99
43 100
43 111
43 112
43 113
43 114
43 117
43 118
43 119
43 120
43 121
43 122
44 40
44 41
44 42
44 43
44 45
44 46
44 47
44 95
44 96
44 97
44 98
44 99
44 108
44 110
44 111
44 112
44 113
44 118
45 41
45 42
45 43
45 44
45 46
45 47
45 48
45 67
45 68
45 94
45 95
45 96
45 97
45 98
45 99
45 100
45 107
45 108
45 109
45 110
45 112
46 42
46 43
46 44
46 45
46 47
46 48
46 67
46 68
46 94
46 95
46 96
46 97
46 98
46 107
46 108
47 44
47 45
47 46
47 48
47 49
47 50
47 68
47 93
47 94
47 95
47 96
47 97
47 107
47 108
48 45
48 46
48 47
48 49
48 50
48 51
48 68
48 92
48 93
48 94
48 95
48 96
49 47
49 48
49 50
49 51
49 52
49 88
49 90
49 91
49 92
49 93
49 94
49 95
50 47
50 48
50 49
50 51
50 52
50 53
50 54
50 55
50 56
50 87
50 88
50 89
50 90
50 91
50 92
50 93
50 94
50 95
51 48
51 49
51 50
51 52
51 53
51 54
51 55
51 56
51 87
51 88
51 89
51 90
51 91
51 92
51 93
52 49
52 50
52 51
52 53
52 54
52 55
52 87
52 88
52 89
52 90
52 91
52 92
53 50
53 51
53 52
53 54
53 55
53 56
53 86
53 87
53 88
53 89
53 90
53 91
54 50
54 51
54 52
54 53
54 55
54 56
54 86
54 87
54 88
54 89
54 90
54 91
55 50
55 51
55 52
55 53
55 54
55 56
55 57
55 58
55 85
55 86
55 87
55 88
55 89
56 50
56 51
56 53
56 54
56 55
56 57
56 58
56 59
56 69
56 70
56 83
56 84
56 85
56 86
56 87
56 88
56 106
57 55
57 56
57 58
57 59
57 60
57 68
57 69
57 70
57 71
57 82
57 83
57 84
57 85
57 86
57 87
57 106
58 55
58 56
58 57
58 59
58 60
58 61
58 62
58 64
58 67
58 68
58 69
58 70
58 71
58 82
58 83
58 84
58 85
58 86
58 96
58 97
58 98
58 100
58 105
58 106
58 107
59 38
59 41
59 56
59 57
59 58
59 60
59 61
59 62
59 63
59 64
59 65
59 66
59 67
59 68
59 69
59 70
59 71
59 72
59 73
59 74
59 81
59 82
59 83
59 84
59 85
59 96
59 97
59 98
59 100
59 105
59 106
60 37
60 38
60 39
60 41
60 57
60 58
60 59
60 61
60 62
60 63
60 64
60 68
60 69
60 70
60 74
60 81
60 82
60 83
60 84
60 97
60 98
60 99
60 100
60 101
60 105
60 106
61 35
61 36
61 37
61 38
61 39
61 40
61 41
61 58
61 59
61 60
61 62
61 63
61 64
61 70
61 72
61 73
61 74
61 75
61 79
61 80
61 81
61 82
61 83
61 84
61 98
61 99
61 100
61 125
62 37
62 38
62 39
62 40
62 41
62 42
62 58
62 59
62 60
62 61
62 63
62 64
62 65
62 67
62 68
62 69
62 70
62 73
62 74
62 97
62 98
62 99
62 100
62 101
62 122
62 123
62 124
62 125
63 38
63 39
63 40
63 41
63 59
63 60
63 61
63 62
63 64
63 65
63 66
63 67
63 68
63 70
63 71
63 72
63 73
63 74
63 77
63 79
63 98
63 123
63 124
64 41
64 58
64 59
64 60
64 61
64 62
64 63
64 65
64 66
64 67
64 68
64 69
64 70
64 71
64 72
64 73
64 74
64 98
65 41
65 59
65 62
65 63
65 64
65 66
65 67
65 68
65 69
65 70
65 71
65 72
65 73
66 59
66 63
66 64
66 65
66 67
66 68
66 69
66 70
66 71
66 72
66 73
67 41
67 42
67 45
67 46
67 58
67 59
67 62
67 63
67 64
67 65
67 66
67 68
67 69
67 70
67 71
67 96
67 97
67 98
68 41
68 42
68 45
68 46
68 47
68 48
68 57
68 58
68 59
68 60
68 62
68 63
68 64
68 65
68 66
68 67
68 69
68 70
68 71
68 95
68 96
68 97
68 98
68 99
68 100
68 106
68 107
69 56
69 57
69 58
69 59
69 60
69 62
69 64
69 65
69 66
69 67
69 68
69 70
69 71
69 72
69 83
69 84
69 85
69 96
69 97
69 98
69 106
70 56
70 57
70 58
70 59
70 60
70 61
70 62
70 63
70 64
70 65
70 66
70 67
70 68
70 69
70 71
70 72
70 73
70 74
70 82
70 83
70 84
70 85
71 57
71 58
71 59
71 63
71 64
71 65
71 66
71 67
71 68
71 69
71 70
71 72
71 73
71 74
71 75
71 76
71 83
72 59
72 61
72 63
72 64
72 65
72 66
72 69
72 70
72 71
72 73
72 74
72 75
72 76
72 77
72 82
72 83
73 59
73 61
73 62
73 63
73 64
73 65
73 66
73 70
73 71
73 72
73 74
73 75
73 76
73 77
73 78
73 79
73 81
74 36
74 38
74 59
74 60
74 61
74 62
74 63
74 64
74 70
74 71
74 72
74 73
74 75
74 76
74 77
74 78
74 79
74 80
74 81
74 82
74 83
75 30
75 31
75 61
75 71
75 72
75 73
75 74
75 76
75 77
75 78
75 79
75 80
75 81
75 82
75 83
76 30
76 71
76 72
76 73
76 74
76 75
76 77
76 78
76 79
77 30
77 36
77 63
77 72
77 73
77 74
77 75
77 76
77 78
77 79
77 80
77 81
78 28
78 29
78 30
78 31
78 32
78 35
78 36
78 73
78 74
78 75
78 76
78 77
78 79
78 80
78 81
79 30
79 31
79 32
79 34
79 35
79 36
79 37
79 38
79 61
79 63
79 73
79 74
79 75
79 76
79 77
79 78
79 80
79 81
79 82
80 28
80 30
80 31
80 32
80 33
80 34
80 35
80 36
80 37
80 61
80 74
80 75
80 77
80 78
80 79
80 81
80 82
81 31
81 32
81 34
81 35
81 36
81 37
81 38
81 59
81 60
81 61
81 73
81 74
81 75
81 77
81 78
81 79
81 80
81 82
81 83
81 84
82 35
82 57
82 58
82 59
82 60
82 61
82 70
82 72
82 74
82 75
82 79
82 80
82 81
82 83
82 84
82 85
83 56
83 57
83 58
83 59
83 60
83 61
83 69
83 70
83 71
83 72
83 74
83 75
83 81
83 82
83 84
83 85
83 86
83 106
84 56
84 57
84 58
84 59
84 60
84 61
84 69
84 70
84 81
84 82
84 83
84 85
84 86
84 105
84 106
85 55
85 56
85 57
85 58
85 59
85 69
85 70
85 82
85 83
85 84
85 86
85 87
85 106
86 53
86 54
86 55
86 56
86 57
86 58
86 83
86 84
86 85
86 87
86 88
86 89
86 106
87 50
87 51
87 52
87 53
87 54
87 55
87 56
87 57
87 85
87 86
87 88
87 89
87 90
88 49
88 50
88 51
88 52
88 53
88 54
88 55
88 56
88 86
88 87
88 89
88 90
88 91
88 92
89 50
89 51
89 52
89 53
89 54
89 55
89 86
89 87
89 88
89 90
89 91
89 92
90 49
90 50
90 51
90 52
90 53
90 54
90 87
90 88
90 89
90 91
90 92
90 93
91 49
91 50
91 51
91 52
91 53
91 54
91 88
91 89
91 90
91 92
91 93
91 94
92 48
92 49
92 50
92 51
92 52
92 88
92 89
92 90
92 91
92 93
92 94
93 47
93 48
93 49
93 50
93 51
93 90
93 91
93 92
93 94
93 95
93 96
94 45
94 46
94 47
94 48
94 49
94 50
94 91
94 92
94 93
94 95
94 96
94 97
94 106
94 107
94 108
95 44
95 45
95 46
95 47
95 48
95 49
95 50
95 68
95 93
95 94
95 96
95 97
95 98
95 106
95 107
95 108
95 109
95 110
96 44
96 45
96 46
96 47
96 48
96 58
96 59
96 67
96 68
96 69
96 93
96 94
96 95
96 97
96 98
96 99
96 100
96 102
96 104
96 105
96 106
96 107
96 108
96 109
97 40
97 41
97 42
97 43
97 44
97 45
97 46
97 47
97 58
97 59
97 60
97 62
97 67
97 68
97 69
97 94
97 95
97 96
97 98
97 99
97 100
97 101
97 102
97 103
97 104
97 105
97 106
97 107
97 108
97 109
97 110
97 111
97 112
98 39
98 40
98 41
98 42
98 43
98 44
98 45
98 46
98 58
98 59
98 60
98 61
98 62
98 63
98 64
98 67
98 68
98 69
98 95
98 96
98 97
98 99
98 100
98 101
98 102
98 106
98 107
98 108
98 112
99 38
99 39
99 40
99 41
99 42
99 43
99 44
99 45
99 60
99 61
99 62
99 68
99 96
99 97
99 98
99 100
99 101
99 102
99 108
99 111
99 112
99 113
99 117
99 118
99 120
99 122
99 123
99 125
99 126
100 37
100 38
100 39
100 40
100 41
100 42
100 43
100 45
100 58
100 59
100 60
100 61
100 62
100 68
100 96
100 97
100 98
100 99
100 101
100 102
100 103
100 105
100 106
100 107
100 108
100 111
100 112
100 117
100 125
100 126
101 38
101 39
101 40
101 60
101 62
101 97
101 98
101 99
101 100
101 102
101 103
101 104
101 105
101 108
101 109
101 110
101 111
101 112
101 114
101 116
101 117
101 125
101 126
102 96
102 97
102 98
102 99
102 100
102 101
102 103
102 104
102 105
102 106
102 107
102 108
102 109
102 110
102 111
102 112
103 97
103 100
103 101
103 102
103 104
103 105
103 106
103 107
103 108
103 109
103 110
103 111
104 96
104 97
104 101
104 102
104 103
104 105
104 106
104 107
104 108
104 109
104 110
104 111
105 58
105 59
105 60
105 84
105 96
105 97
105 100
105 101
105 102
105 103
105 104
105 106
105 107
105 108
105 109
106 56
106 57
106 58
106 59
106 60
106 68
106 69
106 83
106 84
106 85
106 86
106 94
106 95
106 96
106 97
106 98
106 100
106 102
106 103
106 104
106 105
106 107
106 108
106 109
107 45
107 46
107 47
107 58
107 68
107 94
107 95
107 96
107 97
107 98
107 100
107 102
107 103
107 104
107 105
107 106
107 108
107 109
107 110
108 44
108 45
108 46
108 47
108 94
108 95
108 96
108 97
108 98
108 99
108 100
108 101
108 102
108 103
108 104
108 105
108 106
108 107
108 109
108 110
108 111
108 112
109 45
109 95
109 96
109 97
109 101
109 102
109 103
109 104
109 105
109 106
109 107
109 108
109 110
109 111
109 112
109 113
110 44
110 45
110 95
110 97
110 101
110 102
110 103
110 104
110 107
110 108
110 109
110 111
110 112
110 113
110 114
111 43
111 44
111 97
111 99
111 100
111 101
111 102
111 103
111 104
111 108
111 109
111 110
111 112
111 113
111 114
111 115
111 116
111 117
111 118
112 40
112 42
112 43
112 44
112 45
112 97
112 98
112 99
112 100
112 101
112 102
112 108
112 109
112 110
112 111
112 113
112 114
112 115
112 116
112 117
112 118
113 43
113 44
113 99
113 109
113 110
113 111
113 112
113 114
113 115
113 116
113 117
113 118
114 43
114 101
114 110
114 111
114 112
114 113
114 115
114 116
114 117
114 118
114 119
115 111
115 112
115 113
115 114
115 116
115 117
115 118
115 119
115 120
116 101
116 111
116 112
116 113
116 114
116 115
116 117
116 118
116 119
116 120
116 126
117 40
117 42
117 43
117 99
117 100
117 101
117 111
117 112
117 113
117 114
117 115
117 116
117 118
117 119
117 120
117 121
117 122
117 125
117 126
118 40
118 42
118 43
118 44
118 99
118 111
118 112
118 113
118 114
118 115
118 116
118 117
118 119
118 120
118 121
118 122
118 126
119 43
119 114
119 115
119 116
119 117
119 118
119 120
119 121
119 122
119 126
120 39
120 40
120 43
120 99
120 115
120 116
120 117
120 118
120 119
120 121
120 122
120 123
120 124
120 125
120 126
121 39
121 40
121 41
121 42
121 43
121 117
121 118
121 119
121 120
121 122
121 123
121 124
121 125
121 126
122 39
122 40
122 41
122 42
122 43
122 62
122 99
122 117
122 118
122 119
122 120
122 121
122 123
122 124
122 125
122 126
123 38
123 39
123 40
123 41
123 42
123 62
123 63
123 99
123 120
123 121
123 122
123 124
123 125
123 126
124 37
124 38
124 39
124 40
124 41
124 62
124 63
124 120
124 121
124 122
124 123
124 125
124 126
125 36
125 37
125 38
125 39
125 40
125 41
125 61
125 62
125 99
125 100
125 101
125 117
125 120
125 121
125 122
125 123
125 124
125 126
126 37
126 38
126 39
126 40
126 99
126 100
126 101
126 116
126 117
126 118
126 119
126 120
126 121
126 122
126 123
126 124
126 125
