0 1
0 2
0 3
1 0
1 2
1 3
2 0
2 1
2 3
2 4
2 5
3 0
3 1
3 2
3 4
3 5
3 6
4 2
4 3
4 5
4 6
5 2
5 3
5 4
5 6
5 7
5 8
6 3
6 4
6 5
6 7
6 8
6 9
7 5
7 6
7 8
7 9
7 10
8 5
8 6
8 7
8 9
8 10
8 11
9 6
9 7
9 8
9 10
9 11
9 12
10 7
10 8
10 9
10 11
10 12
10 13
11 8
11 9
11 10
11 12
11 13
11 14
12 9
12 10
12 11
12 13
12 14
12 15
13 10
13 11
13 12
13 14
13 15
13 16
14 11
14 12
14 13
14 15
14 16
14 17
15 12
15 13
15 14
15 16
15 17
15 18
16 13
16 14
16 15
16 17
16 18
16 19
17 14
17 15
17 16
17 18
17 19
17 20
18 15
18 16
18 17
18 19
18 20
18 21
19 16
19 17
19 18
19 20
19 21
19 22
20 17
20 18
20 19
20 21
20 22
20 23
21 18
21 19
21 20
21 22
21 23
21 24
22 19
22 20
22 21
22 23
22 24
22 25
23 20
23 21
23 22
23 24
23 25
23 26
24 21
24 22
24 23
24 25
24 26
24 27
25 22
25 23
25 24
25 26
25 27
25 28
26 23
26 24
26 25
26 27
26 28
27 24
27 25
27 26
27 28
27 29
27 30
28 25
28 26
28 27
28 29
28 30
29 27
29 28
29 30
29 31
30 27
30 28
30 29
30 31
30 32
30 33
31 29
31 30
31 32
31 33
32 30
32 31
32 33
32 34
33 30
33 31
33 32
33 34
33 35
33 36
34 32
34 33
34 35
34 36
34 37
35 33
35 34
35 36
35 37
35 38
36 33
36 34
36 35
36 37
36 38
36 39
36 40
37 34
37 35
37 36
37 38
37 39
37 40
38 35
38 36
38 37
38 39
38 40
38 41
38 42
39 36
39 37
39 38
39 40
39 41
39 42
39 43
40 36
40 37
40 38
40 39
40 41
40 42
40 43
40 44
40 45
41 38
41 39
41 40
41 42
41 43
41 44
41 45
41 46
42 38
42 39
42 40
42 41
42 43
42 44
42 45
42 46
42 47
43 39
43 40
43 41
43 42
43 44
43 45
43 46
43 47
43 48
44 40
44 41
44 42
44 43
44 45
44 46
44 47
44 48
44 49
45 40
45 41
45 42
45 43
45 44
45 46
45 47
45 48
45 49
45 50
46 41
46 42
46 43
46 44
46 45
46 47
46 48
46 49
46 50
46 51
46 52
47 42
47 43
47 44
47 45
47 46
47 48
47 49
47 50
47 51
47 52
47 53
48 43
48 44
48 45
48 46
48 47
48 49
48 50
48 51
48 52
48 53
48 54
49 44
49 45
49 46
49 47
49 48
49 50
49 51
49 52
49 53
49 54
49 55
50 45
50 46
50 47
50 48
50 49
50 51
50 52
50 53
50 54
50 55
50 56
51 46
51 47
51 48
51 49
51 50
51 52
51 53
51 54
51 55
51 56
52 46
52 47
52 48
52 49
52 50
52 51
52 53
52 54
52 55
52 56
52 57
53 47
53 48
53 49
53 50
53 51
53 52
53 54
53 55
53 56
53 57
53 58
54 48
54 49
54 50
54 51
54 52
54 53
54 55
54 56
54 57
54 58
55 49
55 50
55 51
55 52
55 53
55 54
55 56
55 57
55 58
56 50
56 51
56 52
56 53
56 54
56 55
56 57
56 58
56 59
57 52
57 53
57 54
57 55
57 56
57 58
57 59
57 60
58 53
58 54
58 55
58 56
58 57
58 59
58 60
58 61
59 56
59 57
59 58
59 60
59 61
59 62
60 57
60 58
60 59
60 61
60 62
60 63
60 64
61 58
61 59
61 60
61 62
61 63
61 64
62 59
62 60
62 61
62 63
62 64
62 65
62 66
63 60
63 61
63 62
63 64
63 65
63 66
63 67
64 60
64 61
64 62
64 63
64 65
64 66
64 67
64 68
65 62
65 63
65 64
65 66
65 67
65 68
65 69
66 62
66 63
66 64
66 65
66 67
66 68
66 69
67 63
67 64
67 65
67 66
67 68
67 69
67 70
68 64
68 65
68 66
68 67
68 69
68 70
68 71
69 65
69 66
69 67
69 68
69 70
69 71
69 72
69 73
69 74
70 67
70 68
70 69
70 71
70 72
70 73
70 74
71 68
71 69
71 70
71 72
71 73
71 74
71 75
72 69
72 70
72 71
72 73
72 74
72 75
72 76
73 69
73 70
73 71
73 72
73 74
73 75
73 76
73 77
73 99
74 69
74 70
74 71
74 72
74 73
74 75
74 76
74 77
75 71
75 72
75 73
75 74
75 76
75 77
75 78
76 72
76 73
76 74
76 75
76 77
76 78
76 79
77 73
77 74
77 75
77 76
77 78
77 79
77 80
78 75
78 76
78 77
78 79
78 80
78 81
79 76
79 77
79 78
79 80
79 81
79 82
80 77
80 78
80 79
80 81
80 82
80 83
81 78
81 79
81 80
81 82
81 83
81 84
82 79
82 80
82 81
82 83
82 84
82 85
82 88
83 80
83 81
83 82
83 84
83 85
83 86
83 87
83 88
84 81
84 82
84 83
84 85
84 86
84 87
84 88
85 82
85 83
85 84
85 86
85 87
85 88
85 89
86 83
86 84
86 85
86 87
86 88
86 89
86 90
86 91
86 178
86 179
87 83
87 84
87 85
87 86
87 88
87 89
87 90
87 91
87 92
88 82
88 83
88 84
88 85
88 86
88 87
88 89
88 90
88 91
88 92
88 93
88 146
88 147
89 85
89 86
89 87
89 88
89 90
89 91
89 92
89 93
89 94
89 144
89 145
89 146
89 147
89 178
90 86
90 87
90 88
90 89
90 91
90 92
90 93
90 94
90 95
91 86
91 87
91 88
91 89
91 90
91 92
91 93
91 94
91 95
91 96
92 87
92 88
92 89
92 90
92 91
92 93
92 94
92 95
92 96
92 97
92 98
92 145
92 146
92 147
93 88
93 89
93 90
93 91
93 92
93 94
93 95
93 96
93 97
93 144
93 145
94 89
94 90
94 91
94 92
94 93
94 95
94 96
94 97
95 90
95 91
95 92
95 93
95 94
95 96
95 97
95 98
96 91
96 92
96 93
96 94
96 95
96 97
96 98
96 131
96 132
96 133
96 136
97 92
97 93
97 94
97 95
97 96
97 98
97 99
97 129
97 130
97 131
97 132
97 133
98 92
98 95
98 96
98 97
98 99
98 100
98 122
98 128
98 129
98 130
98 131
98 132
98 133
99 73
99 97
99 98
99 100
99 101
99 102
99 122
99 123
99 124
99 125
99 127
99 128
99 129
99 130
99 131
99 132
100 98
100 99
100 101
100 102
100 103
100 105
100 124
100 125
100 127
100 128
100 129
100 130
100 131
101 99
101 100
101 102
101 103
101 104
101 105
101 124
101 125
101 126
101 127
101 128
101 129
101 130
102 99
102 100
102 101
102 103
102 104
102 105
102 124
102 125
102 126
102 127
102 128
102 129
102 195
102 197
103 100
103 101
103 102
103 104
103 105
103 106
103 124
103 125
103 126
103 127
103 128
103 129
104 101
104 102
104 103
104 105
104 106
104 128
104 195
104 196
104 197
104 198
105 100
105 101
105 102
105 103
105 104
105 106
105 107
105 108
105 124
105 128
105 129
105 193
105 194
105 195
105 196
106 103
106 104
106 105
106 107
106 108
106 109
106 111
106 193
106 194
106 195
107 105
107 106
107 108
107 109
107 110
107 111
107 112
107 122
107 191
107 192
107 193
107 194
108 105
108 106
108 107
108 109
108 110
108 111
108 112
108 113
108 191
108 192
108 193
108 194
109 106
109 107
109 108
109 110
109 111
109 112
109 113
109 114
109 115
109 191
110 107
110 108
110 109
110 111
110 112
110 113
110 114
110 115
110 116
110 189
110 190
110 191
110 192
111 106
111 107
111 108
111 109
111 110
111 112
111 113
111 114
111 115
111 116
111 117
111 118
111 120
111 121
111 122
111 164
111 189
111 190
111 191
111 192
111 193
112 107
112 108
112 109
112 110
112 111
112 113
112 114
112 115
112 116
112 117
112 118
112 119
112 120
112 121
112 122
112 191
113 108
113 109
113 110
113 111
113 112
113 114
113 115
113 116
113 117
113 118
113 119
113 120
113 191
114 109
114 110
114 111
114 112
114 113
114 115
114 116
114 117
114 118
114 119
114 120
114 121
114 189
114 190
114 191
115 109
115 110
115 111
115 112
115 113
115 114
115 116
115 117
115 118
115 119
115 120
115 121
115 122
115 131
115 132
115 133
116 110
116 111
116 112
116 113
116 114
116 115
116 117
116 118
116 119
116 120
116 121
117 111
117 112
117 113
117 114
117 115
117 116
117 118
117 119
117 120
118 111
118 112
118 113
118 114
118 115
118 116
118 117
118 119
118 120
118 121
118 133
118 134
118 135
118 138
119 112
119 113
119 114
119 115
119 116
119 117
119 118
119 120
119 121
119 122
119 132
119 133
119 134
119 135
119 136
119 138
120 111
120 112
120 113
120 114
120 115
120 116
120 117
120 118
120 119
120 121
120 122
120 123
120 131
120 132
120 133
120 134
120 135
121 111
121 112
121 114
121 115
121 116
121 118
121 119
121 120
121 122
121 123
121 124
121 129
121 130
121 131
121 132
121 133
121 134
121 135
122 98
122 99
122 107
122 111
122 112
122 115
122 119
122 120
122 121
122 123
122 124
122 125
122 128
122 129
122 130
122 131
122 132
122 133
123 99
123 120
123 121
123 122
123 124
123 125
123 128
123 129
123 130
123 131
123 132
124 99
124 100
124 101
124 102
124 103
124 105
124 121
124 122
124 123
124 125
124 126
124 127
124 128
124 129
124 130
124 131
125 99
125 100
125 101
125 102
125 103
125 122
125 123
125 124
125 126
125 127
125 128
125 129
125 130
126 101
126 102
126 103
126 124
126 125
126 127
126 128
126 129
127 99
127 100
127 101
127 102
127 103
127 124
127 125
127 126
127 128
127 129
127 130
128 98
128 99
128 100
128 101
128 102
128 103
128 104
128 105
128 122
128 123
128 124
128 125
128 126
128 127
128 129
128 130
129 97
129 98
129 99
129 100
129 101
129 102
129 103
129 105
129 121
129 122
129 123
129 124
129 125
129 126
129 127
129 128
129 130
129 131
129 132
130 97
130 98
130 99
130 100
130 101
130 121
130 122
130 123
130 124
130 125
130 127
130 128
130 129
130 131
130 132
130 133
131 96
131 97
131 98
131 99
131 100
131 115
131 120
131 121
131 122
131 123
131 124
131 129
131 130
131 132
131 133
131 134
132 96
132 97
132 98
132 99
132 115
132 119
132 120
132 121
132 122
132 123
132 129
132 130
132 131
132 133
132 134
132 135
133 96
133 97
133 98
133 115
133 118
133 119
133 120
133 121
133 122
133 130
133 131
133 132
133 134
133 135
133 136
133 137
133 138
134 118
134 119
134 120
134 121
134 131
134 132
134 133
134 135
134 136
134 137
135 118
135 119
135 120
135 121
135 132
135 133
135 134
135 136
135 137
135 138
135 139
136 96
136 119
136 133
136 134
136 135
136 137
136 138
136 139
136 140
137 133
137 134
137 135
137 136
137 138
137 139
137 140
138 118
138 119
138 133
138 135
138 136
138 137
138 139
138 140
138 141
138 142
138 143
139 135
139 136
139 137
139 138
139 140
139 141
139 142
139 143
139 144
139 145
139 168
140 136
140 137
140 138
140 139
140 141
140 142
140 143
140 144
140 168
140 169
141 138
141 139
141 140
141 142
141 143
141 144
141 168
141 169
142 138
142 139
142 140
142 141
142 143
142 144
142 167
142 168
142 169
142 170
142 171
142 173
142 174
142 176
142 185
143 138
143 139
143 140
143 141
143 142
143 144
143 145
143 146
143 166
143 167
143 168
143 169
143 170
143 185
143 186
143 187
143 188
144 89
144 93
144 139
144 140
144 141
144 142
144 143
144 145
144 146
144 165
144 166
144 167
144 168
144 169
144 178
144 179
144 180
144 185
144 187
144 188
145 89
145 92
145 93
145 139
145 143
145 144
145 146
145 147
145 164
145 165
145 166
145 167
145 168
145 180
145 187
145 189
145 190
146 88
146 89
146 92
146 143
146 144
146 145
146 147
146 148
146 149
146 163
146 164
146 165
146 166
146 167
146 178
146 179
146 180
146 190
147 88
147 89
147 92
147 145
147 146
147 148
147 149
147 150
147 162
147 163
147 164
147 165
147 166
147 180
147 190
147 191
147 192
148 146
148 147
148 149
148 150
148 151
148 161
148 162
148 163
148 164
148 165
148 180
148 192
149 146
149 147
149 148
149 150
149 151
149 152
149 160
149 161
149 162
149 163
149 164
149 192
149 193
149 194
150 147
150 148
150 149
150 151
150 152
150 153
150 159
150 160
150 161
150 162
150 163
150 192
150 193
150 194
151 148
151 149
151 150
151 152
151 153
151 154
151 158
151 159
151 160
151 161
151 162
151 194
151 195
152 149
152 150
152 151
152 153
152 154
152 155
152 157
152 158
152 159
152 160
152 161
153 150
153 151
153 152
153 154
153 155
153 156
153 157
153 158
153 159
153 160
154 151
154 152
154 153
154 155
154 156
154 157
154 158
154 159
155 152
155 153
155 154
155 156
155 157
155 158
155 159
156 153
156 154
156 155
156 157
156 158
156 159
157 152
157 153
157 154
157 155
157 156
157 158
157 159
157 160
157 196
157 197
157 198
157 199
158 151
158 152
158 153
158 154
158 155
158 156
158 157
158 159
158 160
158 161
158 195
158 196
158 197
158 198
158 199
159 150
159 151
159 152
159 153
159 154
159 155
159 156
159 157
159 158
159 160
159 161
159 162
159 194
159 195
159 196
159 197
159 198
160 149
160 150
160 151
160 152
160 153
160 157
160 158
160 159
160 161
160 162
160 163
160 193
160 194
160 195
160 196
160 197
161 148
161 149
161 150
161 151
161 152
161 158
161 159
161 160
161 162
161 163
161 164
161 192
161 193
161 194
161 195
161 196
162 147
162 148
162 149
162 150
162 151
162 159
162 160
162 161
162 163
162 164
162 165
162 191
162 192
162 193
162 194
162 195
163 146
163 147
163 148
163 149
163 150
163 160
163 161
163 162
163 164
163 165
163 190
163 191
163 192
163 193
163 194
164 111
164 145
164 146
164 147
164 148
164 149
164 161
164 162
164 163
164 165
164 166
164 189
164 190
164 191
164 192
164 193
165 144
165 145
165 146
165 147
165 148
165 162
165 163
165 164
165 166
165 167
165 180
165 187
165 188
165 189
165 190
165 191
165 192
166 143
166 144
166 145
166 146
166 147
166 164
166 165
166 167
166 168
166 180
166 185
166 186
166 187
166 188
166 189
166 190
166 191
167 142
167 143
167 144
167 145
167 146
167 165
167 166
167 168
167 169
167 170
167 180
167 181
167 184
167 185
167 186
167 187
167 188
167 189
167 190
168 139
168 140
168 141
168 142
168 143
168 144
168 145
168 166
168 167
168 169
168 170
168 171
168 184
168 185
168 186
168 187
168 188
168 189
169 140
169 141
169 142
169 143
169 144
169 167
169 168
169 170
169 171
169 172
169 173
169 174
169 175
169 176
169 182
169 183
169 184
169 185
169 186
169 187
169 188
170 142
170 143
170 167
170 168
170 169
170 171
170 172
170 173
170 174
170 183
170 184
170 185
170 186
171 142
171 168
171 169
171 170
171 172
171 173
171 174
171 184
171 185
172 169
172 170
172 171
172 173
172 174
172 175
172 184
173 142
173 169
173 170
173 171
173 172
173 174
173 175
173 176
173 182
173 183
173 184
173 185
174 142
174 169
174 170
174 171
174 172
174 173
174 175
174 176
174 177
174 184
175 169
175 172
175 173
175 174
175 176
175 177
175 178
175 182
175 184
176 142
176 169
176 173
176 174
176 175
176 177
176 178
176 179
176 182
177 174
177 175
177 176
177 178
177 179
177 180
177 181
177 182
178 86
178 89
178 144
178 146
178 175
178 176
178 177
178 179
178 180
178 181
178 182
179 86
179 144
179 146
179 176
179 177
179 178
179 180
179 181
179 182
179 185
180 144
180 145
180 146
180 147
180 148
180 165
180 166
180 167
180 177
180 178
180 179
180 181
180 182
180 183
180 185
180 186
180 187
181 167
181 177
181 178
181 179
181 180
181 182
181 183
181 184
181 185
181 186
181 187
182 169
182 173
182 175
182 176
182 177
182 178
182 179
182 180
182 181
182 183
182 184
182 185
182 186
183 169
183 170
183 173
183 180
183 181
183 182
183 184
183 185
183 186
184 167
184 168
184 169
184 170
184 171
184 172
184 173
184 174
184 175
184 181
184 182
184 183
184 185
184 186
184 187
185 142
185 143
185 144
185 166
185 167
185 168
185 169
185 170
185 171
185 173
185 179
185 180
185 181
185 182
185 183
185 184
185 186
185 187
185 188
186 143
186 166
186 167
186 168
186 169
186 170
186 180
186 181
186 182
186 183
186 184
186 185
186 187
186 188
186 189
187 143
187 144
187 145
187 165
187 166
187 167
187 168
187 169
187 180
187 181
187 184
187 185
187 186
187 188
187 189
187 190
188 143
188 144
188 165
188 166
188 167
188 168
188 169
188 185
188 186
188 187
188 189
188 190
189 110
189 111
189 114
189 145
189 164
189 165
189 166
189 167
189 168
189 186
189 187
189 188
189 190
189 191
190 110
190 111
190 114
190 145
190 146
190 147
190 163
190 164
190 165
190 166
190 167
190 187
190 188
190 189
190 191
190 192
191 107
191 108
191 109
191 110
191 111
191 112
191 113
191 114
191 147
191 162
191 163
191 164
191 165
191 166
191 189
191 190
191 192
191 193
192 107
192 108
192 110
192 111
192 147
192 148
192 149
192 150
192 161
192 162
192 163
192 164
192 165
192 190
192 191
192 193
192 194
193 105
193 106
193 107
193 108
193 111
193 149
193 150
193 160
193 161
193 162
193 163
193 164
193 191
193 192
193 194
193 195
193 196
194 105
194 106
194 107
194 108
194 149
194 150
194 151
194 159
194 160
194 161
194 162
194 163
194 192
194 193
194 195
194 196
194 197
195 102
195 104
195 105
195 106
195 151
195 158
195 159
195 160
195 161
195 162
195 193
195 194
195 196
195 197
195 198
196 104
196 105
196 157
196 158
196 159
196 160
196 161
196 193
196 194
196 195
196 197
196 198
196 199
197 102
197 104
197 157
197 158
197 159
197 160
197 194
197 195
197 196
197 198
197 199
198 104
198 157
198 158
198 159
198 195
198 196
198 197
198 199
199 157
199 158
199 196
199 197
199 198
