0 1
0 2
1 0
1 2
1 3
1 4
2 0
2 1
2 3
2 4
2 5
3 1
3 2
3 4
3 5
3 6
4 1
4 2
4 3
4 5
4 6
5 2
5 3
5 4
5 6
5 7
6 3
6 4
6 5
6 7
6 8
6 9
7 5
7 6
7 8
7 9
8 6
8 7
8 9
8 10
8 11
9 6
9 7
9 8
9 10
9 11
10 8
10 9
10 11
10 12
11 8
11 9
11 10
11 12
11 13
12 10
12 11
12 13
12 14
13 11
13 12
13 14
13 15
14 12
14 13
14 15
14 16
15 13
15 14
15 16
15 17
16 14
16 15
16 17
16 18
17 15
17 16
17 18
17 19
18 16
18 17
18 19
18 20
18 21
19 17
19 18
19 20
19 21
19 22
20 18
20 19
20 21
20 22
20 23
21 18
21 19
21 20
21 22
21 23
21 24
22 19
22 20
22 21
22 23
22 24
22 25
23 20
23 21
23 22
23 24
23 25
23 26
24 21
24 22
24 23
24 25
24 26
24 27
25 22
25 23
25 24
25 26
25 27
25 28
26 23
26 24
26 25
26 27
26 28
26 29
27 24
27 25
27 26
27 28
27 29
27 30
28 25
28 26
28 27
28 29
28 30
28 31
29 26
29 27
29 28
29 30
29 31
29 32
30 27
30 28
30 29
30 31
30 32
30 33
31 28
31 29
31 30
31 32
31 33
31 34
32 29
32 30
32 31
32 33
32 34
32 35
33 30
33 31
33 32
33 34
33 35
33 36
34 31
34 32
34 33
34 35
34 36
34 37
35 32
35 33
35 34
35 36
35 37
35 38
36 33
36 34
36 35
36 37
36 38
36 39
37 34
37 35
37 36
37 38
37 39
38 35
38 36
38 37
38 39
38 40
38 41
39 36
39 37
39 38
39 40
39 41
39 42
40 38
40 39
40 41
40 42
41 38
41 39
41 40
41 42
41 43
42 39
42 40
42 41
42 43
42 44
43 41
43 42
43 44
43 45
43 46
44 42
44 43
44 45
44 46
44 47
44 48
45 43
45 44
45 46
45 47
45 48
46 43
46 44
46 45
46 47
46 48
46 49
46 385
47 44
47 45
47 46
47 48
47 49
47 50
47 384
47 385
47 386
47 387
47 388
48 44
48 45
48 46
48 47
48 49
48 50
48 51
48 388
49 46
49 47
49 48
49 50
49 51
49 52
49 53
49 56
49 57
49 60
49 388
50 47
50 48
50 49
50 51
50 52
50 53
50 54
50 56
50 57
51 48
51 49
51 50
51 52
51 53
51 54
51 55
51 56
51 57
52 49
52 50
52 51
52 53
52 54
52 55
52 56
52 57
52 235
53 49
53 50
53 51
53 52
53 54
53 55
53 56
53 57
53 58
53 235
53 236
54 50
54 51
54 52
54 53
54 55
54 56
54 57
54 58
54 59
54 60
54 132
54 235
54 236
54 237
54 238
55 51
55 52
55 53
55 54
55 56
55 57
55 58
55 59
55 60
55 98
55 99
55 100
55 132
55 235
55 236
55 237
55 238
55 239
55 240
55 454
55 455
56 49
56 50
56 51
56 52
56 53
56 54
56 55
56 57
56 58
56 59
56 60
56 61
56 62
56 98
56 454
56 455
56 456
57 49
57 50
57 51
57 52
57 53
57 54
57 55
57 56
57 58
57 59
57 60
57 61
57 62
57 63
58 53
58 54
58 55
58 56
58 57
58 59
58 60
58 61
58 62
58 63
58 98
58 240
59 54
59 55
59 56
59 57
59 58
59 60
59 61
59 62
59 63
59 64
59 65
59 96
59 97
59 98
59 240
59 447
59 455
59 456
59 457
60 49
60 54
60 55
60 56
60 57
60 58
60 59
60 61
60 62
60 63
60 64
60 65
60 66
60 388
60 389
60 447
60 455
60 457
61 56
61 57
61 58
61 59
61 60
61 62
61 63
61 64
61 65
61 66
61 67
62 56
62 57
62 58
62 59
62 60
62 61
62 63
62 64
62 65
62 66
62 67
62 90
62 96
62 447
62 457
63 57
63 58
63 59
63 60
63 61
63 62
63 64
63 65
63 66
63 67
63 68
63 69
63 96
63 389
63 390
63 445
63 446
63 447
63 456
63 457
63 458
63 459
64 59
64 60
64 61
64 62
64 63
64 65
64 66
64 67
64 68
64 69
64 70
64 389
64 445
64 447
65 59
65 60
65 61
65 62
65 63
65 64
65 66
65 67
65 68
65 69
65 70
65 90
66 60
66 61
66 62
66 63
66 64
66 65
66 67
66 68
66 69
66 70
66 71
66 90
66 94
66 444
66 445
66 446
66 457
66 458
66 459
67 61
67 62
67 63
67 64
67 65
67 66
67 68
67 69
67 70
67 71
67 72
67 390
67 443
67 444
67 445
67 446
67 459
68 63
68 64
68 65
68 66
68 67
68 69
68 70
68 71
68 72
68 73
68 445
69 63
69 64
69 65
69 66
69 67
69 68
69 70
69 71
69 72
69 73
69 74
69 90
69 445
70 64
70 65
70 66
70 67
70 68
70 69
70 71
70 72
70 73
70 74
70 442
70 443
70 444
70 445
70 459
71 66
71 67
71 68
71 69
71 70
71 72
71 73
71 74
71 75
71 444
72 67
72 68
72 69
72 70
72 71
72 73
72 74
72 75
72 76
72 77
73 68
73 69
73 70
73 71
73 72
73 74
73 75
73 76
73 77
73 442
74 69
74 70
74 71
74 72
74 73
74 75
74 76
74 77
74 442
74 466
75 71
75 72
75 73
75 74
75 76
75 77
75 78
75 466
76 72
76 73
76 74
76 75
76 77
76 78
76 79
77 72
77 73
77 74
77 75
77 76
77 78
77 79
77 80
78 75
78 76
78 77
78 79
78 80
78 81
79 76
79 77
79 78
79 80
79 81
80 77
80 78
80 79
80 81
80 82
80 83
81 78
81 79
81 80
81 82
81 83
81 84
82 80
82 81
82 83
82 84
82 85
83 80
83 81
83 82
83 84
83 85
83 86
84 81
84 82
84 83
84 85
84 86
84 87
85 82
85 83
85 84
85 86
85 87
85 88
86 83
86 84
86 85
86 87
86 88
86 89
87 84
87 85
87 86
87 88
87 89
87 90
88 85
88 86
88 87
88 89
88 90
88 91
89 86
89 87
89 88
89 90
89 91
89 92
89 93
90 62
90 65
90 66
90 69
90 87
90 88
90 89
90 91
90 92
90 93
90 94
90 242
91 88
91 89
91 90
91 92
91 93
91 94
91 127
91 128
91 242
91 243
91 244
92 89
92 90
92 91
92 93
92 94
92 95
92 127
92 128
92 242
92 243
92 244
93 89
93 90
93 91
93 92
93 94
93 95
93 96
93 124
93 125
93 126
93 127
93 128
93 241
93 242
93 243
93 244
93 245
93 458
93 459
94 66
94 90
94 91
94 92
94 93
94 95
94 96
94 124
94 242
94 243
94 244
94 245
94 246
94 248
94 445
94 457
94 458
94 459
94 460
94 461
95 92
95 93
95 94
95 96
95 97
95 124
95 125
95 126
95 127
95 241
95 242
95 243
95 244
95 245
95 248
95 445
95 446
95 447
95 456
95 457
95 458
95 459
95 460
96 59
96 62
96 63
96 93
96 94
96 95
96 97
96 98
96 124
96 126
96 127
96 128
96 129
96 240
96 241
96 242
96 243
96 244
96 245
96 447
96 455
96 456
96 457
96 458
96 459
97 59
97 95
97 96
97 98
97 99
97 117
97 119
97 120
97 129
97 239
97 240
97 241
97 242
97 243
97 447
97 448
97 449
97 450
97 454
97 455
97 456
97 457
97 458
98 55
98 56
98 58
98 59
98 96
98 97
98 99
98 100
98 117
98 129
98 130
98 238
98 239
98 240
98 241
98 242
98 449
98 450
98 453
98 454
98 455
98 456
98 457
99 55
99 97
99 98
99 100
99 101
99 102
99 114
99 115
99 116
99 117
99 119
99 131
99 237
99 238
99 239
99 240
99 241
99 452
99 453
99 454
99 455
99 456
100 55
100 98
100 99
100 101
100 102
100 103
100 113
100 114
100 115
100 116
100 117
100 236
100 237
100 238
100 239
100 240
100 452
100 453
100 454
100 455
101 99
101 100
101 102
101 103
101 104
101 112
101 113
101 114
101 115
101 116
101 216
101 217
101 218
101 236
101 237
101 238
101 239
102 99
102 100
102 101
102 103
102 104
102 105
102 112
102 113
102 114
102 115
102 116
102 217
102 236
102 237
102 238
103 100
103 101
103 102
103 104
103 105
103 106
103 112
103 113
103 114
103 115
103 236
104 101
104 102
104 103
104 105
104 106
104 107
104 108
104 109
104 110
104 111
104 112
104 113
104 114
105 102
105 103
105 104
105 106
105 107
105 108
105 109
105 110
106 103
106 104
106 105
106 107
106 108
106 109
107 104
107 105
107 106
107 108
107 109
107 110
107 112
108 104
108 105
108 106
108 107
108 109
108 110
108 111
108 112
109 104
109 105
109 106
109 107
109 108
109 110
109 111
109 112
109 113
109 114
109 217
109 219
110 104
110 105
110 107
110 108
110 109
110 111
110 112
110 113
110 219
111 104
111 108
111 109
111 110
111 112
111 113
111 114
111 217
111 218
111 219
111 220
111 221
111 226
111 227
111 229
112 101
112 102
112 103
112 104
112 107
112 108
112 109
112 110
112 111
112 113
112 114
112 115
112 165
112 166
112 167
112 216
112 217
112 218
112 219
112 220
112 221
113 100
113 101
113 102
113 103
113 104
113 109
113 110
113 111
113 112
113 114
113 115
113 166
113 167
113 216
113 217
113 218
113 219
113 220
113 236
113 237
113 238
114 99
114 100
114 101
114 102
114 103
114 104
114 109
114 111
114 112
114 113
114 115
114 116
114 117
114 166
114 167
114 168
114 169
114 215
114 216
114 217
114 218
114 219
114 237
114 238
115 99
115 100
115 101
115 102
115 103
115 112
115 113
115 114
115 116
115 117
115 118
115 168
115 169
115 214
115 215
115 216
115 217
115 218
115 237
115 238
115 239
116 99
116 100
116 101
116 102
116 114
116 115
116 117
116 118
116 119
116 120
116 169
116 213
116 214
116 215
116 216
116 217
116 452
116 454
117 97
117 98
117 99
117 100
117 114
117 115
117 116
117 118
117 119
117 120
117 121
117 205
117 208
117 209
117 213
117 214
117 215
117 216
117 239
117 241
117 452
117 454
118 115
118 116
118 117
118 119
118 120
118 121
118 209
118 212
118 213
118 214
118 215
118 452
119 97
119 99
119 116
119 117
119 118
119 120
119 121
119 122
119 214
119 450
119 451
119 452
119 454
120 97
120 116
120 117
120 118
120 119
120 121
120 122
120 123
120 124
120 125
120 126
120 209
120 214
120 241
120 243
120 245
121 117
121 118
121 119
121 120
121 122
121 123
121 124
121 125
121 209
121 245
121 246
121 247
122 119
122 120
122 121
122 123
122 124
122 125
122 209
122 210
122 212
122 245
122 246
122 247
123 120
123 121
123 122
123 124
123 125
123 126
123 243
123 244
123 245
123 246
123 247
123 248
124 93
124 94
124 95
124 96
124 120
124 121
124 122
124 123
124 125
124 126
124 127
124 241
124 242
124 243
124 244
124 245
124 246
124 247
124 248
125 93
125 95
125 120
125 121
125 122
125 123
125 124
125 126
125 127
125 128
125 206
125 209
125 241
125 242
125 243
125 244
125 245
125 246
126 93
126 95
126 96
126 120
126 123
126 124
126 125
126 127
126 128
126 129
126 202
126 203
126 205
126 206
126 209
126 241
126 242
126 243
126 244
126 245
127 91
127 92
127 93
127 95
127 96
127 124
127 125
127 126
127 128
127 129
127 202
127 203
127 206
127 241
127 242
127 243
127 244
128 91
128 92
128 93
128 96
128 125
128 126
128 127
128 129
128 130
128 200
128 201
128 202
128 203
128 205
128 206
128 240
128 241
128 242
128 243
128 244
129 96
129 97
129 98
129 126
129 127
129 128
129 130
129 131
129 132
129 199
129 200
129 201
129 202
129 203
129 204
129 205
129 206
129 239
129 240
129 241
129 242
129 243
130 98
130 128
130 129
130 131
130 132
130 133
130 197
130 198
130 199
130 200
130 201
130 202
130 205
130 238
130 239
130 240
130 241
130 242
131 99
131 129
131 130
131 132
131 133
131 197
131 198
131 199
131 200
131 201
131 202
131 218
131 237
131 238
131 239
131 240
131 241
132 54
132 55
132 129
132 130
132 131
132 133
132 134
132 196
132 197
132 198
132 199
132 200
132 236
132 237
132 238
132 239
132 240
133 130
133 131
133 132
133 134
133 135
133 195
133 196
133 197
133 198
133 199
133 220
133 234
133 235
133 236
133 237
133 238
133 239
134 132
134 133
134 135
134 136
134 194
134 195
134 196
134 197
134 198
134 234
134 235
134 236
134 237
134 238
135 133
135 134
135 136
135 137
135 138
135 162
135 192
135 193
135 194
135 195
135 196
135 197
135 220
135 222
135 227
135 234
135 235
135 237
136 134
136 135
136 137
136 138
136 139
136 192
136 193
136 194
136 195
136 196
136 227
136 232
136 234
136 235
137 135
137 136
137 138
137 139
137 140
137 188
137 189
137 190
137 192
137 193
137 194
137 195
137 227
137 228
138 135
138 136
138 137
138 139
138 140
138 141
138 193
138 222
138 225
138 226
138 227
138 228
139 136
139 137
139 138
139 140
139 141
139 142
139 227
139 228
140 137
140 138
140 139
140 141
140 142
140 143
141 138
141 139
141 140
141 142
141 143
141 144
142 139
142 140
142 141
142 143
142 144
142 145
143 140
143 141
143 142
143 144
143 145
143 146
144 141
144 142
144 143
144 145
144 146
144 147
145 142
145 143
145 144
145 146
145 147
145 148
145 149
145 151
146 143
146 144
146 145
146 147
146 148
146 149
147 144
147 145
147 146
147 148
147 149
147 150
147 151
148 145
148 146
148 147
148 149
148 150
148 151
149 145
149 146
149 147
149 148
149 150
149 151
149 152
150 147
150 148
150 149
150 151
150 152
150 153
151 145
151 147
151 148
151 149
151 150
151 152
151 153
151 154
152 149
152 150
152 151
152 153
152 154
152 155
153 150
153 151
153 152
153 154
153 155
153 156
154 151
154 152
154 153
154 155
154 156
154 157
155 152
155 153
155 154
155 156
155 157
155 158
156 153
156 154
156 155
156 157
156 158
156 159
156 188
157 154
157 155
157 156
157 158
157 159
157 160
157 186
157 187
157 188
157 189
157 190
158 155
158 156
158 157
158 159
158 160
158 161
158 186
158 187
158 188
158 189
159 156
159 157
159 158
159 160
159 161
159 162
159 184
159 185
159 186
159 187
159 188
159 189
160 157
160 158
160 159
160 161
160 162
160 163
160 184
160 185
160 186
160 187
160 188
160 222
160 223
161 158
161 159
161 160
161 162
161 163
161 164
161 183
161 184
161 185
161 186
161 187
161 221
161 222
161 223
162 135
162 159
162 160
162 161
162 163
162 164
162 165
162 182
162 183
162 184
162 185
162 186
162 220
162 221
162 222
162 223
163 160
163 161
163 162
163 164
163 165
163 166
163 181
163 182
163 183
163 184
163 185
163 219
163 220
163 221
163 222
163 223
164 161
164 162
164 163
164 165
164 166
164 167
164 180
164 181
164 182
164 183
164 184
164 199
164 218
164 219
164 220
164 221
164 222
165 112
165 162
165 163
165 164
165 166
165 167
165 178
165 179
165 180
165 181
165 182
165 183
165 217
165 218
165 219
165 220
165 221
166 112
166 113
166 114
166 163
166 164
166 165
166 167
166 168
166 169
166 176
166 177
166 178
166 179
166 180
166 181
166 182
166 201
166 204
166 205
166 216
166 217
166 218
166 219
166 220
167 112
167 113
167 114
167 164
167 165
167 166
167 168
167 169
167 170
167 175
167 176
167 177
167 178
167 179
167 180
167 181
167 204
167 208
167 215
167 216
167 217
167 218
167 219
168 114
168 115
168 166
168 167
168 169
168 170
168 171
168 175
168 176
168 177
168 178
168 179
168 180
168 204
168 205
168 208
168 211
168 213
168 214
168 215
168 216
168 217
168 218
169 114
169 115
169 116
169 166
169 167
169 168
169 170
169 171
169 172
169 173
169 174
169 175
169 176
169 177
169 178
169 179
169 213
169 214
169 215
169 216
169 217
170 167
170 168
170 169
170 171
170 172
170 173
170 174
170 175
170 176
170 177
170 213
170 214
170 215
170 216
171 168
171 169
171 170
171 172
171 173
171 174
171 175
171 176
171 215
172 169
172 170
172 171
172 173
172 174
172 175
173 169
173 170
173 171
173 172
173 174
173 175
173 176
174 169
174 170
174 171
174 172
174 173
174 175
174 176
174 177
175 167
175 168
175 169
175 170
175 171
175 172
175 173
175 174
175 176
175 177
175 178
176 166
176 167
176 168
176 169
176 170
176 171
176 173
176 174
176 175
176 177
176 178
176 179
176 215
176 216
176 217
177 166
177 167
177 168
177 169
177 170
177 174
177 175
177 176
177 178
177 179
177 180
177 216
177 217
178 165
178 166
178 167
178 168
178 169
178 175
178 176
178 177
178 179
178 180
178 181
178 216
178 217
178 218
179 165
179 166
179 167
179 168
179 169
179 176
179 177
179 178
179 180
179 181
179 204
179 205
179 207
179 208
179 216
179 217
179 218
180 164
180 165
180 166
180 167
180 168
180 177
180 178
180 179
180 181
180 182
180 203
180 204
180 218
181 163
181 164
181 165
181 166
181 167
181 178
181 179
181 180
181 182
181 183
181 204
181 218
181 219
182 162
182 163
182 164
182 165
182 166
182 180
182 181
182 183
182 184
182 199
182 200
182 201
182 204
182 220
183 161
183 162
183 163
183 164
183 165
183 181
183 182
183 184
183 185
183 186
183 199
183 220
183 221
183 222
184 159
184 160
184 161
184 162
184 163
184 164
184 182
184 183
184 185
184 186
184 187
184 197
184 198
184 199
184 222
185 159
185 160
185 161
185 162
185 163
185 183
185 184
185 186
185 187
185 188
186 157
186 158
186 159
186 160
186 161
186 162
186 183
186 184
186 185
186 187
186 188
186 189
186 195
186 197
187 157
187 158
187 159
187 160
187 161
187 184
187 185
187 186
187 188
187 189
187 190
188 137
188 156
188 157
188 158
188 159
188 160
188 185
188 186
188 187
188 189
188 190
188 191
188 192
188 195
189 137
189 157
189 158
189 159
189 186
189 187
189 188
189 190
189 191
189 192
189 193
189 194
189 195
190 137
190 157
190 187
190 188
190 189
190 191
190 192
190 193
191 188
191 189
191 190
191 192
191 193
191 194
191 195
192 135
192 136
192 137
192 188
192 189
192 190
192 191
192 193
192 194
192 195
192 196
193 135
193 136
193 137
193 138
193 189
193 190
193 191
193 192
193 194
193 195
194 134
194 135
194 136
194 137
194 189
194 191
194 192
194 193
194 195
194 196
194 197
194 234
194 235
195 133
195 134
195 135
195 136
195 137
195 186
195 188
195 189
195 191
195 192
195 193
195 194
195 196
195 197
195 198
196 132
196 133
196 134
196 135
196 136
196 192
196 194
196 195
196 197
196 198
196 235
196 237
197 130
197 131
197 132
197 133
197 134
197 135
197 184
197 186
197 194
197 195
197 196
197 198
197 199
197 237
198 130
198 131
198 132
198 133
198 134
198 184
198 195
198 196
198 197
198 199
198 200
198 201
198 237
198 238
198 239
199 129
199 130
199 131
199 132
199 133
199 164
199 182
199 183
199 184
199 197
199 198
199 200
199 201
199 202
199 239
200 128
200 129
200 130
200 131
200 132
200 182
200 198
200 199
200 201
200 202
200 203
200 204
200 205
200 239
200 240
201 128
201 129
201 130
201 131
201 166
201 182
201 198
201 199
201 200
201 202
201 203
201 204
201 205
201 206
201 239
201 240
201 241
202 126
202 127
202 128
202 129
202 130
202 131
202 199
202 200
202 201
202 203
202 204
202 205
202 206
202 207
202 208
202 241
202 242
203 126
203 127
203 128
203 129
203 180
203 200
203 201
203 202
203 204
203 205
203 206
203 207
203 208
203 209
204 129
204 166
204 167
204 168
204 179
204 180
204 181
204 182
204 200
204 201
204 202
204 203
204 205
204 206
204 207
204 208
204 209
204 216
205 117
205 126
205 128
205 129
205 130
205 166
205 168
205 179
205 200
205 201
205 202
205 203
205 204
205 206
205 207
205 208
205 209
205 210
205 211
205 213
205 214
205 216
205 241
206 125
206 126
206 127
206 128
206 129
206 201
206 202
206 203
206 204
206 205
206 207
206 208
206 209
206 210
206 211
206 212
206 213
207 179
207 202
207 203
207 204
207 205
207 206
207 208
207 209
207 210
207 211
207 212
207 213
208 117
208 167
208 168
208 179
208 202
208 203
208 204
208 205
208 206
208 207
208 209
208 210
208 211
208 212
208 213
208 214
208 215
208 216
209 117
209 118
209 120
209 121
209 122
209 125
209 126
209 203
209 204
209 205
209 206
209 207
209 208
209 210
209 211
209 212
209 213
209 214
209 215
210 122
210 205
210 206
210 207
210 208
210 209
210 211
210 212
210 213
210 214
211 168
211 205
211 206
211 207
211 208
211 209
211 210
211 212
211 213
211 214
212 118
212 122
212 206
212 207
212 208
212 209
212 210
212 211
212 213
212 214
212 215
213 116
213 117
213 118
213 168
213 169
213 170
213 205
213 206
213 207
213 208
213 209
213 210
213 211
213 212
213 214
213 215
213 216
214 115
214 116
214 117
214 118
214 119
214 120
214 168
214 169
214 170
214 205
214 208
214 209
214 210
214 211
214 212
214 213
214 215
214 216
215 114
215 115
215 116
215 117
215 118
215 167
215 168
215 169
215 170
215 171
215 176
215 208
215 209
215 212
215 213
215 214
215 216
215 217
216 101
216 112
216 113
216 114
216 115
216 116
216 117
216 166
216 167
216 168
216 169
216 170
216 176
216 177
216 178
216 179
216 204
216 205
216 208
216 213
216 214
216 215
216 217
216 218
217 101
217 102
217 109
217 111
217 112
217 113
217 114
217 115
217 116
217 165
217 166
217 167
217 168
217 169
217 176
217 177
217 178
217 179
217 215
217 216
217 218
217 219
217 220
218 101
218 111
218 112
218 113
218 114
218 115
218 131
218 164
218 165
218 166
218 167
218 168
218 178
218 179
218 180
218 181
218 216
218 217
218 219
218 220
218 221
218 237
219 109
219 110
219 111
219 112
219 113
219 114
219 163
219 164
219 165
219 166
219 167
219 181
219 217
219 218
219 220
219 221
220 111
220 112
220 113
220 133
220 135
220 162
220 163
220 164
220 165
220 166
220 182
220 183
220 217
220 218
220 219
220 221
220 222
220 226
220 227
221 111
221 112
221 161
221 162
221 163
221 164
221 165
221 183
221 218
221 219
221 220
221 222
221 223
221 224
221 225
221 226
221 227
222 135
222 138
222 160
222 161
222 162
222 163
222 164
222 183
222 184
222 220
222 221
222 223
222 224
222 225
222 226
222 227
223 160
223 161
223 162
223 163
223 221
223 222
223 224
223 225
223 226
224 221
224 222
224 223
224 225
224 226
224 227
225 138
225 221
225 222
225 223
225 224
225 226
225 227
225 228
226 111
226 138
226 220
226 221
226 222
226 223
226 224
226 225
226 227
226 228
226 229
227 111
227 135
227 136
227 137
227 138
227 139
227 220
227 221
227 222
227 224
227 225
227 226
227 228
227 229
227 230
228 137
228 138
228 139
228 225
228 226
228 227
228 229
228 230
228 231
229 111
229 226
229 227
229 228
229 230
229 231
229 232
230 227
230 228
230 229
230 231
230 232
230 233
230 234
231 228
231 229
231 230
231 232
231 233
231 234
232 136
232 229
232 230
232 231
232 233
232 234
232 235
233 230
233 231
233 232
233 234
233 235
233 236
234 133
234 134
234 135
234 136
234 194
234 230
234 231
234 232
234 233
234 235
234 236
234 237
235 52
235 53
235 54
235 55
235 133
235 134
235 135
235 136
235 194
235 196
235 232
235 233
235 234
235 236
235 237
235 238
236 53
236 54
236 55
236 100
236 101
236 102
236 103
236 113
236 132
236 133
236 134
236 233
236 234
236 235
236 237
236 238
237 54
237 55
237 99
237 100
237 101
237 102
237 113
237 114
237 115
237 131
237 132
237 133
237 134
237 135
237 196
237 197
237 198
237 218
237 234
237 235
237 236
237 238
237 239
238 54
238 55
238 98
238 99
238 100
238 101
238 102
238 113
238 114
238 115
238 130
238 131
238 132
238 133
238 134
238 198
238 235
238 236
238 237
238 239
238 240
238 241
239 55
239 97
239 98
239 99
239 100
239 101
239 115
239 117
239 129
239 130
239 131
239 132
239 133
239 198
239 199
239 200
239 201
239 237
239 238
239 240
239 241
239 242
240 55
240 58
240 59
240 96
240 97
240 98
240 99
240 100
240 128
240 129
240 130
240 131
240 132
240 200
240 201
240 238
240 239
240 241
240 242
240 243
240 455
240 456
241 93
241 95
241 96
241 97
241 98
241 99
241 117
241 120
241 124
241 125
241 126
241 127
241 128
241 129
241 130
241 131
241 201
241 202
241 205
241 238
241 239
241 240
241 242
241 243
241 456
242 90
242 91
242 92
242 93
242 94
242 95
242 96
242 97
242 98
242 124
242 125
242 126
242 127
242 128
242 129
242 130
242 202
242 239
242 240
242 241
242 243
242 244
242 245
242 457
243 91
243 92
243 93
243 94
243 95
243 96
243 97
243 120
243 123
243 124
243 125
243 126
243 127
243 128
243 129
243 240
243 241
243 242
243 244
243 245
243 246
243 458
244 91
244 92
244 93
244 94
244 95
244 96
244 123
244 124
244 125
244 126
244 127
244 128
244 242
244 243
244 245
244 246
244 247
244 248
244 458
244 459
245 93
245 94
245 95
245 96
245 120
245 121
245 122
245 123
245 124
245 125
245 126
245 242
245 243
245 244
245 246
245 247
245 248
245 249
245 458
245 459
246 94
246 121
246 122
246 123
246 124
246 125
246 243
246 244
246 245
246 247
246 248
246 249
246 250
247 121
247 122
247 123
247 124
247 244
247 245
247 246
247 248
247 249
247 250
247 251
247 252
247 253
247 254
247 257
248 94
248 95
248 123
248 124
248 244
248 245
248 246
248 247
248 249
248 250
248 251
248 252
248 253
248 254
248 256
248 257
248 458
248 459
248 460
248 461
249 245
249 246
249 247
249 248
249 250
249 251
249 252
249 253
249 254
249 292
249 293
249 460
249 461
249 462
250 246
250 247
250 248
250 249
250 251
250 252
250 253
250 254
250 256
250 290
250 291
250 292
250 293
250 461
251 247
251 248
251 249
251 250
251 252
251 253
251 254
251 255
251 256
251 290
251 291
251 292
251 293
252 247
252 248
252 249
252 250
252 251
252 253
252 254
252 255
252 256
252 257
252 258
253 247
253 248
253 249
253 250
253 251
253 252
253 254
253 255
253 256
253 257
253 258
253 259
253 460
253 461
254 247
254 248
254 249
254 250
254 251
254 252
254 253
254 255
254 256
254 257
254 258
254 259
254 460
254 461
254 462
254 463
255 251
255 252
255 253
255 254
255 256
255 257
255 258
255 259
255 260
256 248
256 250
256 251
256 252
256 253
256 254
256 255
256 257
256 258
256 259
256 260
256 261
257 247
257 248
257 252
257 253
257 254
257 255
257 256
257 258
257 259
257 260
257 261
257 450
258 252
258 253
258 254
258 255
258 256
258 257
258 259
258 260
258 261
258 262
258 383
258 386
258 387
258 448
258 449
258 450
259 253
259 254
259 255
259 256
259 257
259 258
259 260
259 261
259 262
259 263
259 382
259 383
260 255
260 256
260 257
260 258
260 259
260 261
260 262
260 263
260 450
260 451
261 256
261 257
261 258
261 259
261 260
261 262
261 263
261 264
261 383
261 385
261 386
261 449
261 450
261 451
261 452
262 258
262 259
262 260
262 261
262 263
262 264
262 265
262 382
262 383
262 385
262 386
262 451
263 259
263 260
263 261
263 262
263 264
263 265
263 266
263 451
264 261
264 262
264 263
264 265
264 266
264 267
264 451
265 262
265 263
265 264
265 266
265 267
266 263
266 264
266 265
266 267
266 268
266 269
267 264
267 265
267 266
267 268
267 269
268 266
268 267
268 269
268 270
269 266
269 267
269 268
269 270
269 271
269 272
270 268
270 269
270 271
270 272
270 273
271 269
271 270
271 272
271 273
271 274
272 269
272 270
272 271
272 273
272 274
272 275
272 276
272 277
273 270
273 271
273 272
273 274
273 275
273 276
273 277
274 271
274 272
274 273
274 275
274 276
274 277
274 278
274 279
275 272
275 273
275 274
275 276
275 277
275 278
275 279
275 280
276 272
276 273
276 274
276 275
276 277
276 278
276 279
276 280
276 281
277 272
277 273
277 274
277 275
277 276
277 278
277 279
277 280
277 281
277 282
278 274
278 275
278 276
278 277
278 279
278 280
278 281
278 282
279 274
279 275
279 276
279 277
279 278
279 280
279 281
279 282
279 283
280 275
280 276
280 277
280 278
280 279
280 281
280 282
280 283
280 284
281 276
281 277
281 278
281 279
281 280
281 282
281 283
281 284
282 277
282 278
282 279
282 280
282 281
282 283
282 284
282 285
283 279
283 280
283 281
283 282
283 284
283 285
283 286
284 280
284 281
284 282
284 283
284 285
284 286
284 287
285 282
285 283
285 284
285 286
285 287
285 288
286 283
286 284
286 285
286 287
286 288
286 289
287 284
287 285
287 286
287 288
287 289
287 290
288 285
288 286
288 287
288 289
288 290
288 291
289 286
289 287
289 288
289 290
289 291
289 292
290 250
290 251
290 287
290 288
290 289
290 291
290 292
290 293
291 250
291 251
291 288
291 289
291 290
291 292
291 293
291 294
292 249
292 250
292 251
292 289
292 290
292 291
292 293
292 294
292 295
293 249
293 250
293 251
293 290
293 291
293 292
293 294
293 295
293 296
294 291
294 292
294 293
294 295
294 296
294 297
295 292
295 293
295 294
295 296
295 297
295 298
295 439
296 293
296 294
296 295
296 297
296 298
296 299
296 413
296 439
296 471
297 294
297 295
297 296
297 298
297 299
297 300
297 413
298 295
298 296
298 297
298 299
298 300
298 301
298 411
298 412
298 413
298 414
299 296
299 297
299 298
299 300
299 301
299 302
299 411
299 412
299 413
299 414
299 415
300 297
300 298
300 299
300 301
300 302
300 303
300 408
300 411
300 412
300 413
300 414
300 415
300 417
301 298
301 299
301 300
301 302
301 303
301 304
301 412
301 413
301 414
301 417
302 299
302 300
302 301
302 303
302 304
302 305
303 300
303 301
303 302
303 304
303 305
303 306
303 408
304 301
304 302
304 303
304 305
304 306
304 307
305 302
305 303
305 304
305 306
305 307
305 308
306 303
306 304
306 305
306 307
306 308
306 309
307 304
307 305
307 306
307 308
307 309
307 310
308 305
308 306
308 307
308 309
308 310
308 311
309 306
309 307
309 308
309 310
309 311
309 312
310 307
310 308
310 309
310 311
310 312
310 313
311 308
311 309
311 310
311 312
311 313
311 314
312 309
312 310
312 311
312 313
312 314
312 315
313 310
313 311
313 312
313 314
313 315
313 316
314 311
314 312
314 313
314 315
314 316
314 317
315 312
315 313
315 314
315 316
315 317
316 313
316 314
316 315
316 317
316 318
317 314
317 315
317 316
317 318
317 319
317 320
318 316
318 317
318 319
318 320
318 321
319 317
319 318
319 320
319 321
319 322
320 317
320 318
320 319
320 321
320 322
320 323
321 318
321 319
321 320
321 322
321 323
321 324
322 319
322 320
322 321
322 323
322 324
322 325
323 320
323 321
323 322
323 324
323 325
323 326
324 321
324 322
324 323
324 325
324 326
324 327
325 322
325 323
325 324
325 326
325 327
325 328
326 323
326 324
326 325
326 327
326 328
326 329
327 324
327 325
327 326
327 328
327 329
328 325
328 326
328 327
328 329
328 330
328 331
329 326
329 327
329 328
329 330
329 331
330 328
330 329
330 331
330 332
330 333
331 328
331 329
331 330
331 332
331 333
332 330
332 331
332 333
332 334
333 330
333 331
333 332
333 334
333 335
334 332
334 333
334 335
334 336
335 333
335 334
335 336
335 337
336 334
336 335
336 337
336 338
337 335
337 336
337 338
337 339
338 336
338 337
338 339
338 340
339 337
339 338
339 340
339 341
339 342
340 338
340 339
340 341
340 342
341 339
341 340
341 342
341 343
341 344
342 339
342 340
342 341
342 343
342 344
342 345
343 341
343 342
343 344
343 345
343 346
344 341
344 342
344 343
344 345
344 346
344 347
345 342
345 343
345 344
345 346
345 347
345 348
346 343
346 344
346 345
346 347
346 348
346 349
346 380
347 344
347 345
347 346
347 348
347 349
347 350
347 380
347 381
347 382
348 345
348 346
348 347
348 349
348 350
348 351
348 380
349 346
349 347
349 348
349 350
349 351
349 352
349 354
349 355
350 347
350 348
350 349
350 351
350 352
350 353
350 354
350 355
350 356
350 358
351 348
351 349
351 350
351 352
351 353
351 354
351 355
351 356
351 357
352 349
352 350
352 351
352 353
352 354
352 355
352 356
352 357
352 358
353 350
353 351
353 352
353 354
353 355
353 356
353 357
353 358
353 359
354 349
354 350
354 351
354 352
354 353
354 355
354 356
354 357
354 358
354 359
354 360
355 349
355 350
355 351
355 352
355 353
355 354
355 356
355 357
355 358
355 359
355 360
355 361
356 350
356 351
356 352
356 353
356 354
356 355
356 357
356 358
356 359
356 360
356 361
356 362
357 351
357 352
357 353
357 354
357 355
357 356
357 358
357 359
357 360
357 361
357 362
358 350
358 352
358 353
358 354
358 355
358 356
358 357
358 359
358 360
358 361
358 362
358 363
359 353
359 354
359 355
359 356
359 357
359 358
359 360
359 361
359 362
359 363
359 364
360 354
360 355
360 356
360 357
360 358
360 359
360 361
360 362
360 363
360 364
361 355
361 356
361 357
361 358
361 359
361 360
361 362
361 363
361 364
361 365
362 356
362 357
362 358
362 359
362 360
362 361
362 363
362 364
362 365
362 399
362 400
363 358
363 359
363 360
363 361
363 362
363 364
363 365
363 366
363 399
363 400
363 401
364 359
364 360
364 361
364 362
364 363
364 365
364 366
364 367
364 399
364 400
364 401
365 361
365 362
365 363
365 364
365 366
365 367
365 368
365 369
365 370
365 399
365 400
365 401
366 363
366 364
366 365
366 367
366 368
366 369
366 399
366 400
366 401
366 402
367 364
367 365
367 366
367 368
367 369
367 370
367 399
367 400
367 401
367 402
368 365
368 366
368 367
368 369
368 370
368 371
368 399
368 400
368 401
368 402
368 403
368 406
368 407
368 410
368 436
368 470
369 365
369 366
369 367
369 368
369 370
369 371
369 372
369 398
369 399
369 400
369 401
369 402
369 403
369 406
369 407
369 409
369 410
369 434
369 435
369 436
369 437
369 467
369 468
369 469
369 470
370 365
370 367
370 368
370 369
370 371
370 372
370 373
370 397
370 398
370 399
370 400
370 401
370 402
370 409
370 410
370 436
370 437
370 438
370 467
370 468
370 469
370 470
371 368
371 369
371 370
371 372
371 373
371 374
371 396
371 397
371 398
371 399
371 400
371 436
371 437
371 438
371 465
371 466
371 467
371 468
371 469
372 369
372 370
372 371
372 373
372 374
372 375
372 395
372 396
372 397
372 398
372 399
372 400
372 465
372 466
372 467
372 468
373 370
373 371
373 372
373 374
373 375
373 376
373 394
373 395
373 396
373 397
373 398
373 465
374 371
374 372
374 373
374 375
374 376
374 377
374 393
374 394
374 395
374 396
374 397
374 398
374 464
374 465
375 372
375 373
375 374
375 376
375 377
375 378
375 392
375 393
375 394
375 395
375 396
375 397
375 464
376 373
376 374
376 375
376 377
376 378
376 379
376 380
376 381
376 391
376 392
376 393
376 394
376 395
376 396
377 374
377 375
377 376
377 378
377 379
377 380
377 381
377 382
377 383
377 384
377 390
377 391
377 392
377 393
377 394
377 395
378 375
378 376
378 377
378 379
378 380
378 381
378 382
378 383
378 384
378 385
378 386
378 387
378 388
378 389
378 390
378 391
378 392
378 393
379 376
379 377
379 378
379 380
379 381
379 382
379 383
379 384
379 385
379 387
379 391
379 392
380 346
380 347
380 348
380 376
380 377
380 378
380 379
380 381
380 382
380 383
380 384
380 392
381 347
381 376
381 377
381 378
381 379
381 380
381 382
381 383
381 384
382 259
382 262
382 347
382 377
382 378
382 379
382 380
382 381
382 383
382 384
382 385
382 386
382 387
383 258
383 259
383 261
383 262
383 377
383 378
383 379
383 380
383 381
383 382
383 384
383 385
383 386
383 387
383 388
383 391
383 448
384 47
384 377
384 378
384 379
384 380
384 381
384 382
384 383
384 385
384 386
384 387
384 388
384 389
384 390
384 391
384 392
384 448
385 46
385 47
385 261
385 262
385 378
385 379
385 382
385 383
385 384
385 386
385 387
385 388
385 448
385 449
386 47
386 258
386 261
386 262
386 378
386 382
386 383
386 384
386 385
386 387
386 388
386 389
386 447
386 448
386 449
386 450
386 451
386 453
386 455
387 47
387 258
387 378
387 379
387 382
387 383
387 384
387 385
387 386
387 388
387 389
387 390
387 391
387 392
387 446
387 447
387 448
387 449
387 450
387 455
387 456
387 457
388 47
388 48
388 49
388 60
388 378
388 383
388 384
388 385
388 386
388 387
388 389
388 390
388 391
388 446
388 447
388 448
388 449
388 455
388 456
388 457
389 60
389 63
389 64
389 378
389 384
389 386
389 387
389 388
389 390
389 391
389 392
389 393
389 445
389 446
389 447
389 448
389 457
390 63
390 67
390 377
390 378
390 384
390 387
390 388
390 389
390 391
390 392
390 393
390 444
390 445
390 446
390 447
390 448
391 376
391 377
391 378
391 379
391 383
391 384
391 387
391 388
391 389
391 390
391 392
391 393
391 446
391 447
392 375
392 376
392 377
392 378
392 379
392 380
392 384
392 387
392 389
392 390
392 391
392 393
392 394
392 395
393 374
393 375
393 376
393 377
393 378
393 389
393 390
393 391
393 392
393 394
393 395
393 396
393 444
393 463
393 464
394 373
394 374
394 375
394 376
394 377
394 392
394 393
394 395
394 396
394 397
394 444
394 463
394 464
394 465
395 372
395 373
395 374
395 375
395 376
395 377
395 392
395 393
395 394
395 396
395 397
395 441
395 442
395 444
395 462
395 463
395 464
395 465
395 466
396 371
396 372
396 373
396 374
396 375
396 376
396 393
396 394
396 395
396 397
396 398
396 399
396 438
396 441
396 463
396 464
396 465
396 466
396 467
397 370
397 371
397 372
397 373
397 374
397 375
397 394
397 395
397 396
397 398
397 399
397 436
397 437
397 438
397 464
397 465
397 466
397 467
397 468
398 369
398 370
398 371
398 372
398 373
398 374
398 396
398 397
398 399
398 400
398 435
398 436
398 437
398 438
398 439
398 465
398 466
398 467
398 468
398 469
398 470
399 362
399 363
399 364
399 365
399 366
399 367
399 368
399 369
399 370
399 371
399 372
399 396
399 397
399 398
399 400
399 401
399 402
399 435
399 436
399 437
399 438
399 468
399 469
399 470
400 362
400 363
400 364
400 365
400 366
400 367
400 368
400 369
400 370
400 371
400 372
400 398
400 399
400 401
400 402
400 403
400 435
400 436
400 437
400 468
400 470
401 363
401 364
401 365
401 366
401 367
401 368
401 369
401 370
401 399
401 400
401 402
401 403
401 404
401 406
401 433
401 434
401 435
401 436
401 470
402 366
402 367
402 368
402 369
402 370
402 399
402 400
402 401
402 403
402 404
402 405
402 406
402 407
402 410
402 412
402 416
402 417
402 419
402 420
402 432
402 433
402 434
402 435
402 436
402 469
402 470
402 471
403 368
403 369
403 400
403 401
403 402
403 404
403 405
403 406
403 407
403 416
403 417
403 419
403 420
403 421
403 423
403 424
403 432
403 433
403 434
403 470
404 401
404 402
404 403
404 405
404 406
404 407
404 416
404 417
404 418
404 419
404 420
404 421
404 422
404 423
404 424
404 425
404 433
404 434
405 402
405 403
405 404
405 406
405 407
405 408
405 417
405 420
405 421
405 424
406 368
406 369
406 401
406 402
406 403
406 404
406 405
406 407
406 408
406 409
406 410
406 411
406 412
406 416
406 417
406 420
406 421
406 470
407 368
407 369
407 402
407 403
407 404
407 405
407 406
407 408
407 409
407 410
407 411
407 412
407 470
408 300
408 303
408 405
408 406
408 407
408 409
408 410
408 411
408 412
408 469
409 369
409 370
409 406
409 407
409 408
409 410
409 411
409 412
409 468
409 469
409 470
410 368
410 369
410 370
410 402
410 406
410 407
410 408
410 409
410 411
410 412
410 413
410 436
410 439
410 467
410 468
410 469
410 470
410 471
411 298
411 299
411 300
411 406
411 407
411 408
411 409
411 410
411 412
411 413
411 414
411 416
411 417
411 439
411 468
411 469
411 470
411 471
412 298
412 299
412 300
412 301
412 402
412 406
412 407
412 408
412 409
412 410
412 411
412 413
412 414
412 415
412 416
412 417
412 418
412 420
412 434
412 435
412 436
412 469
412 470
412 471
413 296
413 297
413 298
413 299
413 300
413 301
413 410
413 411
413 412
413 414
413 415
413 416
413 417
413 418
413 419
413 434
413 469
413 470
413 471
414 298
414 299
414 300
414 301
414 411
414 412
414 413
414 415
414 416
414 417
414 418
414 419
414 471
415 299
415 300
415 412
415 413
415 414
415 416
415 417
415 418
415 419
415 420
415 421
415 434
415 470
415 471
416 402
416 403
416 404
416 406
416 411
416 412
416 413
416 414
416 415
416 417
416 418
416 419
416 420
416 421
416 422
416 433
416 434
416 435
416 469
416 470
416 471
417 300
417 301
417 402
417 403
417 404
417 405
417 406
417 411
417 412
417 413
417 414
417 415
417 416
417 418
417 419
417 420
417 421
417 422
417 433
417 434
417 470
417 471
418 404
418 412
418 413
418 414
418 415
418 416
418 417
418 419
418 420
418 421
418 422
418 423
418 424
418 434
419 402
419 403
419 404
419 413
419 414
419 415
419 416
419 417
419 418
419 420
419 421
419 422
419 423
419 424
419 431
419 432
419 433
419 434
419 471
420 402
420 403
420 404
420 405
420 406
420 412
420 415
420 416
420 417
420 418
420 419
420 421
420 422
420 423
420 424
420 425
420 426
420 431
420 432
420 433
420 434
420 470
421 403
421 404
421 405
421 406
421 415
421 416
421 417
421 418
421 419
421 420
421 422
421 423
421 424
421 425
421 426
421 427
421 433
422 404
422 416
422 417
422 418
422 419
422 420
422 421
422 423
422 424
422 425
422 426
422 427
422 428
422 429
422 431
422 432
422 433
423 403
423 404
423 418
423 419
423 420
423 421
423 422
423 424
423 425
423 426
423 427
423 428
423 429
423 430
423 431
423 432
423 433
423 434
424 403
424 404
424 405
424 418
424 419
424 420
424 421
424 422
424 423
424 425
424 426
424 427
424 428
424 431
424 433
425 404
425 420
425 421
425 422
425 423
425 424
425 426
425 427
425 428
425 429
426 420
426 421
426 422
426 423
426 424
426 425
426 427
426 428
426 429
426 430
426 431
427 421
427 422
427 423
427 424
427 425
427 426
427 428
427 429
427 430
427 431
428 422
428 423
428 424
428 425
428 426
428 427
428 429
428 430
428 431
429 422
429 423
429 425
429 426
429 427
429 428
429 430
429 431
429 432
430 423
430 426
430 427
430 428
430 429
430 431
430 432
430 433
431 419
431 420
431 422
431 423
431 424
431 426
431 427
431 428
431 429
431 430
431 432
431 433
431 434
432 402
432 403
432 419
432 420
432 422
432 423
432 429
432 430
432 431
432 433
432 434
432 435
433 401
433 402
433 403
433 404
433 416
433 417
433 419
433 420
433 421
433 422
433 423
433 424
433 430
433 431
433 432
433 434
433 435
433 436
433 470
433 471
434 369
434 401
434 402
434 403
434 404
434 412
434 413
434 415
434 416
434 417
434 418
434 419
434 420
434 423
434 431
434 432
434 433
434 435
434 436
434 437
434 469
434 470
434 471
435 369
435 398
435 399
435 400
435 401
435 402
435 412
435 416
435 432
435 433
435 434
435 436
435 437
435 438
435 468
435 469
435 470
435 471
436 368
436 369
436 370
436 371
436 397
436 398
436 399
436 400
436 401
436 402
436 410
436 412
436 433
436 434
436 435
436 437
436 438
436 439
436 468
436 469
436 470
436 471
437 369
437 370
437 371
437 397
437 398
437 399
437 400
437 434
437 435
437 436
437 438
437 439
437 440
437 465
437 467
437 468
437 469
437 470
437 471
438 370
438 371
438 396
438 397
438 398
438 399
438 435
438 436
438 437
438 439
438 440
438 441
438 462
438 464
438 465
438 466
438 467
438 468
438 469
438 470
438 471
439 295
439 296
439 398
439 410
439 411
439 436
439 437
439 438
439 440
439 441
439 465
439 466
439 467
439 468
439 469
439 470
439 471
440 437
440 438
440 439
440 441
440 442
440 462
440 464
440 465
440 466
440 467
440 468
440 469
441 395
441 396
441 438
441 439
441 440
441 442
441 443
441 444
441 461
441 462
441 463
441 464
441 465
441 466
441 467
441 468
442 70
442 73
442 74
442 395
442 440
442 441
442 443
442 444
442 460
442 461
442 462
442 463
442 464
442 465
442 466
442 467
443 67
443 70
443 441
443 442
443 444
443 445
443 446
443 458
443 459
443 460
443 461
443 462
443 463
443 464
443 465
444 66
444 67
444 70
444 71
444 390
444 393
444 394
444 395
444 441
444 442
444 443
444 445
444 446
444 447
444 458
444 459
444 460
444 461
444 462
444 463
444 464
445 63
445 64
445 66
445 67
445 68
445 69
445 70
445 94
445 95
445 389
445 390
445 443
445 444
445 446
445 447
445 448
445 457
445 458
445 459
445 460
445 461
445 463
446 63
446 66
446 67
446 95
446 387
446 388
446 389
446 390
446 391
446 443
446 444
446 445
446 447
446 448
446 456
446 457
446 458
446 459
446 460
447 59
447 60
447 62
447 63
447 64
447 95
447 96
447 97
447 386
447 387
447 388
447 389
447 390
447 391
447 444
447 445
447 446
447 448
447 449
447 450
447 455
447 456
447 457
447 458
447 459
448 97
448 258
448 383
448 384
448 385
448 386
448 387
448 388
448 389
448 390
448 445
448 446
448 447
448 449
448 450
448 453
448 454
448 455
448 456
448 457
448 458
449 97
449 98
449 258
449 261
449 385
449 386
449 387
449 388
449 447
449 448
449 450
449 451
449 452
449 453
449 454
449 455
449 456
449 457
450 97
450 98
450 119
450 257
450 258
450 260
450 261
450 386
450 387
450 447
450 448
450 449
450 451
450 452
450 453
450 454
450 455
450 456
450 457
451 119
451 260
451 261
451 262
451 263
451 264
451 386
451 449
451 450
451 452
451 453
451 454
451 455
452 99
452 100
452 116
452 117
452 118
452 119
452 261
452 449
452 450
452 451
452 453
452 454
452 455
453 98
453 99
453 100
453 386
453 448
453 449
453 450
453 451
453 452
453 454
453 455
453 456
454 55
454 56
454 97
454 98
454 99
454 100
454 116
454 117
454 119
454 448
454 449
454 450
454 451
454 452
454 453
454 455
454 456
455 55
455 56
455 59
455 60
455 96
455 97
455 98
455 99
455 100
455 240
455 386
455 387
455 388
455 447
455 448
455 449
455 450
455 451
455 452
455 453
455 454
455 456
455 457
456 56
456 59
456 63
456 95
456 96
456 97
456 98
456 99
456 240
456 241
456 387
456 388
456 446
456 447
456 448
456 449
456 450
456 453
456 454
456 455
456 457
456 458
457 59
457 60
457 62
457 63
457 66
457 94
457 95
457 96
457 97
457 98
457 242
457 387
457 388
457 389
457 445
457 446
457 447
457 448
457 449
457 450
457 455
457 456
457 458
457 459
457 460
458 63
458 66
458 93
458 94
458 95
458 96
458 97
458 243
458 244
458 245
458 248
458 443
458 444
458 445
458 446
458 447
458 448
458 456
458 457
458 459
458 460
458 461
459 63
459 66
459 67
459 70
459 93
459 94
459 95
459 96
459 244
459 245
459 248
459 443
459 444
459 445
459 446
459 447
459 457
459 458
459 460
459 461
459 462
459 463
460 94
460 95
460 248
460 249
460 253
460 254
460 442
460 443
460 444
460 445
460 446
460 457
460 458
460 459
460 461
460 462
460 463
460 464
461 94
461 248
461 249
461 250
461 253
461 254
461 441
461 442
461 443
461 444
461 445
461 458
461 459
461 460
461 462
461 463
461 464
462 249
462 254
462 395
462 438
462 440
462 441
462 442
462 443
462 444
462 459
462 460
462 461
462 463
462 464
462 465
462 466
463 254
463 393
463 394
463 395
463 396
463 441
463 442
463 443
463 444
463 445
463 459
463 460
463 461
463 462
463 464
463 465
463 466
464 374
464 375
464 393
464 394
464 395
464 396
464 397
464 438
464 440
464 441
464 442
464 443
464 444
464 460
464 461
464 462
464 463
464 465
464 466
464 467
465 371
465 372
465 373
465 374
465 394
465 395
465 396
465 397
465 398
465 437
465 438
465 439
465 440
465 441
465 442
465 443
465 462
465 463
465 464
465 466
465 467
465 468
466 74
466 75
466 371
466 372
466 395
466 396
466 397
466 398
466 438
466 439
466 440
466 441
466 442
466 462
466 463
466 464
466 465
466 467
466 468
467 369
467 370
467 371
467 372
467 396
467 397
467 398
467 410
467 437
467 438
467 439
467 440
467 441
467 442
467 464
467 465
467 466
467 468
467 469
468 369
468 370
468 371
468 372
468 397
468 398
468 399
468 400
468 409
468 410
468 411
468 435
468 436
468 437
468 438
468 439
468 440
468 441
468 465
468 466
468 467
468 469
468 470
468 471
469 369
469 370
469 371
469 398
469 399
469 402
469 408
469 409
469 410
469 411
469 412
469 413
469 416
469 434
469 435
469 436
469 437
469 438
469 439
469 440
469 467
469 468
469 470
469 471
470 368
470 369
470 370
470 398
470 399
470 400
470 401
470 402
470 403
470 406
470 407
470 409
470 410
470 411
470 412
470 413
470 415
470 416
470 417
470 420
470 433
470 434
470 435
470 436
470 437
470 438
470 439
470 468
470 469
470 471
471 296
471 402
471 410
471 411
471 412
471 413
471 414
471 415
471 416
471 417
471 419
471 433
471 434
471 435
471 436
471 437
471 438
471 439
471 468
471 469
471 470
