0 1
0 2
0 3
0 4
0 5
0 6
1 0
1 2
1 3
1 4
1 5
1 6
2 0
2 1
2 3
2 4
2 5
2 6
2 7
3 0
3 1
3 2
3 4
3 5
3 6
3 7
3 8
3 9
4 0
4 1
4 2
4 3
4 5
4 6
4 7
4 8
4 9
4 10
5 0
5 1
5 2
5 3
5 4
5 6
5 7
5 8
5 9
5 10
5 11
6 0
6 1
6 2
6 3
6 4
6 5
6 7
6 8
6 9
6 10
6 11
6 12
7 2
7 3
7 4
7 5
7 6
7 8
7 9
7 10
7 11
7 12
7 13
8 3
8 4
8 5
8 6
8 7
8 9
8 10
8 11
8 12
8 13
8 14
9 3
9 4
9 5
9 6
9 7
9 8
9 10
9 11
9 12
9 13
9 14
9 15
10 4
10 5
10 6
10 7
10 8
10 9
10 11
10 12
10 13
10 14
10 15
10 16
11 5
11 6
11 7
11 8
11 9
11 10
11 12
11 13
11 14
11 15
11 16
11 17
12 6
12 7
12 8
12 9
12 10
12 11
12 13
12 14
12 15
12 16
12 17
12 18
13 7
13 8
13 9
13 10
13 11
13 12
13 14
13 15
13 16
13 17
13 18
13 19
14 8
14 9
14 10
14 11
14 12
14 13
14 15
14 16
14 17
14 18
14 19
14 20
15 9
15 10
15 11
15 12
15 13
15 14
15 16
15 17
15 18
15 19
15 20
15 21
16 10
16 11
16 12
16 13
16 14
16 15
16 17
16 18
16 19
16 20
16 21
16 22
17 11
17 12
17 13
17 14
17 15
17 16
17 18
17 19
17 20
17 21
17 22
17 23
17 24
18 12
18 13
18 14
18 15
18 16
18 17
18 19
18 20
18 21
18 22
18 23
18 24
19 13
19 14
19 15
19 16
19 17
19 18
19 20
19 21
19 22
19 23
19 24
20 14
20 15
20 16
20 17
20 18
20 19
20 21
20 22
20 23
20 24
20 25
21 15
21 16
21 17
21 18
21 19
21 20
21 22
21 23
21 24
21 25
21 26
22 16
22 17
22 18
22 19
22 20
22 21
22 23
22 24
22 25
22 26
22 28
22 29
23 17
23 18
23 19
23 20
23 21
23 22
23 24
23 25
23 26
23 27
23 28
23 29
24 17
24 18
24 19
24 20
24 21
24 22
24 23
24 25
24 26
24 27
24 28
25 20
25 21
25 22
25 23
25 24
25 26
25 27
25 28
25 29
26 21
26 22
26 23
26 24
26 25
26 27
26 28
26 29
26 30
27 23
27 24
27 25
27 26
27 28
27 29
27 30
27 31
28 22
28 23
28 24
28 25
28 26
28 27
28 29
28 30
28 31
29 22
29 23
29 25
29 26
29 27
29 28
29 30
29 31
29 32
30 26
30 27
30 28
30 29
30 31
30 32
30 33
31 27
31 28
31 29
31 30
31 32
31 33
31 34
32 29
32 30
32 31
32 33
32 34
32 35
33 30
33 31
33 32
33 34
33 35
33 36
34 31
34 32
34 33
34 35
34 36
34 57
35 32
35 33
35 34
35 36
35 37
35 38
35 56
35 57
35 58
36 33
36 34
36 35
36 37
36 38
36 39
36 55
36 56
36 57
36 58
36 59
37 35
37 36
37 38
37 39
37 40
37 54
37 55
37 56
37 57
37 58
37 59
37 61
38 35
38 36
38 37
38 39
38 40
38 53
38 54
38 55
38 56
38 57
38 58
38 59
38 60
38 61
38 168
38 169
38 170
38 171
39 36
39 37
39 38
39 40
39 41
39 52
39 53
39 54
39 55
39 56
39 63
39 169
40 37
40 38
40 39
40 41
40 42
40 51
40 52
40 53
40 54
40 55
40 63
40 167
40 168
40 169
40 170
40 173
41 39
41 40
41 42
41 43
41 50
41 51
41 52
41 53
41 54
41 63
41 64
41 89
41 92
41 93
41 96
41 167
41 169
42 40
42 41
42 43
42 44
42 48
42 49
42 50
42 51
42 52
42 53
42 92
42 93
42 96
42 97
42 100
42 145
42 167
42 169
43 41
43 42
43 44
43 45
43 46
43 47
43 48
43 49
43 50
43 51
43 52
43 93
43 94
43 95
43 96
43 97
43 98
43 99
43 100
43 145
44 42
44 43
44 45
44 46
44 47
44 48
44 49
44 50
44 51
44 96
44 97
44 100
44 101
44 144
44 145
44 146
45 43
45 44
45 46
45 47
45 48
45 49
45 50
45 97
45 100
45 101
45 104
46 43
46 44
46 45
46 47
46 48
46 49
46 50
46 144
46 145
46 146
47 43
47 44
47 45
47 46
47 48
47 49
47 50
47 145
47 146
47 147
48 42
48 43
48 44
48 45
48 46
48 47
48 49
48 50
48 51
48 145
48 146
48 147
48 167
49 42
49 43
49 44
49 45
49 46
49 47
49 48
49 50
49 51
49 66
49 93
49 97
49 145
49 146
50 41
50 42
50 43
50 44
50 45
50 46
50 47
50 48
50 49
50 51
50 52
50 66
50 93
50 96
50 97
50 145
50 167
51 40
51 41
51 42
51 43
51 44
51 48
51 49
51 50
51 52
51 53
51 63
51 64
51 65
51 66
51 89
51 90
51 93
51 145
51 166
51 167
51 168
52 39
52 40
52 41
52 42
52 43
52 50
52 51
52 53
52 54
52 62
52 63
52 64
52 65
52 66
52 71
52 86
52 88
52 89
52 90
52 92
52 93
52 166
52 167
53 38
53 39
53 40
53 41
53 42
53 51
53 52
53 54
53 55
53 60
53 61
53 62
53 63
53 64
53 65
53 71
53 72
53 73
53 89
53 166
53 167
53 168
53 169
54 37
54 38
54 39
54 40
54 41
54 52
54 53
54 55
54 56
54 58
54 59
54 60
54 61
54 62
54 63
54 64
54 73
54 74
54 168
54 169
55 36
55 37
55 38
55 39
55 40
55 53
55 54
55 56
55 57
55 58
55 59
55 60
55 61
55 62
55 63
55 74
55 168
55 169
56 35
56 36
56 37
56 38
56 39
56 54
56 55
56 57
56 58
56 59
56 60
56 61
56 62
57 34
57 35
57 36
57 37
57 38
57 55
57 56
57 58
57 59
57 60
57 61
58 35
58 36
58 37
58 38
58 54
58 55
58 56
58 57
58 59
58 60
58 61
58 168
58 169
58 170
59 36
59 37
59 38
59 54
59 55
59 56
59 57
59 58
59 60
59 61
59 62
59 74
59 168
60 38
60 53
60 54
60 55
60 56
60 57
60 58
60 59
60 61
60 62
60 63
60 73
60 74
60 75
60 165
60 166
60 168
61 37
61 38
61 53
61 54
61 55
61 56
61 57
61 58
61 59
61 60
61 62
61 63
61 72
61 73
61 74
61 75
61 76
61 78
61 79
61 82
62 52
62 53
62 54
62 55
62 56
62 59
62 60
62 61
62 63
62 64
62 65
62 71
62 72
62 73
62 74
62 75
62 76
62 78
62 79
62 83
62 84
63 39
63 40
63 41
63 51
63 52
63 53
63 54
63 55
63 60
63 61
63 62
63 64
63 65
63 66
63 70
63 71
63 72
63 73
63 74
63 84
63 86
63 89
63 166
64 41
64 51
64 52
64 53
64 54
64 62
64 63
64 65
64 66
64 67
64 68
64 69
64 70
64 71
64 72
64 73
64 84
64 85
64 86
64 87
64 88
64 89
64 90
64 93
65 51
65 52
65 53
65 62
65 63
65 64
65 66
65 67
65 68
65 69
65 70
65 71
65 72
65 86
65 89
65 90
66 49
66 50
66 51
66 52
66 63
66 64
66 65
66 67
66 68
66 69
66 70
66 71
66 86
66 87
66 89
66 90
66 93
67 64
67 65
67 66
67 68
67 69
67 70
67 90
68 64
68 65
68 66
68 67
68 69
68 70
68 71
68 72
68 86
69 64
69 65
69 66
69 67
69 68
69 70
69 71
69 72
69 85
69 86
69 87
69 89
69 90
70 63
70 64
70 65
70 66
70 67
70 68
70 69
70 71
70 72
70 73
70 84
70 85
70 86
70 87
70 89
70 90
71 52
71 53
71 62
71 63
71 64
71 65
71 66
71 68
71 69
71 70
71 72
71 73
71 74
71 79
71 83
71 84
71 85
71 86
71 87
71 88
71 89
72 53
72 61
72 62
72 63
72 64
72 65
72 68
72 69
72 70
72 71
72 73
72 74
72 75
72 76
72 78
72 79
72 84
72 86
73 53
73 54
73 60
73 61
73 62
73 63
73 64
73 70
73 71
73 72
73 74
73 75
73 76
73 77
73 78
73 79
73 80
73 82
73 83
73 84
74 54
74 55
74 59
74 60
74 61
74 62
74 63
74 71
74 72
74 73
74 75
74 76
74 77
74 78
74 79
75 60
75 61
75 62
75 72
75 73
75 74
75 76
75 77
75 78
75 79
75 80
76 61
76 62
76 72
76 73
76 74
76 75
76 77
76 78
76 79
76 80
76 81
77 73
77 74
77 75
77 76
77 78
77 79
77 80
77 81
77 82
78 61
78 62
78 72
78 73
78 74
78 75
78 76
78 77
78 79
78 80
78 81
78 82
78 83
79 61
79 62
79 71
79 72
79 73
79 74
79 75
79 76
79 77
79 78
79 80
79 81
79 82
79 83
79 84
80 73
80 75
80 76
80 77
80 78
80 79
80 81
80 82
80 83
81 76
81 77
81 78
81 79
81 80
81 82
81 83
82 61
82 73
82 77
82 78
82 79
82 80
82 81
82 83
82 84
83 62
83 71
83 73
83 78
83 79
83 80
83 81
83 82
83 84
83 85
83 86
84 62
84 63
84 64
84 70
84 71
84 72
84 73
84 79
84 82
84 83
84 85
84 86
84 87
84 88
84 89
85 64
85 69
85 70
85 71
85 83
85 84
85 86
85 87
85 88
85 89
85 90
86 52
86 63
86 64
86 65
86 66
86 68
86 69
86 70
86 71
86 72
86 83
86 84
86 85
86 87
86 88
86 89
86 90
86 91
87 64
87 66
87 69
87 70
87 71
87 84
87 85
87 86
87 88
87 89
87 90
87 91
87 92
87 93
88 52
88 64
88 71
88 84
88 85
88 86
88 87
88 89
88 90
88 91
88 92
88 93
89 41
89 51
89 52
89 53
89 63
89 64
89 65
89 66
89 69
89 70
89 71
89 84
89 85
89 86
89 87
89 88
89 90
89 91
89 92
89 93
89 94
90 51
90 52
90 64
90 65
90 66
90 67
90 69
90 70
90 85
90 86
90 87
90 88
90 89
90 91
90 92
90 93
90 94
90 95
90 96
91 86
91 87
91 88
91 89
91 90
91 92
91 93
91 94
91 95
91 96
91 97
92 41
92 42
92 52
92 87
92 88
92 89
92 90
92 91
92 93
92 94
92 95
92 96
92 97
93 41
93 42
93 43
93 49
93 50
93 51
93 52
93 64
93 66
93 87
93 88
93 89
93 90
93 91
93 92
93 94
93 95
93 96
93 97
93 98
93 99
94 43
94 89
94 90
94 91
94 92
94 93
94 95
94 96
94 97
94 98
94 99
94 100
95 43
95 90
95 91
95 92
95 93
95 94
95 96
95 97
95 98
95 99
95 100
96 41
96 42
96 43
96 44
96 50
96 90
96 91
96 92
96 93
96 94
96 95
96 97
96 98
96 99
96 100
96 101
96 102
96 103
97 42
97 43
97 44
97 45
97 49
97 50
97 91
97 92
97 93
97 94
97 95
97 96
97 98
97 99
97 100
97 101
97 102
97 103
98 43
98 93
98 94
98 95
98 96
98 97
98 99
98 100
98 101
98 102
98 103
99 43
99 93
99 94
99 95
99 96
99 97
99 98
99 100
99 101
99 102
99 103
99 104
100 42
100 43
100 44
100 45
100 94
100 95
100 96
100 97
100 98
100 99
100 101
100 102
100 103
100 104
100 105
100 106
101 44
101 45
101 96
101 97
101 98
101 99
101 100
101 102
101 103
101 104
101 105
101 106
101 109
102 96
102 97
102 98
102 99
102 100
102 101
102 103
102 104
102 105
102 106
102 107
103 96
103 97
103 98
103 99
103 100
103 101
103 102
103 104
103 105
103 106
103 107
103 108
103 109
103 110
104 45
104 99
104 100
104 101
104 102
104 103
104 105
104 106
104 107
104 108
104 109
104 110
104 111
105 100
105 101
105 102
105 103
105 104
105 106
105 107
105 108
105 109
105 110
106 100
106 101
106 102
106 103
106 104
106 105
106 107
106 108
106 109
106 110
107 102
107 103
107 104
107 105
107 106
107 108
107 109
107 110
107 111
107 112
108 103
108 104
108 105
108 106
108 107
108 109
108 110
108 111
109 101
109 103
109 104
109 105
109 106
109 107
109 108
109 110
109 111
109 112
110 103
110 104
110 105
110 106
110 107
110 108
110 109
110 111
110 112
110 113
111 104
111 107
111 108
111 109
111 110
111 112
111 113
111 114
112 107
112 109
112 110
112 111
112 113
112 114
112 115
112 143
112 144
113 110
113 111
113 112
113 114
113 115
113 116
113 143
113 144
113 198
113 199
114 111
114 112
114 113
114 115
114 116
114 117
114 142
114 143
114 144
114 145
114 146
114 174
114 197
114 198
114 199
114 200
115 112
115 113
115 114
115 116
115 117
115 118
115 141
115 142
115 143
115 144
115 145
115 174
115 175
115 197
115 198
115 199
115 200
116 113
116 114
116 115
116 117
116 118
116 119
116 139
116 140
116 141
116 142
116 143
116 144
116 174
116 196
116 197
116 198
116 199
116 200
116 201
116 204
117 114
117 115
117 116
117 118
117 119
117 120
117 138
117 139
117 140
117 141
117 142
117 143
117 147
117 174
117 175
117 176
117 177
117 195
117 196
117 197
117 198
117 199
117 200
117 204
118 115
118 116
118 117
118 119
118 120
118 138
118 139
118 140
118 141
118 142
118 176
118 195
118 204
118 206
119 116
119 117
119 118
119 120
119 121
119 137
119 138
119 139
119 140
119 141
119 142
119 176
119 177
119 178
119 193
119 194
119 195
119 204
119 205
119 206
120 117
120 118
120 119
120 121
120 122
120 136
120 137
120 138
120 139
120 140
120 178
120 193
120 205
120 206
120 207
120 208
121 119
121 120
121 122
121 123
121 124
121 135
121 136
121 137
121 138
121 139
121 178
121 179
121 180
121 191
121 192
121 193
121 206
121 207
121 208
121 209
122 120
122 121
122 123
122 124
122 125
122 126
122 127
122 134
122 135
122 136
122 137
122 138
122 180
122 207
122 208
122 209
122 210
123 121
123 122
123 124
123 125
123 126
123 127
123 133
123 134
123 135
123 136
123 137
123 180
123 181
123 182
123 183
123 185
123 208
123 209
123 210
124 121
124 122
124 123
124 125
124 126
124 127
124 133
124 134
124 135
124 136
124 180
124 182
125 122
125 123
125 124
125 126
125 127
125 128
125 132
125 133
125 134
125 135
126 122
126 123
126 124
126 125
126 127
126 128
126 129
126 133
127 122
127 123
127 124
127 125
127 126
127 128
127 129
127 130
127 131
127 132
127 133
127 134
127 184
127 185
127 186
127 210
127 211
127 212
127 213
128 125
128 126
128 127
128 129
128 130
128 131
128 132
128 133
128 184
128 185
128 186
128 210
128 213
129 126
129 127
129 128
129 130
129 131
129 132
129 133
129 184
129 185
129 186
129 187
129 210
129 212
130 127
130 128
130 129
130 131
130 132
130 133
130 183
130 184
130 185
130 186
130 187
131 127
131 128
131 129
131 130
131 132
131 133
131 183
131 184
131 185
131 186
132 125
132 127
132 128
132 129
132 130
132 131
132 133
132 134
132 182
132 183
132 184
132 185
133 123
133 124
133 125
133 126
133 127
133 128
133 129
133 130
133 131
133 132
133 134
133 135
133 136
133 181
133 182
133 183
133 184
133 185
134 122
134 123
134 124
134 125
134 127
134 132
134 133
134 135
134 136
134 137
134 161
134 162
134 179
134 180
134 181
134 182
134 183
134 184
134 185
135 121
135 122
135 123
135 124
135 125
135 133
135 134
135 136
135 137
135 138
135 151
135 162
135 179
135 180
135 181
135 182
135 183
135 184
135 185
135 191
135 192
135 193
135 208
136 120
136 121
136 122
136 123
136 124
136 133
136 134
136 135
136 137
136 138
136 139
136 163
136 164
136 178
136 179
136 180
136 181
136 182
136 193
137 119
137 120
137 121
137 122
137 123
137 134
137 135
137 136
137 138
137 139
137 140
137 149
137 150
137 151
137 164
137 177
137 178
137 179
137 180
137 181
137 192
137 193
137 194
137 195
137 206
137 208
138 117
138 118
138 119
138 120
138 121
138 122
138 135
138 136
138 137
138 139
138 140
138 165
138 176
138 177
138 178
138 179
138 180
138 193
139 116
139 117
139 118
139 119
139 120
139 121
139 136
139 137
139 138
139 140
139 141
139 142
139 147
139 149
139 167
139 175
139 176
139 177
139 178
139 179
139 193
139 195
140 116
140 117
140 118
140 119
140 120
140 137
140 138
140 139
140 141
140 142
140 143
140 168
140 169
140 170
140 174
140 175
140 176
140 177
140 178
141 115
141 116
141 117
141 118
141 119
141 139
141 140
141 142
141 143
141 144
141 169
141 170
141 172
141 173
141 174
141 175
141 176
141 177
142 114
142 115
142 116
142 117
142 118
142 119
142 139
142 140
142 141
142 143
142 144
142 145
142 146
142 147
142 167
142 169
142 170
142 173
142 174
142 175
142 176
142 177
142 197
142 198
142 199
143 112
143 113
143 114
143 115
143 116
143 117
143 140
143 141
143 142
143 144
143 145
143 146
143 147
143 173
143 174
143 175
143 176
143 197
143 198
143 199
144 44
144 46
144 112
144 113
144 114
144 115
144 116
144 141
144 142
144 143
144 145
144 146
144 147
144 173
144 174
144 175
144 197
144 198
144 199
145 42
145 43
145 44
145 46
145 47
145 48
145 49
145 50
145 51
145 114
145 115
145 142
145 143
145 144
145 146
145 147
145 166
145 167
145 168
145 169
145 174
145 175
145 176
145 177
145 197
145 198
146 44
146 46
146 47
146 48
146 49
146 114
146 142
146 143
146 144
146 145
146 147
146 148
146 167
146 175
146 196
146 197
146 198
146 199
147 47
147 48
147 117
147 139
147 142
147 143
147 144
147 145
147 146
147 148
147 149
147 150
147 167
147 177
147 195
147 196
147 197
147 198
148 146
148 147
148 149
148 150
148 194
148 195
148 196
148 197
148 198
148 203
149 137
149 139
149 147
149 148
149 150
149 151
149 164
149 178
149 179
149 193
149 194
149 195
149 196
149 197
149 203
149 204
149 205
150 137
150 147
150 148
150 149
150 151
150 152
150 157
150 158
150 159
150 162
150 179
150 181
150 192
150 193
150 194
150 195
150 196
150 205
151 135
151 137
151 149
151 150
151 152
151 153
151 155
151 156
151 157
151 158
151 159
151 160
151 162
151 179
151 180
151 181
151 191
151 192
151 193
151 194
151 195
151 205
151 206
152 150
152 151
152 153
152 154
152 155
152 156
152 157
152 158
152 159
152 181
152 190
152 191
152 192
152 193
152 194
152 205
152 207
153 151
153 152
153 154
153 155
153 156
153 157
153 158
153 183
153 189
153 190
153 191
153 192
153 193
153 207
153 208
153 209
154 152
154 153
154 155
154 156
154 157
154 158
154 188
154 189
154 190
154 191
154 192
155 151
155 152
155 153
155 154
155 156
155 157
155 158
155 189
155 190
155 191
155 192
156 151
156 152
156 153
156 154
156 155
156 157
156 158
156 159
156 191
156 192
157 150
157 151
157 152
157 153
157 154
157 155
157 156
157 158
157 159
157 160
157 191
157 192
157 194
158 150
158 151
158 152
158 153
158 154
158 155
158 156
158 157
158 159
158 160
158 161
158 162
158 181
158 191
158 192
159 150
159 151
159 152
159 156
159 157
159 158
159 160
159 161
159 162
159 163
159 181
160 151
160 157
160 158
160 159
160 161
160 162
160 163
160 181
160 182
160 183
161 134
161 158
161 159
161 160
161 162
161 163
161 180
161 181
161 182
161 183
162 134
162 135
162 150
162 151
162 158
162 159
162 160
162 161
162 163
162 164
162 179
162 180
162 181
162 182
162 183
163 136
163 159
163 160
163 161
163 162
163 164
163 165
163 178
163 179
163 180
163 181
163 182
164 136
164 137
164 149
164 162
164 163
164 165
164 166
164 167
164 177
164 178
164 179
164 180
164 181
165 60
165 138
165 163
165 164
165 166
165 167
165 168
165 176
165 177
165 178
165 179
165 180
166 51
166 52
166 53
166 60
166 63
166 145
166 164
166 165
166 167
166 168
166 169
166 175
166 176
166 177
166 178
166 179
167 40
167 41
167 42
167 48
167 50
167 51
167 52
167 53
167 139
167 142
167 145
167 146
167 147
167 164
167 165
167 166
167 168
167 169
167 170
167 174
167 175
167 176
167 177
167 178
168 38
168 40
168 51
168 53
168 54
168 55
168 58
168 59
168 60
168 140
168 145
168 165
168 166
168 167
168 169
168 170
168 174
168 175
168 176
168 177
168 178
169 38
169 39
169 40
169 41
169 42
169 53
169 54
169 55
169 58
169 140
169 141
169 142
169 145
169 166
169 167
169 168
169 170
169 171
169 172
169 173
169 174
169 175
169 176
169 177
170 38
170 40
170 58
170 140
170 141
170 142
170 167
170 168
170 169
170 171
170 172
170 173
170 174
170 175
170 176
171 38
171 169
171 170
171 172
171 173
171 174
171 175
172 141
172 169
172 170
172 171
172 173
172 174
172 175
173 40
173 141
173 142
173 143
173 144
173 169
173 170
173 171
173 172
173 174
173 175
174 114
174 115
174 116
174 117
174 140
174 141
174 142
174 143
174 144
174 145
174 167
174 168
174 169
174 170
174 171
174 172
174 173
174 175
174 176
175 115
175 117
175 139
175 140
175 141
175 142
175 143
175 144
175 145
175 146
175 166
175 167
175 168
175 169
175 170
175 171
175 172
175 173
175 174
175 176
175 177
176 117
176 118
176 119
176 138
176 139
176 140
176 141
176 142
176 143
176 145
176 165
176 166
176 167
176 168
176 169
176 170
176 174
176 175
176 177
176 178
177 117
177 119
177 137
177 138
177 139
177 140
177 141
177 142
177 145
177 147
177 164
177 165
177 166
177 167
177 168
177 169
177 175
177 176
177 178
177 179
178 119
178 120
178 121
178 136
178 137
178 138
178 139
178 140
178 149
178 163
178 164
178 165
178 166
178 167
178 168
178 176
178 177
178 179
178 180
179 121
179 134
179 135
179 136
179 137
179 138
179 139
179 149
179 150
179 151
179 162
179 163
179 164
179 165
179 166
179 177
179 178
179 180
179 181
179 193
180 121
180 122
180 123
180 124
180 134
180 135
180 136
180 137
180 138
180 151
180 161
180 162
180 163
180 164
180 165
180 178
180 179
180 181
180 182
180 183
180 193
181 123
181 133
181 134
181 135
181 136
181 137
181 150
181 151
181 152
181 158
181 159
181 160
181 161
181 162
181 163
181 164
181 179
181 180
181 182
181 183
181 184
181 191
181 193
182 123
182 124
182 132
182 133
182 134
182 135
182 136
182 160
182 161
182 162
182 163
182 180
182 181
182 183
182 184
182 185
183 123
183 130
183 131
183 132
183 133
183 134
183 135
183 153
183 160
183 161
183 162
183 180
183 181
183 182
183 184
183 185
183 186
183 191
184 127
184 128
184 129
184 130
184 131
184 132
184 133
184 134
184 135
184 181
184 182
184 183
184 185
184 186
184 189
185 123
185 127
185 128
185 129
185 130
185 131
185 132
185 133
185 134
185 135
185 182
185 183
185 184
185 186
185 187
185 188
185 189
185 190
185 191
185 209
185 210
186 127
186 128
186 129
186 130
186 131
186 183
186 184
186 185
186 187
186 188
186 189
186 190
186 209
186 210
187 129
187 130
187 185
187 186
187 188
187 189
187 190
187 209
187 210
187 211
187 212
188 154
188 185
188 186
188 187
188 189
188 190
188 209
188 210
189 153
189 154
189 155
189 184
189 185
189 186
189 187
189 188
189 190
189 191
189 208
189 209
189 210
190 152
190 153
190 154
190 155
190 185
190 186
190 187
190 188
190 189
190 191
190 192
190 207
190 208
190 209
190 210
191 121
191 135
191 151
191 152
191 153
191 154
191 155
191 156
191 157
191 158
191 181
191 183
191 185
191 189
191 190
191 192
191 193
191 194
191 205
191 206
191 207
191 208
191 209
191 210
192 121
192 135
192 137
192 150
192 151
192 152
192 153
192 154
192 155
192 156
192 157
192 158
192 190
192 191
192 193
192 194
192 195
192 204
192 205
192 206
192 207
192 208
192 209
193 119
193 120
193 121
193 135
193 136
193 137
193 138
193 139
193 149
193 150
193 151
193 152
193 153
193 179
193 180
193 181
193 191
193 192
193 194
193 195
193 203
193 204
193 205
193 206
193 207
193 208
194 119
194 137
194 148
194 149
194 150
194 151
194 152
194 157
194 191
194 192
194 193
194 195
194 196
194 203
194 204
194 205
194 206
194 207
195 117
195 118
195 119
195 137
195 139
195 147
195 148
195 149
195 150
195 151
195 192
195 193
195 194
195 196
195 197
195 200
195 202
195 203
195 204
195 205
195 206
196 116
196 117
196 146
196 147
196 148
196 149
196 150
196 194
196 195
196 197
196 198
196 199
196 200
196 201
196 202
196 203
196 204
196 205
197 114
197 115
197 116
197 117
197 142
197 143
197 144
197 145
197 146
197 147
197 148
197 149
197 195
197 196
197 198
197 199
197 200
197 201
197 202
197 203
197 204
198 113
198 114
198 115
198 116
198 117
198 142
198 143
198 144
198 145
198 146
198 147
198 148
198 196
198 197
198 199
198 200
198 201
198 202
198 203
199 113
199 114
199 115
199 116
199 117
199 142
199 143
199 144
199 146
199 196
199 197
199 198
199 200
199 201
199 202
200 114
200 115
200 116
200 117
200 195
200 196
200 197
200 198
200 199
200 201
200 202
200 203
200 204
201 116
201 196
201 197
201 198
201 199
201 200
201 202
201 203
201 204
202 195
202 196
202 197
202 198
202 199
202 200
202 201
202 203
202 204
202 205
203 148
203 149
203 193
203 194
203 195
203 196
203 197
203 198
203 200
203 201
203 202
203 204
203 205
203 206
204 116
204 117
204 118
204 119
204 149
204 192
204 193
204 194
204 195
204 196
204 197
204 200
204 201
204 202
204 203
204 205
204 206
204 207
205 119
205 120
205 149
205 150
205 151
205 152
205 191
205 192
205 193
205 194
205 195
205 196
205 202
205 203
205 204
205 206
205 207
205 208
206 118
206 119
206 120
206 121
206 137
206 151
206 191
206 192
206 193
206 194
206 195
206 203
206 204
206 205
206 207
206 208
207 120
207 121
207 122
207 152
207 153
207 190
207 191
207 192
207 193
207 194
207 204
207 205
207 206
207 208
207 209
208 120
208 121
208 122
208 123
208 135
208 137
208 153
208 189
208 190
208 191
208 192
208 193
208 205
208 206
208 207
208 209
208 210
208 211
209 121
209 122
209 123
209 153
209 185
209 186
209 187
209 188
209 189
209 190
209 191
209 192
209 207
209 208
209 210
209 211
209 212
210 122
210 123
210 127
210 128
210 129
210 185
210 186
210 187
210 188
210 189
210 190
210 191
210 208
210 209
210 211
210 212
210 213
211 127
211 187
211 208
211 209
211 210
211 212
211 213
211 214
212 127
212 129
212 187
212 209
212 210
212 211
212 213
212 214
212 215
213 127
213 128
213 210
213 211
213 212
213 214
213 215
213 216
214 211
214 212
214 213
214 215
214 216
214 217
215 212
215 213
215 214
215 216
215 217
215 218
215 219
216 213
216 214
216 215
216 217
216 218
216 219
216 220
216 221
217 214
217 215
217 216
217 218
217 219
217 220
217 221
217 222
218 215
218 216
218 217
218 219
218 220
218 221
218 222
218 223
218 224
219 215
219 216
219 217
219 218
219 220
219 221
219 222
219 223
219 224
219 225
219 226
220 216
220 217
220 218
220 219
220 221
220 222
220 223
220 224
220 225
220 226
221 216
221 217
221 218
221 219
221 220
221 222
221 223
221 224
221 225
221 226
221 227
222 217
222 218
222 219
222 220
222 221
222 223
222 224
222 225
222 226
222 227
222 228
223 218
223 219
223 220
223 221
223 222
223 224
223 225
223 226
223 227
223 228
223 229
224 218
224 219
224 220
224 221
224 222
224 223
224 225
224 226
224 227
224 228
224 229
224 230
225 219
225 220
225 221
225 222
225 223
225 224
225 226
225 227
225 228
225 229
225 230
225 231
226 219
226 220
226 221
226 222
226 223
226 224
226 225
226 227
226 228
226 229
226 230
226 231
226 232
227 221
227 222
227 223
227 224
227 225
227 226
227 228
227 229
227 230
227 231
227 232
227 233
228 222
228 223
228 224
228 225
228 226
228 227
228 229
228 230
228 231
228 232
228 233
228 234
229 223
229 224
229 225
229 226
229 227
229 228
229 230
229 231
229 232
229 233
229 234
229 235
230 224
230 225
230 226
230 227
230 228
230 229
230 231
230 232
230 233
230 234
230 235
230 236
231 225
231 226
231 227
231 228
231 229
231 230
231 232
231 233
231 234
231 235
231 236
231 237
232 226
232 227
232 228
232 229
232 230
232 231
232 233
232 234
232 235
232 236
232 237
232 238
233 227
233 228
233 229
233 230
233 231
233 232
233 234
233 235
233 236
233 237
233 238
233 239
234 228
234 229
234 230
234 231
234 232
234 233
234 235
234 236
234 237
234 238
234 239
234 240
235 229
235 230
235 231
235 232
235 233
235 234
235 236
235 237
235 238
235 239
235 240
235 241
236 230
236 231
236 232
236 233
236 234
236 235
236 237
236 238
236 239
236 240
236 241
236 242
237 231
237 232
237 233
237 234
237 235
237 236
237 238
237 239
237 240
237 241
237 242
237 243
238 232
238 233
238 234
238 235
238 236
238 237
238 239
238 240
238 241
238 242
238 243
238 244
239 233
239 234
239 235
239 236
239 237
239 238
239 240
239 241
239 242
239 243
239 244
239 245
240 234
240 235
240 236
240 237
240 238
240 239
240 241
240 242
240 243
240 244
240 245
240 246
241 235
241 236
241 237
241 238
241 239
241 240
241 242
241 243
241 244
241 245
241 246
241 247
242 236
242 237
242 238
242 239
242 240
242 241
242 243
242 244
242 245
242 246
242 247
242 248
243 237
243 238
243 239
243 240
243 241
243 242
243 244
243 245
243 246
243 247
243 248
243 249
244 238
244 239
244 240
244 241
244 242
244 243
244 245
244 246
244 247
244 248
244 249
244 250
245 239
245 240
245 241
245 242
245 243
245 244
245 246
245 247
245 248
245 249
245 250
245 251
246 240
246 241
246 242
246 243
246 244
246 245
246 247
246 248
246 249
246 250
246 251
247 241
247 242
247 243
247 244
247 245
247 246
247 248
247 249
247 250
247 251
247 252
248 242
248 243
248 244
248 245
248 246
248 247
248 249
248 250
248 251
248 252
248 253
249 243
249 244
249 245
249 246
249 247
249 248
249 250
249 251
249 252
249 253
250 244
250 245
250 246
250 247
250 248
250 249
250 251
250 252
250 253
250 255
251 245
251 246
251 247
251 248
251 249
251 250
251 252
251 253
251 254
251 255
252 247
252 248
252 249
252 250
252 251
252 253
252 254
252 255
252 256
253 248
253 249
253 250
253 251
253 252
253 254
253 255
253 256
253 257
254 251
254 252
254 253
254 255
254 256
254 257
254 258
255 250
255 251
255 252
255 253
255 254
255 256
255 257
255 258
256 252
256 253
256 254
256 255
256 257
256 258
256 259
257 253
257 254
257 255
257 256
257 258
257 259
258 254
258 255
258 256
258 257
258 259
259 256
259 257
259 258
