0 1
0 2
1 0
1 2
1 3
2 0
2 1
2 3
2 4
3 1
3 2
3 4
3 5
4 2
4 3
4 5
4 6
5 3
5 4
5 6
5 7
6 4
6 5
6 7
6 8
7 5
7 6
7 8
7 9
8 6
8 7
8 9
8 10
9 7
9 8
9 10
9 11
10 8
10 9
10 11
10 12
11 9
11 10
11 12
11 13
12 10
12 11
12 13
12 14
13 11
13 12
13 14
13 15
14 12
14 13
14 15
14 16
14 17
15 13
15 14
15 16
15 17
16 14
16 15
16 17
16 18
17 14
17 15
17 16
17 18
17 19
18 16
18 17
18 19
18 20
18 21
19 17
19 18
19 20
19 21
20 18
20 19
20 21
20 22
21 18
21 19
21 20
21 22
21 23
22 20
22 21
22 23
22 24
23 21
23 22
23 24
23 25
23 26
24 22
24 23
24 25
24 26
25 23
25 24
25 26
25 27
26 23
26 24
26 25
26 27
26 28
27 25
27 26
27 28
27 29
28 26
28 27
28 29
28 30
29 27
29 28
29 30
29 31
30 28
30 29
30 31
30 32
31 29
31 30
31 32
31 33
32 30
32 31
32 33
32 34
33 31
33 32
33 34
33 35
34 32
34 33
34 35
34 36
34 37
35 33
35 34
35 36
35 37
36 34
36 35
36 37
36 38
37 34
37 35
37 36
37 38
37 39
37 40
38 36
38 37
38 39
38 40
39 37
39 38
39 40
39 41
39 42
40 37
40 38
40 39
40 41
40 42
40 43
41 39
41 40
41 42
41 43
41 44
42 39
42 40
42 41
42 43
42 44
42 45
43 40
43 41
43 42
43 44
43 45
43 46
44 41
44 42
44 43
44 45
44 46
44 47
45 42
45 43
45 44
45 46
45 47
45 48
46 43
46 44
46 45
46 47
46 48
46 49
47 44
47 45
47 46
47 48
47 49
47 50
48 45
48 46
48 47
48 49
48 50
48 51
49 46
49 47
49 48
49 50
49 51
49 52
50 47
50 48
50 49
50 51
50 52
50 53
51 48
51 49
51 50
51 52
51 53
51 54
52 49
52 50
52 51
52 53
52 54
52 55
53 50
53 51
53 52
53 54
53 55
53 56
54 51
54 52
54 53
54 55
54 56
54 57
55 52
55 53
55 54
55 56
55 57
55 58
56 53
56 54
56 55
56 57
56 58
56 59
56 60
56 61
56 130
57 54
57 55
57 56
57 58
57 59
57 60
57 61
57 62
57 130
57 131
58 55
58 56
58 57
58 59
58 60
58 61
58 62
58 129
58 130
58 131
58 132
59 56
59 57
59 58
59 60
59 61
59 62
59 63
59 64
59 66
59 67
59 126
59 128
59 129
59 130
59 131
59 132
60 56
60 57
60 58
60 59
60 61
60 62
60 63
60 67
60 127
60 128
60 129
60 130
60 131
60 132
61 56
61 57
61 58
61 59
61 60
61 62
61 63
61 64
61 66
61 67
61 129
61 130
61 131
62 57
62 58
62 59
62 60
62 61
62 63
62 64
62 65
62 66
62 67
62 68
62 128
62 129
62 130
62 131
63 59
63 60
63 61
63 62
63 64
63 65
63 66
63 67
63 68
63 129
64 59
64 61
64 62
64 63
64 65
64 66
64 67
64 68
64 69
64 70
64 129
65 62
65 63
65 64
65 66
65 67
65 68
65 69
65 70
65 71
66 59
66 61
66 62
66 63
66 64
66 65
66 67
66 68
66 69
66 70
66 71
66 72
66 129
67 59
67 60
67 61
67 62
67 63
67 64
67 65
67 66
67 68
67 69
67 70
67 71
67 72
67 73
67 125
67 126
67 128
67 129
67 130
68 62
68 63
68 64
68 65
68 66
68 67
68 69
68 70
68 71
68 72
68 73
68 129
69 64
69 65
69 66
69 67
69 68
69 70
69 71
69 72
69 73
69 74
69 75
70 64
70 65
70 66
70 67
70 68
70 69
70 71
70 72
70 73
70 74
70 75
70 76
70 125
70 128
70 129
71 65
71 66
71 67
71 68
71 69
71 70
71 72
71 73
71 74
71 75
71 76
71 77
71 122
71 125
71 126
71 128
71 129
72 66
72 67
72 68
72 69
72 70
72 71
72 73
72 74
72 75
72 76
72 77
72 78
73 67
73 68
73 69
73 70
73 71
73 72
73 74
73 75
73 76
73 77
73 78
73 79
73 125
74 69
74 70
74 71
74 72
74 73
74 75
74 76
74 77
74 78
74 79
74 80
74 121
74 122
74 124
74 125
74 530
74 533
74 534
75 69
75 70
75 71
75 72
75 73
75 74
75 76
75 77
75 78
75 79
75 80
75 81
75 117
75 121
75 122
75 125
76 70
76 71
76 72
76 73
76 74
76 75
76 77
76 78
76 79
76 80
76 81
76 82
77 71
77 72
77 73
77 74
77 75
77 76
77 78
77 79
77 80
77 81
77 82
77 83
77 117
77 121
77 122
77 530
77 533
77 534
77 536
77 537
78 72
78 73
78 74
78 75
78 76
78 77
78 79
78 80
78 81
78 82
78 83
78 84
78 114
78 116
78 117
78 118
78 119
78 120
78 121
78 122
78 125
78 533
78 534
78 536
78 537
79 73
79 74
79 75
79 76
79 77
79 78
79 80
79 81
79 82
79 83
79 84
79 117
79 118
79 121
79 122
79 537
80 74
80 75
80 76
80 77
80 78
80 79
80 81
80 82
80 83
80 84
80 85
80 86
80 117
80 536
80 537
80 538
80 540
80 541
81 75
81 76
81 77
81 78
81 79
81 80
81 82
81 83
81 84
81 85
81 86
81 87
81 110
81 113
81 114
81 115
81 116
81 117
81 118
81 121
81 533
81 534
81 535
81 536
81 537
81 538
81 539
81 540
81 541
82 76
82 77
82 78
82 79
82 80
82 81
82 83
82 84
82 85
82 86
82 87
82 110
82 111
82 113
82 114
82 115
82 116
82 117
82 118
82 536
82 537
82 540
83 77
83 78
83 79
83 80
83 81
83 82
83 84
83 85
83 86
83 87
83 88
83 89
83 114
83 117
83 537
83 540
84 78
84 79
84 80
84 81
84 82
84 83
84 85
84 86
84 87
84 88
84 89
84 110
84 113
84 114
84 117
84 536
84 537
84 538
84 539
84 540
84 541
84 543
84 544
84 554
85 80
85 81
85 82
85 83
85 84
85 86
85 87
85 88
85 89
85 90
85 91
85 106
85 107
85 109
85 110
85 111
85 112
85 113
85 114
85 115
85 117
85 536
85 537
85 538
85 539
85 540
85 541
86 80
86 81
86 82
86 83
86 84
86 85
86 87
86 88
86 89
86 90
86 91
86 92
86 107
86 110
86 111
86 113
86 114
86 540
87 81
87 82
87 83
87 84
87 85
87 86
87 88
87 89
87 90
87 91
87 92
87 93
87 110
87 540
87 544
87 550
87 553
87 554
87 557
87 558
88 83
88 84
88 85
88 86
88 87
88 89
88 90
88 91
88 92
88 93
88 98
88 103
88 106
88 107
88 109
88 110
88 111
88 539
88 540
88 543
88 544
88 550
88 553
88 554
89 83
89 84
89 85
89 86
89 87
89 88
89 90
89 91
89 92
89 93
89 94
89 103
89 104
89 106
89 107
89 108
89 109
89 110
89 111
89 114
90 85
90 86
90 87
90 88
90 89
90 91
90 92
90 93
90 94
90 95
90 107
90 553
90 554
90 557
91 85
91 86
91 87
91 88
91 89
91 90
91 92
91 93
91 94
91 95
91 96
91 97
91 98
91 99
91 107
91 549
91 550
91 551
91 552
91 553
91 554
91 556
91 557
92 86
92 87
92 88
92 89
92 90
92 91
92 93
92 94
92 95
92 96
92 97
92 98
92 99
92 100
92 103
92 104
92 106
92 107
92 550
92 553
93 87
93 88
93 89
93 90
93 91
93 92
93 94
93 95
93 96
93 98
93 99
93 107
94 89
94 90
94 91
94 92
94 93
94 95
94 96
94 97
94 98
94 99
94 553
94 557
94 562
95 90
95 91
95 92
95 93
95 94
95 96
95 97
95 98
95 99
95 549
95 550
95 553
96 91
96 92
96 93
96 94
96 95
96 97
96 98
96 99
96 100
97 91
97 92
97 94
97 95
97 96
97 98
97 99
97 100
97 350
97 549
97 550
98 88
98 91
98 92
98 93
98 94
98 95
98 96
98 97
98 99
98 100
98 101
98 102
98 103
98 104
98 549
98 550
98 553
99 91
99 92
99 93
99 94
99 95
99 96
99 97
99 98
99 100
99 101
99 102
99 103
99 104
99 107
99 181
100 92
100 96
100 97
100 98
100 99
100 101
100 102
100 103
100 104
100 105
100 180
100 181
101 98
101 99
101 100
101 102
101 103
101 104
101 105
101 106
101 164
101 176
101 179
101 180
101 181
101 182
101 183
101 184
101 185
102 98
102 99
102 100
102 101
102 103
102 104
102 105
102 106
102 107
102 161
102 164
102 165
102 168
102 179
102 181
102 184
103 88
103 89
103 92
103 98
103 99
103 100
103 101
103 102
103 104
103 105
103 106
103 107
103 108
103 109
103 161
103 184
104 89
104 92
104 98
104 99
104 100
104 101
104 102
104 103
104 105
104 106
104 107
104 108
104 109
104 110
104 161
104 181
104 184
104 185
104 188
105 100
105 101
105 102
105 103
105 104
105 106
105 107
105 108
105 109
105 110
105 111
105 157
105 158
105 160
105 161
105 164
105 184
105 185
105 187
105 188
106 85
106 88
106 89
106 92
106 101
106 102
106 103
106 104
106 105
106 107
106 108
106 109
106 110
106 111
106 154
106 157
106 158
106 161
106 539
106 540
106 543
107 85
107 86
107 88
107 89
107 90
107 91
107 92
107 93
107 99
107 102
107 103
107 104
107 105
107 106
107 108
107 109
107 110
107 111
107 112
107 113
107 157
107 188
108 89
108 103
108 104
108 105
108 106
108 107
108 109
108 110
108 111
108 112
108 113
108 114
108 153
108 154
108 157
108 158
108 185
108 188
108 189
108 191
108 192
109 85
109 88
109 89
109 103
109 104
109 105
109 106
109 107
109 108
109 110
109 111
109 112
109 113
109 114
109 150
109 151
109 153
109 154
109 155
109 156
109 157
109 158
109 161
109 188
109 536
109 539
109 540
110 81
110 82
110 84
110 85
110 86
110 87
110 88
110 89
110 104
110 105
110 106
110 107
110 108
110 109
110 111
110 112
110 113
110 114
110 115
110 116
110 154
110 157
110 536
110 537
110 539
110 540
111 82
111 85
111 86
111 88
111 89
111 105
111 106
111 107
111 108
111 109
111 110
111 112
111 113
111 114
111 115
111 116
111 117
111 150
111 153
111 154
112 85
112 107
112 108
112 109
112 110
112 111
112 113
112 114
112 115
112 116
112 117
112 146
112 147
112 149
112 150
112 151
112 152
112 153
112 154
112 155
112 157
112 192
112 536
113 81
113 82
113 84
113 85
113 86
113 107
113 108
113 109
113 110
113 111
113 112
113 114
113 115
113 116
113 117
113 118
113 120
113 150
113 151
113 153
113 154
113 533
113 534
113 535
113 536
113 537
113 538
113 539
113 540
114 78
114 81
114 82
114 83
114 84
114 85
114 86
114 89
114 108
114 109
114 110
114 111
114 112
114 113
114 115
114 116
114 117
114 118
114 119
114 120
114 150
114 536
114 537
115 81
115 82
115 85
115 110
115 111
115 112
115 113
115 114
115 116
115 117
115 118
115 119
115 120
115 121
115 146
115 147
115 149
115 150
115 151
115 536
116 78
116 81
116 82
116 110
116 111
116 112
116 113
116 114
116 115
116 117
116 118
116 119
116 120
116 121
116 122
116 123
116 146
116 147
116 148
116 149
116 150
116 151
116 154
116 532
116 533
116 536
116 537
117 75
117 77
117 78
117 79
117 80
117 81
117 82
117 83
117 84
117 85
117 111
117 112
117 113
117 114
117 115
117 116
117 118
117 119
117 120
117 121
117 122
117 123
117 147
117 533
117 534
117 536
117 537
118 78
118 79
118 81
118 82
118 113
118 114
118 115
118 116
118 117
118 119
118 120
118 121
118 122
118 123
119 78
119 114
119 115
119 116
119 117
119 118
119 120
119 121
119 122
119 123
119 124
119 143
119 146
119 147
120 78
120 113
120 114
120 115
120 116
120 117
120 118
120 119
120 121
120 122
120 123
120 124
120 125
120 143
120 144
120 146
120 147
120 148
120 150
120 151
120 533
121 74
121 75
121 77
121 78
121 79
121 81
121 115
121 116
121 117
121 118
121 119
121 120
121 122
121 123
121 124
121 125
121 126
121 127
121 147
121 529
121 530
121 533
121 534
122 71
122 74
122 75
122 77
122 78
122 79
122 116
122 117
122 118
122 119
122 120
122 121
122 123
122 124
122 125
122 126
122 127
123 116
123 117
123 118
123 119
123 120
123 121
123 122
123 124
123 125
123 126
123 127
123 128
123 129
123 133
123 135
123 140
123 143
124 74
124 119
124 120
124 121
124 122
124 123
124 125
124 126
124 127
124 128
124 129
124 130
124 133
124 143
124 220
124 526
124 529
124 530
125 67
125 70
125 71
125 73
125 74
125 75
125 78
125 120
125 121
125 122
125 123
125 124
125 126
125 127
125 128
125 129
125 130
125 131
125 526
125 530
126 59
126 67
126 71
126 121
126 122
126 123
126 124
126 125
126 127
126 128
126 129
126 130
126 131
126 132
126 133
126 134
127 60
127 121
127 122
127 123
127 124
127 125
127 126
127 128
127 129
127 130
127 131
127 132
127 133
127 134
127 135
127 218
127 219
127 220
128 59
128 60
128 62
128 67
128 70
128 71
128 123
128 124
128 125
128 126
128 127
128 129
128 130
128 131
128 132
128 133
128 522
128 523
128 526
129 58
129 59
129 60
129 61
129 62
129 63
129 64
129 66
129 67
129 68
129 70
129 71
129 123
129 124
129 125
129 126
129 127
129 128
129 130
129 131
129 132
129 133
130 56
130 57
130 58
130 59
130 60
130 61
130 62
130 67
130 124
130 125
130 126
130 127
130 128
130 129
130 131
130 132
130 133
130 134
130 218
131 57
131 58
131 59
131 60
131 61
131 62
131 125
131 126
131 127
131 128
131 129
131 130
131 132
131 133
131 134
131 218
131 219
132 58
132 59
132 60
132 126
132 127
132 128
132 129
132 130
132 131
132 133
132 134
132 135
132 217
132 218
132 219
132 220
133 123
133 124
133 126
133 127
133 128
133 129
133 130
133 131
133 132
133 134
133 135
133 136
133 137
133 139
133 140
133 217
133 218
133 219
133 220
133 221
134 126
134 127
134 130
134 131
134 132
134 133
134 135
134 136
134 137
134 139
134 140
134 217
134 218
134 219
134 220
135 123
135 127
135 132
135 133
135 134
135 136
135 137
135 138
135 139
135 140
135 218
135 220
136 133
136 134
136 135
136 137
136 138
136 139
136 140
136 141
136 217
136 218
136 219
136 220
137 133
137 134
137 135
137 136
137 138
137 139
137 140
137 141
137 142
137 143
137 213
137 215
137 216
137 217
137 218
137 219
137 220
138 135
138 136
138 137
138 139
138 140
138 141
138 142
138 143
138 144
138 204
139 133
139 134
139 135
139 136
139 137
139 138
139 140
139 141
139 142
139 143
139 144
139 145
139 220
140 123
140 133
140 134
140 135
140 136
140 137
140 138
140 139
140 141
140 142
140 143
140 144
140 145
140 146
140 204
140 218
140 219
140 220
140 221
140 222
141 136
141 137
141 138
141 139
141 140
141 142
141 143
141 144
141 145
141 146
141 147
141 200
141 203
141 204
141 205
141 206
141 207
141 220
141 221
141 222
141 223
142 137
142 138
142 139
142 140
142 141
142 143
142 144
142 145
142 146
142 147
142 200
142 203
142 204
143 119
143 120
143 123
143 124
143 137
143 138
143 139
143 140
143 141
143 142
143 144
143 145
143 146
143 147
143 148
143 149
143 203
143 220
143 221
144 120
144 138
144 139
144 140
144 141
144 142
144 143
144 145
144 146
144 147
144 148
144 149
144 150
144 199
144 200
144 203
144 204
144 220
144 221
144 222
145 139
145 140
145 141
145 142
145 143
145 144
145 146
145 147
145 148
145 149
145 150
145 151
145 196
145 199
145 200
145 201
145 202
145 203
145 204
145 222
146 112
146 115
146 116
146 119
146 120
146 140
146 141
146 142
146 143
146 144
146 145
146 147
146 148
146 149
146 150
146 151
146 152
146 196
146 199
146 200
146 203
147 112
147 115
147 116
147 117
147 119
147 120
147 121
147 141
147 142
147 143
147 144
147 145
147 146
147 148
147 149
147 150
147 151
147 152
147 153
147 199
147 200
147 533
148 116
148 120
148 143
148 144
148 145
148 146
148 147
148 149
148 150
148 151
148 152
148 153
148 154
148 195
148 196
148 198
148 199
148 200
148 203
148 222
148 238
149 112
149 115
149 116
149 143
149 144
149 145
149 146
149 147
149 148
149 150
149 151
149 152
149 153
149 154
149 155
149 192
149 193
149 194
149 195
149 196
149 197
149 198
149 199
149 200
150 109
150 111
150 112
150 113
150 114
150 115
150 116
150 120
150 144
150 145
150 146
150 147
150 148
150 149
150 151
150 152
150 153
150 154
150 155
150 156
150 192
150 195
150 196
150 199
151 109
151 112
151 113
151 115
151 116
151 120
151 145
151 146
151 147
151 148
151 149
151 150
151 152
151 153
151 154
151 155
151 156
151 157
151 195
151 238
151 532
151 533
151 535
151 536
152 112
152 146
152 147
152 148
152 149
152 150
152 151
152 153
152 154
152 155
152 156
152 157
152 158
152 191
152 192
152 194
152 195
152 196
152 198
152 199
152 238
152 239
153 108
153 109
153 111
153 112
153 113
153 147
153 148
153 149
153 150
153 151
153 152
153 154
153 155
153 156
153 157
153 158
153 159
153 188
153 189
153 190
153 191
153 192
153 193
153 194
153 195
153 196
153 238
154 106
154 108
154 109
154 110
154 111
154 112
154 113
154 116
154 148
154 149
154 150
154 151
154 152
154 153
154 155
154 156
154 157
154 158
154 159
154 160
154 191
154 192
154 195
154 535
154 536
155 109
155 112
155 149
155 150
155 151
155 152
155 153
155 154
155 156
155 157
155 158
155 159
155 160
155 161
155 191
155 195
155 238
155 239
155 242
155 243
155 499
155 503
156 109
156 150
156 151
156 152
156 153
156 154
156 155
156 157
156 158
156 159
156 160
156 161
156 162
156 187
156 188
156 190
156 191
156 192
156 194
156 195
156 238
156 239
156 242
157 105
157 106
157 107
157 108
157 109
157 110
157 112
157 151
157 152
157 153
157 154
157 155
157 156
157 158
157 159
157 160
157 161
157 162
157 163
157 187
157 188
157 189
157 190
157 191
157 192
157 195
158 105
158 106
158 108
158 109
158 152
158 153
158 154
158 155
158 156
158 157
158 159
158 160
158 161
158 162
158 163
158 164
158 191
158 242
158 243
158 246
158 492
158 495
158 496
158 499
159 153
159 154
159 155
159 156
159 157
159 158
159 160
159 161
159 162
159 163
159 164
159 165
159 191
159 242
159 243
159 245
159 246
159 247
159 249
159 496
160 105
160 154
160 155
160 156
160 157
160 158
160 159
160 161
160 162
160 163
160 164
160 165
160 166
160 184
160 187
160 188
160 190
160 191
160 242
160 246
161 102
161 103
161 104
161 105
161 106
161 109
161 155
161 156
161 157
161 158
161 159
161 160
161 162
161 163
161 164
161 165
161 166
161 184
161 187
161 188
161 246
161 492
162 156
162 157
162 158
162 159
162 160
162 161
162 163
162 164
162 165
162 166
162 167
162 168
162 242
162 245
162 246
162 247
162 248
162 249
162 250
162 253
162 489
162 492
162 493
162 496
163 157
163 158
163 159
163 160
163 161
163 162
163 164
163 165
163 166
163 167
163 168
163 169
163 245
163 246
163 249
163 250
164 101
164 102
164 105
164 158
164 159
164 160
164 161
164 162
164 163
164 165
164 166
164 167
164 168
164 169
164 175
164 176
164 179
164 184
164 187
165 102
165 159
165 160
165 161
165 162
165 163
165 164
165 166
165 167
165 168
165 169
165 170
165 171
165 172
165 249
165 250
165 253
165 485
165 488
165 489
165 492
166 160
166 161
166 162
166 163
166 164
166 165
166 167
166 168
166 169
166 170
166 171
166 172
166 175
166 246
166 249
166 250
166 251
166 252
166 253
166 254
166 256
166 489
167 162
167 163
167 164
167 165
167 166
167 168
167 169
167 170
167 171
167 172
167 173
167 174
167 175
167 176
167 179
167 249
167 253
168 102
168 162
168 163
168 164
168 165
168 166
168 167
168 169
168 170
168 171
168 172
168 173
168 174
168 175
168 176
168 177
168 179
168 253
168 485
169 163
169 164
169 165
169 166
169 167
169 168
169 170
169 171
169 172
169 173
169 175
169 176
169 252
169 253
169 254
169 256
169 257
169 482
169 485
169 486
169 489
170 165
170 166
170 167
170 168
170 169
170 171
170 172
170 173
170 174
170 175
170 252
170 253
170 256
170 257
171 165
171 166
171 167
171 168
171 169
171 170
171 172
171 173
171 174
171 175
171 176
171 177
172 165
172 166
172 167
172 168
172 169
172 170
172 171
172 173
172 174
172 175
172 176
172 177
173 167
173 168
173 169
173 170
173 171
173 172
173 174
173 175
173 176
173 177
173 178
174 167
174 168
174 170
174 171
174 172
174 173
174 175
174 176
174 177
174 178
174 179
175 164
175 166
175 167
175 168
175 169
175 170
175 171
175 172
175 173
175 174
175 176
175 177
175 178
175 179
175 180
176 101
176 164
176 167
176 168
176 169
176 171
176 172
176 173
176 174
176 175
176 177
176 178
176 179
176 180
177 168
177 171
177 172
177 173
177 174
177 175
177 176
177 178
177 179
177 180
178 173
178 174
178 175
178 176
178 177
178 179
178 180
178 183
179 101
179 102
179 164
179 167
179 168
179 174
179 175
179 176
179 177
179 178
179 180
179 181
179 182
179 183
179 184
180 100
180 101
180 175
180 176
180 177
180 178
180 179
180 181
180 182
180 183
180 184
180 185
181 99
181 100
181 101
181 102
181 104
181 179
181 180
181 182
181 183
181 184
181 185
181 186
181 187
182 101
182 179
182 180
182 181
182 183
182 184
182 185
182 186
182 187
182 188
183 101
183 178
183 179
183 180
183 181
183 182
183 184
183 185
183 186
183 187
183 188
183 189
184 101
184 102
184 103
184 104
184 105
184 160
184 161
184 164
184 179
184 180
184 181
184 182
184 183
184 185
184 186
184 187
184 188
184 189
184 190
185 101
185 104
185 105
185 108
185 180
185 181
185 182
185 183
185 184
185 186
185 187
185 188
185 189
185 190
185 191
186 181
186 182
186 183
186 184
186 185
186 187
186 188
186 189
186 190
186 191
186 192
187 105
187 156
187 157
187 160
187 161
187 164
187 181
187 182
187 183
187 184
187 185
187 186
187 188
187 189
187 190
187 191
187 192
187 193
188 104
188 105
188 107
188 108
188 109
188 153
188 156
188 157
188 160
188 161
188 182
188 183
188 184
188 185
188 186
188 187
188 189
188 190
188 191
188 192
188 193
189 108
189 153
189 157
189 183
189 184
189 185
189 186
189 187
189 188
189 190
189 191
189 192
189 193
189 194
189 195
190 153
190 156
190 157
190 160
190 184
190 185
190 186
190 187
190 188
190 189
190 191
190 192
190 193
190 194
190 195
190 196
191 108
191 152
191 153
191 154
191 155
191 156
191 157
191 158
191 159
191 160
191 185
191 186
191 187
191 188
191 189
191 190
191 192
191 193
191 194
191 195
191 196
192 108
192 112
192 149
192 150
192 152
192 153
192 154
192 156
192 157
192 186
192 187
192 188
192 189
192 190
192 191
192 193
192 194
192 195
192 196
192 197
192 198
193 149
193 153
193 187
193 188
193 189
193 190
193 191
193 192
193 194
193 195
193 196
193 197
193 198
194 149
194 152
194 153
194 156
194 189
194 190
194 191
194 192
194 193
194 195
194 196
194 197
194 198
194 199
194 238
195 148
195 149
195 150
195 151
195 152
195 153
195 154
195 155
195 156
195 157
195 189
195 190
195 191
195 192
195 193
195 194
195 196
195 197
195 198
195 199
195 200
195 238
196 145
196 146
196 148
196 149
196 150
196 152
196 153
196 190
196 191
196 192
196 193
196 194
196 195
196 197
196 198
196 199
196 200
196 201
196 202
197 149
197 192
197 193
197 194
197 195
197 196
197 198
197 199
197 200
197 201
197 202
198 148
198 149
198 152
198 192
198 193
198 194
198 195
198 196
198 197
198 199
198 200
198 201
198 202
198 203
198 234
198 237
198 238
199 144
199 145
199 146
199 147
199 148
199 149
199 150
199 152
199 194
199 195
199 196
199 197
199 198
199 200
199 201
199 202
199 203
199 204
199 234
199 238
200 141
200 142
200 144
200 145
200 146
200 147
200 148
200 149
200 195
200 196
200 197
200 198
200 199
200 201
200 202
200 203
200 204
200 205
200 206
201 145
201 196
201 197
201 198
201 199
201 200
201 202
201 203
201 204
201 205
201 206
202 145
202 196
202 197
202 198
202 199
202 200
202 201
202 203
202 204
202 205
202 206
202 207
202 209
202 222
202 223
202 224
202 230
202 234
203 141
203 142
203 143
203 144
203 145
203 146
203 148
203 198
203 199
203 200
203 201
203 202
203 204
203 205
203 206
203 207
203 221
203 222
203 223
203 224
204 138
204 140
204 141
204 142
204 144
204 145
204 199
204 200
204 201
204 202
204 203
204 205
204 206
204 207
204 208
204 209
204 222
204 223
205 141
205 200
205 201
205 202
205 203
205 204
205 206
205 207
205 208
205 209
205 210
205 211
206 141
206 200
206 201
206 202
206 203
206 204
206 205
206 207
206 208
206 209
206 210
206 211
206 212
206 213
206 214
206 222
206 223
206 224
207 141
207 202
207 203
207 204
207 205
207 206
207 208
207 209
207 210
207 211
207 212
207 213
207 214
207 215
207 223
207 224
208 204
208 205
208 206
208 207
208 209
208 210
208 211
208 212
208 213
209 202
209 204
209 205
209 206
209 207
209 208
209 210
209 211
209 212
209 213
210 205
210 206
210 207
210 208
210 209
210 211
210 212
210 213
210 214
210 223
210 224
211 205
211 206
211 207
211 208
211 209
211 210
211 212
211 213
211 214
212 206
212 207
212 208
212 209
212 210
212 211
212 213
212 214
212 215
213 137
213 206
213 207
213 208
213 209
213 210
213 211
213 212
213 214
213 215
213 216
213 217
213 223
214 206
214 207
214 210
214 211
214 212
214 213
214 215
214 216
214 217
214 222
214 223
214 224
214 226
215 137
215 207
215 212
215 213
215 214
215 216
215 217
215 218
215 219
215 220
215 221
215 222
215 223
215 224
215 226
216 137
216 213
216 214
216 215
216 217
216 218
216 219
216 220
216 221
216 223
217 132
217 133
217 134
217 136
217 137
217 213
217 214
217 215
217 216
217 218
217 219
217 220
218 127
218 130
218 131
218 132
218 133
218 134
218 135
218 136
218 137
218 140
218 215
218 216
218 217
218 219
218 220
219 127
219 131
219 132
219 133
219 134
219 136
219 137
219 140
219 215
219 216
219 217
219 218
219 220
219 221
220 124
220 127
220 132
220 133
220 134
220 135
220 136
220 137
220 139
220 140
220 141
220 143
220 144
220 215
220 216
220 217
220 218
220 219
220 221
220 222
220 223
221 133
221 140
221 141
221 143
221 144
221 203
221 215
221 216
221 219
221 220
221 222
221 223
221 224
221 225
222 140
222 141
222 144
222 145
222 148
222 202
222 203
222 204
222 206
222 214
222 215
222 220
222 221
222 223
222 224
222 225
222 226
222 231
223 141
223 202
223 203
223 204
223 206
223 207
223 210
223 213
223 214
223 215
223 216
223 220
223 221
223 222
223 224
223 225
223 226
223 227
224 202
224 203
224 206
224 207
224 210
224 214
224 215
224 221
224 222
224 223
224 225
224 226
224 227
224 228
224 229
224 230
224 231
224 514
225 221
225 222
225 223
225 224
225 226
225 227
225 228
225 229
225 230
225 231
225 232
225 234
225 510
225 511
225 513
225 514
225 517
226 214
226 215
226 222
226 223
226 224
226 225
226 227
226 228
226 229
226 230
226 231
226 513
226 514
226 515
226 516
226 517
227 223
227 224
227 225
227 226
227 228
227 229
227 230
227 231
227 232
227 514
227 515
228 224
228 225
228 226
228 227
228 229
228 230
228 231
228 232
228 233
228 234
228 510
228 511
228 512
228 513
228 514
228 515
229 224
229 225
229 226
229 227
229 228
229 230
229 231
229 232
229 233
229 234
229 514
230 202
230 224
230 225
230 226
230 227
230 228
230 229
230 231
230 232
230 233
230 234
230 235
230 236
231 222
231 224
231 225
231 226
231 227
231 228
231 229
231 230
231 232
231 233
231 234
231 235
231 236
231 237
231 510
231 511
231 514
232 225
232 227
232 228
232 229
232 230
232 231
232 233
232 234
232 235
232 236
232 237
232 238
232 240
232 510
232 511
232 514
233 228
233 229
233 230
233 231
233 232
233 234
233 235
233 236
233 237
233 238
234 198
234 199
234 202
234 225
234 228
234 229
234 230
234 231
234 232
234 233
234 235
234 236
234 237
234 238
234 239
234 240
235 230
235 231
235 232
235 233
235 234
235 236
235 237
235 238
235 239
235 240
235 241
235 507
235 508
235 510
235 511
236 230
236 231
236 232
236 233
236 234
236 235
236 237
236 238
236 239
236 240
236 241
236 242
236 243
236 507
237 198
237 231
237 232
237 233
237 234
237 235
237 236
237 238
237 239
237 240
237 241
237 242
237 243
238 148
238 151
238 152
238 153
238 155
238 156
238 194
238 195
238 198
238 199
238 232
238 233
238 234
238 235
238 236
238 237
238 239
238 240
238 241
238 242
238 243
238 507
239 152
239 155
239 156
239 234
239 235
239 236
239 237
239 238
239 240
239 241
239 242
239 243
239 244
239 500
239 503
239 504
239 507
240 232
240 234
240 235
240 236
240 237
240 238
240 239
240 241
240 242
240 243
240 244
240 245
240 246
240 504
240 507
241 235
241 236
241 237
241 238
241 239
241 240
241 242
241 243
241 244
241 245
241 246
241 247
242 155
242 156
242 158
242 159
242 160
242 162
242 236
242 237
242 238
242 239
242 240
242 241
242 243
242 244
242 245
242 246
242 247
242 248
243 155
243 158
243 159
243 236
243 237
243 238
243 239
243 240
243 241
243 242
243 244
243 245
243 246
243 247
243 248
243 249
243 496
243 499
243 500
243 503
243 504
244 239
244 240
244 241
244 242
244 243
244 245
244 246
244 247
244 248
244 249
245 159
245 162
245 163
245 240
245 241
245 242
245 243
245 244
245 246
245 247
245 248
245 249
245 250
245 251
246 158
246 159
246 160
246 161
246 162
246 163
246 166
246 240
246 241
246 242
246 243
246 244
246 245
246 247
246 248
246 249
246 250
246 251
246 252
246 493
246 496
247 159
247 162
247 241
247 242
247 243
247 244
247 245
247 246
247 248
247 249
247 250
247 251
247 252
247 253
247 493
247 496
247 497
247 500
248 162
248 242
248 243
248 244
248 245
248 246
248 247
248 249
248 250
248 251
248 252
248 253
248 254
249 159
249 162
249 163
249 165
249 166
249 167
249 243
249 244
249 245
249 246
249 247
249 248
249 250
249 251
249 252
249 253
249 254
249 255
250 162
250 163
250 165
250 166
250 245
250 246
250 247
250 248
250 249
250 251
250 252
250 253
250 254
250 255
250 256
250 489
250 490
250 492
250 493
250 496
251 166
251 245
251 246
251 247
251 248
251 249
251 250
251 252
251 253
251 254
251 255
251 256
251 257
251 493
252 166
252 169
252 170
252 246
252 247
252 248
252 249
252 250
252 251
252 253
252 254
252 255
252 256
252 257
252 258
253 162
253 165
253 166
253 167
253 168
253 169
253 170
253 247
253 248
253 249
253 250
253 251
253 252
253 254
253 255
253 256
253 257
253 258
253 259
253 486
253 489
253 490
253 493
254 166
254 169
254 248
254 249
254 250
254 251
254 252
254 253
254 255
254 256
254 257
254 258
254 259
254 486
254 489
254 490
254 493
255 249
255 250
255 251
255 252
255 253
255 254
255 256
255 257
255 258
255 259
255 260
255 261
256 166
256 169
256 170
256 250
256 251
256 252
256 253
256 254
256 255
256 257
256 258
256 259
256 260
256 261
256 262
257 169
257 170
257 251
257 252
257 253
257 254
257 255
257 256
257 258
257 259
257 260
257 261
257 262
257 263
257 482
257 483
257 485
257 486
257 489
258 252
258 253
258 254
258 255
258 256
258 257
258 259
258 260
258 261
258 262
258 263
258 264
258 486
259 253
259 254
259 255
259 256
259 257
259 258
259 260
259 261
259 262
259 263
259 264
259 265
260 255
260 256
260 257
260 258
260 259
260 261
260 262
260 263
260 264
260 265
260 266
260 479
260 482
261 255
261 256
261 257
261 258
261 259
261 260
261 262
261 263
261 264
261 265
261 266
261 479
261 482
261 483
261 486
262 256
262 257
262 258
262 259
262 260
262 261
262 263
262 264
262 265
262 266
262 267
263 257
263 258
263 259
263 260
263 261
263 262
263 264
263 265
263 266
263 267
263 268
264 258
264 259
264 260
264 261
264 262
264 263
264 265
264 266
264 267
264 268
264 269
264 475
264 476
264 478
264 479
264 482
265 259
265 260
265 261
265 262
265 263
265 264
265 266
265 267
265 268
265 269
265 270
265 271
265 475
265 479
266 260
266 261
266 262
266 263
266 264
266 265
266 267
266 268
266 269
266 270
266 271
266 272
267 262
267 263
267 264
267 265
267 266
267 268
267 269
267 270
267 271
267 272
267 475
268 263
268 264
268 265
268 266
268 267
268 269
268 270
268 271
268 272
268 273
268 472
268 475
268 476
269 264
269 265
269 266
269 267
269 268
269 270
269 271
269 272
269 273
269 274
269 275
270 265
270 266
270 267
270 268
270 269
270 271
270 272
270 273
270 274
270 275
270 276
271 265
271 266
271 267
271 268
271 269
271 270
271 272
271 273
271 274
271 275
271 276
271 468
271 471
271 472
271 475
272 266
272 267
272 268
272 269
272 270
272 271
272 273
272 274
272 275
272 276
272 277
273 268
273 269
273 270
273 271
273 272
273 274
273 275
273 276
273 277
273 278
274 269
274 270
274 271
274 272
274 273
274 275
274 276
274 277
274 278
274 279
275 269
275 270
275 271
275 272
275 273
275 274
275 276
275 277
275 278
275 279
275 468
276 270
276 271
276 272
276 273
276 274
276 275
276 277
276 278
276 279
276 280
277 272
277 273
277 274
277 275
277 276
277 278
277 279
277 280
277 281
278 273
278 274
278 275
278 276
278 277
278 279
278 280
278 281
279 274
279 275
279 276
279 277
279 278
279 280
279 281
279 282
280 276
280 277
280 278
280 279
280 281
280 282
280 283
281 277
281 278
281 279
281 280
281 282
281 283
281 284
282 279
282 280
282 281
282 283
282 284
282 285
283 280
283 281
283 282
283 284
283 285
284 281
284 282
284 283
284 285
284 286
285 282
285 283
285 284
285 286
285 287
286 284
286 285
286 287
286 288
287 285
287 286
287 288
287 289
288 286
288 287
288 289
288 290
289 287
289 288
289 290
289 291
289 292
290 288
290 289
290 291
290 292
290 293
291 289
291 290
291 292
291 293
291 294
292 289
292 290
292 291
292 293
292 294
292 295
293 290
293 291
293 292
293 294
293 295
293 296
293 297
294 291
294 292
294 293
294 295
294 296
294 297
294 298
295 292
295 293
295 294
295 296
295 297
295 298
295 299
296 293
296 294
296 295
296 297
296 298
296 299
297 293
297 294
297 295
297 296
297 298
297 299
297 300
297 301
298 294
298 295
298 296
298 297
298 299
298 300
298 301
299 295
299 296
299 297
299 298
299 300
299 301
299 302
300 297
300 298
300 299
300 301
300 302
300 303
301 297
301 298
301 299
301 300
301 302
301 303
301 304
302 299
302 300
302 301
302 303
302 304
302 305
303 300
303 301
303 302
303 304
303 305
303 306
304 301
304 302
304 303
304 305
304 306
305 302
305 303
305 304
305 306
305 307
306 303
306 304
306 305
306 307
306 308
307 305
307 306
307 308
307 309
308 306
308 307
308 309
308 310
309 307
309 308
309 310
309 311
310 308
310 309
310 311
310 312
311 309
311 310
311 312
311 313
312 310
312 311
312 313
312 314
313 311
313 312
313 314
313 315
314 312
314 313
314 315
314 316
315 313
315 314
315 316
315 317
316 314
316 315
316 317
316 318
317 315
317 316
317 318
317 319
318 316
318 317
318 319
318 320
319 317
319 318
319 320
319 321
320 318
320 319
320 321
320 322
321 319
321 320
321 322
321 323
322 320
322 321
322 323
322 324
323 321
323 322
323 324
323 325
324 322
324 323
324 325
324 326
325 323
325 324
325 326
325 327
326 324
326 325
326 327
326 328
327 325
327 326
327 328
327 329
328 326
328 327
328 329
328 330
329 327
329 328
329 330
329 331
330 328
330 329
330 331
330 332
331 329
331 330
331 332
331 333
332 330
332 331
332 333
332 334
332 335
333 331
333 332
333 334
333 335
334 332
334 333
334 335
334 336
334 337
335 332
335 333
335 334
335 336
335 337
335 338
336 334
336 335
336 337
336 338
337 334
337 335
337 336
337 338
337 339
337 340
338 335
338 336
338 337
338 339
338 340
338 341
339 337
339 338
339 340
339 341
339 342
339 343
340 337
340 338
340 339
340 341
340 342
340 343
340 344
341 338
341 339
341 340
341 342
341 343
341 344
341 345
342 339
342 340
342 341
342 343
342 344
342 345
342 346
343 339
343 340
343 341
343 342
343 344
343 345
343 346
343 347
344 340
344 341
344 342
344 343
344 345
344 346
344 347
344 348
345 341
345 342
345 343
345 344
345 346
345 347
345 348
345 349
346 342
346 343
346 344
346 345
346 347
346 348
346 349
346 350
347 343
347 344
347 345
347 346
347 348
347 349
347 350
347 351
348 344
348 345
348 346
348 347
348 349
348 350
348 351
348 352
349 345
349 346
349 347
349 348
349 350
349 351
349 352
349 353
350 97
350 346
350 347
350 348
350 349
350 351
350 352
350 353
350 354
351 347
351 348
351 349
351 350
351 352
351 353
351 354
351 355
351 356
352 348
352 349
352 350
352 351
352 353
352 354
352 355
352 356
352 357
353 349
353 350
353 351
353 352
353 354
353 355
353 356
353 357
353 358
354 350
354 351
354 352
354 353
354 355
354 356
354 357
354 358
354 359
355 351
355 352
355 353
355 354
355 356
355 357
355 358
355 359
355 360
355 361
356 351
356 352
356 353
356 354
356 355
356 357
356 358
356 359
356 360
356 361
356 362
357 352
357 353
357 354
357 355
357 356
357 358
357 359
357 360
357 361
357 362
358 353
358 354
358 355
358 356
358 357
358 359
358 360
358 361
358 362
358 363
359 354
359 355
359 356
359 357
359 358
359 360
359 361
359 362
359 363
359 364
359 365
360 355
360 356
360 357
360 358
360 359
360 361
360 362
360 363
360 364
360 365
360 366
361 355
361 356
361 357
361 358
361 359
361 360
361 362
361 363
361 364
361 365
361 366
362 356
362 357
362 358
362 359
362 360
362 361
362 363
362 364
362 365
362 366
362 367
362 368
363 358
363 359
363 360
363 361
363 362
363 364
363 365
363 366
363 367
363 368
364 359
364 360
364 361
364 362
364 363
364 365
364 366
364 367
364 368
364 369
365 359
365 360
365 361
365 362
365 363
365 364
365 366
365 367
365 368
365 369
365 370
366 360
366 361
366 362
366 363
366 364
366 365
366 367
366 368
366 369
366 370
367 362
367 363
367 364
367 365
367 366
367 368
367 369
367 370
367 371
367 373
368 362
368 363
368 364
368 365
368 366
368 367
368 369
368 370
368 371
368 372
368 373
368 374
369 364
369 365
369 366
369 367
369 368
369 370
369 371
369 372
369 373
369 374
370 365
370 366
370 367
370 368
370 369
370 371
370 372
370 373
370 374
371 367
371 368
371 369
371 370
371 372
371 373
371 374
371 452
372 368
372 369
372 370
372 371
372 373
372 374
372 375
372 376
372 452
373 367
373 368
373 369
373 370
373 371
373 372
373 374
373 375
373 376
373 377
373 378
374 368
374 369
374 370
374 371
374 372
374 373
374 375
374 376
374 377
374 378
374 379
375 372
375 373
375 374
375 376
375 377
375 378
375 379
375 380
376 372
376 373
376 374
376 375
376 377
376 378
376 379
376 380
377 373
377 374
377 375
377 376
377 378
377 379
377 380
377 381
378 373
378 374
378 375
378 376
378 377
378 379
378 380
378 381
379 374
379 375
379 376
379 377
379 378
379 380
379 381
379 382
380 375
380 376
380 377
380 378
380 379
380 381
380 382
380 383
381 377
381 378
381 379
381 380
381 382
381 383
381 384
382 379
382 380
382 381
382 383
382 384
382 385
383 380
383 381
383 382
383 384
383 385
383 386
384 381
384 382
384 383
384 385
384 386
384 387
385 382
385 383
385 384
385 386
385 387
385 388
386 383
386 384
386 385
386 387
386 388
386 389
387 384
387 385
387 386
387 388
387 389
387 390
388 385
388 386
388 387
388 389
388 390
388 391
389 386
389 387
389 388
389 390
389 391
389 392
390 387
390 388
390 389
390 391
390 392
390 393
391 388
391 389
391 390
391 392
391 393
391 394
392 389
392 390
392 391
392 393
392 394
392 395
393 390
393 391
393 392
393 394
393 395
394 391
394 392
394 393
394 395
394 396
394 397
395 392
395 393
395 394
395 396
395 397
396 394
396 395
396 397
396 398
397 394
397 395
397 396
397 398
397 399
398 396
398 397
398 399
398 400
399 397
399 398
399 400
399 401
400 398
400 399
400 401
400 402
401 399
401 400
401 402
401 403
402 400
402 401
402 403
402 404
403 401
403 402
403 404
403 405
404 402
404 403
404 405
404 406
405 403
405 404
405 406
405 407
406 404
406 405
406 407
406 408
407 405
407 406
407 408
407 409
408 406
408 407
408 409
408 410
409 407
409 408
409 410
409 411
410 408
410 409
410 411
410 412
411 409
411 410
411 412
411 413
412 410
412 411
412 413
412 414
413 411
413 412
413 414
413 415
414 412
414 413
414 415
414 416
415 413
415 414
415 416
415 417
415 418
416 414
416 415
416 417
416 418
417 415
417 416
417 418
417 419
418 415
418 416
418 417
418 419
418 420
419 417
419 418
419 420
419 421
419 422
420 418
420 419
420 421
420 422
420 423
421 419
421 420
421 422
421 423
421 424
422 419
422 420
422 421
422 423
422 424
422 425
423 420
423 421
423 422
423 424
423 425
423 426
424 421
424 422
424 423
424 425
424 426
424 427
425 422
425 423
425 424
425 426
425 427
425 428
426 423
426 424
426 425
426 427
426 428
426 429
427 424
427 425
427 426
427 428
427 429
427 430
428 425
428 426
428 427
428 429
428 430
428 431
429 426
429 427
429 428
429 430
429 431
429 432
430 427
430 428
430 429
430 431
430 432
431 428
431 429
431 430
431 432
431 433
431 434
432 429
432 430
432 431
432 433
432 434
432 435
433 431
433 432
433 434
433 435
433 436
434 431
434 432
434 433
434 435
434 436
435 432
435 433
435 434
435 436
435 437
436 433
436 434
436 435
436 437
436 438
437 435
437 436
437 438
437 439
437 440
438 436
438 437
438 439
438 440
439 437
439 438
439 440
439 441
440 437
440 438
440 439
440 441
440 442
441 439
441 440
441 442
441 443
442 440
442 441
442 443
442 444
443 441
443 442
443 444
443 445
444 442
444 443
444 445
444 446
444 447
445 443
445 444
445 446
445 447
445 448
446 444
446 445
446 447
446 448
446 449
447 444
447 445
447 446
447 448
447 449
447 450
448 445
448 446
448 447
448 449
448 450
448 451
449 446
449 447
449 448
449 450
449 451
449 452
450 447
450 448
450 449
450 451
450 452
450 453
451 448
451 449
451 450
451 452
451 453
451 454
452 371
452 372
452 449
452 450
452 451
452 453
452 454
452 455
453 450
453 451
453 452
453 454
453 455
453 456
454 451
454 452
454 453
454 455
454 456
454 457
454 460
455 452
455 453
455 454
455 456
455 457
455 458
455 459
455 460
455 461
456 453
456 454
456 455
456 457
456 458
456 459
456 460
456 461
456 462
457 454
457 455
457 456
457 458
457 459
457 460
457 461
457 462
457 463
458 455
458 456
458 457
458 459
458 460
458 461
458 462
458 463
458 464
459 455
459 456
459 457
459 458
459 460
459 461
459 462
459 463
459 464
459 465
460 454
460 455
460 456
460 457
460 458
460 459
460 461
460 462
460 463
460 464
460 465
460 466
461 455
461 456
461 457
461 458
461 459
461 460
461 462
461 463
461 464
461 465
461 466
461 467
462 456
462 457
462 458
462 459
462 460
462 461
462 463
462 464
462 465
462 466
462 467
463 457
463 458
463 459
463 460
463 461
463 462
463 464
463 465
463 466
463 467
463 468
463 469
464 458
464 459
464 460
464 461
464 462
464 463
464 465
464 466
464 467
464 468
464 469
464 470
465 459
465 460
465 461
465 462
465 463
465 464
465 466
465 467
465 468
465 469
465 470
465 471
466 460
466 461
466 462
466 463
466 464
466 465
466 467
466 468
466 469
466 470
466 471
466 472
467 461
467 462
467 463
467 464
467 465
467 466
467 468
467 469
467 470
467 471
467 472
467 473
468 271
468 275
468 463
468 464
468 465
468 466
468 467
468 469
468 470
468 471
468 472
468 473
468 474
469 463
469 464
469 465
469 466
469 467
469 468
469 470
469 471
469 472
469 473
469 474
470 464
470 465
470 466
470 467
470 468
470 469
470 471
470 472
470 473
470 474
470 475
470 476
471 271
471 465
471 466
471 467
471 468
471 469
471 470
471 472
471 473
471 474
471 475
471 476
471 477
472 268
472 271
472 466
472 467
472 468
472 469
472 470
472 471
472 473
472 474
472 475
472 476
472 477
472 478
473 467
473 468
473 469
473 470
473 471
473 472
473 474
473 475
473 476
473 477
473 478
473 479
474 468
474 469
474 470
474 471
474 472
474 473
474 475
474 476
474 477
474 478
474 479
474 480
475 264
475 265
475 267
475 268
475 271
475 470
475 471
475 472
475 473
475 474
475 476
475 477
475 478
475 479
475 480
475 481
476 264
476 268
476 470
476 471
476 472
476 473
476 474
476 475
476 477
476 478
476 479
476 480
476 481
477 471
477 472
477 473
477 474
477 475
477 476
477 478
477 479
477 480
477 481
477 482
478 264
478 472
478 473
478 474
478 475
478 476
478 477
478 479
478 480
478 481
478 482
478 483
478 484
479 260
479 261
479 264
479 265
479 473
479 474
479 475
479 476
479 477
479 478
479 480
479 481
479 482
479 483
479 484
479 485
480 474
480 475
480 476
480 477
480 478
480 479
480 481
480 482
480 483
480 484
480 485
480 486
481 475
481 476
481 477
481 478
481 479
481 480
481 482
481 483
481 484
481 485
481 486
481 487
482 169
482 257
482 260
482 261
482 264
482 477
482 478
482 479
482 480
482 481
482 483
482 484
482 485
482 486
482 487
482 488
483 257
483 261
483 478
483 479
483 480
483 481
483 482
483 484
483 485
483 486
483 487
483 488
483 489
484 478
484 479
484 480
484 481
484 482
484 483
484 485
484 486
484 487
484 488
484 489
484 490
485 165
485 168
485 169
485 257
485 479
485 480
485 481
485 482
485 483
485 484
485 486
485 487
485 488
485 489
485 490
485 491
486 169
486 253
486 254
486 257
486 258
486 261
486 480
486 481
486 482
486 483
486 484
486 485
486 487
486 488
486 489
486 490
486 491
486 492
487 481
487 482
487 483
487 484
487 485
487 486
487 488
487 489
487 490
487 491
487 492
487 493
487 546
487 547
488 165
488 482
488 483
488 484
488 485
488 486
488 487
488 489
488 490
488 491
488 492
488 493
488 546
488 547
489 162
489 165
489 166
489 169
489 250
489 253
489 254
489 257
489 483
489 484
489 485
489 486
489 487
489 488
489 490
489 491
489 492
489 493
489 494
489 495
490 250
490 253
490 254
490 484
490 485
490 486
490 487
490 488
490 489
490 491
490 492
490 493
490 494
490 495
490 496
490 546
491 485
491 486
491 487
491 488
491 489
491 490
491 492
491 493
491 494
491 495
491 496
491 542
491 543
491 545
491 546
491 547
492 158
492 161
492 162
492 165
492 250
492 486
492 487
492 488
492 489
492 490
492 491
492 493
492 494
492 495
492 496
492 497
492 498
492 539
492 542
492 543
492 546
493 162
493 246
493 247
493 250
493 251
493 253
493 254
493 487
493 488
493 489
493 490
493 491
493 492
493 494
493 495
493 496
493 497
493 498
493 499
494 489
494 490
494 491
494 492
494 493
494 495
494 496
494 497
494 498
494 499
494 542
494 546
495 158
495 489
495 490
495 491
495 492
495 493
495 494
495 496
495 497
495 498
495 499
495 500
495 501
495 535
495 538
495 539
495 541
495 542
495 543
496 158
496 159
496 162
496 243
496 246
496 247
496 250
496 490
496 491
496 492
496 493
496 494
496 495
496 497
496 498
496 499
496 500
496 501
496 502
497 247
497 492
497 493
497 494
497 495
497 496
497 498
497 499
497 500
497 501
497 502
498 492
498 493
498 494
498 495
498 496
498 497
498 499
498 500
498 501
498 502
498 503
498 534
498 535
498 538
498 539
498 542
499 155
499 158
499 243
499 493
499 494
499 495
499 496
499 497
499 498
499 500
499 501
499 502
499 503
499 504
499 531
499 532
499 534
499 535
499 536
499 538
499 539
500 239
500 243
500 247
500 495
500 496
500 497
500 498
500 499
500 501
500 502
500 503
500 504
500 505
500 532
500 535
501 495
501 496
501 497
501 498
501 499
501 500
501 502
501 503
501 504
501 505
501 506
501 531
501 532
501 535
502 496
502 497
502 498
502 499
502 500
502 501
502 503
502 504
502 505
502 506
502 507
502 528
502 529
502 530
502 531
502 532
502 533
502 534
502 535
502 536
502 538
503 155
503 239
503 243
503 498
503 499
503 500
503 501
503 502
503 504
503 505
503 506
503 507
503 508
503 528
503 529
503 530
503 531
503 532
503 533
503 534
503 535
504 239
504 240
504 243
504 499
504 500
504 501
504 502
504 503
504 505
504 506
504 507
504 508
504 509
504 510
504 528
504 531
504 532
505 500
505 501
505 502
505 503
505 504
505 506
505 507
505 508
505 509
505 510
505 524
505 525
505 527
505 528
505 529
505 531
505 532
506 501
506 502
506 503
506 504
506 505
506 507
506 508
506 509
506 510
506 511
506 512
506 524
506 525
506 526
506 527
506 528
506 529
506 530
506 531
506 532
507 235
507 236
507 238
507 239
507 240
507 502
507 503
507 504
507 505
507 506
507 508
507 509
507 510
507 511
507 512
507 513
507 528
507 529
507 532
508 235
508 503
508 504
508 505
508 506
508 507
508 509
508 510
508 511
508 512
508 513
508 528
509 504
509 505
509 506
509 507
509 508
509 510
509 511
509 512
509 513
509 514
509 519
509 520
509 524
509 525
509 528
510 225
510 228
510 231
510 232
510 235
510 504
510 505
510 506
510 507
510 508
510 509
510 511
510 512
510 513
510 514
510 515
510 516
510 520
510 525
510 528
511 225
511 228
511 231
511 232
511 235
511 506
511 507
511 508
511 509
511 510
511 512
511 513
511 514
511 515
511 516
512 228
512 506
512 507
512 508
512 509
512 510
512 511
512 513
512 514
512 515
512 516
512 517
512 518
512 519
512 520
513 225
513 226
513 228
513 507
513 508
513 509
513 510
513 511
513 512
513 514
513 515
513 516
513 517
513 518
513 519
513 520
513 525
514 224
514 225
514 226
514 227
514 228
514 229
514 231
514 232
514 509
514 510
514 511
514 512
514 513
514 515
514 516
514 517
515 226
515 227
515 228
515 510
515 511
515 512
515 513
515 514
515 516
515 517
515 518
515 519
516 226
516 510
516 511
516 512
516 513
516 514
516 515
516 517
516 518
516 519
516 520
517 225
517 226
517 512
517 513
517 514
517 515
517 516
517 518
517 519
517 520
518 512
518 513
518 515
518 516
518 517
518 519
518 520
518 521
518 522
519 509
519 512
519 513
519 515
519 516
519 517
519 518
519 520
519 521
519 522
520 509
520 510
520 512
520 513
520 516
520 517
520 518
520 519
520 521
520 522
520 523
520 524
520 525
521 518
521 519
521 520
521 522
521 523
521 524
521 525
521 526
522 128
522 518
522 519
522 520
522 521
522 523
522 524
522 525
522 526
522 527
522 528
523 128
523 520
523 521
523 522
523 524
523 525
523 526
523 527
523 528
524 505
524 506
524 509
524 520
524 521
524 522
524 523
524 525
524 526
524 527
524 528
524 529
524 530
525 505
525 506
525 509
525 510
525 513
525 520
525 521
525 522
525 523
525 524
525 526
525 527
525 528
525 529
525 530
525 531
526 124
526 125
526 128
526 506
526 521
526 522
526 523
526 524
526 525
526 527
526 528
526 529
526 530
526 531
527 505
527 506
527 522
527 523
527 524
527 525
527 526
527 528
527 529
527 530
527 531
527 532
527 533
528 502
528 503
528 504
528 505
528 506
528 507
528 508
528 509
528 510
528 522
528 523
528 524
528 525
528 526
528 527
528 529
528 530
528 531
528 532
528 533
528 534
529 121
529 124
529 502
529 503
529 505
529 506
529 507
529 524
529 525
529 526
529 527
529 528
529 530
529 531
529 532
529 533
529 534
530 74
530 77
530 121
530 124
530 125
530 502
530 503
530 506
530 524
530 525
530 526
530 527
530 528
530 529
530 531
530 532
530 533
530 534
530 535
531 499
531 501
531 502
531 503
531 504
531 505
531 506
531 525
531 526
531 527
531 528
531 529
531 530
531 532
531 533
531 534
531 535
531 536
532 116
532 151
532 499
532 500
532 501
532 502
532 503
532 504
532 505
532 506
532 507
532 527
532 528
532 529
532 530
532 531
532 533
532 534
532 535
532 536
532 537
533 74
533 77
533 78
533 81
533 113
533 116
533 117
533 120
533 121
533 147
533 151
533 502
533 503
533 527
533 528
533 529
533 530
533 531
533 532
533 534
533 535
533 536
533 537
533 538
534 74
534 77
534 78
534 81
534 113
534 117
534 121
534 498
534 499
534 502
534 503
534 528
534 529
534 530
534 531
534 532
534 533
534 535
534 536
534 537
534 538
534 539
535 81
535 113
535 151
535 154
535 495
535 498
535 499
535 500
535 501
535 502
535 503
535 530
535 531
535 532
535 533
535 534
535 536
535 537
535 538
535 539
535 540
536 77
536 78
536 80
536 81
536 82
536 84
536 85
536 109
536 110
536 112
536 113
536 114
536 115
536 116
536 117
536 151
536 154
536 499
536 502
536 531
536 532
536 533
536 534
536 535
536 537
536 538
536 539
536 540
536 541
537 77
537 78
537 79
537 80
537 81
537 82
537 83
537 84
537 85
537 110
537 113
537 114
537 116
537 117
537 532
537 533
537 534
537 535
537 536
537 538
537 539
537 540
537 541
537 542
538 80
538 81
538 84
538 85
538 113
538 495
538 498
538 499
538 502
538 533
538 534
538 535
538 536
538 537
538 539
538 540
538 541
538 542
538 543
539 81
539 84
539 85
539 88
539 106
539 109
539 110
539 113
539 492
539 495
539 498
539 499
539 534
539 535
539 536
539 537
539 538
539 540
539 541
539 542
539 543
539 544
540 80
540 81
540 82
540 83
540 84
540 85
540 86
540 87
540 88
540 106
540 109
540 110
540 113
540 535
540 536
540 537
540 538
540 539
540 541
540 542
540 543
540 544
540 545
540 546
540 550
541 80
541 81
541 84
541 85
541 495
541 536
541 537
541 538
541 539
541 540
541 542
541 543
541 544
541 545
541 546
541 551
542 491
542 492
542 494
542 495
542 498
542 537
542 538
542 539
542 540
542 541
542 543
542 544
542 545
542 546
542 547
542 551
543 84
543 88
543 106
543 491
543 492
543 495
543 538
543 539
543 540
543 541
543 542
543 544
543 545
543 546
543 547
543 548
543 549
543 550
543 551
543 554
544 84
544 87
544 88
544 539
544 540
544 541
544 542
544 543
544 545
544 546
544 547
544 548
544 549
544 550
544 551
544 552
544 553
544 554
544 555
545 491
545 540
545 541
545 542
545 543
545 544
545 546
545 547
545 548
545 550
545 551
546 487
546 488
546 490
546 491
546 492
546 494
546 540
546 541
546 542
546 543
546 544
546 545
546 547
546 548
546 549
546 550
546 551
547 487
547 488
547 491
547 542
547 543
547 544
547 545
547 546
547 548
547 549
547 550
547 551
547 552
548 543
548 544
548 545
548 546
548 547
548 549
548 550
548 551
548 552
548 553
548 554
549 91
549 95
549 97
549 98
549 543
549 544
549 546
549 547
549 548
549 550
549 551
549 552
549 553
549 554
549 555
550 87
550 88
550 91
550 92
550 95
550 97
550 98
550 540
550 543
550 544
550 545
550 546
550 547
550 548
550 549
550 551
550 552
550 553
550 554
550 555
550 556
551 91
551 541
551 542
551 543
551 544
551 545
551 546
551 547
551 548
551 549
551 550
551 552
551 553
551 554
551 555
551 556
551 557
552 91
552 544
552 547
552 548
552 549
552 550
552 551
552 553
552 554
552 555
552 556
552 557
553 87
553 88
553 90
553 91
553 92
553 94
553 95
553 98
553 544
553 548
553 549
553 550
553 551
553 552
553 554
553 555
553 556
553 557
553 558
553 559
553 561
553 562
554 84
554 87
554 88
554 90
554 91
554 543
554 544
554 548
554 549
554 550
554 551
554 552
554 553
554 555
554 556
554 557
554 558
554 559
554 560
555 544
555 549
555 550
555 551
555 552
555 553
555 554
555 556
555 557
555 558
555 559
555 560
555 561
555 562
556 91
556 550
556 551
556 552
556 553
556 554
556 555
556 557
556 558
556 559
556 560
556 561
556 562
556 563
556 564
556 565
557 87
557 90
557 91
557 94
557 551
557 552
557 553
557 554
557 555
557 556
557 558
557 559
557 560
557 561
557 562
557 563
558 87
558 553
558 554
558 555
558 556
558 557
558 559
558 560
558 561
558 562
559 553
559 554
559 555
559 556
559 557
559 558
559 560
559 561
559 562
560 554
560 555
560 556
560 557
560 558
560 559
560 561
560 562
560 563
560 564
560 565
561 553
561 555
561 556
561 557
561 558
561 559
561 560
561 562
561 563
561 564
561 565
561 566
561 567
562 94
562 553
562 555
562 556
562 557
562 558
562 559
562 560
562 561
562 563
562 564
562 565
562 566
562 567
562 568
563 556
563 557
563 560
563 561
563 562
563 564
563 565
563 566
563 567
563 568
563 569
564 556
564 560
564 561
564 562
564 563
564 565
564 566
564 567
564 568
564 569
565 556
565 560
565 561
565 562
565 563
565 564
565 566
565 567
565 568
565 569
565 570
565 571
566 561
566 562
566 563
566 564
566 565
566 567
566 568
566 569
566 570
566 571
566 572
567 561
567 562
567 563
567 564
567 565
567 566
567 568
567 569
567 570
567 571
567 572
567 573
568 562
568 563
568 564
568 565
568 566
568 567
568 569
568 570
568 571
568 572
568 573
568 574
569 563
569 564
569 565
569 566
569 567
569 568
569 570
569 571
569 572
569 573
569 574
569 575
570 565
570 566
570 567
570 568
570 569
570 571
570 572
570 573
570 574
570 575
570 576
571 565
571 566
571 567
571 568
571 569
571 570
571 572
571 573
571 574
571 575
571 576
572 566
572 567
572 568
572 569
572 570
572 571
572 573
572 574
572 575
572 576
572 577
572 578
573 567
573 568
573 569
573 570
573 571
573 572
573 574
573 575
573 576
573 577
573 578
573 579
574 568
574 569
574 570
574 571
574 572
574 573
574 575
574 576
574 577
574 578
574 579
574 580
575 569
575 570
575 571
575 572
575 573
575 574
575 576
575 577
575 578
575 579
575 580
575 581
576 570
576 571
576 572
576 573
576 574
576 575
576 577
576 578
576 579
576 580
576 581
576 582
577 572
577 573
577 574
577 575
577 576
577 578
577 579
577 580
577 581
577 582
578 572
578 573
578 574
578 575
578 576
578 577
578 579
578 580
578 581
578 582
578 583
579 573
579 574
579 575
579 576
579 577
579 578
579 580
579 581
579 582
579 583
579 584
580 574
580 575
580 576
580 577
580 578
580 579
580 581
580 582
580 583
580 584
580 585
581 575
581 576
581 577
581 578
581 579
581 580
581 582
581 583
581 584
581 585
582 576
582 577
582 578
582 579
582 580
582 581
582 583
582 584
582 585
582 586
583 578
583 579
583 580
583 581
583 582
583 584
583 585
583 586
583 587
584 579
584 580
584 581
584 582
584 583
584 585
584 586
584 587
584 588
585 580
585 581
585 582
585 583
585 584
585 586
585 587
585 588
585 589
586 582
586 583
586 584
586 585
586 587
586 588
586 589
587 583
587 584
587 585
587 586
587 588
587 589
588 584
588 585
588 586
588 587
588 589
589 585
589 586
589 587
589 588
