0 1
0 2
1 0
1 2
1 3
2 0
2 1
2 3
2 4
3 1
3 2
3 4
3 5
4 2
4 3
4 5
4 6
5 3
5 4
5 6
5 7
6 4
6 5
6 7
6 8
7 5
7 6
7 8
7 9
8 6
8 7
8 9
8 10
8 11
9 7
9 8
9 10
9 11
10 8
10 9
10 11
10 12
10 13
11 8
11 9
11 10
11 12
11 13
11 14
12 10
12 11
12 13
12 14
12 15
13 10
13 11
13 12
13 14
13 15
13 16
14 11
14 12
14 13
14 15
14 16
14 17
15 12
15 13
15 14
15 16
15 17
15 18
16 13
16 14
16 15
16 17
16 18
16 19
17 14
17 15
17 16
17 18
17 19
17 20
18 15
18 16
18 17
18 19
18 20
18 21
19 16
19 17
19 18
19 20
19 21
19 22
20 17
20 18
20 19
20 21
20 22
20 23
21 18
21 19
21 20
21 22
21 23
21 24
22 19
22 20
22 21
22 23
22 24
22 25
23 20
23 21
23 22
23 24
23 25
23 26
24 21
24 22
24 23
24 25
24 26
24 27
25 22
25 23
25 24
25 26
25 27
25 28
26 23
26 24
26 25
26 27
26 28
26 29
27 24
27 25
27 26
27 28
27 29
27 30
28 25
28 26
28 27
28 29
28 30
28 31
29 26
29 27
29 28
29 30
29 31
29 32
30 27
30 28
30 29
30 31
30 32
30 33
31 28
31 29
31 30
31 32
31 33
31 34
31 60
32 29
32 30
32 31
32 33
32 34
32 35
32 302
32 303
32 306
33 30
33 31
33 32
33 34
33 35
33 36
33 302
33 303
33 306
34 31
34 32
34 33
34 35
34 36
34 37
34 56
34 60
34 298
34 299
34 301
34 302
34 303
34 306
35 32
35 33
35 34
35 36
35 37
35 38
35 298
35 299
35 301
35 302
35 303
35 305
35 306
36 33
36 34
36 35
36 37
36 38
36 39
36 298
36 302
37 34
37 35
37 36
37 38
37 39
37 40
37 41
37 42
37 49
37 52
37 53
37 298
37 336
38 35
38 36
38 37
38 39
38 40
38 41
38 42
38 43
38 44
38 49
38 336
39 36
39 37
39 38
39 40
39 41
39 42
39 43
39 44
39 45
39 46
39 48
39 49
39 52
40 37
40 38
40 39
40 41
40 42
40 43
40 44
40 45
40 46
40 49
41 37
41 38
41 39
41 40
41 42
41 43
41 44
41 336
41 340
42 37
42 38
42 39
42 40
42 41
42 43
42 44
42 45
42 49
42 336
42 339
42 340
42 341
42 343
42 344
43 38
43 39
43 40
43 41
43 42
43 44
43 45
43 46
43 48
43 49
43 340
43 343
43 344
44 38
44 39
44 40
44 41
44 42
44 43
44 45
44 46
44 47
44 48
44 49
44 50
44 52
44 108
44 109
44 112
44 343
45 39
45 40
45 42
45 43
45 44
45 46
45 47
45 48
45 49
45 50
45 51
46 39
46 40
46 43
46 44
46 45
46 47
46 48
46 49
46 50
46 51
46 52
47 44
47 45
47 46
47 48
47 49
47 50
47 51
47 52
47 53
47 109
48 39
48 43
48 44
48 45
48 46
48 47
48 49
48 50
48 51
48 52
48 53
48 54
48 105
48 108
48 109
48 112
48 113
49 37
49 38
49 39
49 40
49 42
49 43
49 44
49 45
49 46
49 47
49 48
49 50
49 51
49 52
49 53
49 54
49 55
49 109
49 112
50 44
50 45
50 46
50 47
50 48
50 49
50 51
50 52
50 53
50 54
50 55
50 56
51 45
51 46
51 47
51 48
51 49
51 50
51 52
51 53
51 54
51 55
51 56
51 89
51 91
51 109
51 112
51 113
52 37
52 39
52 44
52 46
52 47
52 48
52 49
52 50
52 51
52 53
52 54
52 55
52 56
52 57
52 58
52 109
52 112
52 113
52 115
52 116
53 37
53 47
53 48
53 49
53 50
53 51
53 52
53 54
53 55
53 56
53 57
53 58
53 59
53 116
54 48
54 49
54 50
54 51
54 52
54 53
54 55
54 56
54 57
54 58
54 59
54 89
54 113
54 116
55 49
55 50
55 51
55 52
55 53
55 54
55 56
55 57
55 58
55 59
55 60
55 61
55 86
55 89
55 91
55 112
55 113
55 114
55 115
55 116
55 117
56 34
56 50
56 51
56 52
56 53
56 54
56 55
56 57
56 58
56 59
56 60
56 61
56 63
56 64
56 112
56 113
56 115
56 116
56 117
56 119
56 120
57 52
57 53
57 54
57 55
57 56
57 58
57 59
57 60
57 61
57 62
57 63
57 116
58 52
58 53
58 54
58 55
58 56
58 57
58 59
58 60
58 61
58 62
58 63
58 64
58 85
58 86
58 89
58 116
58 117
59 53
59 54
59 55
59 56
59 57
59 58
59 60
59 61
59 62
59 63
59 64
59 65
59 116
59 117
59 118
59 119
59 120
59 121
60 31
60 34
60 55
60 56
60 57
60 58
60 59
60 61
60 62
60 63
60 64
60 65
60 66
60 116
60 117
60 119
60 120
61 55
61 56
61 57
61 58
61 59
61 60
61 62
61 63
61 64
61 65
61 66
61 120
62 57
62 58
62 59
62 60
62 61
62 63
62 64
62 65
62 66
62 67
62 82
62 85
62 120
63 56
63 57
63 58
63 59
63 60
63 61
63 62
63 64
63 65
63 66
63 67
63 68
63 70
63 78
63 82
63 117
63 119
63 120
63 121
63 124
64 56
64 58
64 59
64 60
64 61
64 62
64 63
64 65
64 66
64 67
64 68
64 69
64 70
64 117
64 118
64 119
64 120
64 121
65 59
65 60
65 61
65 62
65 63
65 64
65 66
65 67
65 68
65 69
65 70
65 120
65 121
66 60
66 61
66 62
66 63
66 64
66 65
66 67
66 68
66 69
66 70
66 71
66 76
66 77
66 78
66 120
66 121
67 62
67 63
67 64
67 65
67 66
67 68
67 69
67 70
67 71
67 72
67 76
67 119
67 120
67 121
67 122
67 123
67 124
67 248
67 249
67 391
67 394
68 63
68 64
68 65
68 66
68 67
68 69
68 70
68 71
68 72
68 73
68 74
68 120
68 121
68 248
68 249
68 388
68 389
68 390
68 391
68 394
69 64
69 65
69 66
69 67
69 68
69 70
69 71
69 72
69 73
69 74
69 75
69 76
69 77
69 248
69 249
70 63
70 64
70 65
70 66
70 67
70 68
70 69
70 71
70 72
70 73
70 74
70 75
70 76
70 77
70 78
70 121
70 123
70 124
70 247
70 248
70 249
70 250
71 66
71 67
71 68
71 69
71 70
71 72
71 73
71 74
71 75
71 76
71 121
71 122
71 123
71 124
71 245
71 246
71 247
71 248
71 249
71 250
71 391
71 394
71 398
72 67
72 68
72 69
72 70
72 71
72 73
72 74
72 75
72 248
72 249
72 388
72 394
73 68
73 69
73 70
73 71
73 72
73 74
73 75
73 76
73 77
73 248
73 249
74 68
74 69
74 70
74 71
74 72
74 73
74 75
74 76
74 77
74 123
74 241
74 242
74 243
74 244
74 246
74 247
74 248
74 249
74 250
74 251
75 69
75 70
75 71
75 72
75 73
75 74
75 76
75 77
75 78
75 79
75 123
75 241
75 248
75 249
75 250
75 251
76 66
76 67
76 69
76 70
76 71
76 73
76 74
76 75
76 77
76 78
76 79
76 80
76 82
76 123
76 124
76 248
76 249
76 250
76 251
77 66
77 69
77 70
77 73
77 74
77 75
77 76
77 78
77 79
77 80
77 81
77 82
77 249
78 63
78 66
78 70
78 75
78 76
78 77
78 79
78 80
78 81
78 82
78 83
79 75
79 76
79 77
79 78
79 80
79 81
79 82
79 83
79 84
79 85
79 124
79 127
79 158
79 161
79 203
79 249
79 250
80 76
80 77
80 78
80 79
80 81
80 82
80 83
80 84
80 85
80 158
80 159
80 160
80 161
80 203
81 77
81 78
81 79
81 80
81 82
81 83
81 84
81 85
81 86
81 87
81 158
81 159
82 62
82 63
82 76
82 77
82 78
82 79
82 80
82 81
82 83
82 84
82 85
82 86
82 87
82 88
82 124
82 158
83 78
83 79
83 80
83 81
83 82
83 84
83 85
83 86
83 87
83 88
83 89
83 91
83 92
83 128
83 131
83 155
83 156
83 157
83 158
83 159
83 160
83 161
84 79
84 80
84 81
84 82
84 83
84 85
84 86
84 87
84 88
84 89
84 90
84 92
84 154
84 155
84 156
84 157
84 158
84 159
84 160
84 161
85 58
85 62
85 79
85 80
85 81
85 82
85 83
85 84
85 86
85 87
85 88
85 89
85 90
85 91
85 92
85 157
85 158
86 55
86 58
86 81
86 82
86 83
86 84
86 85
86 87
86 88
86 89
86 90
86 91
86 92
86 93
86 128
86 156
86 157
86 158
87 81
87 82
87 83
87 84
87 85
87 86
87 88
87 89
87 90
87 91
87 92
87 93
87 94
87 101
87 102
87 153
87 154
87 155
87 156
87 157
87 158
87 159
88 82
88 83
88 84
88 85
88 86
88 87
88 89
88 90
88 91
88 92
88 156
88 157
88 158
89 51
89 54
89 55
89 58
89 83
89 84
89 85
89 86
89 87
89 88
89 90
89 91
89 92
89 93
89 94
89 103
89 157
90 84
90 85
90 86
90 87
90 88
90 89
90 91
90 92
90 93
90 94
90 95
90 96
90 98
90 101
90 102
90 103
90 104
90 156
90 157
90 158
91 51
91 55
91 83
91 85
91 86
91 87
91 88
91 89
91 90
91 92
91 93
91 94
91 95
91 96
91 102
91 103
91 105
91 109
91 110
91 113
91 114
91 128
91 132
91 156
91 157
91 158
92 83
92 84
92 85
92 86
92 87
92 88
92 89
92 90
92 91
92 93
92 94
92 95
92 96
92 102
92 103
92 110
92 113
92 128
92 129
92 131
92 132
92 133
92 136
92 155
92 156
92 157
92 158
92 161
93 86
93 87
93 89
93 90
93 91
93 92
93 94
93 95
93 96
93 97
93 98
93 100
93 101
93 102
93 103
93 104
93 105
93 110
93 131
93 132
93 133
93 136
93 137
93 140
93 152
93 153
93 154
93 155
93 156
93 157
93 158
94 87
94 89
94 90
94 91
94 92
94 93
94 95
94 96
94 97
94 98
94 101
94 102
94 103
94 104
94 105
94 106
94 107
94 109
94 110
94 113
94 132
94 133
94 136
94 137
94 156
95 90
95 91
95 92
95 93
95 94
95 96
95 97
95 98
95 102
95 103
95 104
95 105
95 106
95 107
95 108
95 109
95 110
95 132
95 133
95 136
95 137
95 140
96 90
96 91
96 92
96 93
96 94
96 95
96 97
96 98
96 99
96 100
96 101
96 102
96 103
96 104
96 105
96 106
96 132
96 133
96 136
96 137
96 138
96 139
96 140
96 141
96 148
96 152
96 153
96 156
97 93
97 94
97 95
97 96
97 98
97 99
97 100
97 101
97 102
97 103
97 104
97 105
97 137
97 140
97 152
98 90
98 93
98 94
98 95
98 96
98 97
98 99
98 100
98 101
98 102
98 103
98 104
98 105
99 96
99 97
99 98
99 100
99 101
99 102
99 103
99 104
99 148
99 149
99 152
99 153
100 93
100 96
100 97
100 98
100 99
100 101
100 102
100 103
100 104
100 140
100 148
100 149
100 150
100 151
100 152
100 153
100 154
100 155
100 156
100 157
101 87
101 90
101 93
101 94
101 96
101 97
101 98
101 99
101 100
101 102
101 103
101 104
101 152
101 153
101 154
101 155
101 156
101 157
102 87
102 90
102 91
102 92
102 93
102 94
102 95
102 96
102 97
102 98
102 99
102 100
102 101
102 103
102 104
102 105
102 136
102 152
102 153
102 155
102 156
102 157
103 89
103 90
103 91
103 92
103 93
103 94
103 95
103 96
103 97
103 98
103 99
103 100
103 101
103 102
103 104
103 105
103 106
103 156
104 90
104 93
104 94
104 95
104 96
104 97
104 98
104 99
104 100
104 101
104 102
104 103
104 105
104 106
105 48
105 91
105 93
105 94
105 95
105 96
105 97
105 98
105 102
105 103
105 104
105 106
105 107
105 108
105 109
105 110
105 350
106 94
106 95
106 96
106 103
106 104
106 105
106 107
106 108
106 109
106 110
106 111
106 346
106 347
106 349
106 350
106 351
107 94
107 95
107 105
107 106
107 108
107 109
107 110
107 111
107 112
107 113
107 133
107 284
107 287
107 288
107 343
107 345
107 346
107 347
107 348
107 349
107 350
108 44
108 48
108 95
108 105
108 106
108 107
108 109
108 110
108 111
108 112
108 113
108 114
108 287
108 288
108 291
108 342
108 343
108 344
108 345
108 346
108 347
108 348
108 349
108 350
109 44
109 47
109 48
109 49
109 51
109 52
109 91
109 94
109 95
109 105
109 106
109 107
109 108
109 110
109 111
109 112
109 113
109 114
109 115
109 288
109 343
109 346
109 347
109 350
110 91
110 92
110 93
110 94
110 95
110 105
110 106
110 107
110 108
110 109
110 111
110 112
110 113
110 114
110 115
110 129
110 132
110 133
110 287
110 288
110 289
110 291
110 346
111 106
111 107
111 108
111 109
111 110
111 112
111 113
111 114
111 115
111 116
111 117
111 129
111 287
111 288
111 289
111 290
111 291
111 292
111 294
111 295
111 339
111 342
111 343
111 346
112 44
112 48
112 49
112 51
112 52
112 55
112 56
112 107
112 108
112 109
112 110
112 111
112 113
112 114
112 115
112 116
112 117
112 118
112 288
112 291
112 292
112 294
112 295
112 343
113 48
113 51
113 52
113 54
113 55
113 56
113 91
113 92
113 94
113 107
113 108
113 109
113 110
113 111
113 112
113 114
113 115
113 116
113 117
113 118
113 119
113 125
113 128
113 129
113 288
113 291
113 292
113 295
114 55
114 91
114 108
114 109
114 110
114 111
114 112
114 113
114 115
114 116
114 117
114 118
114 119
114 122
114 124
114 125
114 126
114 127
114 128
114 129
114 132
114 288
114 289
114 290
114 291
114 292
114 293
114 294
114 295
115 52
115 55
115 56
115 109
115 110
115 111
115 112
115 113
115 114
115 116
115 117
115 118
115 119
115 120
115 121
115 122
115 125
115 288
115 289
115 290
115 291
115 292
115 293
115 294
115 295
115 296
115 297
115 298
115 299
115 339
116 52
116 53
116 54
116 55
116 56
116 57
116 58
116 59
116 60
116 111
116 112
116 113
116 114
116 115
116 117
116 118
116 119
116 120
116 121
116 122
116 125
116 291
116 292
116 294
116 295
116 296
116 298
116 299
117 55
117 56
117 58
117 59
117 60
117 63
117 64
117 111
117 112
117 113
117 114
117 115
117 116
117 118
117 119
117 120
117 121
117 122
117 123
117 124
117 125
117 126
117 127
117 128
117 129
117 291
117 292
117 295
117 296
118 59
118 64
118 112
118 113
118 114
118 115
118 116
118 117
118 119
118 120
118 121
118 122
118 123
118 124
118 125
118 126
118 127
118 128
118 129
118 289
118 291
118 292
118 293
118 294
118 295
118 296
118 297
118 298
118 299
118 395
118 398
119 56
119 59
119 60
119 63
119 64
119 67
119 113
119 114
119 115
119 116
119 117
119 118
119 120
119 121
119 122
119 124
119 125
119 291
119 292
119 293
119 294
119 295
119 296
119 297
119 298
119 299
119 300
119 302
119 395
120 56
120 59
120 60
120 61
120 62
120 63
120 64
120 65
120 66
120 67
120 68
120 115
120 116
120 117
120 118
120 119
120 121
120 122
120 123
120 124
120 125
120 295
120 296
120 298
120 299
121 59
121 63
121 64
121 65
121 66
121 67
121 68
121 70
121 71
121 115
121 116
121 117
121 118
121 119
121 120
121 122
121 123
121 124
121 125
121 126
121 247
121 248
121 249
121 250
121 292
121 295
121 296
121 299
121 394
121 395
121 398
122 67
122 71
122 114
122 115
122 116
122 117
122 118
122 119
122 120
122 121
122 123
122 124
122 125
122 126
122 127
122 128
122 246
122 247
122 248
122 249
122 250
122 292
122 293
122 295
122 296
122 299
122 394
122 395
122 397
122 398
122 399
122 401
123 67
123 70
123 71
123 74
123 75
123 76
123 117
123 118
123 120
123 121
123 122
123 124
123 125
123 126
123 127
123 128
123 129
123 199
123 246
123 247
123 248
123 249
123 250
123 251
123 292
123 398
124 63
124 67
124 70
124 71
124 76
124 79
124 82
124 114
124 117
124 118
124 119
124 120
124 121
124 122
124 123
124 125
124 126
124 127
124 128
124 129
124 130
124 247
124 248
124 249
124 250
124 251
124 292
125 113
125 114
125 115
125 116
125 117
125 118
125 119
125 120
125 121
125 122
125 123
125 124
125 126
125 127
125 128
125 129
125 130
125 131
125 247
125 250
125 289
125 291
125 292
125 295
125 296
126 114
126 117
126 118
126 121
126 122
126 123
126 124
126 125
126 127
126 128
126 129
126 130
126 131
126 199
126 200
126 247
126 249
126 250
126 251
126 289
126 291
126 292
126 398
126 401
126 402
126 405
127 79
127 114
127 117
127 118
127 122
127 123
127 124
127 125
127 126
127 128
127 129
127 130
127 131
127 132
127 161
127 162
127 163
127 199
127 200
127 201
127 247
127 249
127 250
127 251
127 252
128 83
128 86
128 91
128 92
128 113
128 114
128 117
128 118
128 122
128 123
128 124
128 125
128 126
128 127
128 129
128 130
128 131
128 132
128 133
128 134
128 161
128 162
128 163
128 199
128 200
128 250
128 289
129 92
129 110
129 111
129 113
129 114
129 117
129 118
129 123
129 124
129 125
129 126
129 127
129 128
129 130
129 131
129 132
129 133
129 134
129 135
129 136
129 162
129 163
129 199
129 285
129 288
129 289
129 290
129 291
129 292
130 124
130 125
130 126
130 127
130 128
130 129
130 131
130 132
130 133
130 134
130 135
130 136
130 137
130 161
130 162
130 163
130 164
130 198
130 199
130 200
130 201
130 250
130 285
130 289
131 83
131 92
131 93
131 125
131 126
131 127
131 128
131 129
131 130
131 132
131 133
131 134
131 135
131 136
131 137
131 155
131 156
131 158
131 160
131 161
131 162
131 163
131 164
131 199
131 200
131 204
131 206
131 207
132 91
132 92
132 93
132 94
132 95
132 96
132 110
132 114
132 127
132 128
132 129
132 130
132 131
132 133
132 134
132 135
132 136
132 137
132 138
132 155
132 156
132 158
132 161
132 162
132 163
132 288
133 92
133 93
133 94
133 95
133 96
133 107
133 110
133 128
133 129
133 130
133 131
133 132
133 134
133 135
133 136
133 137
133 138
133 139
133 140
133 162
133 163
133 164
133 281
133 282
133 284
133 285
133 286
133 287
133 288
133 289
134 128
134 129
134 130
134 131
134 132
134 133
134 135
134 136
134 137
134 138
134 139
134 162
134 163
134 164
134 165
134 199
134 207
134 208
134 278
134 281
134 282
134 284
134 285
134 288
134 289
135 129
135 130
135 131
135 132
135 133
135 134
135 136
135 137
135 138
135 139
135 140
135 152
135 155
135 161
135 162
135 163
135 164
135 165
135 204
135 206
135 207
135 208
135 228
135 281
136 92
136 93
136 94
136 95
136 96
136 102
136 129
136 130
136 131
136 132
136 133
136 134
136 135
136 137
136 138
136 139
136 140
136 141
136 143
136 148
136 151
136 152
136 153
136 155
136 156
136 161
136 162
136 163
136 164
136 206
136 208
137 93
137 94
137 95
137 96
137 97
137 130
137 131
137 132
137 133
137 134
137 135
137 136
137 138
137 139
137 140
137 141
137 142
137 143
137 152
137 281
137 284
137 285
138 96
138 132
138 133
138 134
138 135
138 136
138 137
138 139
138 140
138 141
138 142
138 143
138 164
138 208
138 268
138 269
138 277
138 278
138 280
138 281
138 282
138 284
138 285
139 96
139 133
139 134
139 135
139 136
139 137
139 138
139 140
139 141
139 142
139 143
139 144
139 145
139 147
139 148
139 151
139 152
139 208
139 228
139 268
139 269
139 277
140 93
140 95
140 96
140 97
140 100
140 133
140 135
140 136
140 137
140 138
140 139
140 141
140 142
140 143
140 144
140 145
140 147
140 148
140 151
140 152
141 96
141 136
141 137
141 138
141 139
141 140
141 142
141 143
141 144
141 148
141 268
141 269
141 277
141 280
141 281
142 137
142 138
142 139
142 140
142 141
142 143
142 144
142 145
142 147
142 148
142 226
142 267
142 268
142 269
142 270
142 274
142 276
142 277
142 281
143 136
143 137
143 138
143 139
143 140
143 141
143 142
143 144
143 145
143 146
143 147
143 148
143 149
143 151
143 152
143 228
143 266
143 267
143 268
143 269
143 270
144 139
144 140
144 141
144 142
144 143
144 145
144 146
144 147
144 148
144 149
144 265
144 266
144 267
144 268
144 269
145 139
145 140
145 142
145 143
145 144
145 146
145 147
145 148
145 149
145 150
146 143
146 144
146 145
146 147
146 148
146 149
146 150
146 151
146 265
147 139
147 140
147 142
147 143
147 144
147 145
147 146
147 148
147 149
147 150
147 151
147 152
147 228
147 265
147 266
147 267
147 268
148 96
148 99
148 100
148 136
148 139
148 140
148 141
148 142
148 143
148 144
148 145
148 146
148 147
148 149
148 150
148 151
148 152
148 153
149 99
149 100
149 143
149 144
149 145
149 146
149 147
149 148
149 150
149 151
149 152
149 153
149 154
150 100
150 145
150 146
150 147
150 148
150 149
150 151
150 152
150 153
150 154
150 155
151 100
151 136
151 139
151 140
151 143
151 146
151 147
151 148
151 149
151 150
151 152
151 153
151 154
151 155
151 156
151 160
151 162
151 205
151 206
151 228
151 230
152 93
152 96
152 97
152 99
152 100
152 101
152 102
152 135
152 136
152 137
152 139
152 140
152 143
152 147
152 148
152 149
152 150
152 151
152 153
152 154
152 155
152 156
152 157
152 158
152 160
152 162
153 87
153 93
153 96
153 99
153 100
153 101
153 102
153 136
153 148
153 149
153 150
153 151
153 152
153 154
153 155
153 156
153 157
153 158
153 159
153 160
154 84
154 87
154 93
154 100
154 101
154 149
154 150
154 151
154 152
154 153
154 155
154 156
154 157
154 158
154 159
154 160
154 161
154 162
154 205
154 206
155 83
155 84
155 87
155 92
155 93
155 100
155 101
155 102
155 131
155 132
155 135
155 136
155 150
155 151
155 152
155 153
155 154
155 156
155 157
155 158
155 159
155 160
155 161
155 162
155 204
155 205
155 206
156 83
156 84
156 86
156 87
156 88
156 90
156 91
156 92
156 93
156 94
156 96
156 100
156 101
156 102
156 103
156 131
156 132
156 136
156 151
156 152
156 153
156 154
156 155
156 157
156 158
156 159
156 160
156 161
156 162
157 83
157 84
157 85
157 86
157 87
157 88
157 89
157 90
157 91
157 92
157 93
157 100
157 101
157 102
157 152
157 153
157 154
157 155
157 156
157 158
157 159
157 160
157 161
158 79
158 80
158 81
158 82
158 83
158 84
158 85
158 86
158 87
158 88
158 90
158 91
158 92
158 93
158 131
158 132
158 152
158 153
158 154
158 155
158 156
158 157
158 159
158 160
158 161
158 162
159 80
159 81
159 83
159 84
159 87
159 153
159 154
159 155
159 156
159 157
159 158
159 160
159 161
159 162
159 205
160 80
160 83
160 84
160 131
160 151
160 152
160 153
160 154
160 155
160 156
160 157
160 158
160 159
160 161
160 162
160 203
160 204
160 205
160 206
161 79
161 80
161 83
161 84
161 92
161 127
161 128
161 130
161 131
161 132
161 135
161 136
161 154
161 155
161 156
161 157
161 158
161 159
161 160
161 162
161 163
161 200
161 201
161 202
161 203
161 204
161 205
161 206
161 207
162 127
162 128
162 129
162 130
162 131
162 132
162 133
162 134
162 135
162 136
162 151
162 152
162 154
162 155
162 156
162 158
162 159
162 160
162 161
162 163
162 164
162 199
162 200
162 201
162 203
162 204
162 205
162 206
162 207
162 208
162 230
163 127
163 128
163 129
163 130
163 131
163 132
163 133
163 134
163 135
163 136
163 161
163 162
163 164
163 165
163 198
163 199
163 200
163 201
163 202
163 203
163 204
163 205
163 206
163 207
163 208
163 209
163 229
164 130
164 131
164 133
164 134
164 135
164 136
164 138
164 162
164 163
164 165
164 166
164 167
164 195
164 198
164 199
164 200
164 201
164 204
164 206
164 207
164 208
164 209
164 210
164 226
164 227
164 228
164 229
164 278
165 134
165 135
165 163
165 164
165 166
165 167
165 168
165 194
165 195
165 196
165 197
165 198
165 199
165 200
165 201
165 207
165 208
165 209
165 210
165 211
165 226
165 227
165 229
165 254
165 255
166 164
166 165
166 167
166 168
166 171
166 172
166 175
166 176
166 178
166 180
166 195
166 196
166 197
166 198
166 208
166 209
166 210
166 211
166 226
166 278
167 164
167 165
167 166
167 168
167 169
167 170
167 171
167 172
167 173
167 174
167 175
167 176
167 177
167 178
167 179
167 180
167 194
167 195
167 196
167 197
167 198
167 209
167 210
167 254
168 165
168 166
168 167
168 169
168 170
168 171
168 172
168 174
168 175
168 177
168 178
168 179
168 180
168 193
168 194
168 195
168 196
168 197
168 198
168 254
168 255
169 167
169 168
169 170
169 171
169 172
169 178
169 179
169 194
169 195
169 196
169 197
169 254
170 167
170 168
170 169
170 171
170 172
170 173
170 174
170 175
170 177
170 178
170 179
170 195
170 196
171 166
171 167
171 168
171 169
171 170
171 172
171 173
171 174
171 175
171 176
171 177
171 178
171 179
171 195
171 196
172 166
172 167
172 168
172 169
172 170
172 171
172 173
172 174
172 175
172 176
172 177
172 178
172 196
172 197
172 404
172 405
172 406
172 407
172 408
173 167
173 170
173 171
173 172
173 174
173 175
173 176
173 177
173 404
173 405
173 406
173 407
173 408
173 410
173 411
174 167
174 168
174 170
174 171
174 172
174 173
174 175
174 176
174 177
174 178
174 407
174 411
175 166
175 167
175 168
175 170
175 171
175 172
175 173
175 174
175 176
175 177
175 178
175 179
175 210
175 221
175 275
175 278
175 279
175 407
176 166
176 167
176 171
176 172
176 173
176 174
176 175
176 177
176 178
176 179
176 210
176 211
176 212
176 219
176 220
176 221
176 222
176 223
176 224
176 275
176 278
177 167
177 168
177 170
177 171
177 172
177 173
177 174
177 175
177 176
177 178
177 179
177 180
177 212
177 215
177 220
177 221
177 224
178 166
178 167
178 168
178 169
178 170
178 171
178 172
178 174
178 175
178 176
178 177
178 179
178 180
178 181
178 193
178 194
178 195
178 210
178 211
178 212
178 215
178 220
178 221
178 223
178 224
179 167
179 168
179 169
179 170
179 171
179 175
179 176
179 177
179 178
179 180
179 181
179 182
179 192
179 193
179 194
179 195
179 210
179 211
179 212
179 213
179 215
179 224
180 166
180 167
180 168
180 177
180 178
180 179
180 181
180 182
180 183
180 191
180 192
180 193
180 194
180 195
180 209
180 210
180 211
180 212
180 213
180 215
180 224
180 256
180 257
181 178
181 179
181 180
181 182
181 183
181 184
181 189
181 190
181 191
181 192
181 193
181 194
181 210
181 211
181 212
181 213
181 214
181 215
181 223
181 224
181 225
181 257
181 259
182 179
182 180
182 181
182 183
182 184
182 185
182 188
182 189
182 190
182 191
182 192
182 193
182 210
182 211
182 212
182 213
182 214
182 215
182 223
182 224
182 225
182 226
182 227
182 257
182 259
182 260
182 261
182 262
183 180
183 181
183 182
183 184
183 185
183 186
183 188
183 189
183 190
183 191
183 192
183 211
183 212
183 213
183 214
183 215
183 259
183 261
183 262
184 181
184 182
184 183
184 185
184 186
184 187
184 188
184 189
184 190
184 191
184 213
184 214
184 261
184 262
184 263
184 264
185 182
185 183
185 184
185 186
185 187
185 188
185 189
185 190
185 261
185 262
185 263
185 264
186 183
186 184
186 185
186 187
186 188
186 189
186 263
186 264
187 184
187 185
187 186
187 188
187 189
187 262
187 263
187 264
187 265
188 182
188 183
188 184
188 185
188 186
188 187
188 189
188 190
188 191
188 260
188 261
188 262
188 263
188 264
188 265
188 266
188 267
189 181
189 182
189 183
189 184
189 185
189 186
189 187
189 188
189 190
189 191
189 192
189 213
189 227
189 259
189 260
189 261
189 262
189 263
189 264
189 265
189 266
189 267
190 181
190 182
190 183
190 184
190 185
190 188
190 189
190 191
190 192
190 213
190 235
190 257
190 258
190 259
190 260
190 261
190 262
190 263
190 264
191 180
191 181
191 182
191 183
191 184
191 188
191 189
191 190
191 192
191 193
191 194
191 209
191 211
191 212
191 213
191 227
191 235
191 236
191 256
191 257
191 258
191 259
191 260
191 261
191 262
192 179
192 180
192 181
192 182
192 183
192 189
192 190
192 191
192 193
192 194
192 211
192 212
192 235
192 236
192 256
192 257
192 258
192 259
192 260
192 261
193 168
193 178
193 179
193 180
193 181
193 182
193 191
193 192
193 194
193 195
193 211
193 255
193 256
193 257
193 258
193 259
193 260
194 165
194 167
194 168
194 169
194 178
194 179
194 180
194 181
194 191
194 192
194 193
194 195
194 196
194 211
194 236
194 237
194 238
194 254
194 255
194 256
194 257
194 258
195 164
195 165
195 166
195 167
195 168
195 169
195 170
195 171
195 178
195 179
195 180
195 193
195 194
195 196
195 197
195 198
195 201
195 209
195 210
195 211
195 238
195 253
195 254
195 255
195 256
195 257
196 165
196 166
196 167
196 168
196 169
196 170
196 171
196 172
196 194
196 195
196 197
196 198
196 199
196 201
196 238
196 239
196 252
196 253
196 254
196 255
196 256
197 165
197 166
197 167
197 168
197 169
197 172
197 195
197 196
197 198
197 199
197 200
197 201
197 241
197 242
197 251
197 252
197 253
197 254
197 255
197 405
198 130
198 163
198 164
198 165
198 166
198 167
198 168
198 195
198 196
198 197
198 199
198 200
198 201
198 202
198 204
198 207
198 238
198 241
198 242
198 250
198 251
198 252
198 253
198 254
198 255
199 123
199 126
199 127
199 128
199 129
199 130
199 131
199 134
199 162
199 163
199 164
199 165
199 196
199 197
199 198
199 200
199 201
199 202
199 203
199 204
199 241
199 250
199 251
199 252
199 253
199 254
200 126
200 127
200 128
200 130
200 131
200 161
200 162
200 163
200 164
200 165
200 197
200 198
200 199
200 201
200 202
200 203
200 204
200 205
200 206
200 207
200 241
200 249
200 250
200 251
200 252
200 253
201 127
201 130
201 161
201 162
201 163
201 164
201 165
201 195
201 196
201 197
201 198
201 199
201 200
201 202
201 203
201 204
201 205
201 206
201 207
201 231
201 237
201 238
201 239
201 240
201 241
201 250
201 251
201 252
201 253
201 254
201 255
202 161
202 163
202 198
202 199
202 200
202 201
202 203
202 204
202 205
202 231
202 237
202 238
202 239
202 240
202 241
202 251
202 252
202 253
202 254
202 255
203 79
203 80
203 160
203 161
203 162
203 163
203 199
203 200
203 201
203 202
203 204
203 205
203 206
203 231
203 238
203 250
203 251
203 252
203 253
204 131
204 135
204 155
204 160
204 161
204 162
204 163
204 164
204 198
204 199
204 200
204 201
204 202
204 203
204 205
204 206
204 207
204 229
204 230
204 231
204 251
205 151
205 154
205 155
205 159
205 160
205 161
205 162
205 163
205 200
205 201
205 202
205 203
205 204
205 206
205 207
205 229
205 230
205 231
205 232
206 131
206 135
206 136
206 151
206 154
206 155
206 160
206 161
206 162
206 163
206 164
206 200
206 201
206 203
206 204
206 205
206 207
206 208
206 209
206 228
206 229
206 230
206 231
206 232
207 131
207 134
207 135
207 161
207 162
207 163
207 164
207 165
207 198
207 200
207 201
207 204
207 205
207 206
207 208
207 209
207 210
207 227
207 228
207 229
207 230
207 231
208 134
208 135
208 136
208 138
208 139
208 162
208 163
208 164
208 165
208 166
208 206
208 207
208 209
208 210
208 226
208 227
208 228
208 229
208 230
208 266
208 267
208 268
208 278
209 163
209 164
209 165
209 166
209 167
209 180
209 191
209 195
209 206
209 207
209 208
209 210
209 211
209 225
209 226
209 227
209 228
209 229
209 255
209 267
209 268
209 274
209 278
210 164
210 165
210 166
210 167
210 175
210 176
210 178
210 179
210 180
210 181
210 182
210 195
210 207
210 208
210 209
210 211
210 212
210 213
210 224
210 225
210 226
210 227
210 228
210 267
210 268
210 274
210 275
210 277
210 278
211 165
211 166
211 176
211 178
211 179
211 180
211 181
211 182
211 183
211 191
211 192
211 193
211 194
211 195
211 209
211 210
211 212
211 213
211 214
211 215
211 223
211 224
211 225
211 226
211 227
211 272
211 274
211 275
212 176
212 177
212 178
212 179
212 180
212 181
212 182
212 183
212 191
212 192
212 210
212 211
212 213
212 214
212 215
212 216
212 217
212 220
212 221
212 222
212 223
212 224
212 225
212 226
212 271
212 272
212 274
213 179
213 180
213 181
213 182
213 183
213 184
213 189
213 190
213 191
213 210
213 211
213 212
213 214
213 215
213 216
213 217
213 222
213 223
213 224
213 225
213 226
213 271
213 272
213 274
214 181
214 182
214 183
214 184
214 211
214 212
214 213
214 215
214 216
214 217
214 218
214 220
214 221
214 222
214 223
214 224
214 225
214 271
214 272
215 177
215 178
215 179
215 180
215 181
215 182
215 183
215 211
215 212
215 213
215 214
215 216
215 217
215 218
215 220
215 221
215 222
215 223
215 224
216 212
216 213
216 214
216 215
216 217
216 218
216 219
216 220
216 222
216 223
217 212
217 213
217 214
217 215
217 216
217 218
217 219
217 220
217 221
217 222
217 223
217 224
217 272
218 214
218 215
218 216
218 217
218 219
218 220
218 221
218 222
218 223
219 176
219 216
219 217
219 218
219 220
219 221
219 222
219 223
220 176
220 177
220 178
220 212
220 214
220 215
220 216
220 217
220 218
220 219
220 221
220 222
220 223
220 224
220 272
220 275
221 175
221 176
221 177
221 178
221 212
221 214
221 215
221 217
221 218
221 219
221 220
221 222
221 223
221 224
221 225
221 272
221 273
221 274
221 275
221 276
222 176
222 212
222 213
222 214
222 215
222 216
222 217
222 218
222 219
222 220
222 221
222 223
222 224
222 225
222 271
222 272
222 273
222 274
222 275
222 276
223 176
223 178
223 181
223 182
223 211
223 212
223 213
223 214
223 215
223 216
223 217
223 218
223 219
223 220
223 221
223 222
223 224
223 225
223 271
223 272
223 273
223 274
223 275
224 176
224 177
224 178
224 179
224 180
224 181
224 182
224 210
224 211
224 212
224 213
224 214
224 215
224 217
224 220
224 221
224 222
224 223
224 225
224 226
224 270
224 271
224 272
224 273
224 274
224 275
224 276
224 277
224 278
225 181
225 182
225 209
225 210
225 211
225 212
225 213
225 214
225 221
225 222
225 223
225 224
225 226
225 227
225 267
225 268
225 269
225 270
225 271
225 272
225 273
225 274
225 275
225 276
225 277
225 278
226 142
226 164
226 165
226 166
226 182
226 208
226 209
226 210
226 211
226 212
226 213
226 224
226 225
226 227
226 228
226 229
226 266
226 267
226 268
226 269
226 270
226 271
226 272
226 273
226 274
226 275
226 276
226 277
226 278
227 164
227 165
227 182
227 189
227 191
227 207
227 208
227 209
227 210
227 211
227 225
227 226
227 228
227 229
227 230
227 262
227 263
227 264
227 265
227 266
227 267
227 268
227 269
227 270
227 271
227 274
228 135
228 139
228 143
228 147
228 151
228 164
228 206
228 207
228 208
228 209
228 210
228 226
228 227
228 229
228 230
228 262
228 263
228 264
228 265
228 266
228 267
228 268
229 163
229 164
229 165
229 204
229 205
229 206
229 207
229 208
229 209
229 226
229 227
229 228
229 230
229 231
229 232
229 233
229 236
229 260
229 261
229 262
229 263
229 266
229 267
230 151
230 162
230 204
230 205
230 206
230 207
230 208
230 227
230 228
230 229
230 231
230 232
230 233
230 234
230 236
230 262
230 266
231 201
231 202
231 203
231 204
231 205
231 206
231 207
231 229
231 230
231 232
231 233
231 234
231 236
231 237
231 238
232 205
232 206
232 229
232 230
232 231
232 233
232 234
232 235
232 236
232 237
233 229
233 230
233 231
233 232
233 234
233 235
233 236
233 237
233 257
233 260
233 261
233 262
234 230
234 231
234 232
234 233
234 235
234 236
234 237
234 257
234 258
234 259
234 260
234 261
234 262
235 190
235 191
235 192
235 232
235 233
235 234
235 236
235 237
235 256
235 257
235 258
235 259
235 260
235 261
235 262
236 191
236 192
236 194
236 229
236 230
236 231
236 232
236 233
236 234
236 235
236 237
236 238
236 255
236 256
236 257
236 258
236 259
236 260
236 261
236 262
237 194
237 201
237 202
237 231
237 232
237 233
237 234
237 235
237 236
237 238
237 239
237 254
237 255
237 256
237 257
237 258
237 260
238 194
238 195
238 196
238 198
238 201
238 202
238 203
238 231
238 236
238 237
238 239
238 240
238 241
238 252
238 253
238 254
238 255
238 256
238 257
239 196
239 201
239 202
239 237
239 238
239 240
239 241
239 242
239 252
239 253
239 254
239 255
239 256
240 201
240 202
240 238
240 239
240 241
240 242
240 243
240 251
240 252
240 253
240 254
240 255
241 74
241 75
241 197
241 198
241 199
241 200
241 201
241 202
241 238
241 239
241 240
241 242
241 243
241 244
241 248
241 249
241 250
241 251
241 252
241 253
241 254
242 74
242 197
242 198
242 239
242 240
242 241
242 243
242 244
242 245
242 248
242 249
242 250
242 251
242 252
242 253
242 254
243 74
243 240
243 241
243 242
243 244
243 245
243 246
243 247
243 248
243 249
243 251
243 252
243 253
244 74
244 241
244 242
244 243
244 245
244 246
244 247
244 248
244 249
244 250
244 251
244 252
244 397
244 398
244 401
245 71
245 242
245 243
245 244
245 246
245 247
245 248
245 394
245 396
245 397
245 398
245 400
245 401
246 71
246 74
246 122
246 123
246 243
246 244
246 245
246 247
246 248
246 249
246 250
246 393
246 394
246 395
246 396
246 397
246 398
246 399
246 400
246 401
247 70
247 71
247 74
247 121
247 122
247 123
247 124
247 125
247 126
247 127
247 243
247 244
247 245
247 246
247 248
247 249
247 250
247 251
247 252
247 394
247 395
247 397
247 398
247 399
247 400
247 401
248 67
248 68
248 69
248 70
248 71
248 72
248 73
248 74
248 75
248 76
248 121
248 122
248 123
248 124
248 241
248 242
248 243
248 244
248 245
248 246
248 247
248 249
248 250
248 251
248 252
248 394
248 397
248 398
249 67
249 68
249 69
249 70
249 71
249 72
249 73
249 74
249 75
249 76
249 77
249 79
249 121
249 122
249 123
249 124
249 126
249 127
249 200
249 241
249 242
249 243
249 244
249 246
249 247
249 248
249 250
249 251
249 252
250 70
250 71
250 74
250 75
250 76
250 79
250 121
250 122
250 123
250 124
250 125
250 126
250 127
250 128
250 130
250 198
250 199
250 200
250 201
250 203
250 241
250 242
250 244
250 246
250 247
250 248
250 249
250 251
250 252
250 253
251 74
251 75
251 76
251 123
251 124
251 126
251 127
251 197
251 198
251 199
251 200
251 201
251 202
251 203
251 204
251 240
251 241
251 242
251 243
251 244
251 247
251 248
251 249
251 250
251 252
251 253
252 127
252 196
252 197
252 198
252 199
252 200
252 201
252 202
252 203
252 238
252 239
252 240
252 241
252 242
252 243
252 244
252 247
252 248
252 249
252 250
252 251
252 253
252 254
252 255
253 195
253 196
253 197
253 198
253 199
253 200
253 201
253 202
253 203
253 238
253 239
253 240
253 241
253 242
253 243
253 250
253 251
253 252
253 254
253 255
253 256
254 165
254 167
254 168
254 169
254 194
254 195
254 196
254 197
254 198
254 199
254 201
254 202
254 237
254 238
254 239
254 240
254 241
254 242
254 252
254 253
254 255
254 256
255 165
255 168
255 193
255 194
255 195
255 196
255 197
255 198
255 201
255 202
255 209
255 236
255 237
255 238
255 239
255 240
255 252
255 253
255 254
255 256
255 257
256 180
256 191
256 192
256 193
256 194
256 195
256 196
256 235
256 236
256 237
256 238
256 239
256 253
256 254
256 255
256 257
256 258
256 259
256 260
257 180
257 181
257 182
257 190
257 191
257 192
257 193
257 194
257 195
257 233
257 234
257 235
257 236
257 237
257 238
257 255
257 256
257 258
257 259
257 260
257 261
258 190
258 191
258 192
258 193
258 194
258 234
258 235
258 236
258 237
258 256
258 257
258 259
258 260
258 261
259 181
259 182
259 183
259 189
259 190
259 191
259 192
259 193
259 234
259 235
259 236
259 256
259 257
259 258
259 260
259 261
259 262
260 182
260 188
260 189
260 190
260 191
260 192
260 193
260 229
260 233
260 234
260 235
260 236
260 237
260 256
260 257
260 258
260 259
260 261
260 262
261 182
261 183
261 184
261 185
261 188
261 189
261 190
261 191
261 192
261 229
261 233
261 234
261 235
261 236
261 257
261 258
261 259
261 260
261 262
261 263
261 264
262 182
262 183
262 184
262 185
262 187
262 188
262 189
262 190
262 191
262 227
262 228
262 229
262 230
262 233
262 234
262 235
262 236
262 259
262 260
262 261
262 263
262 264
262 265
262 266
262 267
263 184
263 185
263 186
263 187
263 188
263 189
263 190
263 227
263 228
263 229
263 261
263 262
263 264
263 265
263 266
263 267
264 184
264 185
264 186
264 187
264 188
264 189
264 190
264 227
264 228
264 261
264 262
264 263
264 265
264 266
264 267
264 268
264 270
264 271
265 144
265 146
265 147
265 187
265 188
265 189
265 227
265 228
265 262
265 263
265 264
265 266
265 267
265 268
265 269
265 270
266 143
266 144
266 147
266 188
266 189
266 208
266 226
266 227
266 228
266 229
266 230
266 262
266 263
266 264
266 265
266 267
266 268
266 269
266 270
267 142
267 143
267 144
267 147
267 188
267 189
267 208
267 209
267 210
267 225
267 226
267 227
267 228
267 229
267 262
267 263
267 264
267 265
267 266
267 268
267 269
267 270
267 271
267 272
267 274
268 138
268 139
268 141
268 142
268 143
268 144
268 147
268 208
268 209
268 210
268 225
268 226
268 227
268 228
268 264
268 265
268 266
268 267
268 269
268 270
268 271
268 273
268 274
268 277
269 138
269 139
269 141
269 142
269 143
269 144
269 225
269 226
269 227
269 265
269 266
269 267
269 268
269 270
269 271
269 272
269 273
269 274
269 276
269 277
270 142
270 143
270 224
270 225
270 226
270 227
270 264
270 265
270 266
270 267
270 268
270 269
270 271
270 272
270 273
270 274
270 276
270 277
271 212
271 213
271 214
271 222
271 223
271 224
271 225
271 226
271 227
271 264
271 267
271 268
271 269
271 270
271 272
271 273
271 274
272 211
272 212
272 213
272 214
272 217
272 220
272 221
272 222
272 223
272 224
272 225
272 226
272 267
272 269
272 270
272 271
272 273
272 274
272 275
272 276
273 221
273 222
273 223
273 224
273 225
273 226
273 268
273 269
273 270
273 271
273 272
273 274
273 275
273 276
273 277
273 278
274 142
274 209
274 210
274 211
274 212
274 213
274 221
274 222
274 223
274 224
274 225
274 226
274 227
274 267
274 268
274 269
274 270
274 271
274 272
274 273
274 275
274 276
274 277
274 278
274 279
275 175
275 176
275 210
275 211
275 220
275 221
275 222
275 223
275 224
275 225
275 226
275 272
275 273
275 274
275 276
275 277
275 278
275 279
275 280
275 281
276 142
276 221
276 222
276 224
276 225
276 226
276 269
276 270
276 272
276 273
276 274
276 275
276 277
276 278
276 279
276 280
276 281
276 282
277 138
277 139
277 141
277 142
277 210
277 224
277 225
277 226
277 268
277 269
277 270
277 273
277 274
277 275
277 276
277 278
277 279
277 280
277 281
277 282
278 134
278 138
278 164
278 166
278 175
278 176
278 208
278 209
278 210
278 224
278 225
278 226
278 273
278 274
278 275
278 276
278 277
278 279
278 280
278 281
278 282
278 283
278 285
279 175
279 274
279 275
279 276
279 277
279 278
279 280
279 281
279 282
279 283
279 284
279 285
279 356
280 138
280 141
280 275
280 276
280 277
280 278
280 279
280 281
280 282
280 283
280 284
280 285
280 354
280 355
280 356
281 133
281 134
281 135
281 137
281 138
281 141
281 142
281 275
281 276
281 277
281 278
281 279
281 280
281 282
281 283
281 284
281 285
281 286
282 133
282 134
282 138
282 276
282 277
282 278
282 279
282 280
282 281
282 283
282 284
282 285
282 286
282 287
282 288
282 356
282 359
282 360
282 406
282 407
283 278
283 279
283 280
283 281
283 282
283 284
283 285
283 286
283 287
283 288
283 289
283 354
283 355
283 356
283 357
283 358
283 359
283 360
283 406
284 107
284 133
284 134
284 137
284 138
284 279
284 280
284 281
284 282
284 283
284 285
284 286
284 287
284 288
284 289
284 290
284 346
284 349
284 354
284 355
284 356
284 359
284 360
284 406
285 129
285 130
285 133
285 134
285 137
285 138
285 278
285 279
285 280
285 281
285 282
285 283
285 284
285 286
285 287
285 288
285 289
285 290
285 359
285 360
285 363
285 405
285 406
285 407
286 133
286 281
286 282
286 283
286 284
286 285
286 287
286 288
286 289
286 290
286 291
286 356
286 358
286 359
286 360
286 361
286 362
286 363
286 364
286 402
286 405
286 406
286 407
286 412
287 107
287 108
287 110
287 111
287 133
287 282
287 283
287 284
287 285
287 286
287 288
287 289
287 290
287 291
287 342
287 343
287 345
287 346
287 349
287 354
287 356
287 358
287 359
287 360
287 361
287 362
287 363
287 406
288 107
288 108
288 109
288 110
288 111
288 112
288 113
288 114
288 115
288 129
288 132
288 133
288 134
288 282
288 283
288 284
288 285
288 286
288 287
288 289
288 290
288 291
288 292
288 342
288 343
288 346
288 359
288 362
288 363
289 110
289 111
289 114
289 115
289 118
289 125
289 126
289 128
289 129
289 130
289 133
289 134
289 283
289 284
289 285
289 286
289 287
289 288
289 290
289 291
289 292
289 293
289 294
289 342
289 359
289 362
289 363
289 366
289 367
289 402
289 405
289 406
290 111
290 114
290 115
290 129
290 284
290 285
290 286
290 287
290 288
290 289
290 291
290 292
290 293
290 294
290 295
290 338
290 339
290 342
290 343
290 359
290 360
290 361
290 362
290 363
290 364
290 365
290 366
290 367
290 402
290 406
291 108
291 110
291 111
291 112
291 113
291 114
291 115
291 116
291 117
291 118
291 119
291 125
291 126
291 129
291 286
291 287
291 288
291 289
291 290
291 292
291 293
291 294
291 295
291 296
291 297
291 338
291 339
291 342
291 343
291 362
291 363
291 366
291 367
292 111
292 112
292 113
292 114
292 115
292 116
292 117
292 118
292 119
292 121
292 122
292 123
292 124
292 125
292 126
292 129
292 288
292 289
292 290
292 291
292 293
292 294
292 295
292 296
292 297
292 298
292 363
292 366
292 367
292 370
292 398
292 399
292 401
292 402
293 114
293 115
293 118
293 119
293 122
293 289
293 290
293 291
293 292
293 294
293 295
293 296
293 297
293 298
293 299
293 335
293 338
293 339
293 363
293 364
293 365
293 366
293 367
293 368
293 369
293 370
293 371
293 373
293 374
293 395
293 398
293 399
293 400
293 401
293 402
293 403
294 111
294 112
294 114
294 115
294 116
294 118
294 119
294 289
294 290
294 291
294 292
294 293
294 295
294 296
294 297
294 298
294 299
294 334
294 335
294 336
294 338
294 339
294 342
294 363
294 366
294 367
294 369
294 370
294 399
295 111
295 112
295 113
295 114
295 115
295 116
295 117
295 118
295 119
295 120
295 121
295 122
295 125
295 290
295 291
295 292
295 293
295 294
295 296
295 297
295 298
295 299
295 300
295 301
295 335
295 339
295 370
295 395
295 399
296 115
296 116
296 117
296 118
296 119
296 120
296 121
296 122
296 125
296 291
296 292
296 293
296 294
296 295
296 297
296 298
296 299
296 300
296 301
296 302
296 335
296 367
296 370
296 371
296 373
296 374
296 394
296 395
296 396
296 398
296 399
297 115
297 118
297 119
297 291
297 292
297 293
297 294
297 295
297 296
297 298
297 299
297 300
297 301
297 302
297 331
297 332
297 334
297 335
297 336
297 338
297 339
297 366
297 367
297 369
297 370
297 371
297 372
297 373
297 374
297 377
297 395
297 396
297 399
298 34
298 35
298 36
298 37
298 115
298 116
298 118
298 119
298 120
298 292
298 293
298 294
298 295
298 296
298 297
298 299
298 300
298 301
298 302
298 303
298 304
298 331
298 332
298 335
298 336
298 339
298 370
298 373
298 374
299 34
299 35
299 115
299 116
299 118
299 119
299 120
299 121
299 122
299 293
299 294
299 295
299 296
299 297
299 298
299 300
299 301
299 302
299 303
299 304
299 374
299 377
299 391
299 392
299 395
300 119
300 295
300 296
300 297
300 298
300 299
300 301
300 302
300 303
300 304
300 305
300 331
300 370
300 373
300 374
300 375
300 376
300 377
300 378
300 391
300 392
300 393
300 394
300 395
300 396
301 34
301 35
301 295
301 296
301 297
301 298
301 299
301 300
301 302
301 303
301 304
301 305
301 306
301 307
301 328
301 331
301 332
301 335
301 373
301 374
301 376
301 377
302 32
302 33
302 34
302 35
302 36
302 119
302 296
302 297
302 298
302 299
302 300
302 301
302 303
302 304
302 305
302 306
302 307
302 377
303 32
303 33
303 34
303 35
303 298
303 299
303 300
303 301
303 302
303 304
303 305
303 306
303 307
303 308
303 377
303 380
303 381
303 390
303 391
303 392
304 298
304 299
304 300
304 301
304 302
304 303
304 305
304 306
304 307
304 308
304 309
304 319
304 327
304 328
304 331
304 374
304 376
304 377
304 378
304 379
304 380
304 381
304 385
304 392
305 35
305 300
305 301
305 302
305 303
305 304
305 306
305 307
305 308
305 309
305 310
305 319
305 324
305 325
305 328
305 332
305 377
305 380
306 32
306 33
306 34
306 35
306 301
306 302
306 303
306 304
306 305
306 307
306 308
306 309
306 310
306 311
306 319
307 301
307 302
307 303
307 304
307 305
307 306
307 308
307 309
307 310
307 311
307 312
307 317
307 318
307 319
307 380
307 381
308 303
308 304
308 305
308 306
308 307
308 309
308 310
308 311
308 312
308 317
308 318
308 319
308 320
308 321
308 324
308 325
308 328
308 380
308 381
309 304
309 305
309 306
309 307
309 308
309 310
309 311
309 312
309 316
309 317
309 318
309 319
309 320
310 305
310 306
310 307
310 308
310 309
310 311
310 312
310 316
310 317
310 318
310 319
311 306
311 307
311 308
311 309
311 310
311 312
311 313
311 316
311 317
311 318
311 319
311 380
311 381
312 307
312 308
312 309
312 310
312 311
312 313
312 314
312 315
312 316
312 317
312 318
312 319
312 320
313 311
313 312
313 314
313 315
313 316
313 317
313 318
313 319
313 320
313 321
314 312
314 313
314 315
314 316
314 317
314 318
314 321
315 312
315 313
315 314
315 316
315 317
315 318
316 309
316 310
316 311
316 312
316 313
316 314
316 315
316 317
316 318
316 319
316 320
316 321
317 307
317 308
317 309
317 310
317 311
317 312
317 313
317 314
317 315
317 316
317 318
317 319
317 320
317 321
318 307
318 308
318 309
318 310
318 311
318 312
318 313
318 314
318 315
318 316
318 317
318 319
318 320
318 321
318 322
318 323
318 324
318 325
318 380
318 381
319 304
319 305
319 306
319 307
319 308
319 309
319 310
319 311
319 312
319 313
319 316
319 317
319 318
319 320
319 321
319 322
319 323
319 324
319 325
319 326
319 327
319 328
319 380
320 308
320 309
320 312
320 313
320 316
320 317
320 318
320 319
320 321
320 322
320 323
320 324
320 325
321 308
321 313
321 314
321 316
321 317
321 318
321 319
321 320
321 322
321 323
321 324
321 325
321 326
322 318
322 319
322 320
322 321
322 323
322 324
322 325
322 326
322 327
322 328
323 318
323 319
323 320
323 321
323 322
323 324
323 325
323 326
323 327
323 328
323 329
324 305
324 308
324 318
324 319
324 320
324 321
324 322
324 323
324 325
324 326
324 327
324 328
324 329
324 330
324 376
324 379
324 380
325 305
325 308
325 318
325 319
325 320
325 321
325 322
325 323
325 324
325 326
325 327
325 328
325 329
325 330
325 331
326 319
326 321
326 322
326 323
326 324
326 325
326 327
326 328
326 329
326 330
326 331
326 332
327 304
327 319
327 322
327 323
327 324
327 325
327 326
327 328
327 329
327 330
327 331
327 332
327 333
327 373
327 376
327 377
327 379
327 380
328 301
328 304
328 305
328 308
328 319
328 322
328 323
328 324
328 325
328 326
328 327
328 329
328 330
328 331
328 332
328 333
328 373
328 376
328 377
328 380
329 323
329 324
329 325
329 326
329 327
329 328
329 330
329 331
329 332
329 333
329 334
329 335
330 324
330 325
330 326
330 327
330 328
330 329
330 331
330 332
330 333
330 334
330 335
330 372
330 373
330 376
331 297
331 298
331 300
331 301
331 304
331 325
331 326
331 327
331 328
331 329
331 330
331 332
331 333
331 334
331 335
331 336
331 369
331 370
331 372
331 373
331 374
331 376
331 377
332 297
332 298
332 301
332 305
332 326
332 327
332 328
332 329
332 330
332 331
332 333
332 334
332 335
332 336
332 337
332 373
333 327
333 328
333 329
333 330
333 331
333 332
333 334
333 335
333 336
333 337
333 338
333 339
334 294
334 297
334 329
334 330
334 331
334 332
334 333
334 335
334 336
334 337
334 338
334 339
334 365
334 366
334 368
334 369
334 370
334 372
334 373
335 293
335 294
335 295
335 296
335 297
335 298
335 301
335 329
335 330
335 331
335 332
335 333
335 334
335 336
335 337
335 338
335 339
335 340
335 341
335 366
335 369
335 370
335 373
336 37
336 38
336 41
336 42
336 294
336 297
336 298
336 331
336 332
336 333
336 334
336 335
336 337
336 338
336 339
336 340
336 341
337 332
337 333
337 334
337 335
337 336
337 338
337 339
337 340
337 341
337 342
337 365
337 366
337 369
338 290
338 291
338 293
338 294
338 297
338 333
338 334
338 335
338 336
338 337
338 339
338 340
338 341
338 342
338 343
338 362
338 363
338 364
338 365
338 366
338 367
338 369
338 370
339 42
339 111
339 115
339 290
339 291
339 293
339 294
339 295
339 297
339 298
339 333
339 334
339 335
339 336
339 337
339 338
339 340
339 341
339 342
339 343
339 344
339 362
339 366
340 41
340 42
340 43
340 335
340 336
340 337
340 338
340 339
340 341
340 342
340 343
340 344
340 345
340 346
340 362
341 42
341 335
341 336
341 337
341 338
341 339
341 340
341 342
341 343
341 344
341 345
341 346
341 358
341 361
341 362
341 363
341 365
341 366
342 108
342 111
342 287
342 288
342 289
342 290
342 291
342 294
342 337
342 338
342 339
342 340
342 341
342 343
342 344
342 345
342 346
342 347
342 348
342 358
342 359
342 361
342 362
342 363
342 365
342 366
343 42
343 43
343 44
343 107
343 108
343 109
343 111
343 112
343 287
343 288
343 290
343 291
343 338
343 339
343 340
343 341
343 342
343 344
343 345
343 346
343 347
343 348
343 349
343 362
344 42
344 43
344 108
344 339
344 340
344 341
344 342
344 343
344 345
344 346
344 347
344 348
344 349
344 350
344 362
345 107
345 108
345 287
345 340
345 341
345 342
345 343
345 344
345 346
345 347
345 348
345 349
345 350
345 351
345 353
345 354
345 355
345 358
345 359
345 361
345 362
346 106
346 107
346 108
346 109
346 110
346 111
346 284
346 287
346 288
346 340
346 341
346 342
346 343
346 344
346 345
346 347
346 348
346 349
346 350
346 351
346 352
346 353
346 354
346 358
346 359
346 362
347 106
347 107
347 108
347 109
347 342
347 343
347 344
347 345
347 346
347 348
347 349
347 350
347 351
347 352
347 353
347 354
348 107
348 108
348 342
348 343
348 344
348 345
348 346
348 347
348 349
348 350
348 351
348 352
348 353
348 354
348 355
349 106
349 107
349 108
349 284
349 287
349 343
349 344
349 345
349 346
349 347
349 348
349 350
349 351
349 352
349 353
349 354
349 355
349 358
349 359
350 105
350 106
350 107
350 108
350 109
350 344
350 345
350 346
350 347
350 348
350 349
350 351
350 352
350 353
350 354
351 106
351 345
351 346
351 347
351 348
351 349
351 350
351 352
351 353
351 354
352 346
352 347
352 348
352 349
352 350
352 351
352 353
352 354
352 355
353 345
353 346
353 347
353 348
353 349
353 350
353 351
353 352
353 354
353 355
353 358
354 280
354 283
354 284
354 287
354 345
354 346
354 347
354 348
354 349
354 350
354 351
354 352
354 353
354 355
354 356
354 357
354 358
354 359
355 280
355 283
355 284
355 345
355 348
355 349
355 352
355 353
355 354
355 356
355 357
355 358
355 359
355 360
355 361
355 416
355 419
356 279
356 280
356 282
356 283
356 284
356 286
356 287
356 354
356 355
356 357
356 358
356 359
356 360
356 361
356 412
356 415
356 416
356 419
357 283
357 354
357 355
357 356
357 358
357 359
357 360
357 361
357 362
357 412
357 413
357 414
357 415
357 416
357 417
357 418
357 419
357 420
358 283
358 286
358 287
358 341
358 342
358 345
358 346
358 349
358 353
358 354
358 355
358 356
358 357
358 359
358 360
358 361
358 362
358 363
358 364
358 412
358 415
358 416
358 419
359 282
359 283
359 284
359 285
359 286
359 287
359 288
359 289
359 290
359 342
359 345
359 346
359 349
359 354
359 355
359 356
359 357
359 358
359 360
359 361
359 362
359 363
359 364
359 412
359 415
359 416
360 282
360 283
360 284
360 285
360 286
360 287
360 290
360 355
360 356
360 357
360 358
360 359
360 361
360 362
360 363
360 364
360 365
360 406
360 407
360 408
360 409
360 411
360 412
360 413
360 414
360 415
360 416
361 286
361 287
361 290
361 341
361 342
361 345
361 355
361 356
361 357
361 358
361 359
361 360
361 362
361 363
361 364
361 365
361 366
361 409
361 412
361 413
361 415
361 416
362 286
362 287
362 288
362 289
362 290
362 291
362 338
362 339
362 340
362 341
362 342
362 343
362 344
362 345
362 346
362 357
362 358
362 359
362 360
362 361
362 363
362 364
362 365
362 366
362 367
362 412
363 285
363 286
363 287
363 288
363 289
363 290
363 291
363 292
363 293
363 294
363 338
363 341
363 342
363 358
363 359
363 360
363 361
363 362
363 364
363 365
363 366
363 367
363 368
363 369
363 402
363 403
363 406
363 407
363 408
363 409
363 412
364 286
364 290
364 293
364 338
364 358
364 359
364 360
364 361
364 362
364 363
364 365
364 366
364 367
364 368
364 369
364 402
364 403
364 404
364 406
364 407
364 408
364 409
364 410
364 411
364 412
364 413
364 416
365 290
365 293
365 334
365 337
365 338
365 341
365 342
365 360
365 361
365 362
365 363
365 364
365 366
365 367
365 368
365 369
365 370
365 403
365 409
365 412
366 289
366 290
366 291
366 292
366 293
366 294
366 297
366 334
366 335
366 337
366 338
366 339
366 341
366 342
366 361
366 362
366 363
366 364
366 365
366 367
366 368
366 369
366 370
366 371
366 399
366 402
366 403
367 289
367 290
367 291
367 292
367 293
367 294
367 296
367 297
367 338
367 362
367 363
367 364
367 365
367 366
367 368
367 369
367 370
367 371
367 372
367 373
367 399
367 400
367 401
367 402
367 403
367 404
367 405
367 408
367 409
368 293
368 334
368 363
368 364
368 365
368 366
368 367
368 369
368 370
368 371
368 372
368 373
368 399
368 400
368 402
368 403
368 409
369 293
369 294
369 297
369 331
369 334
369 335
369 337
369 338
369 363
369 364
369 365
369 366
369 367
369 368
369 370
369 371
369 372
369 373
369 374
369 375
369 399
369 403
370 292
370 293
370 294
370 295
370 296
370 297
370 298
370 300
370 331
370 334
370 335
370 338
370 365
370 366
370 367
370 368
370 369
370 371
370 372
370 373
370 374
370 375
370 376
370 395
370 396
370 398
370 399
370 400
370 402
370 403
371 293
371 296
371 297
371 366
371 367
371 368
371 369
371 370
371 372
371 373
371 374
371 375
371 376
371 377
371 395
371 396
371 397
371 398
371 399
371 400
371 401
371 402
371 403
372 297
372 330
372 331
372 334
372 367
372 368
372 369
372 370
372 371
372 373
372 374
372 375
372 376
372 377
372 396
372 399
372 400
373 293
373 296
373 297
373 298
373 300
373 301
373 327
373 328
373 330
373 331
373 332
373 334
373 335
373 367
373 368
373 369
373 370
373 371
373 372
373 374
373 375
373 376
373 377
373 378
373 379
373 395
373 396
373 399
374 293
374 296
374 297
374 298
374 299
374 300
374 301
374 304
374 331
374 369
374 370
374 371
374 372
374 373
374 375
374 376
374 377
374 378
374 379
374 380
374 392
374 393
374 394
374 395
374 396
374 397
374 398
374 399
374 400
375 300
375 369
375 370
375 371
375 372
375 373
375 374
375 376
375 377
375 378
375 379
375 380
375 385
375 392
375 393
375 395
375 396
375 397
375 399
376 300
376 301
376 304
376 324
376 327
376 328
376 330
376 331
376 370
376 371
376 372
376 373
376 374
376 375
376 377
376 378
376 379
376 380
376 381
376 382
376 385
376 392
376 396
377 297
377 299
377 300
377 301
377 302
377 303
377 304
377 305
377 327
377 328
377 331
377 371
377 372
377 373
377 374
377 375
377 376
377 378
377 379
377 380
377 381
377 382
377 385
377 391
377 392
377 393
377 395
377 396
378 300
378 304
378 373
378 374
378 375
378 376
378 377
378 379
378 380
378 381
378 382
378 383
378 384
378 385
378 386
378 387
378 390
378 391
378 392
378 393
378 394
378 395
378 396
379 304
379 324
379 327
379 373
379 374
379 375
379 376
379 377
379 378
379 380
379 381
379 382
379 383
379 384
379 385
379 386
379 392
380 303
380 304
380 305
380 307
380 308
380 311
380 318
380 319
380 324
380 327
380 328
380 374
380 375
380 376
380 377
380 378
380 379
380 381
380 382
380 383
380 384
380 385
380 392
381 303
381 304
381 307
381 308
381 311
381 318
381 376
381 377
381 378
381 379
381 380
381 382
381 383
381 384
381 385
381 386
381 387
381 390
381 392
382 376
382 377
382 378
382 379
382 380
382 381
382 383
382 384
382 385
382 386
382 387
383 378
383 379
383 380
383 381
383 382
383 384
383 385
383 386
383 387
384 378
384 379
384 380
384 381
384 382
384 383
384 385
384 386
384 387
384 388
384 389
384 390
384 391
384 392
384 393
385 304
385 375
385 376
385 377
385 378
385 379
385 380
385 381
385 382
385 383
385 384
385 386
385 387
385 388
385 389
385 390
385 391
385 392
385 393
385 394
386 378
386 379
386 381
386 382
386 383
386 384
386 385
386 387
386 388
386 389
386 390
386 391
386 392
386 393
386 394
387 378
387 381
387 382
387 383
387 384
387 385
387 386
387 388
387 389
387 390
387 391
387 392
387 393
387 394
388 68
388 72
388 384
388 385
388 386
388 387
388 389
388 390
388 391
388 392
388 393
388 394
389 68
389 384
389 385
389 386
389 387
389 388
389 390
389 391
389 392
389 393
389 394
390 68
390 303
390 378
390 381
390 384
390 385
390 386
390 387
390 388
390 389
390 391
390 392
390 393
390 394
390 395
391 67
391 68
391 71
391 299
391 300
391 303
391 377
391 378
391 384
391 385
391 386
391 387
391 388
391 389
391 390
391 392
391 393
391 394
391 395
391 396
392 299
392 300
392 303
392 304
392 374
392 375
392 376
392 377
392 378
392 379
392 380
392 381
392 384
392 385
392 386
392 387
392 388
392 389
392 390
392 391
392 393
392 394
392 395
392 396
392 397
393 246
393 300
393 374
393 375
393 377
393 378
393 384
393 385
393 386
393 387
393 388
393 389
393 390
393 391
393 392
393 394
393 395
393 396
393 397
393 398
394 67
394 68
394 71
394 72
394 121
394 122
394 245
394 246
394 247
394 248
394 296
394 300
394 374
394 378
394 385
394 386
394 387
394 388
394 389
394 390
394 391
394 392
394 393
394 395
394 396
394 397
394 398
394 399
395 118
395 119
395 121
395 122
395 246
395 247
395 293
395 295
395 296
395 297
395 299
395 300
395 370
395 371
395 373
395 374
395 375
395 377
395 378
395 390
395 391
395 392
395 393
395 394
395 396
395 397
395 398
395 399
395 400
396 245
396 246
396 296
396 297
396 300
396 370
396 371
396 372
396 373
396 374
396 375
396 376
396 377
396 378
396 391
396 392
396 393
396 394
396 395
396 397
396 398
396 399
396 400
396 401
397 122
397 244
397 245
397 246
397 247
397 248
397 371
397 374
397 375
397 392
397 393
397 394
397 395
397 396
397 398
397 399
397 400
397 401
398 71
398 118
398 121
398 122
398 123
398 126
398 244
398 245
398 246
398 247
398 248
398 292
398 293
398 296
398 370
398 371
398 374
398 393
398 394
398 395
398 396
398 397
398 399
398 400
398 401
398 402
399 122
399 246
399 247
399 292
399 293
399 294
399 295
399 296
399 297
399 366
399 367
399 368
399 369
399 370
399 371
399 372
399 373
399 374
399 375
399 394
399 395
399 396
399 397
399 398
399 400
399 401
399 402
399 403
399 404
400 245
400 246
400 247
400 293
400 367
400 368
400 370
400 371
400 372
400 374
400 395
400 396
400 397
400 398
400 399
400 401
400 402
400 403
400 404
400 405
401 122
401 126
401 244
401 245
401 246
401 247
401 292
401 293
401 367
401 371
401 396
401 397
401 398
401 399
401 400
401 402
401 403
401 404
401 405
401 406
401 408
402 126
402 286
402 289
402 290
402 292
402 293
402 363
402 364
402 366
402 367
402 368
402 370
402 371
402 398
402 399
402 400
402 401
402 403
402 404
402 405
402 406
402 407
402 408
402 409
403 293
403 363
403 364
403 365
403 366
403 367
403 368
403 369
403 370
403 371
403 399
403 400
403 401
403 402
403 404
403 405
403 406
403 407
403 408
403 409
403 410
403 411
403 412
404 172
404 173
404 364
404 367
404 399
404 400
404 401
404 402
404 403
404 405
404 406
404 407
404 408
404 409
404 410
404 411
405 126
405 172
405 173
405 197
405 285
405 286
405 289
405 367
405 400
405 401
405 402
405 403
405 404
405 406
405 407
405 408
405 409
406 172
406 173
406 282
406 283
406 284
406 285
406 286
406 287
406 289
406 290
406 360
406 363
406 364
406 401
406 402
406 403
406 404
406 405
406 407
406 408
406 409
406 411
406 412
407 172
407 173
407 174
407 175
407 282
407 285
407 286
407 360
407 363
407 364
407 402
407 403
407 404
407 405
407 406
407 408
407 409
407 410
407 411
407 412
407 415
408 172
408 173
408 360
408 363
408 364
408 367
408 401
408 402
408 403
408 404
408 405
408 406
408 407
408 409
408 410
408 411
408 412
408 413
408 414
409 360
409 361
409 363
409 364
409 365
409 367
409 368
409 402
409 403
409 404
409 405
409 406
409 407
409 408
409 410
409 411
409 412
409 413
409 414
409 415
410 173
410 364
410 403
410 404
410 407
410 408
410 409
410 411
410 412
410 413
410 414
410 415
410 416
411 173
411 174
411 360
411 364
411 403
411 404
411 406
411 407
411 408
411 409
411 410
411 412
411 413
411 414
411 415
411 416
411 417
412 286
412 356
412 357
412 358
412 359
412 360
412 361
412 362
412 363
412 364
412 365
412 403
412 406
412 407
412 408
412 409
412 410
412 411
412 413
412 414
412 415
412 416
412 417
412 418
413 357
413 360
413 361
413 364
413 408
413 409
413 410
413 411
413 412
413 414
413 415
413 416
413 417
413 418
413 419
414 357
414 360
414 408
414 409
414 410
414 411
414 412
414 413
414 415
414 416
414 417
414 418
414 419
414 420
415 356
415 357
415 358
415 359
415 360
415 361
415 407
415 409
415 410
415 411
415 412
415 413
415 414
415 416
415 417
415 418
415 419
415 420
415 421
416 355
416 356
416 357
416 358
416 359
416 360
416 361
416 364
416 410
416 411
416 412
416 413
416 414
416 415
416 417
416 418
416 419
416 420
416 421
417 357
417 411
417 412
417 413
417 414
417 415
417 416
417 418
417 419
417 420
417 421
417 422
418 357
418 412
418 413
418 414
418 415
418 416
418 417
418 419
418 420
418 421
418 422
418 423
419 355
419 356
419 357
419 358
419 413
419 414
419 415
419 416
419 417
419 418
419 420
419 421
419 422
419 423
419 424
420 357
420 414
420 415
420 416
420 417
420 418
420 419
420 421
420 422
420 423
420 424
420 425
421 415
421 416
421 417
421 418
421 419
421 420
421 422
421 423
421 424
421 425
422 417
422 418
422 419
422 420
422 421
422 423
422 424
422 425
423 418
423 419
423 420
423 421
423 422
423 424
423 425
424 419
424 420
424 421
424 422
424 423
424 425
425 420
425 421
425 422
425 423
425 424
