0 1
0 2
0 3
1 0
1 2
1 3
1 4
2 0
2 1
2 3
2 4
2 5
3 0
3 1
3 2
3 4
3 5
3 6
3 274
4 1
4 2
4 3
4 5
4 6
4 7
4 136
5 2
5 3
5 4
5 6
5 7
5 8
5 135
5 136
5 137
5 138
5 273
5 274
6 3
6 4
6 5
6 7
6 8
6 9
6 134
6 135
6 136
6 137
6 272
6 273
6 274
7 4
7 5
7 6
7 8
7 9
7 10
7 132
7 135
7 136
7 273
8 5
8 6
8 7
8 9
8 10
8 11
8 12
8 13
8 131
8 132
8 134
8 135
8 136
8 273
9 6
9 7
9 8
9 10
9 11
9 12
9 13
9 131
9 132
9 135
10 7
10 8
10 9
10 11
10 12
10 13
11 8
11 9
11 10
11 12
11 13
11 14
11 129
12 8
12 9
12 10
12 11
12 13
12 14
12 15
12 125
12 126
12 128
12 129
12 130
12 131
12 132
13 8
13 9
13 10
13 11
13 12
13 14
13 15
13 16
13 128
13 129
13 130
13 131
13 132
14 11
14 12
14 13
14 15
14 16
14 17
14 128
14 129
14 130
15 12
15 13
15 14
15 16
15 17
15 18
15 20
15 21
15 128
15 129
15 130
15 131
15 257
15 260
15 261
15 264
16 13
16 14
16 15
16 17
16 18
16 19
16 20
16 21
16 22
16 24
16 259
16 260
16 261
16 264
16 265
17 14
17 15
17 16
17 18
17 19
17 20
17 21
17 22
17 23
17 256
17 259
17 260
17 264
18 15
18 16
18 17
18 19
18 20
18 21
18 22
18 23
18 24
18 256
18 259
18 260
18 264
19 16
19 17
19 18
19 20
19 21
19 22
19 23
19 24
19 25
20 15
20 16
20 17
20 18
20 19
20 21
20 22
20 23
20 24
20 25
20 26
20 260
20 264
20 268
21 15
21 16
21 17
21 18
21 19
21 20
21 22
21 23
21 24
21 25
21 26
21 27
21 259
21 260
21 261
21 263
21 264
21 265
21 267
21 268
22 16
22 17
22 18
22 19
22 20
22 21
22 23
22 24
22 25
22 26
22 27
22 28
22 259
22 260
22 263
22 264
22 267
22 268
23 17
23 18
23 19
23 20
23 21
23 22
23 24
23 25
23 26
23 27
23 28
23 268
24 16
24 18
24 19
24 20
24 21
24 22
24 23
24 25
24 26
24 27
24 28
24 29
24 30
24 264
24 267
24 268
24 269
25 19
25 20
25 21
25 22
25 23
25 24
25 26
25 27
25 28
25 29
25 30
25 31
25 263
25 264
25 265
25 266
25 267
25 268
25 269
25 271
25 284
26 20
26 21
26 22
26 23
26 24
26 25
26 27
26 28
26 29
26 30
26 31
26 32
26 267
26 268
27 21
27 22
27 23
27 24
27 25
27 26
27 28
27 29
27 30
27 31
27 32
27 33
27 267
27 268
28 22
28 23
28 24
28 25
28 26
28 27
28 29
28 30
28 31
28 32
28 33
28 34
28 267
28 268
28 269
28 270
28 271
28 272
29 24
29 25
29 26
29 27
29 28
29 30
29 31
29 32
29 33
29 34
29 35
29 267
29 268
29 271
29 280
29 281
29 284
30 24
30 25
30 26
30 27
30 28
30 29
30 31
30 32
30 33
30 34
30 35
30 36
31 25
31 26
31 27
31 28
31 29
31 30
31 32
31 33
31 34
31 35
31 36
31 271
32 26
32 27
32 28
32 29
32 30
32 31
32 33
32 34
32 35
32 36
32 37
32 271
32 275
32 276
32 280
32 281
33 27
33 28
33 29
33 30
33 31
33 32
33 34
33 35
33 36
33 37
33 39
33 281
34 28
34 29
34 30
34 31
34 32
34 33
34 35
34 36
34 37
35 29
35 30
35 31
35 32
35 33
35 34
35 36
35 37
35 38
36 30
36 31
36 32
36 33
36 34
36 35
36 37
36 38
36 39
37 32
37 33
37 34
37 35
37 36
37 38
37 39
38 35
38 36
38 37
38 39
38 40
38 42
38 43
39 33
39 36
39 37
39 38
39 40
39 41
39 42
39 43
39 44
40 38
40 39
40 41
40 42
40 43
40 44
40 45
41 39
41 40
41 42
41 43
41 44
41 45
41 46
41 47
42 38
42 39
42 40
42 41
42 43
42 44
42 45
42 46
42 47
42 48
43 38
43 39
43 40
43 41
43 42
43 44
43 45
43 46
43 47
43 48
43 49
44 39
44 40
44 41
44 42
44 43
44 45
44 46
44 47
44 48
44 49
44 50
44 278
44 279
45 40
45 41
45 42
45 43
45 44
45 46
45 47
45 48
45 49
45 50
45 51
45 52
46 41
46 42
46 43
46 44
46 45
46 47
46 48
46 49
46 50
46 51
46 52
47 41
47 42
47 43
47 44
47 45
47 46
47 48
47 49
47 50
47 51
47 52
47 195
47 278
47 279
48 42
48 43
48 44
48 45
48 46
48 47
48 49
48 50
48 51
48 52
48 53
48 191
48 194
48 195
48 278
48 279
49 43
49 44
49 45
49 46
49 47
49 48
49 50
49 51
49 52
49 53
50 44
50 45
50 46
50 47
50 48
50 49
50 51
50 52
50 53
50 139
50 140
50 195
50 278
51 45
51 46
51 47
51 48
51 49
51 50
51 52
51 53
51 54
51 138
51 139
51 140
51 194
51 195
51 196
51 277
51 278
51 279
52 45
52 46
52 47
52 48
52 49
52 50
52 51
52 53
52 54
52 55
52 139
52 140
52 190
52 191
52 192
52 193
52 194
52 195
52 196
52 278
53 48
53 49
53 50
53 51
53 52
53 54
53 55
53 56
53 139
53 140
53 141
53 142
53 191
53 193
53 194
53 195
53 196
54 51
54 52
54 53
54 55
54 56
54 57
54 58
54 59
54 140
54 190
54 191
54 193
54 194
54 195
54 196
55 52
55 53
55 54
55 56
55 57
55 58
55 59
55 60
55 194
56 53
56 54
56 55
56 57
56 58
56 59
56 60
56 61
56 62
57 54
57 55
57 56
57 58
57 59
57 60
57 61
57 62
57 63
58 54
58 55
58 56
58 57
58 59
58 60
58 61
58 62
58 63
58 64
58 148
58 152
59 54
59 55
59 56
59 57
59 58
59 60
59 61
59 62
59 63
59 64
59 65
59 152
59 155
59 156
59 190
60 55
60 56
60 57
60 58
60 59
60 61
60 62
60 63
60 64
60 65
60 66
61 56
61 57
61 58
61 59
61 60
61 62
61 63
61 64
61 65
61 66
61 67
61 68
61 152
61 153
61 155
61 156
62 56
62 57
62 58
62 59
62 60
62 61
62 63
62 64
62 65
62 66
62 67
62 68
62 151
62 152
62 153
62 154
62 155
62 156
62 157
62 158
62 159
62 160
62 190
63 57
63 58
63 59
63 60
63 61
63 62
63 64
63 65
63 66
63 67
63 68
63 69
63 152
63 155
63 156
63 157
63 159
63 160
64 58
64 59
64 60
64 61
64 62
64 63
64 65
64 66
64 67
64 68
64 69
64 70
64 156
64 159
64 160
65 59
65 60
65 61
65 62
65 63
65 64
65 66
65 67
65 68
65 69
65 70
65 71
65 152
65 153
65 154
65 155
65 156
65 157
65 159
65 160
66 60
66 61
66 62
66 63
66 64
66 65
66 67
66 68
66 69
66 70
66 71
66 72
66 152
66 153
66 154
66 155
66 156
66 157
66 158
66 159
66 160
66 161
66 162
66 163
67 61
67 62
67 63
67 64
67 65
67 66
67 68
67 69
67 70
67 71
67 72
67 73
67 156
67 157
67 159
67 160
67 163
68 61
68 62
68 63
68 64
68 65
68 66
68 67
68 69
68 70
68 71
68 72
68 73
68 74
68 156
68 157
68 160
69 63
69 64
69 65
69 66
69 67
69 68
69 70
69 71
69 72
69 73
69 74
69 75
69 103
69 107
69 153
69 156
69 157
69 158
69 159
69 160
69 161
69 164
70 64
70 65
70 66
70 67
70 68
70 69
70 71
70 72
70 73
70 74
70 75
70 76
70 156
70 157
70 159
70 160
70 161
70 163
70 164
70 168
71 65
71 66
71 67
71 68
71 69
71 70
71 72
71 73
71 74
71 75
71 76
71 77
71 160
72 66
72 67
72 68
72 69
72 70
72 71
72 73
72 74
72 75
72 76
72 77
72 78
72 103
73 67
73 68
73 69
73 70
73 71
73 72
73 74
73 75
73 76
73 77
73 78
73 79
73 80
73 81
73 99
73 100
73 102
73 103
73 104
73 160
73 164
73 168
74 68
74 69
74 70
74 71
74 72
74 73
74 75
74 76
74 77
74 78
74 79
74 80
74 81
74 99
74 103
74 168
75 69
75 70
75 71
75 72
75 73
75 74
75 76
75 77
75 78
75 79
75 80
75 81
76 70
76 71
76 72
76 73
76 74
76 75
76 77
76 78
76 79
76 80
76 81
76 82
76 83
76 99
76 102
76 103
77 71
77 72
77 73
77 74
77 75
77 76
77 78
77 79
77 80
77 81
77 82
77 83
77 84
77 98
77 99
77 100
77 102
77 103
78 72
78 73
78 74
78 75
78 76
78 77
78 79
78 80
78 81
78 82
78 83
78 84
78 99
79 73
79 74
79 75
79 76
79 77
79 78
79 80
79 81
79 82
79 83
79 84
80 73
80 74
80 75
80 76
80 77
80 78
80 79
80 81
80 82
80 83
80 84
80 85
80 99
80 102
81 73
81 74
81 75
81 76
81 77
81 78
81 79
81 80
81 82
81 83
81 84
81 85
81 86
81 87
81 95
81 96
81 98
81 99
81 100
81 101
81 102
81 103
82 76
82 77
82 78
82 79
82 80
82 81
82 83
82 84
82 85
82 86
82 87
82 88
82 95
82 96
82 97
82 98
82 99
83 76
83 77
83 78
83 79
83 80
83 81
83 82
83 84
83 85
83 86
83 87
83 88
83 89
83 95
84 77
84 78
84 79
84 80
84 81
84 82
84 83
84 85
84 86
84 87
84 88
84 89
84 90
84 95
84 98
84 99
85 80
85 81
85 82
85 83
85 84
85 86
85 87
85 88
85 89
85 90
85 91
85 92
85 94
85 95
85 96
85 97
85 98
85 99
85 223
85 224
85 227
86 81
86 82
86 83
86 84
86 85
86 87
86 88
86 89
86 90
86 91
86 92
86 95
86 227
86 228
87 81
87 82
87 83
87 84
87 85
87 86
87 88
87 89
87 90
87 227
87 228
88 82
88 83
88 84
88 85
88 86
88 87
88 89
88 90
88 91
88 95
88 224
88 226
88 227
88 228
89 83
89 84
89 85
89 86
89 87
89 88
89 90
89 91
89 92
89 95
89 224
89 226
89 227
89 228
89 229
89 230
90 84
90 85
90 86
90 87
90 88
90 89
90 91
90 92
90 93
90 94
90 95
90 96
90 98
90 223
90 224
90 225
90 226
90 227
90 228
90 229
91 85
91 86
91 88
91 89
91 90
91 92
91 93
91 94
91 95
91 96
91 223
91 224
91 226
91 227
91 228
91 229
92 85
92 86
92 89
92 90
92 91
92 93
92 94
92 95
92 96
92 97
93 90
93 91
93 92
93 94
93 95
93 96
93 97
93 98
93 223
94 85
94 90
94 91
94 92
94 93
94 95
94 96
94 97
94 98
94 99
94 219
94 220
94 222
94 223
94 224
94 226
94 227
95 81
95 82
95 83
95 84
95 85
95 86
95 88
95 89
95 90
95 91
95 92
95 93
95 94
95 96
95 97
95 98
95 99
95 100
95 223
95 224
95 227
96 81
96 82
96 85
96 90
96 91
96 92
96 93
96 94
96 95
96 97
96 98
96 99
96 100
96 170
96 223
97 82
97 85
97 92
97 93
97 94
97 95
97 96
97 98
97 99
97 100
97 101
97 102
97 169
97 170
97 219
97 220
97 223
98 77
98 81
98 82
98 84
98 85
98 90
98 93
98 94
98 95
98 96
98 97
98 99
98 100
98 101
98 102
98 103
98 216
98 219
98 220
98 221
98 222
98 223
98 224
99 73
99 74
99 76
99 77
99 78
99 80
99 81
99 82
99 84
99 85
99 94
99 95
99 96
99 97
99 98
99 100
99 101
99 102
99 103
99 104
99 105
99 169
99 220
100 73
100 77
100 81
100 95
100 96
100 97
100 98
100 99
100 101
100 102
100 103
100 104
100 105
100 164
100 168
100 169
100 170
100 216
100 220
101 81
101 97
101 98
101 99
101 100
101 102
101 103
101 104
101 105
101 106
101 107
101 169
101 212
101 213
101 215
101 216
101 217
101 218
101 219
101 220
101 223
102 73
102 76
102 77
102 80
102 81
102 97
102 98
102 99
102 100
102 101
102 103
102 104
102 105
102 106
102 107
102 216
102 217
102 219
102 220
103 69
103 72
103 73
103 74
103 76
103 77
103 81
103 98
103 99
103 100
103 101
103 102
103 104
103 105
103 106
103 107
103 108
103 216
104 73
104 99
104 100
104 101
104 102
104 103
104 105
104 106
104 107
104 108
104 109
104 157
104 161
104 212
104 213
104 215
104 216
104 217
105 99
105 100
105 101
105 102
105 103
105 104
105 106
105 107
105 108
105 109
105 110
105 111
105 209
105 212
105 213
105 214
105 215
105 216
105 217
105 218
105 219
105 220
106 101
106 102
106 103
106 104
106 105
106 107
106 108
106 109
106 110
106 111
106 213
106 216
106 217
107 69
107 101
107 102
107 103
107 104
107 105
107 106
107 108
107 109
107 110
107 111
107 112
107 113
107 153
107 154
107 157
107 209
107 212
107 213
108 103
108 104
108 105
108 106
108 107
108 109
108 110
108 111
108 112
108 113
108 114
108 154
108 157
108 205
108 206
108 208
108 209
108 210
108 211
108 212
108 213
108 214
108 216
109 104
109 105
109 106
109 107
109 108
109 110
109 111
109 112
109 113
109 114
109 209
109 210
109 212
109 213
109 214
109 216
109 217
110 105
110 106
110 107
110 108
110 109
110 111
110 112
110 113
110 114
110 115
110 116
110 153
110 209
110 213
111 105
111 106
111 107
111 108
111 109
111 110
111 112
111 113
111 114
111 115
111 116
111 117
111 150
111 151
111 153
111 154
111 157
111 205
111 206
111 209
111 210
111 213
112 107
112 108
112 109
112 110
112 111
112 113
112 114
112 115
112 116
112 117
112 118
112 150
112 154
112 202
112 205
112 206
112 207
112 208
112 209
112 210
112 211
112 212
112 213
113 107
113 108
113 109
113 110
113 111
113 112
113 114
113 115
113 116
113 117
113 118
113 119
113 206
113 209
113 210
114 108
114 109
114 110
114 111
114 112
114 113
114 115
114 116
114 117
114 118
114 119
114 121
114 146
114 147
114 149
114 150
114 202
114 205
114 206
115 110
115 111
115 112
115 113
115 114
115 116
115 117
115 118
115 119
115 120
115 121
115 146
115 147
115 150
115 202
115 203
115 204
115 205
115 206
115 207
115 209
116 110
116 111
116 112
116 113
116 114
116 115
116 117
116 118
116 119
116 120
116 121
116 122
116 127
116 202
116 203
116 205
116 206
116 207
116 210
117 111
117 112
117 113
117 114
117 115
117 116
117 118
117 119
117 120
117 121
117 122
117 206
118 112
118 113
118 114
118 115
118 116
118 117
118 119
118 120
118 121
118 122
118 123
118 124
118 125
118 126
118 127
118 146
118 147
118 150
118 202
118 203
118 206
119 113
119 114
119 115
119 116
119 117
119 118
119 120
119 121
119 122
119 123
119 124
119 125
119 126
119 127
119 128
119 199
119 202
119 203
119 206
120 115
120 116
120 117
120 118
120 119
120 121
120 122
120 123
120 124
120 125
120 126
120 127
120 128
121 114
121 115
121 116
121 117
121 118
121 119
121 120
121 122
121 123
121 124
122 116
122 117
122 118
122 119
122 120
122 121
122 123
122 124
122 125
123 118
123 119
123 120
123 121
123 122
123 124
123 125
123 126
124 118
124 119
124 120
124 121
124 122
124 123
124 125
124 126
124 127
124 128
124 129
124 132
124 133
124 199
125 12
125 118
125 119
125 120
125 122
125 123
125 124
125 126
125 127
125 128
125 129
125 130
125 131
125 132
125 133
125 199
126 12
126 118
126 119
126 120
126 123
126 124
126 125
126 127
126 128
126 129
126 130
126 131
126 132
126 133
126 134
126 199
126 200
126 202
126 203
126 261
126 262
127 116
127 118
127 119
127 120
127 124
127 125
127 126
127 128
127 129
127 130
127 131
127 132
127 133
127 199
127 200
127 202
127 203
127 206
127 207
127 257
127 261
127 262
128 12
128 13
128 14
128 15
128 119
128 120
128 124
128 125
128 126
128 127
128 129
128 130
128 131
128 132
128 261
129 11
129 12
129 13
129 14
129 15
129 124
129 125
129 126
129 127
129 128
129 130
129 131
129 132
129 133
129 261
129 265
130 12
130 13
130 14
130 15
130 125
130 126
130 127
130 128
130 129
130 131
130 132
130 133
130 134
130 135
130 199
130 200
130 203
130 260
130 261
130 262
130 263
130 264
130 265
130 266
130 269
131 8
131 9
131 12
131 13
131 15
131 125
131 126
131 127
131 128
131 129
131 130
131 132
131 133
131 134
131 135
131 200
131 261
131 262
131 264
131 265
131 266
131 268
131 269
131 270
131 272
131 273
132 7
132 8
132 9
132 12
132 13
132 124
132 125
132 126
132 127
132 128
132 129
132 130
132 131
132 133
132 134
132 135
132 136
132 137
132 199
132 200
132 265
132 269
132 270
132 273
133 124
133 125
133 126
133 127
133 129
133 130
133 131
133 132
133 134
133 135
133 136
133 137
133 196
133 197
133 198
133 199
133 200
133 201
133 202
133 203
133 262
133 265
133 266
133 269
133 270
133 273
134 6
134 8
134 126
134 130
134 131
134 132
134 133
134 135
134 136
134 137
134 138
134 196
134 197
134 198
134 199
134 200
134 265
134 266
134 269
134 270
134 271
134 272
134 273
134 274
134 277
135 5
135 6
135 7
135 8
135 9
135 130
135 131
135 132
135 133
135 134
135 136
135 137
135 138
135 199
135 269
135 270
135 273
135 274
136 4
136 5
136 6
136 7
136 8
136 132
136 133
136 134
136 135
136 137
136 138
136 141
136 273
136 274
137 5
137 6
137 132
137 133
137 134
137 135
137 136
137 138
137 139
137 140
137 141
137 195
137 196
137 197
137 199
137 270
137 273
137 274
137 277
138 5
138 51
138 134
138 135
138 136
138 137
138 139
138 140
138 141
138 142
138 195
138 196
138 274
138 277
139 50
139 51
139 52
139 53
139 137
139 138
139 140
139 141
139 142
139 194
139 195
139 196
139 277
139 278
140 50
140 51
140 52
140 53
140 54
140 137
140 138
140 139
140 141
140 142
140 143
140 193
140 194
140 195
140 196
141 53
141 136
141 137
141 138
141 139
141 140
141 142
141 143
141 144
141 195
141 196
142 53
142 138
142 139
142 140
142 141
142 143
142 144
142 145
142 148
142 196
143 140
143 141
143 142
143 144
143 145
143 146
143 147
143 148
143 149
143 151
143 193
143 194
143 196
143 197
143 198
143 199
144 141
144 142
144 143
144 145
144 146
144 147
144 148
144 149
144 198
144 199
145 142
145 143
145 144
145 146
145 147
145 148
145 149
145 150
145 151
146 114
146 115
146 118
146 143
146 144
146 145
146 147
146 148
146 149
146 150
146 151
146 152
147 114
147 115
147 118
147 143
147 144
147 145
147 146
147 148
147 149
147 150
147 151
147 152
147 153
147 193
147 198
147 199
147 201
147 202
148 58
148 142
148 143
148 144
148 145
148 146
148 147
148 149
148 150
148 151
148 152
148 153
148 154
148 193
148 198
149 114
149 143
149 144
149 145
149 146
149 147
149 148
149 150
149 151
149 152
149 153
149 154
149 155
150 111
150 112
150 114
150 115
150 118
150 145
150 146
150 147
150 148
150 149
150 151
150 152
150 153
150 154
150 155
150 198
150 201
150 202
150 205
151 62
151 111
151 143
151 145
151 146
151 147
151 148
151 149
151 150
151 152
151 153
151 154
151 155
151 156
151 157
151 189
151 190
151 192
151 193
151 198
151 201
151 202
151 205
152 58
152 59
152 61
152 62
152 63
152 65
152 66
152 146
152 147
152 148
152 149
152 150
152 151
152 153
152 154
152 155
152 156
152 157
152 189
152 190
152 193
153 61
153 62
153 65
153 66
153 69
153 107
153 110
153 111
153 147
153 148
153 149
153 150
153 151
153 152
153 154
153 155
153 156
153 157
153 158
154 62
154 65
154 66
154 107
154 108
154 111
154 112
154 148
154 149
154 150
154 151
154 152
154 153
154 155
154 156
154 157
154 158
154 159
154 160
154 185
154 186
154 189
154 205
155 59
155 61
155 62
155 63
155 65
155 66
155 149
155 150
155 151
155 152
155 153
155 154
155 156
155 157
155 158
155 159
155 160
155 161
155 182
155 185
155 186
155 187
155 188
155 189
155 190
155 193
156 59
156 61
156 62
156 63
156 64
156 65
156 66
156 67
156 68
156 69
156 70
156 151
156 152
156 153
156 154
156 155
156 157
156 158
156 159
156 160
156 161
156 186
156 189
157 62
157 63
157 65
157 66
157 67
157 68
157 69
157 70
157 104
157 107
157 108
157 111
157 151
157 152
157 153
157 154
157 155
157 156
157 158
157 159
157 160
157 161
157 162
157 163
157 164
157 182
157 186
158 62
158 66
158 69
158 153
158 154
158 155
158 156
158 157
158 159
158 160
158 161
158 162
158 163
158 164
158 181
158 182
158 183
158 184
158 185
158 186
158 187
158 189
159 62
159 63
159 64
159 65
159 66
159 67
159 69
159 70
159 154
159 155
159 156
159 157
159 158
159 160
159 161
159 162
159 163
159 164
159 182
159 183
159 185
159 186
160 62
160 63
160 64
160 65
160 66
160 67
160 68
160 69
160 70
160 71
160 73
160 154
160 155
160 156
160 157
160 158
160 159
160 161
160 162
160 163
160 164
160 165
160 182
161 66
161 69
161 70
161 104
161 155
161 156
161 157
161 158
161 159
161 160
161 162
161 163
161 164
161 165
161 166
161 167
161 168
161 169
161 178
161 179
161 182
161 183
161 186
162 66
162 157
162 158
162 159
162 160
162 161
162 163
162 164
162 165
162 166
162 167
162 168
162 169
162 178
162 179
162 180
162 181
162 182
162 183
162 186
163 66
163 67
163 70
163 157
163 158
163 159
163 160
163 161
163 162
163 164
163 165
163 166
163 167
163 168
163 169
163 179
163 182
164 69
164 70
164 73
164 100
164 157
164 158
164 159
164 160
164 161
164 162
164 163
164 165
164 166
164 167
164 168
164 169
164 170
164 179
165 160
165 161
165 162
165 163
165 164
165 166
165 167
165 168
165 169
165 170
165 171
165 172
165 175
165 176
165 178
165 179
165 182
166 161
166 162
166 163
166 164
166 165
166 167
166 168
166 169
166 170
166 171
166 175
166 176
166 179
167 161
167 162
167 163
167 164
167 165
167 166
167 168
167 169
167 170
167 171
168 70
168 73
168 74
168 100
168 161
168 162
168 163
168 164
168 165
168 166
168 167
168 169
168 170
168 171
169 97
169 99
169 100
169 101
169 161
169 162
169 163
169 164
169 165
169 166
169 167
169 168
169 170
169 171
169 172
169 175
170 96
170 97
170 100
170 164
170 165
170 166
170 167
170 168
170 169
170 171
170 172
170 175
170 321
171 165
171 166
171 167
171 168
171 169
171 170
171 172
171 173
171 174
171 175
171 176
171 178
171 320
171 321
171 322
171 327
171 330
172 165
172 169
172 170
172 171
172 173
172 174
172 175
172 176
172 177
172 178
172 318
172 319
172 320
172 321
172 322
172 323
172 327
173 171
173 172
173 174
173 175
173 176
173 177
173 178
173 319
173 320
173 321
173 322
174 171
174 172
174 173
174 175
174 176
174 177
174 178
174 179
174 180
174 296
174 297
174 319
174 320
174 321
175 165
175 166
175 169
175 170
175 171
175 172
175 173
175 174
175 176
175 177
175 178
175 179
175 180
175 181
175 320
175 321
176 165
176 166
176 171
176 172
176 173
176 174
176 175
176 177
176 178
176 179
176 180
176 181
176 182
177 172
177 173
177 174
177 175
177 176
177 178
177 179
177 180
177 181
177 182
177 183
177 293
177 296
177 297
178 161
178 162
178 165
178 171
178 172
178 173
178 174
178 175
178 176
178 177
178 179
178 180
178 181
178 182
178 183
178 184
178 293
178 297
179 161
179 162
179 163
179 164
179 165
179 166
179 174
179 175
179 176
179 177
179 178
179 180
179 181
179 182
179 183
179 184
179 185
180 162
180 174
180 175
180 176
180 177
180 178
180 179
180 181
180 182
180 183
180 184
180 185
180 186
180 290
180 293
181 158
181 162
181 175
181 176
181 177
181 178
181 179
181 180
181 182
181 183
181 184
181 185
181 186
181 187
181 286
181 289
181 290
181 293
181 294
182 155
182 157
182 158
182 159
182 160
182 161
182 162
182 163
182 165
182 176
182 177
182 178
182 179
182 180
182 181
182 183
182 184
182 185
182 186
182 187
182 188
183 158
183 159
183 161
183 162
183 177
183 178
183 179
183 180
183 181
183 182
183 184
183 185
183 186
183 187
183 188
183 189
184 158
184 178
184 179
184 180
184 181
184 182
184 183
184 185
184 186
184 187
184 188
184 189
184 190
184 286
184 287
184 289
184 290
185 154
185 155
185 158
185 159
185 179
185 180
185 181
185 182
185 183
185 184
185 186
185 187
185 188
185 189
185 190
185 191
185 204
185 205
185 286
185 287
185 289
185 290
186 154
186 155
186 156
186 157
186 158
186 159
186 161
186 162
186 180
186 181
186 182
186 183
186 184
186 185
186 187
186 188
186 189
186 190
186 191
186 192
187 155
187 158
187 181
187 182
187 183
187 184
187 185
187 186
187 188
187 189
187 190
187 191
187 192
187 193
187 283
187 286
188 155
188 182
188 183
188 184
188 185
188 186
188 187
188 189
188 190
188 191
188 192
188 193
188 194
188 197
188 198
188 201
188 204
188 282
188 283
188 284
188 286
188 287
188 290
189 151
189 152
189 154
189 155
189 156
189 158
189 183
189 184
189 185
189 186
189 187
189 188
189 190
189 191
189 192
189 193
189 194
189 197
189 198
189 201
189 202
189 204
189 205
190 52
190 54
190 59
190 62
190 151
190 152
190 155
190 184
190 185
190 186
190 187
190 188
190 189
190 191
190 192
190 193
190 194
190 195
190 196
190 197
190 198
191 48
191 52
191 53
191 54
191 185
191 186
191 187
191 188
191 189
191 190
191 192
191 193
191 194
191 195
191 196
191 197
191 198
191 201
191 279
191 282
191 283
192 52
192 151
192 186
192 187
192 188
192 189
192 190
192 191
192 193
192 194
192 195
192 196
192 197
192 198
192 199
192 200
192 201
192 202
192 283
193 52
193 53
193 54
193 140
193 143
193 147
193 148
193 151
193 152
193 155
193 187
193 188
193 189
193 190
193 191
193 192
193 194
193 195
193 196
193 197
193 198
193 199
193 201
194 48
194 51
194 52
194 53
194 54
194 55
194 139
194 140
194 143
194 188
194 189
194 190
194 191
194 192
194 193
194 195
194 196
194 197
194 198
195 47
195 48
195 50
195 51
195 52
195 53
195 54
195 137
195 138
195 139
195 140
195 141
195 190
195 191
195 192
195 193
195 194
195 196
195 197
195 198
195 277
195 278
195 279
195 283
196 51
196 52
196 53
196 54
196 133
196 134
196 137
196 138
196 139
196 140
196 141
196 142
196 143
196 190
196 191
196 192
196 193
196 194
196 195
196 197
196 198
196 199
196 200
196 201
197 133
197 134
197 137
197 143
197 188
197 189
197 190
197 191
197 192
197 193
197 194
197 195
197 196
197 198
197 199
197 200
197 201
197 202
197 266
197 283
198 133
198 134
198 143
198 144
198 147
198 148
198 150
198 151
198 188
198 189
198 190
198 191
198 192
198 193
198 194
198 195
198 196
198 197
198 199
198 200
198 201
198 202
198 203
198 204
199 119
199 124
199 125
199 126
199 127
199 130
199 132
199 133
199 134
199 135
199 137
199 143
199 144
199 147
199 192
199 193
199 196
199 197
199 198
199 200
199 201
199 202
199 203
199 204
200 126
200 127
200 130
200 131
200 132
200 133
200 134
200 192
200 196
200 197
200 198
200 199
200 201
200 202
200 203
200 204
200 205
200 261
200 262
200 263
200 265
200 266
201 133
201 147
201 150
201 151
201 188
201 189
201 191
201 192
201 193
201 196
201 197
201 198
201 199
201 200
201 202
201 203
201 204
201 205
201 206
201 207
201 262
202 112
202 114
202 115
202 116
202 118
202 119
202 126
202 127
202 133
202 147
202 150
202 151
202 189
202 192
202 197
202 198
202 199
202 200
202 201
202 203
202 204
202 205
202 206
202 207
203 115
203 116
203 118
203 119
203 126
203 127
203 130
203 133
203 198
203 199
203 200
203 201
203 202
203 204
203 205
203 206
203 207
203 208
203 257
203 258
203 261
203 262
204 115
204 185
204 188
204 189
204 198
204 199
204 200
204 201
204 202
204 203
204 205
204 206
204 207
204 208
204 209
204 253
204 254
204 257
204 258
204 261
204 262
204 263
204 287
205 108
205 111
205 112
205 114
205 115
205 116
205 150
205 151
205 154
205 185
205 189
205 200
205 201
205 202
205 203
205 204
205 206
205 207
205 208
205 209
205 210
206 108
206 111
206 112
206 113
206 114
206 115
206 116
206 117
206 118
206 119
206 127
206 201
206 202
206 203
206 204
206 205
206 207
206 208
206 209
206 210
206 211
206 253
206 258
207 112
207 115
207 116
207 127
207 201
207 202
207 203
207 204
207 205
207 206
207 208
207 209
207 210
207 211
207 249
207 250
207 252
207 253
207 254
207 255
207 256
207 257
207 258
207 261
207 262
208 108
208 112
208 203
208 204
208 205
208 206
208 207
208 209
208 210
208 211
208 212
208 213
208 249
208 250
208 253
208 254
208 258
208 294
209 105
209 107
209 108
209 109
209 110
209 111
209 112
209 113
209 115
209 204
209 205
209 206
209 207
209 208
209 210
209 211
209 212
209 213
209 214
209 215
209 250
209 253
209 254
210 108
210 109
210 111
210 112
210 113
210 116
210 205
210 206
210 207
210 208
210 209
210 211
210 212
210 213
210 214
210 215
210 246
210 249
210 250
210 253
210 254
211 108
211 112
211 206
211 207
211 208
211 209
211 210
211 212
211 213
211 214
211 215
211 216
211 217
211 245
211 246
211 247
211 248
211 249
211 250
211 251
211 252
211 253
211 254
212 101
212 104
212 105
212 107
212 108
212 109
212 112
212 208
212 209
212 210
212 211
212 213
212 214
212 215
212 216
212 217
212 218
212 246
212 249
212 250
213 101
213 104
213 105
213 106
213 107
213 108
213 109
213 110
213 111
213 112
213 208
213 209
213 210
213 211
213 212
213 214
213 215
213 216
213 217
213 218
213 242
213 246
214 105
214 108
214 109
214 209
214 210
214 211
214 212
214 213
214 215
214 216
214 217
214 218
214 219
214 220
214 239
214 241
214 242
214 243
214 244
214 245
214 246
214 247
214 249
214 250
215 101
215 104
215 105
215 209
215 210
215 211
215 212
215 213
215 214
215 216
215 217
215 218
215 219
215 220
215 239
215 242
215 243
215 245
215 246
215 247
215 249
215 250
216 98
216 100
216 101
216 102
216 103
216 104
216 105
216 106
216 108
216 109
216 211
216 212
216 213
216 214
216 215
216 217
216 218
216 219
216 220
216 221
216 222
216 242
216 246
217 101
217 102
217 104
217 105
217 106
217 109
217 211
217 212
217 213
217 214
217 215
217 216
217 218
217 219
217 220
217 221
217 222
217 238
217 239
217 242
217 243
217 246
218 101
218 105
218 212
218 213
218 214
218 215
218 216
218 217
218 219
218 220
218 221
218 222
218 223
218 224
218 235
218 236
218 238
218 239
218 240
218 241
218 242
218 243
218 244
218 245
218 246
218 316
219 94
219 97
219 98
219 101
219 102
219 105
219 214
219 215
219 216
219 217
219 218
219 220
219 221
219 222
219 223
219 224
219 239
219 242
219 243
219 316
219 317
219 318
220 94
220 97
220 98
220 99
220 100
220 101
220 102
220 105
220 214
220 215
220 216
220 217
220 218
220 219
220 221
220 222
220 223
220 224
220 225
220 235
220 238
220 239
221 98
221 216
221 217
221 218
221 219
221 220
221 222
221 223
221 224
221 225
221 226
221 232
221 234
221 235
221 236
221 237
221 238
221 239
221 240
221 242
222 94
222 98
222 216
222 217
222 218
222 219
222 220
222 221
222 223
222 224
222 225
222 226
222 235
222 236
222 237
222 238
222 239
222 240
222 242
222 243
222 315
222 316
222 317
223 85
223 90
223 91
223 93
223 94
223 95
223 96
223 97
223 98
223 101
223 218
223 219
223 220
223 221
223 222
223 224
223 225
223 226
223 227
223 235
223 236
223 239
224 85
224 88
224 89
224 90
224 91
224 94
224 95
224 98
224 218
224 219
224 220
224 221
224 222
224 223
224 225
224 226
224 227
224 228
224 230
224 231
224 232
224 233
224 234
224 235
224 236
224 239
225 90
225 220
225 221
225 222
225 223
225 224
225 226
225 227
225 230
225 231
225 232
225 233
225 234
225 235
225 236
225 237
225 238
225 239
226 88
226 89
226 90
226 91
226 94
226 221
226 222
226 223
226 224
226 225
226 227
226 228
226 229
226 230
226 231
226 232
226 233
226 235
226 236
227 85
227 86
227 87
227 88
227 89
227 90
227 91
227 94
227 95
227 223
227 224
227 225
227 226
227 228
227 229
227 230
227 231
227 232
228 86
228 87
228 88
228 89
228 90
228 91
228 224
228 226
228 227
228 229
228 230
228 231
228 232
229 89
229 90
229 91
229 226
229 227
229 228
229 230
229 231
229 232
230 89
230 224
230 225
230 226
230 227
230 228
230 229
230 231
230 232
230 233
231 224
231 225
231 226
231 227
231 228
231 229
231 230
231 232
231 233
231 234
231 235
231 236
232 221
232 224
232 225
232 226
232 227
232 228
232 229
232 230
232 231
232 233
232 234
232 235
232 236
232 237
233 224
233 225
233 226
233 230
233 231
233 232
233 234
233 235
233 236
233 237
233 238
233 239
234 221
234 224
234 225
234 231
234 232
234 233
234 235
234 236
234 237
234 238
234 239
234 240
235 218
235 220
235 221
235 222
235 223
235 224
235 225
235 226
235 231
235 232
235 233
235 234
235 236
235 237
235 238
235 239
235 240
235 241
235 242
236 218
236 221
236 222
236 223
236 224
236 225
236 226
236 231
236 232
236 233
236 234
236 235
236 237
236 238
236 239
236 240
236 241
236 242
237 221
237 222
237 225
237 232
237 233
237 234
237 235
237 236
237 238
237 239
237 240
237 241
237 242
237 243
238 217
238 218
238 220
238 221
238 222
238 225
238 233
238 234
238 235
238 236
238 237
238 239
238 240
238 241
238 242
238 243
238 244
239 214
239 215
239 217
239 218
239 219
239 220
239 221
239 222
239 223
239 224
239 225
239 233
239 234
239 235
239 236
239 237
239 238
239 240
239 241
239 242
239 243
239 244
239 245
239 316
240 218
240 221
240 222
240 234
240 235
240 236
240 237
240 238
240 239
240 241
240 242
240 243
240 244
240 245
240 246
240 316
241 214
241 218
241 235
241 236
241 237
241 238
241 239
241 240
241 242
241 243
241 244
241 245
241 246
242 213
242 214
242 215
242 216
242 217
242 218
242 219
242 221
242 222
242 235
242 236
242 237
242 238
242 239
242 240
242 241
242 243
242 244
242 245
242 246
242 247
242 248
243 214
243 215
243 217
243 218
243 219
243 222
243 237
243 238
243 239
243 240
243 241
243 242
243 244
243 245
243 246
243 247
243 248
243 249
243 301
243 304
243 305
243 316
244 214
244 218
244 238
244 239
244 240
244 241
244 242
244 243
244 245
244 246
244 247
244 248
244 249
244 301
244 305
245 211
245 214
245 215
245 218
245 239
245 240
245 241
245 242
245 243
245 244
245 246
245 247
245 248
245 249
245 250
246 210
246 211
246 212
246 213
246 214
246 215
246 216
246 217
246 218
246 240
246 241
246 242
246 243
246 244
246 245
246 247
246 248
246 249
246 250
246 251
246 252
246 301
247 211
247 214
247 215
247 242
247 243
247 244
247 245
247 246
247 248
247 249
247 250
247 251
247 252
247 298
247 301
247 302
247 304
247 305
248 211
248 242
248 243
248 244
248 245
248 246
248 247
248 249
248 250
248 251
248 252
248 253
248 301
249 207
249 208
249 210
249 211
249 212
249 214
249 215
249 243
249 244
249 245
249 246
249 247
249 248
249 250
249 251
249 252
249 253
249 254
249 255
249 256
250 207
250 208
250 209
250 210
250 211
250 212
250 214
250 215
250 245
250 246
250 247
250 248
250 249
250 251
250 252
250 253
250 254
250 255
250 256
250 294
250 295
250 297
250 298
250 301
251 211
251 246
251 247
251 248
251 249
251 250
251 252
251 253
251 254
251 255
251 256
251 257
251 258
251 294
251 295
251 298
251 301
252 207
252 211
252 246
252 247
252 248
252 249
252 250
252 251
252 253
252 254
252 255
252 256
252 257
252 258
253 204
253 206
253 207
253 208
253 209
253 210
253 211
253 248
253 249
253 250
253 251
253 252
253 254
253 255
253 256
253 257
253 258
253 259
253 260
253 261
254 204
254 207
254 208
254 209
254 210
254 211
254 249
254 250
254 251
254 252
254 253
254 255
254 256
254 257
254 258
254 259
254 260
254 290
254 291
254 294
254 295
254 298
255 207
255 249
255 250
255 251
255 252
255 253
255 254
255 256
255 257
255 258
255 259
255 260
255 291
255 292
255 294
255 295
255 298
256 17
256 18
256 207
256 249
256 250
256 251
256 252
256 253
256 254
256 255
256 257
256 258
256 259
256 260
256 261
257 15
257 127
257 203
257 204
257 207
257 251
257 252
257 253
257 254
257 255
257 256
257 258
257 259
257 260
257 261
257 262
257 263
258 203
258 204
258 206
258 207
258 208
258 251
258 252
258 253
258 254
258 255
258 256
258 257
258 259
258 260
258 261
258 262
258 263
258 264
258 287
258 291
259 16
259 17
259 18
259 21
259 22
259 253
259 254
259 255
259 256
259 257
259 258
259 260
259 261
259 262
259 263
259 264
259 265
259 266
259 267
259 287
259 288
259 291
260 15
260 16
260 17
260 18
260 20
260 21
260 22
260 130
260 253
260 254
260 255
260 256
260 257
260 258
260 259
260 261
260 262
260 263
260 264
260 265
261 15
261 16
261 21
261 126
261 127
261 128
261 129
261 130
261 131
261 200
261 203
261 204
261 207
261 253
261 256
261 257
261 258
261 259
261 260
261 262
261 263
261 264
261 265
261 266
262 126
262 127
262 130
262 131
262 133
262 200
262 201
262 203
262 204
262 207
262 257
262 258
262 259
262 260
262 261
262 263
262 264
262 265
262 266
262 267
262 268
262 269
262 284
262 287
263 21
263 22
263 25
263 130
263 200
263 204
263 257
263 258
263 259
263 260
263 261
263 262
263 264
263 265
263 266
263 267
263 268
263 269
263 270
263 284
263 287
263 288
263 291
264 15
264 16
264 17
264 18
264 20
264 21
264 22
264 24
264 25
264 130
264 131
264 258
264 259
264 260
264 261
264 262
264 263
264 265
264 266
264 267
264 268
264 269
264 270
264 284
265 16
265 21
265 25
265 129
265 130
265 131
265 132
265 133
265 134
265 200
265 259
265 260
265 261
265 262
265 263
265 264
265 266
265 267
265 268
265 269
265 270
265 271
265 272
265 273
266 25
266 130
266 131
266 133
266 134
266 197
266 200
266 259
266 261
266 262
266 263
266 264
266 265
266 267
266 268
266 269
266 270
266 271
266 272
266 277
266 280
266 281
266 283
266 284
266 287
267 21
267 22
267 24
267 25
267 26
267 27
267 28
267 29
267 259
267 262
267 263
267 264
267 265
267 266
267 268
267 269
267 270
267 271
267 272
267 280
267 281
267 283
267 284
267 285
267 287
267 288
268 20
268 21
268 22
268 23
268 24
268 25
268 26
268 27
268 28
268 29
268 131
268 262
268 263
268 264
268 265
268 266
268 267
268 269
268 270
268 271
268 272
268 273
269 24
269 25
269 28
269 130
269 131
269 132
269 133
269 134
269 135
269 262
269 263
269 264
269 265
269 266
269 267
269 268
269 270
269 271
269 272
269 273
269 274
269 275
270 28
270 131
270 132
270 133
270 134
270 135
270 137
270 263
270 264
270 265
270 266
270 267
270 268
270 269
270 271
270 272
270 273
270 274
270 275
270 276
270 277
270 280
271 25
271 28
271 29
271 31
271 32
271 134
271 265
271 266
271 267
271 268
271 269
271 270
271 272
271 273
271 274
271 275
271 276
271 277
271 278
271 280
272 6
272 28
272 131
272 134
272 265
272 266
272 267
272 268
272 269
272 270
272 271
272 273
272 274
272 275
272 276
272 277
273 5
273 6
273 7
273 8
273 131
273 132
273 133
273 134
273 135
273 136
273 137
273 265
273 268
273 269
273 270
273 271
273 272
273 274
273 275
273 276
273 277
274 3
274 5
274 6
274 134
274 135
274 136
274 137
274 138
274 269
274 270
274 271
274 272
274 273
274 275
274 276
274 277
274 278
275 32
275 269
275 270
275 271
275 272
275 273
275 274
275 276
275 277
275 278
275 280
276 32
276 270
276 271
276 272
276 273
276 274
276 275
276 277
276 278
276 279
276 280
277 51
277 134
277 137
277 138
277 139
277 195
277 266
277 270
277 271
277 272
277 273
277 274
277 275
277 276
277 278
277 279
277 280
277 281
278 44
278 47
278 48
278 50
278 51
278 52
278 139
278 195
278 271
278 274
278 275
278 276
278 277
278 279
278 280
278 281
278 282
278 283
279 44
279 47
279 48
279 51
279 191
279 195
279 276
279 277
279 278
279 280
279 281
279 282
279 283
279 284
280 29
280 32
280 266
280 267
280 270
280 271
280 275
280 276
280 277
280 278
280 279
280 281
280 282
280 283
280 284
280 285
281 29
281 32
281 33
281 266
281 267
281 277
281 278
281 279
281 280
281 282
281 283
281 284
281 285
281 286
281 287
282 188
282 191
282 278
282 279
282 280
282 281
282 283
282 284
282 285
282 286
282 287
283 187
283 188
283 191
283 192
283 195
283 197
283 266
283 267
283 278
283 279
283 280
283 281
283 282
283 284
283 285
283 286
283 287
283 288
283 289
284 25
284 29
284 188
284 262
284 263
284 264
284 266
284 267
284 279
284 280
284 281
284 282
284 283
284 285
284 286
284 287
284 288
284 289
284 290
285 267
285 280
285 281
285 282
285 283
285 284
285 286
285 287
285 288
285 289
285 290
285 291
286 181
286 184
286 185
286 187
286 188
286 281
286 282
286 283
286 284
286 285
286 287
286 288
286 289
286 290
286 291
286 292
287 184
287 185
287 188
287 204
287 258
287 259
287 262
287 263
287 266
287 267
287 281
287 282
287 283
287 284
287 285
287 286
287 288
287 289
287 290
287 291
287 292
287 293
288 259
288 263
288 267
288 283
288 284
288 285
288 286
288 287
288 289
288 290
288 291
288 292
288 293
288 294
289 181
289 184
289 185
289 283
289 284
289 285
289 286
289 287
289 288
289 290
289 291
289 292
289 293
289 294
289 295
290 180
290 181
290 184
290 185
290 188
290 254
290 284
290 285
290 286
290 287
290 288
290 289
290 291
290 292
290 293
290 294
290 295
290 296
291 254
291 255
291 258
291 259
291 263
291 285
291 286
291 287
291 288
291 289
291 290
291 292
291 293
291 294
291 295
291 296
292 255
292 286
292 287
292 288
292 289
292 290
292 291
292 293
292 294
292 295
292 296
292 297
292 298
293 177
293 178
293 180
293 181
293 287
293 288
293 289
293 290
293 291
293 292
293 294
293 295
293 296
293 297
293 298
294 181
294 208
294 250
294 251
294 254
294 255
294 288
294 289
294 290
294 291
294 292
294 293
294 295
294 296
294 297
294 298
294 299
295 250
295 251
295 254
295 255
295 289
295 290
295 291
295 292
295 293
295 294
295 296
295 297
295 298
295 299
295 300
295 301
296 174
296 177
296 290
296 291
296 292
296 293
296 294
296 295
296 297
296 298
296 299
296 300
296 301
297 174
297 177
297 178
297 250
297 292
297 293
297 294
297 295
297 296
297 298
297 299
297 300
297 301
297 302
297 303
297 320
298 247
298 250
298 251
298 254
298 255
298 292
298 293
298 294
298 295
298 296
298 297
298 299
298 300
298 301
298 302
298 303
298 304
299 294
299 295
299 296
299 297
299 298
299 300
299 301
299 302
299 303
299 304
299 305
300 295
300 296
300 297
300 298
300 299
300 301
300 302
300 303
300 304
300 305
300 306
300 318
300 319
300 320
301 243
301 244
301 246
301 247
301 248
301 250
301 251
301 295
301 296
301 297
301 298
301 299
301 300
301 302
301 303
301 304
301 305
301 306
301 307
301 318
301 319
302 247
302 297
302 298
302 299
302 300
302 301
302 303
302 304
302 305
302 306
302 307
302 308
303 297
303 298
303 299
303 300
303 301
303 302
303 304
303 305
303 306
303 307
303 308
303 309
303 319
304 243
304 247
304 298
304 299
304 300
304 301
304 302
304 303
304 305
304 306
304 307
304 308
304 309
304 310
304 312
304 313
304 316
304 317
304 318
304 319
304 320
305 243
305 244
305 247
305 299
305 300
305 301
305 302
305 303
305 304
305 306
305 307
305 308
305 309
305 310
305 313
305 316
306 300
306 301
306 302
306 303
306 304
306 305
306 307
306 308
306 309
306 310
306 311
306 312
306 313
307 301
307 302
307 303
307 304
307 305
307 306
307 308
307 309
307 310
307 311
307 312
307 313
307 314
307 316
307 319
308 302
308 303
308 304
308 305
308 306
308 307
308 309
308 310
308 311
308 312
308 313
308 314
308 315
308 316
308 317
309 303
309 304
309 305
309 306
309 307
309 308
309 310
309 311
309 312
309 313
310 304
310 305
310 306
310 307
310 308
310 309
310 311
310 312
310 313
311 306
311 307
311 308
311 309
311 310
311 312
311 313
311 314
311 315
312 304
312 306
312 307
312 308
312 309
312 310
312 311
312 313
312 314
312 315
313 304
313 305
313 306
313 307
313 308
313 309
313 310
313 311
313 312
313 314
313 315
313 316
313 317
314 307
314 308
314 311
314 312
314 313
314 315
314 316
314 317
315 222
315 308
315 311
315 312
315 313
315 314
315 316
315 317
315 318
316 218
316 219
316 222
316 239
316 240
316 243
316 304
316 305
316 307
316 308
316 313
316 314
316 315
316 317
316 318
316 319
317 219
317 222
317 304
317 308
317 313
317 314
317 315
317 316
317 318
317 319
317 320
317 321
318 172
318 219
318 300
318 301
318 304
318 315
318 316
318 317
318 319
318 320
318 321
318 322
319 172
319 173
319 174
319 300
319 301
319 303
319 304
319 307
319 316
319 317
319 318
319 320
319 321
319 322
319 323
320 171
320 172
320 173
320 174
320 175
320 297
320 300
320 304
320 317
320 318
320 319
320 321
320 322
320 323
321 170
321 171
321 172
321 173
321 174
321 175
321 317
321 318
321 319
321 320
321 322
321 323
321 324
321 326
321 327
322 171
322 172
322 173
322 318
322 319
322 320
322 321
322 323
322 324
322 325
322 326
322 327
322 328
322 329
322 330
323 172
323 319
323 320
323 321
323 322
323 324
323 325
323 326
323 327
323 328
324 321
324 322
324 323
324 325
324 326
324 327
324 328
324 329
325 322
325 323
325 324
325 326
325 327
325 328
325 329
325 330
326 321
326 322
326 323
326 324
326 325
326 327
326 328
326 329
326 330
326 331
327 171
327 172
327 321
327 322
327 323
327 324
327 325
327 326
327 328
327 329
327 330
327 331
328 322
328 323
328 324
328 325
328 326
328 327
328 329
328 330
328 331
328 332
328 333
329 322
329 324
329 325
329 326
329 327
329 328
329 330
329 331
329 332
329 333
330 171
330 322
330 325
330 326
330 327
330 328
330 329
330 331
330 332
330 333
331 326
331 327
331 328
331 329
331 330
331 332
331 333
331 334
332 328
332 329
332 330
332 331
332 333
332 334
332 335
332 336
333 328
333 329
333 330
333 331
333 332
333 334
333 335
333 336
334 331
334 332
334 333
334 335
334 336
334 337
335 332
335 333
335 334
335 336
335 337
335 338
336 332
336 333
336 334
336 335
336 337
336 338
336 339
337 334
337 335
337 336
337 338
337 339
337 340
338 335
338 336
338 337
338 339
338 340
338 341
339 336
339 337
339 338
339 340
339 341
339 342
340 337
340 338
340 339
340 341
340 342
340 343
341 338
341 339
341 340
341 342
341 343
341 344
342 339
342 340
342 341
342 343
342 344
342 345
343 340
343 341
343 342
343 344
343 345
343 346
344 341
344 342
344 343
344 345
344 346
344 347
345 342
345 343
345 344
345 346
345 347
345 348
346 343
346 344
346 345
346 347
346 348
346 349
347 344
347 345
347 346
347 348
347 349
348 345
348 346
348 347
348 349
349 346
349 347
349 348
