0 1
0 2
0 3
0 4
0 5
0 91
0 92
0 95
0 115
0 118
0 290
0 310
1 0
1 2
1 3
1 4
1 5
1 115
1 192
1 193
1 201
1 204
1 205
1 290
1 293
1 294
2 0
2 1
2 3
2 4
2 5
2 6
2 193
2 290
2 293
2 294
2 301
2 302
3 0
3 1
3 2
3 4
3 5
3 6
3 7
3 95
3 99
3 192
3 301
3 302
4 0
4 1
4 2
4 3
4 5
4 6
4 7
4 190
4 191
4 192
4 193
5 0
5 1
5 2
5 3
5 4
5 6
5 7
5 8
5 192
5 193
5 301
6 2
6 3
6 4
6 5
6 7
6 8
6 9
6 301
6 302
7 3
7 4
7 5
7 6
7 8
7 9
7 10
7 182
8 5
8 6
8 7
8 9
8 10
8 11
8 182
8 183
9 6
9 7
9 8
9 10
9 11
9 12
10 7
10 8
10 9
10 11
10 12
10 13
11 8
11 9
11 10
11 12
11 13
11 14
12 9
12 10
12 11
12 13
12 14
12 15
13 10
13 11
13 12
13 14
13 15
14 11
14 12
14 13
14 15
14 16
14 17
15 12
15 13
15 14
15 16
15 17
15 18
16 14
16 15
16 17
16 18
16 19
17 14
17 15
17 16
17 18
17 19
17 20
18 15
18 16
18 17
18 19
18 20
19 16
19 17
19 18
19 20
19 21
19 22
20 17
20 18
20 19
20 21
20 22
20 23
21 19
21 20
21 22
21 23
22 19
22 20
22 21
22 23
22 24
22 25
23 20
23 21
23 22
23 24
23 25
23 26
24 22
24 23
24 25
24 26
24 27
25 22
25 23
25 24
25 26
25 27
25 28
26 23
26 24
26 25
26 27
26 28
26 29
27 24
27 25
27 26
27 28
27 29
27 30
28 25
28 26
28 27
28 29
28 30
28 31
29 26
29 27
29 28
29 30
29 31
29 32
30 27
30 28
30 29
30 31
30 32
30 33
31 28
31 29
31 30
31 32
31 33
31 34
31 35
31 36
31 302
31 303
32 29
32 30
32 31
32 33
32 34
32 35
32 36
32 37
32 38
32 303
33 30
33 31
33 32
33 34
33 35
33 36
33 37
33 38
33 39
34 31
34 32
34 33
34 35
34 36
34 37
34 38
34 39
34 40
35 31
35 32
35 33
35 34
35 36
35 37
35 38
35 39
35 40
35 41
35 303
35 304
35 307
36 31
36 32
36 33
36 34
36 35
36 37
36 38
36 39
36 40
36 41
36 42
36 99
36 100
37 32
37 33
37 34
37 35
37 36
37 38
37 39
37 40
37 41
37 42
37 43
37 99
37 100
38 32
38 33
38 34
38 35
38 36
38 37
38 39
38 40
38 41
38 42
38 43
38 44
38 304
39 33
39 34
39 35
39 36
39 37
39 38
39 40
39 41
39 42
39 43
39 44
39 45
39 96
39 99
39 304
39 307
39 308
39 311
40 34
40 35
40 36
40 37
40 38
40 39
40 41
40 42
40 43
40 44
40 45
40 46
40 95
40 96
40 97
40 98
40 99
40 100
41 35
41 36
41 37
41 38
41 39
41 40
41 42
41 43
41 44
41 45
41 46
41 47
41 96
42 36
42 37
42 38
42 39
42 40
42 41
42 43
42 44
42 45
42 46
42 47
42 48
42 96
42 308
42 311
43 37
43 38
43 39
43 40
43 41
43 42
43 44
43 45
43 46
43 47
43 48
43 49
43 88
43 92
43 93
43 95
43 96
43 99
43 311
43 314
44 38
44 39
44 40
44 41
44 42
44 43
44 45
44 46
44 47
44 48
44 49
44 50
44 92
44 93
44 95
44 96
44 97
45 39
45 40
45 41
45 42
45 43
45 44
45 46
45 47
45 48
45 49
45 50
45 51
46 40
46 41
46 42
46 43
46 44
46 45
46 47
46 48
46 49
46 50
46 51
46 52
46 88
46 92
46 93
46 311
46 314
46 315
46 317
46 318
47 41
47 42
47 43
47 44
47 45
47 46
47 48
47 49
47 50
47 51
47 52
47 53
47 85
47 87
47 88
47 89
47 91
47 92
47 93
47 96
47 314
47 317
47 318
48 42
48 43
48 44
48 45
48 46
48 47
48 49
48 50
48 51
48 52
48 53
48 88
48 92
48 93
48 318
49 43
49 44
49 45
49 46
49 47
49 48
49 50
49 51
49 52
49 53
49 54
49 55
49 88
49 315
49 317
49 318
49 319
49 321
50 44
50 45
50 46
50 47
50 48
50 49
50 51
50 52
50 53
50 54
50 55
50 56
50 81
50 84
50 85
50 86
50 87
50 88
50 89
50 92
50 314
50 315
50 316
50 317
50 318
50 319
50 320
50 321
51 45
51 46
51 47
51 48
51 49
51 50
51 52
51 53
51 54
51 55
51 56
51 81
51 82
51 84
51 85
51 86
51 87
51 88
51 89
51 317
51 318
52 46
52 47
52 48
52 49
52 50
52 51
52 53
52 54
52 55
52 56
52 57
52 58
52 85
52 318
52 321
53 47
53 48
53 49
53 50
53 51
53 52
53 54
53 55
53 56
53 57
53 58
53 59
53 81
53 84
53 85
53 317
53 318
53 319
53 320
53 321
53 322
53 335
54 49
54 50
54 51
54 52
54 53
54 55
54 56
54 57
54 58
54 59
54 60
54 77
54 78
54 80
54 81
54 82
54 83
54 84
54 85
54 88
54 317
54 318
54 319
54 320
54 321
54 322
55 49
55 50
55 51
55 52
55 53
55 54
55 56
55 57
55 58
55 59
55 60
55 61
55 78
55 81
55 82
55 84
55 85
55 321
56 50
56 51
56 52
56 53
56 54
56 55
56 57
56 58
56 59
56 60
56 61
56 62
56 81
56 321
56 331
56 334
56 335
56 338
56 339
57 52
57 53
57 54
57 55
57 56
57 58
57 59
57 60
57 61
57 62
57 63
57 74
57 77
57 78
57 81
57 320
57 321
57 322
57 324
57 325
57 331
57 332
57 334
57 335
57 338
58 52
58 53
58 54
58 55
58 56
58 57
58 59
58 60
58 61
58 62
58 63
58 64
58 74
58 77
58 78
58 79
58 80
58 81
58 82
58 321
58 331
58 335
59 53
59 54
59 55
59 56
59 57
59 58
59 60
59 61
59 62
59 63
59 64
59 65
59 78
59 331
59 334
59 335
59 338
60 54
60 55
60 56
60 57
60 58
60 59
60 61
60 62
60 63
60 64
60 65
60 74
60 78
60 330
60 331
60 332
60 333
60 334
60 335
60 336
60 337
60 338
61 55
61 56
61 57
61 58
61 59
61 60
61 62
61 63
61 64
61 65
61 66
61 67
61 69
61 70
61 74
61 75
61 77
61 78
61 330
61 331
61 334
61 335
62 56
62 57
62 58
62 59
62 60
62 61
62 63
62 64
62 65
62 66
62 67
62 68
62 69
62 70
62 74
62 78
62 334
63 57
63 58
63 59
63 60
63 61
63 62
63 64
63 65
63 66
63 67
63 68
63 69
63 334
63 335
63 338
64 58
64 59
64 60
64 61
64 62
64 63
64 65
64 66
64 67
64 68
64 69
64 70
64 71
64 74
64 330
64 331
64 334
65 59
65 60
65 61
65 62
65 63
65 64
65 66
65 67
65 68
65 69
65 70
65 71
65 74
66 61
66 62
66 63
66 64
66 65
66 67
66 68
66 69
66 70
67 61
67 62
67 63
67 64
67 65
67 66
67 68
67 69
67 70
68 62
68 63
68 64
68 65
68 66
68 67
68 69
68 70
68 71
69 61
69 62
69 63
69 64
69 65
69 66
69 67
69 68
69 70
69 71
69 74
69 330
70 61
70 62
70 64
70 65
70 66
70 67
70 68
70 69
70 71
70 72
70 73
70 74
70 75
70 330
71 64
71 65
71 68
71 69
71 70
71 72
71 73
71 74
71 75
71 76
71 151
71 155
71 330
72 70
72 71
72 73
72 74
72 75
72 76
72 77
72 132
72 135
72 151
72 152
72 154
72 155
72 156
73 70
73 71
73 72
73 74
73 75
73 76
73 77
73 78
73 132
73 135
73 136
73 155
73 268
73 328
74 57
74 58
74 60
74 61
74 62
74 64
74 65
74 69
74 70
74 71
74 72
74 73
74 75
74 76
74 77
74 78
74 79
74 80
74 328
74 330
74 331
75 61
75 70
75 71
75 72
75 73
75 74
75 76
75 77
75 78
75 79
75 80
75 81
75 132
75 155
75 156
75 159
76 71
76 72
76 73
76 74
76 75
76 77
76 78
76 79
76 80
76 81
76 82
76 128
76 129
76 131
76 132
76 133
76 135
76 155
76 156
76 158
76 159
77 54
77 57
77 58
77 61
77 72
77 73
77 74
77 75
77 76
77 78
77 79
77 80
77 81
77 82
77 83
77 128
77 129
77 132
77 320
77 321
77 324
77 331
78 54
78 55
78 57
78 58
78 59
78 60
78 61
78 62
78 73
78 74
78 75
78 76
78 77
78 79
78 80
78 81
78 82
78 83
78 84
79 58
79 74
79 75
79 76
79 77
79 78
79 80
79 81
79 82
79 83
79 84
79 85
79 124
79 125
79 128
79 129
79 159
79 162
79 163
80 54
80 58
80 74
80 75
80 76
80 77
80 78
80 79
80 81
80 82
80 83
80 84
80 85
80 86
80 121
80 124
80 125
80 126
80 127
80 128
80 129
80 132
80 159
80 317
80 320
81 50
81 51
81 53
81 54
81 55
81 56
81 57
81 58
81 75
81 76
81 77
81 78
81 79
81 80
81 82
81 83
81 84
81 85
81 86
81 87
81 125
81 128
81 317
81 320
81 321
82 51
82 54
82 55
82 58
82 76
82 77
82 78
82 79
82 80
82 81
82 83
82 84
82 85
82 86
82 87
82 88
82 121
82 124
82 125
83 54
83 77
83 78
83 79
83 80
83 81
83 82
83 84
83 85
83 86
83 87
83 88
83 89
83 117
83 118
83 120
83 121
83 122
83 123
83 124
83 125
83 126
83 128
83 163
83 317
84 50
84 51
84 53
84 54
84 55
84 78
84 79
84 80
84 81
84 82
84 83
84 85
84 86
84 87
84 88
84 89
84 90
84 91
84 121
84 122
84 124
84 125
84 314
84 316
84 317
84 318
84 320
85 47
85 50
85 51
85 52
85 53
85 54
85 55
85 79
85 80
85 81
85 82
85 83
85 84
85 86
85 87
85 88
85 89
85 90
85 91
85 92
85 121
85 125
85 317
86 50
86 51
86 80
86 81
86 82
86 83
86 84
86 85
86 87
86 88
86 89
86 90
86 91
86 92
86 93
86 117
86 118
86 119
86 120
86 121
86 122
86 124
86 125
87 47
87 50
87 51
87 81
87 82
87 83
87 84
87 85
87 86
87 88
87 89
87 90
87 91
87 92
87 93
87 117
87 118
87 119
87 120
87 121
87 122
87 123
87 124
87 125
87 314
87 317
88 43
88 46
88 47
88 48
88 49
88 50
88 51
88 54
88 82
88 83
88 84
88 85
88 86
88 87
88 89
88 90
88 91
88 92
88 93
88 94
88 95
88 118
88 121
88 314
88 317
88 318
89 47
89 50
89 51
89 83
89 84
89 85
89 86
89 87
89 88
89 90
89 91
89 92
89 93
89 94
89 95
89 114
89 117
89 118
89 121
90 84
90 85
90 86
90 87
90 88
90 89
90 91
90 92
90 93
90 94
90 95
90 113
90 114
90 115
90 116
90 117
90 118
90 119
90 120
90 121
91 0
91 47
91 84
91 85
91 86
91 87
91 88
91 89
91 90
91 92
91 93
91 94
91 95
91 96
91 114
91 115
91 116
91 117
91 118
91 119
91 120
91 121
91 122
91 314
92 0
92 43
92 44
92 46
92 47
92 48
92 50
92 85
92 86
92 87
92 88
92 89
92 90
92 91
92 93
92 94
92 95
92 96
92 97
92 98
92 118
92 311
92 314
93 43
93 44
93 46
93 47
93 48
93 86
93 87
93 88
93 89
93 90
93 91
93 92
93 94
93 95
93 96
93 97
93 98
93 99
94 88
94 89
94 90
94 91
94 92
94 93
94 95
94 96
94 97
94 98
94 99
94 100
94 104
94 111
94 114
94 115
94 118
95 0
95 3
95 40
95 43
95 44
95 88
95 89
95 90
95 91
95 92
95 93
95 94
95 96
95 97
95 98
95 99
95 100
95 101
95 102
95 104
96 39
96 40
96 41
96 42
96 43
96 44
96 47
96 91
96 92
96 93
96 94
96 95
96 97
96 98
96 99
96 100
96 101
96 102
97 40
97 44
97 92
97 93
97 94
97 95
97 96
97 98
97 99
97 100
97 101
97 102
97 103
97 104
97 105
98 40
98 92
98 93
98 94
98 95
98 96
98 97
98 99
98 100
98 101
98 102
98 103
98 104
98 105
98 190
99 3
99 36
99 37
99 39
99 40
99 43
99 93
99 94
99 95
99 96
99 97
99 98
99 100
99 101
99 102
99 103
99 104
100 36
100 37
100 40
100 94
100 95
100 96
100 97
100 98
100 99
100 101
100 102
100 103
100 104
101 95
101 96
101 97
101 98
101 99
101 100
101 102
101 103
101 104
101 105
102 95
102 96
102 97
102 98
102 99
102 100
102 101
102 103
102 104
102 105
102 190
103 97
103 98
103 99
103 100
103 101
103 102
103 104
103 105
103 106
103 182
103 188
103 189
103 190
103 191
104 94
104 95
104 97
104 98
104 99
104 100
104 101
104 102
104 103
104 105
104 106
104 107
104 108
104 110
104 111
104 179
104 188
104 189
104 190
104 191
104 192
105 97
105 98
105 101
105 102
105 103
105 104
105 106
105 107
105 108
105 110
105 111
105 179
105 188
105 189
105 190
105 191
106 103
106 104
106 105
106 107
106 108
106 109
106 110
106 111
106 179
106 189
106 190
106 191
107 104
107 105
107 106
107 108
107 109
107 110
107 111
107 112
107 178
107 179
107 189
107 190
107 191
108 104
108 105
108 106
108 107
108 109
108 110
108 111
108 112
108 113
108 114
108 177
108 178
108 179
108 180
108 189
108 190
108 191
109 106
109 107
109 108
109 110
109 111
109 112
109 113
109 114
109 174
109 177
109 178
109 179
110 104
110 105
110 106
110 107
110 108
110 109
110 111
110 112
110 113
110 114
110 115
110 116
110 178
110 179
110 191
111 94
111 104
111 105
111 106
111 107
111 108
111 109
111 110
111 112
111 113
111 114
111 115
111 116
111 173
111 174
111 177
111 178
111 179
111 190
111 191
111 192
112 107
112 108
112 109
112 110
112 111
112 113
112 114
112 115
112 116
112 117
112 118
112 173
112 174
112 175
112 176
112 177
112 178
112 179
112 191
112 192
112 193
113 90
113 108
113 109
113 110
113 111
113 112
113 114
113 115
113 116
113 117
113 118
113 119
113 173
113 174
113 177
114 89
114 90
114 91
114 94
114 108
114 109
114 110
114 111
114 112
114 113
114 115
114 116
114 117
114 118
114 119
114 120
114 173
114 174
114 177
114 191
115 0
115 1
115 90
115 91
115 94
115 110
115 111
115 112
115 113
115 114
115 116
115 117
115 118
115 119
115 120
115 170
115 171
115 172
115 173
115 174
115 176
115 177
115 178
115 191
115 192
115 193
116 90
116 91
116 110
116 111
116 112
116 113
116 114
116 115
116 117
116 118
116 119
116 120
116 121
116 167
116 169
116 170
116 171
116 172
116 173
116 174
116 175
116 176
116 177
117 83
117 86
117 87
117 89
117 90
117 91
117 112
117 113
117 114
117 115
117 116
117 118
117 119
117 120
117 121
117 122
117 123
117 166
117 167
117 170
117 171
117 173
117 174
118 0
118 83
118 86
118 87
118 88
118 89
118 90
118 91
118 92
118 94
118 112
118 113
118 114
118 115
118 116
118 117
118 119
118 120
118 121
118 122
118 123
118 170
118 173
119 86
119 87
119 90
119 91
119 113
119 114
119 115
119 116
119 117
119 118
119 120
119 121
119 122
119 123
119 124
119 125
119 166
119 167
119 169
119 170
119 171
119 172
119 173
119 208
119 212
120 83
120 86
120 87
120 90
120 91
120 114
120 115
120 116
120 117
120 118
120 119
120 121
120 122
120 123
120 124
120 125
120 163
120 164
120 165
120 166
120 167
120 168
120 169
120 170
120 171
120 173
121 80
121 82
121 83
121 84
121 85
121 86
121 87
121 88
121 89
121 90
121 91
121 116
121 117
121 118
121 119
121 120
121 122
121 123
121 124
121 125
121 126
121 163
121 166
121 167
121 170
122 83
122 84
122 86
122 87
122 91
122 117
122 118
122 119
122 120
122 121
122 123
122 124
122 125
122 126
122 127
122 166
122 170
122 208
122 212
122 213
122 313
122 314
122 317
123 83
123 87
123 117
123 118
123 119
123 120
123 121
123 122
123 124
123 125
123 126
123 127
123 128
123 129
123 162
123 163
123 165
123 166
123 167
123 168
123 169
123 170
123 208
123 211
123 212
123 213
123 216
124 79
124 80
124 82
124 83
124 84
124 86
124 87
124 119
124 120
124 121
124 122
124 123
124 125
124 126
124 127
124 128
124 129
124 130
124 159
124 162
124 163
124 164
124 165
124 166
124 167
124 170
124 212
125 79
125 80
125 81
125 82
125 83
125 84
125 85
125 86
125 87
125 119
125 120
125 121
125 122
125 123
125 124
125 126
125 127
125 128
125 129
125 130
125 131
125 162
125 163
125 166
125 212
125 279
125 316
125 317
126 80
126 83
126 121
126 122
126 123
126 124
126 125
126 127
126 128
126 129
126 130
126 131
126 162
126 166
126 211
126 212
126 213
126 215
126 216
126 217
126 220
126 276
126 279
127 80
127 122
127 123
127 124
127 125
127 126
127 128
127 129
127 130
127 131
127 132
127 133
127 158
127 159
127 161
127 162
127 163
127 164
127 165
127 166
127 211
127 212
127 213
127 215
127 216
127 217
127 219
127 220
128 76
128 77
128 79
128 80
128 81
128 83
128 123
128 124
128 125
128 126
128 127
128 129
128 130
128 131
128 132
128 133
128 134
128 158
128 159
128 160
128 161
128 162
128 163
128 166
128 216
129 76
129 77
129 79
129 80
129 123
129 124
129 125
129 126
129 127
129 128
129 130
129 131
129 132
129 133
129 134
129 135
129 162
129 216
129 217
129 220
129 272
129 275
129 276
129 279
130 124
130 125
130 126
130 127
130 128
130 129
130 131
130 132
130 133
130 134
130 135
130 136
130 158
130 162
130 215
130 216
130 217
130 218
130 219
130 220
130 221
130 223
130 272
130 276
131 76
131 125
131 126
131 127
131 128
131 129
131 130
131 132
131 133
131 134
131 135
131 136
131 137
131 157
131 158
131 159
131 160
131 161
131 162
131 216
131 219
131 220
132 72
132 73
132 75
132 76
132 77
132 80
132 127
132 128
132 129
132 130
132 131
132 133
132 134
132 135
132 136
132 137
132 138
132 158
132 159
132 162
132 220
132 272
133 76
133 127
133 128
133 129
133 130
133 131
133 132
133 134
133 135
133 136
133 137
133 138
133 139
133 219
133 220
133 221
133 222
133 223
133 224
133 227
133 268
133 269
133 272
133 273
133 275
133 276
134 128
134 129
134 130
134 131
134 132
134 133
134 135
134 136
134 137
134 138
134 139
134 140
134 158
134 219
134 220
134 222
134 223
134 224
134 227
135 72
135 73
135 76
135 129
135 130
135 131
135 132
135 133
135 134
135 136
135 137
135 138
135 139
135 140
135 146
135 155
135 158
135 223
136 73
136 130
136 131
136 132
136 133
136 134
136 135
136 137
136 138
136 139
136 140
136 141
136 142
136 146
136 223
136 224
136 227
136 265
136 268
136 269
136 272
137 131
137 132
137 133
137 134
137 135
137 136
137 138
137 139
137 140
137 141
137 142
137 143
137 146
137 220
137 222
137 223
137 224
137 225
137 226
137 227
137 228
137 230
137 269
138 132
138 133
138 134
138 135
138 136
138 137
138 139
138 140
138 141
138 142
138 143
138 144
138 145
138 146
138 223
138 227
139 133
139 134
139 135
139 136
139 137
139 138
139 140
139 141
139 142
139 143
139 144
139 145
139 146
139 147
139 227
139 265
140 134
140 135
140 136
140 137
140 138
140 139
140 141
140 142
140 143
140 144
140 145
140 146
140 226
140 227
140 228
140 230
140 231
140 261
140 265
140 266
140 269
141 136
141 137
141 138
141 139
141 140
141 142
141 143
141 144
141 145
141 146
141 223
141 226
141 227
141 228
141 229
141 230
141 231
142 136
142 137
142 138
142 139
142 140
142 141
142 143
142 144
142 145
142 146
142 147
142 230
143 137
143 138
143 139
143 140
143 141
143 142
143 144
143 145
143 146
143 147
143 148
144 138
144 139
144 140
144 141
144 142
144 143
144 145
144 146
144 147
144 148
144 149
145 138
145 139
145 140
145 141
145 142
145 143
145 144
145 146
145 147
145 148
145 149
145 150
146 135
146 136
146 137
146 138
146 139
146 140
146 141
146 142
146 143
146 144
146 145
146 147
146 148
146 149
146 150
146 151
147 139
147 142
147 143
147 144
147 145
147 146
147 148
147 149
147 150
147 151
148 143
148 144
148 145
148 146
148 147
148 149
148 150
148 151
149 144
149 145
149 146
149 147
149 148
149 150
149 151
149 152
149 153
149 154
149 155
150 145
150 146
150 147
150 148
150 149
150 151
150 152
150 153
150 154
150 155
151 71
151 72
151 146
151 147
151 148
151 149
151 150
151 152
151 153
151 154
151 155
152 72
152 149
152 150
152 151
152 153
152 154
152 155
152 156
153 149
153 150
153 151
153 152
153 154
153 155
153 156
153 157
154 72
154 149
154 150
154 151
154 152
154 153
154 155
154 156
154 157
154 158
154 159
155 71
155 72
155 73
155 75
155 76
155 135
155 149
155 150
155 151
155 152
155 153
155 154
155 156
155 157
155 158
155 159
155 160
156 72
156 75
156 76
156 152
156 153
156 154
156 155
156 157
156 158
156 159
156 160
156 161
156 162
157 131
157 153
157 154
157 155
157 156
157 158
157 159
157 160
157 161
157 162
157 163
158 76
158 127
158 128
158 130
158 131
158 132
158 134
158 135
158 154
158 155
158 156
158 157
158 159
158 160
158 161
158 162
158 163
158 164
159 75
159 76
159 79
159 80
159 124
159 127
159 128
159 131
159 132
159 154
159 155
159 156
159 157
159 158
159 160
159 161
159 162
159 163
159 164
159 165
160 128
160 131
160 155
160 156
160 157
160 158
160 159
160 161
160 162
160 163
160 164
160 165
160 166
161 127
161 128
161 131
161 156
161 157
161 158
161 159
161 160
161 162
161 163
161 164
161 165
161 166
161 167
162 79
162 123
162 124
162 125
162 126
162 127
162 128
162 129
162 130
162 131
162 132
162 156
162 157
162 158
162 159
162 160
162 161
162 163
162 164
162 165
162 166
162 167
163 79
163 83
163 120
163 121
163 123
163 124
163 125
163 127
163 128
163 157
163 158
163 159
163 160
163 161
163 162
163 164
163 165
163 166
163 167
163 168
163 169
164 120
164 124
164 127
164 158
164 159
164 160
164 161
164 162
164 163
164 165
164 166
164 167
164 168
164 169
164 170
165 120
165 123
165 124
165 127
165 159
165 160
165 161
165 162
165 163
165 164
165 166
165 167
165 168
165 169
165 170
166 117
166 119
166 120
166 121
166 122
166 123
166 124
166 125
166 126
166 127
166 128
166 160
166 161
166 162
166 163
166 164
166 165
166 167
166 168
166 169
166 170
166 171
166 211
166 212
167 116
167 117
167 119
167 120
167 121
167 123
167 124
167 161
167 162
167 163
167 164
167 165
167 166
167 168
167 169
167 170
167 171
168 120
168 123
168 163
168 164
168 165
168 166
168 167
168 169
168 170
168 171
168 172
169 116
169 119
169 120
169 123
169 163
169 164
169 165
169 166
169 167
169 168
169 170
169 171
169 172
169 173
169 207
169 208
169 211
169 212
170 115
170 116
170 117
170 118
170 119
170 120
170 121
170 122
170 123
170 124
170 164
170 165
170 166
170 167
170 168
170 169
170 171
170 172
170 173
170 174
170 208
171 115
171 116
171 117
171 119
171 120
171 166
171 167
171 168
171 169
171 170
171 172
171 173
171 174
171 175
171 176
172 115
172 116
172 119
172 168
172 169
172 170
172 171
172 173
172 174
172 175
172 176
172 177
172 204
173 111
173 112
173 113
173 114
173 115
173 116
173 117
173 118
173 119
173 120
173 169
173 170
173 171
173 172
173 174
173 175
173 176
173 177
173 178
173 193
173 204
174 109
174 111
174 112
174 113
174 114
174 115
174 116
174 117
174 170
174 171
174 172
174 173
174 175
174 176
174 177
174 178
175 112
175 116
175 171
175 172
175 173
175 174
175 176
175 177
175 178
175 193
175 194
175 195
176 112
176 115
176 116
176 171
176 172
176 173
176 174
176 175
176 177
176 178
176 192
176 193
176 194
176 195
176 196
176 200
176 201
176 204
177 108
177 109
177 111
177 112
177 113
177 114
177 115
177 116
177 172
177 173
177 174
177 175
177 176
177 178
177 179
177 180
177 191
177 192
177 193
177 194
177 195
178 107
178 108
178 109
178 110
178 111
178 112
178 115
178 173
178 174
178 175
178 176
178 177
178 179
178 180
178 189
178 190
178 191
178 192
178 193
178 194
179 104
179 105
179 106
179 107
179 108
179 109
179 110
179 111
179 112
179 177
179 178
179 180
179 181
179 182
179 189
179 190
179 191
179 192
179 193
179 194
180 108
180 177
180 178
180 179
180 181
180 182
180 183
180 184
180 187
180 188
180 189
180 190
180 191
180 192
180 193
180 194
181 179
181 180
181 182
181 183
181 184
181 185
181 186
181 187
181 188
181 189
181 190
181 191
181 192
182 7
182 8
182 103
182 179
182 180
182 181
182 183
182 184
182 185
182 186
182 187
182 188
182 189
182 190
182 191
182 192
183 8
183 180
183 181
183 182
183 184
183 185
183 186
183 187
183 188
183 189
183 190
184 180
184 181
184 182
184 183
184 185
184 186
184 187
184 188
184 189
185 181
185 182
185 183
185 184
185 186
185 187
185 188
186 181
186 182
186 183
186 184
186 185
186 187
186 188
186 189
187 180
187 181
187 182
187 183
187 184
187 185
187 186
187 188
187 189
187 190
188 103
188 104
188 105
188 180
188 181
188 182
188 183
188 184
188 185
188 186
188 187
188 189
188 190
189 103
189 104
189 105
189 106
189 107
189 108
189 178
189 179
189 180
189 181
189 182
189 183
189 184
189 186
189 187
189 188
189 190
189 191
189 192
190 4
190 98
190 102
190 103
190 104
190 105
190 106
190 107
190 108
190 111
190 178
190 179
190 180
190 181
190 182
190 183
190 187
190 188
190 189
190 191
190 192
191 4
191 103
191 104
191 105
191 106
191 107
191 108
191 110
191 111
191 112
191 114
191 115
191 177
191 178
191 179
191 180
191 181
191 182
191 189
191 190
191 192
191 193
191 194
192 1
192 3
192 4
192 5
192 104
192 111
192 112
192 115
192 176
192 177
192 178
192 179
192 180
192 181
192 182
192 189
192 190
192 191
192 193
192 194
192 195
193 1
193 2
193 4
193 5
193 112
193 115
193 173
193 175
193 176
193 177
193 178
193 179
193 180
193 191
193 192
193 194
193 195
193 196
193 200
193 201
194 175
194 176
194 177
194 178
194 179
194 180
194 191
194 192
194 193
194 195
194 196
194 197
194 200
194 201
195 175
195 176
195 177
195 192
195 193
195 194
195 196
195 197
195 198
195 199
195 200
195 201
195 204
196 176
196 193
196 194
196 195
196 197
196 198
196 199
196 200
196 201
197 194
197 195
197 196
197 198
197 199
197 200
197 201
198 195
198 196
198 197
198 199
198 200
198 201
198 202
198 203
199 195
199 196
199 197
199 198
199 200
199 201
199 202
199 203
199 204
199 294
199 295
200 176
200 193
200 194
200 195
200 196
200 197
200 198
200 199
200 201
200 202
200 203
200 204
200 205
200 206
200 294
201 1
201 176
201 193
201 194
201 195
201 196
201 197
201 198
201 199
201 200
201 202
201 203
201 204
201 205
201 206
201 207
201 294
201 295
202 198
202 199
202 200
202 201
202 203
202 204
202 205
202 206
202 207
202 290
202 291
202 292
202 293
202 294
202 295
202 296
203 198
203 199
203 200
203 201
203 202
203 204
203 205
203 206
203 207
203 208
203 209
203 291
203 294
203 295
204 1
204 172
204 173
204 176
204 195
204 199
204 200
204 201
204 202
204 203
204 205
204 206
204 207
204 208
204 209
204 210
204 291
204 294
205 1
205 200
205 201
205 202
205 203
205 204
205 206
205 207
205 208
205 209
205 210
205 287
205 290
205 291
205 292
205 293
205 294
205 295
206 200
206 201
206 202
206 203
206 204
206 205
206 207
206 208
206 209
206 210
206 211
206 287
206 290
206 291
206 294
206 295
207 169
207 201
207 202
207 203
207 204
207 205
207 206
207 208
207 209
207 210
207 211
207 212
207 213
207 214
208 119
208 122
208 123
208 169
208 170
208 203
208 204
208 205
208 206
208 207
208 209
208 210
208 211
208 212
208 213
208 214
208 287
208 290
208 291
209 203
209 204
209 205
209 206
209 207
209 208
209 210
209 211
209 212
209 213
209 214
209 215
209 283
209 284
209 286
209 287
209 288
209 290
209 291
210 204
210 205
210 206
210 207
210 208
210 209
210 211
210 212
210 213
210 214
210 215
210 216
210 217
210 287
211 123
211 126
211 127
211 166
211 169
211 206
211 207
211 208
211 209
211 210
211 212
211 213
211 214
211 215
211 216
211 217
212 119
212 122
212 123
212 124
212 125
212 126
212 127
212 166
212 169
212 207
212 208
212 209
212 210
212 211
212 213
212 214
212 215
212 216
212 217
212 283
212 287
213 122
213 123
213 126
213 127
213 207
213 208
213 209
213 210
213 211
213 212
213 214
213 215
213 216
213 217
213 218
213 279
213 280
213 283
213 284
213 286
213 287
214 207
214 208
214 209
214 210
214 211
214 212
214 213
214 215
214 216
214 217
214 218
214 219
214 220
214 280
214 283
214 284
214 287
215 126
215 127
215 130
215 209
215 210
215 211
215 212
215 213
215 214
215 216
215 217
215 218
215 219
215 220
215 221
216 123
216 126
216 127
216 128
216 129
216 130
216 131
216 210
216 211
216 212
216 213
216 214
216 215
216 217
216 218
216 219
216 220
216 221
216 222
216 276
217 126
217 127
217 129
217 130
217 210
217 211
217 212
217 213
217 214
217 215
217 216
217 218
217 219
217 220
217 221
217 222
217 223
217 276
217 277
217 279
217 280
217 283
217 284
218 130
218 213
218 214
218 215
218 216
218 217
218 219
218 220
218 221
218 222
218 223
218 224
219 127
219 130
219 131
219 133
219 134
219 214
219 215
219 216
219 217
219 218
219 220
219 221
219 222
219 223
219 224
220 126
220 127
220 129
220 130
220 131
220 132
220 133
220 134
220 137
220 214
220 215
220 216
220 217
220 218
220 219
220 221
220 222
220 223
220 224
220 225
220 226
220 272
220 273
220 276
221 130
221 133
221 215
221 216
221 217
221 218
221 219
221 220
221 222
221 223
221 224
221 225
221 226
221 227
221 273
221 276
221 277
222 133
222 134
222 137
222 216
222 217
222 218
222 219
222 220
222 221
222 223
222 224
222 225
222 226
222 227
223 130
223 133
223 134
223 135
223 136
223 137
223 138
223 141
223 217
223 218
223 219
223 220
223 221
223 222
223 224
223 225
223 226
223 227
223 228
223 229
224 133
224 134
224 136
224 137
224 218
224 219
224 220
224 221
224 222
224 223
224 225
224 226
224 227
224 228
224 229
224 230
224 269
224 272
224 273
224 276
225 137
225 220
225 221
225 222
225 223
225 224
225 226
225 227
225 228
225 229
225 230
225 231
226 137
226 140
226 141
226 220
226 221
226 222
226 223
226 224
226 225
226 227
226 228
226 229
226 230
226 231
226 232
227 133
227 134
227 136
227 137
227 138
227 139
227 140
227 141
227 221
227 222
227 223
227 224
227 225
227 226
227 228
227 229
227 230
227 231
227 232
227 233
227 269
228 137
228 140
228 141
228 223
228 224
228 225
228 226
228 227
228 229
228 230
228 231
228 232
228 233
228 234
228 269
229 141
229 223
229 224
229 225
229 226
229 227
229 228
229 230
229 231
229 232
229 233
229 234
229 235
230 137
230 140
230 141
230 142
230 224
230 225
230 226
230 227
230 228
230 229
230 231
230 232
230 233
230 234
230 235
230 261
231 140
231 141
231 225
231 226
231 227
231 228
231 229
231 230
231 232
231 233
231 234
231 235
231 236
231 259
231 260
231 261
231 266
231 269
232 226
232 227
232 228
232 229
232 230
232 231
232 233
232 234
232 235
232 236
232 237
232 261
233 227
233 228
233 229
233 230
233 231
233 232
233 234
233 235
233 236
233 237
233 238
233 258
233 259
234 228
234 229
234 230
234 231
234 232
234 233
234 235
234 236
234 237
234 238
234 257
234 258
234 259
234 260
234 261
235 229
235 230
235 231
235 232
235 233
235 234
235 236
235 237
235 238
235 258
235 259
235 260
235 261
236 231
236 232
236 233
236 234
236 235
236 237
236 238
236 239
236 258
237 232
237 233
237 234
237 235
237 236
237 238
237 239
237 240
237 258
238 233
238 234
238 235
238 236
238 237
238 239
238 240
238 241
238 258
239 236
239 237
239 238
239 240
239 241
239 242
240 237
240 238
240 239
240 241
240 242
240 243
241 238
241 239
241 240
241 242
241 243
241 244
242 239
242 240
242 241
242 243
242 244
242 245
243 240
243 241
243 242
243 244
243 245
243 246
244 241
244 242
244 243
244 245
244 246
244 247
245 242
245 243
245 244
245 246
245 247
245 248
246 243
246 244
246 245
246 247
246 248
246 249
247 244
247 245
247 246
247 248
247 249
247 250
248 245
248 246
248 247
248 249
248 250
249 246
249 247
249 248
249 250
249 251
250 247
250 248
250 249
250 251
250 252
250 253
251 249
251 250
251 252
251 253
251 254
252 250
252 251
252 253
252 254
252 255
253 250
253 251
253 252
253 254
253 255
253 256
254 251
254 252
254 253
254 255
254 256
254 257
255 252
255 253
255 254
255 256
255 257
255 258
256 253
256 254
256 255
256 257
256 258
256 259
257 234
257 254
257 255
257 256
257 258
257 259
257 260
258 233
258 234
258 235
258 236
258 237
258 238
258 255
258 256
258 257
258 259
258 260
258 261
259 231
259 233
259 234
259 235
259 256
259 257
259 258
259 260
259 261
259 262
260 231
260 234
260 235
260 257
260 258
260 259
260 261
260 262
260 263
260 265
260 266
261 140
261 230
261 231
261 232
261 234
261 235
261 258
261 259
261 260
261 262
261 263
261 264
261 265
261 266
261 267
262 259
262 260
262 261
262 263
262 264
262 265
262 266
262 267
263 260
263 261
263 262
263 264
263 265
263 266
263 267
263 268
263 269
264 261
264 262
264 263
264 265
264 266
264 267
264 268
264 269
264 270
264 327
264 328
264 329
265 136
265 139
265 140
265 260
265 261
265 262
265 263
265 264
265 266
265 267
265 268
265 269
265 270
265 271
266 140
266 231
266 260
266 261
266 262
266 263
266 264
266 265
266 267
266 268
266 269
266 270
266 271
266 272
267 261
267 262
267 263
267 264
267 265
267 266
267 268
267 269
267 270
267 271
267 272
267 273
267 326
267 327
267 328
267 329
268 73
268 133
268 136
268 263
268 264
268 265
268 266
268 267
268 269
268 270
268 271
268 272
268 273
268 274
268 324
268 327
268 328
269 133
269 136
269 137
269 140
269 224
269 227
269 228
269 231
269 263
269 264
269 265
269 266
269 267
269 268
269 270
269 271
269 272
269 273
269 274
269 275
269 327
270 264
270 265
270 266
270 267
270 268
270 269
270 271
270 272
270 273
270 274
270 275
270 276
270 327
271 265
271 266
271 267
271 268
271 269
271 270
271 272
271 273
271 274
271 275
271 276
271 320
271 323
271 324
271 326
271 327
271 328
272 129
272 130
272 132
272 133
272 136
272 220
272 224
272 266
272 267
272 268
272 269
272 270
272 271
272 273
272 274
272 275
272 276
272 277
272 278
272 323
272 327
273 133
273 220
273 221
273 224
273 267
273 268
273 269
273 270
273 271
273 272
273 274
273 275
273 276
273 277
273 278
273 279
274 268
274 269
274 270
274 271
274 272
274 273
274 275
274 276
274 277
274 278
274 279
274 319
274 320
274 323
274 327
275 129
275 133
275 269
275 270
275 271
275 272
275 273
275 274
275 276
275 277
275 278
275 279
275 280
275 316
275 319
275 320
275 323
275 324
276 126
276 129
276 130
276 133
276 216
276 217
276 220
276 221
276 224
276 270
276 271
276 272
276 273
276 274
276 275
276 277
276 278
276 279
276 280
276 281
276 282
276 316
277 217
277 221
277 272
277 273
277 274
277 275
277 276
277 278
277 279
277 280
277 281
277 282
278 272
278 273
278 274
278 275
278 276
278 277
278 279
278 280
278 281
278 282
278 283
278 312
278 313
278 315
278 316
278 317
278 319
278 320
278 323
279 125
279 126
279 129
279 213
279 217
279 273
279 274
279 275
279 276
279 277
279 278
279 280
279 281
279 282
279 283
279 284
279 312
279 313
279 315
279 316
279 317
279 319
279 320
280 213
280 214
280 217
280 275
280 276
280 277
280 278
280 279
280 281
280 282
280 283
280 284
280 285
280 286
280 313
280 316
281 276
281 277
281 278
281 279
281 280
281 282
281 283
281 284
281 285
281 286
281 312
281 313
281 315
281 316
282 276
282 277
282 278
282 279
282 280
282 281
282 283
282 284
282 285
282 286
282 287
282 309
282 310
282 311
282 312
282 313
282 314
282 315
282 316
282 317
283 209
283 212
283 213
283 214
283 217
283 278
283 279
283 280
283 281
283 282
283 284
283 285
283 286
283 287
283 288
283 309
283 310
283 311
283 312
283 313
283 314
283 315
283 316
284 209
284 213
284 214
284 217
284 279
284 280
284 281
284 282
284 283
284 285
284 286
284 287
284 288
284 289
284 290
284 309
284 312
284 313
285 280
285 281
285 282
285 283
285 284
285 286
285 287
285 288
285 289
285 290
285 291
285 306
285 308
285 309
285 310
285 311
285 312
285 313
286 209
286 213
286 280
286 281
286 282
286 283
286 284
286 285
286 287
286 288
286 289
286 290
286 291
286 306
286 307
286 308
286 309
286 310
286 311
286 312
286 313
286 314
287 205
287 206
287 208
287 209
287 210
287 212
287 213
287 214
287 282
287 283
287 284
287 285
287 286
287 288
287 289
287 290
287 291
287 292
287 293
287 309
287 310
287 313
288 209
288 283
288 284
288 285
288 286
288 287
288 289
288 290
288 291
288 292
288 293
288 294
288 309
289 284
289 285
289 286
289 287
289 288
289 290
289 291
289 292
289 293
289 294
289 295
289 299
289 300
289 301
289 305
289 306
289 309
289 310
290 0
290 1
290 2
290 202
290 205
290 206
290 208
290 209
290 284
290 285
290 286
290 287
290 288
290 289
290 291
290 292
290 293
290 294
290 295
290 296
290 299
290 301
290 306
290 309
290 310
291 202
291 203
291 204
291 205
291 206
291 208
291 209
291 285
291 286
291 287
291 288
291 289
291 290
291 292
291 293
291 294
291 295
291 296
291 299
292 202
292 205
292 287
292 288
292 289
292 290
292 291
292 293
292 294
292 295
292 296
292 297
292 298
292 299
292 300
292 301
293 1
293 2
293 202
293 205
293 287
293 288
293 289
293 290
293 291
293 292
293 294
293 295
293 296
293 297
293 298
293 299
293 300
293 301
294 1
294 2
294 199
294 200
294 201
294 202
294 203
294 204
294 205
294 206
294 288
294 289
294 290
294 291
294 292
294 293
294 295
294 296
294 297
294 298
294 299
295 199
295 201
295 202
295 203
295 205
295 206
295 289
295 290
295 291
295 292
295 293
295 294
295 296
295 297
295 298
295 299
296 202
296 290
296 291
296 292
296 293
296 294
296 295
296 297
296 298
296 299
296 300
297 292
297 293
297 294
297 295
297 296
297 298
297 299
297 300
297 301
298 292
298 293
298 294
298 295
298 296
298 297
298 299
298 300
298 301
299 289
299 290
299 291
299 292
299 293
299 294
299 295
299 296
299 297
299 298
299 300
299 301
299 302
300 289
300 292
300 293
300 296
300 297
300 298
300 299
300 301
300 302
300 303
300 305
300 306
301 2
301 3
301 5
301 6
301 289
301 290
301 292
301 293
301 297
301 298
301 299
301 300
301 302
301 303
301 304
301 305
301 306
301 307
302 2
302 3
302 6
302 31
302 299
302 300
302 301
302 303
302 304
302 305
302 306
302 307
303 31
303 32
303 35
303 300
303 301
303 302
303 304
303 305
303 306
303 307
303 308
304 35
304 38
304 39
304 301
304 302
304 303
304 305
304 306
304 307
304 308
304 309
304 310
305 289
305 300
305 301
305 302
305 303
305 304
305 306
305 307
305 308
305 309
305 310
305 311
306 285
306 286
306 289
306 290
306 300
306 301
306 302
306 303
306 304
306 305
306 307
306 308
306 309
306 310
306 311
307 35
307 39
307 286
307 301
307 302
307 303
307 304
307 305
307 306
307 308
307 309
307 310
307 311
307 312
308 39
308 42
308 285
308 286
308 303
308 304
308 305
308 306
308 307
308 309
308 310
308 311
308 312
308 313
309 282
309 283
309 284
309 285
309 286
309 287
309 288
309 289
309 290
309 304
309 305
309 306
309 307
309 308
309 310
309 311
309 312
309 313
309 314
310 0
310 282
310 283
310 285
310 286
310 287
310 289
310 290
310 304
310 305
310 306
310 307
310 308
310 309
310 311
310 312
310 313
310 314
310 315
311 39
311 42
311 43
311 46
311 92
311 282
311 283
311 285
311 286
311 305
311 306
311 307
311 308
311 309
311 310
311 312
311 313
311 314
311 315
311 316
312 278
312 279
312 281
312 282
312 283
312 284
312 285
312 286
312 307
312 308
312 309
312 310
312 311
312 313
312 314
312 315
312 316
312 317
312 318
313 122
313 278
313 279
313 280
313 281
313 282
313 283
313 284
313 285
313 286
313 287
313 308
313 309
313 310
313 311
313 312
313 314
313 315
313 316
313 317
313 318
314 43
314 46
314 47
314 50
314 84
314 87
314 88
314 91
314 92
314 122
314 282
314 283
314 286
314 309
314 310
314 311
314 312
314 313
314 315
314 316
314 317
314 318
314 319
315 46
315 49
315 50
315 278
315 279
315 281
315 282
315 283
315 310
315 311
315 312
315 313
315 314
315 316
315 317
315 318
315 319
315 320
316 50
316 84
316 125
316 275
316 276
316 278
316 279
316 280
316 281
316 282
316 283
316 311
316 312
316 313
316 314
316 315
316 317
316 318
316 319
316 320
317 46
317 47
317 49
317 50
317 51
317 53
317 54
317 80
317 81
317 83
317 84
317 85
317 87
317 88
317 122
317 125
317 278
317 279
317 282
317 312
317 313
317 314
317 315
317 316
317 318
317 319
317 320
317 321
318 46
318 47
318 48
318 49
318 50
318 51
318 52
318 53
318 54
318 84
318 88
318 312
318 313
318 314
318 315
318 316
318 317
318 319
318 320
318 321
318 322
318 323
319 49
319 50
319 53
319 54
319 274
319 275
319 278
319 279
319 314
319 315
319 316
319 317
319 318
319 320
319 321
319 322
319 323
319 324
320 50
320 53
320 54
320 57
320 77
320 80
320 81
320 84
320 271
320 274
320 275
320 278
320 279
320 315
320 316
320 317
320 318
320 319
320 321
320 322
320 323
320 324
320 325
321 49
321 50
321 52
321 53
321 54
321 55
321 56
321 57
321 58
321 77
321 81
321 317
321 318
321 319
321 320
321 322
321 323
321 324
321 325
321 326
321 327
321 328
321 331
321 332
321 335
322 53
322 54
322 57
322 318
322 319
322 320
322 321
322 323
322 324
322 325
322 326
322 327
322 328
322 332
323 271
323 272
323 274
323 275
323 278
323 318
323 319
323 320
323 321
323 322
323 324
323 325
323 326
323 327
323 328
323 332
324 57
324 77
324 268
324 271
324 275
324 319
324 320
324 321
324 322
324 323
324 325
324 326
324 327
324 328
324 329
324 330
324 331
324 332
324 335
325 57
325 320
325 321
325 322
325 323
325 324
325 326
325 327
325 328
325 329
325 330
325 331
325 332
325 333
325 334
325 335
325 336
326 267
326 271
326 321
326 322
326 323
326 324
326 325
326 327
326 328
326 329
326 331
326 332
327 264
327 267
327 268
327 269
327 270
327 271
327 272
327 274
327 321
327 322
327 323
327 324
327 325
327 326
327 328
327 329
327 330
327 331
327 332
328 73
328 74
328 264
328 267
328 268
328 271
328 321
328 322
328 323
328 324
328 325
328 326
328 327
328 329
328 330
328 331
328 332
328 333
329 264
329 267
329 324
329 325
329 326
329 327
329 328
329 330
329 331
329 332
329 333
329 334
329 335
330 60
330 61
330 64
330 69
330 70
330 71
330 74
330 324
330 325
330 327
330 328
330 329
330 331
330 332
330 333
330 334
330 335
331 56
331 57
331 58
331 59
331 60
331 61
331 64
331 74
331 77
331 321
331 324
331 325
331 326
331 327
331 328
331 329
331 330
331 332
331 333
331 334
331 335
331 336
331 337
332 57
332 60
332 321
332 322
332 323
332 324
332 325
332 326
332 327
332 328
332 329
332 330
332 331
332 333
332 334
332 335
332 336
332 337
332 338
333 60
333 325
333 328
333 329
333 330
333 331
333 332
333 334
333 335
333 336
333 337
333 338
334 56
334 57
334 59
334 60
334 61
334 62
334 63
334 64
334 325
334 329
334 330
334 331
334 332
334 333
334 335
334 336
334 337
334 338
334 339
334 340
335 53
335 56
335 57
335 58
335 59
335 60
335 61
335 63
335 321
335 324
335 325
335 329
335 330
335 331
335 332
335 333
335 334
335 336
335 337
335 338
335 339
335 340
335 341
336 60
336 325
336 331
336 332
336 333
336 334
336 335
336 337
336 338
336 339
336 340
336 341
337 60
337 331
337 332
337 333
337 334
337 335
337 336
337 338
337 339
337 340
337 341
337 342
337 343
338 56
338 57
338 59
338 60
338 63
338 332
338 333
338 334
338 335
338 336
338 337
338 339
338 340
338 341
338 342
338 343
339 56
339 334
339 335
339 336
339 337
339 338
339 340
339 341
339 342
339 343
340 334
340 335
340 336
340 337
340 338
340 339
340 341
340 342
340 343
340 344
340 345
341 335
341 336
341 337
341 338
341 339
341 340
341 342
341 343
341 344
341 345
341 346
342 337
342 338
342 339
342 340
342 341
342 343
342 344
342 345
343 337
343 338
343 339
343 340
343 341
343 342
343 344
343 345
343 346
344 340
344 341
344 342
344 343
344 345
344 346
344 347
345 340
345 341
345 342
345 343
345 344
345 346
345 347
345 348
346 341
346 343
346 344
346 345
346 347
346 348
346 349
347 344
347 345
347 346
347 348
347 349
347 350
348 345
348 346
348 347
348 349
348 350
348 351
349 346
349 347
349 348
349 350
349 351
349 352
350 347
350 348
350 349
350 351
350 352
350 353
351 348
351 349
351 350
351 352
351 353
351 354
352 349
352 350
352 351
352 353
352 354
352 355
353 350
353 351
353 352
353 354
353 355
353 356
354 351
354 352
354 353
354 355
354 356
354 357
355 352
355 353
355 354
355 356
355 357
356 353
356 354
356 355
356 357
356 358
357 354
357 355
357 356
357 358
357 359
357 360
358 356
358 357
358 359
358 360
358 361
359 357
359 358
359 360
359 361
360 357
360 358
360 359
360 361
360 362
360 363
361 358
361 359
361 360
361 362
361 363
361 364
362 360
362 361
362 363
362 364
362 365
363 360
363 361
363 362
363 364
363 365
363 366
364 361
364 362
364 363
364 365
364 366
364 367
365 362
365 363
365 364
365 366
365 367
365 368
366 363
366 364
366 365
366 367
366 368
366 369
367 364
367 365
367 366
367 368
367 369
367 370
368 365
368 366
368 367
368 369
368 370
369 366
369 367
369 368
369 370
370 367
370 368
370 369
