0 1
0 2
0 3
0 77
0 78
0 79
1 0
1 2
1 3
1 4
1 72
1 76
1 77
1 78
1 79
2 0
2 1
2 3
2 4
2 5
2 77
2 78
2 79
2 80
2 81
3 0
3 1
3 2
3 4
3 5
3 6
3 70
3 71
3 72
3 77
3 78
3 79
3 80
3 81
3 82
4 1
4 2
4 3
4 5
4 6
4 37
4 38
4 70
4 78
4 79
4 80
4 81
4 82
5 2
5 3
5 4
5 6
5 7
5 36
5 37
5 38
5 39
5 44
5 47
5 70
5 79
5 80
5 81
5 82
5 83
6 3
6 4
6 5
6 7
6 8
6 35
6 36
6 37
6 38
6 39
6 44
6 47
6 48
6 51
6 68
6 69
6 70
6 80
6 81
6 82
6 83
6 84
7 5
7 6
7 8
7 9
7 33
7 34
7 35
7 36
7 37
7 38
7 44
7 45
7 46
7 47
7 48
7 49
7 50
7 51
7 52
7 68
7 69
7 80
7 81
7 82
7 83
7 84
7 85
8 6
8 7
8 9
8 10
8 32
8 33
8 34
8 35
8 36
8 37
8 45
8 47
8 48
8 49
8 51
8 52
8 65
8 67
8 68
8 69
8 82
8 83
8 84
8 85
8 86
9 7
9 8
9 10
9 11
9 12
9 18
9 19
9 32
9 33
9 34
9 35
9 36
9 45
9 48
9 49
9 51
9 52
9 63
9 64
9 65
9 66
9 83
9 84
9 85
9 86
9 87
10 8
10 9
10 11
10 12
10 13
10 17
10 18
10 19
10 20
10 32
10 33
10 34
10 35
10 52
10 63
10 64
10 66
10 84
10 85
10 86
10 87
10 88
10 123
10 126
11 9
11 10
11 12
11 13
11 16
11 17
11 18
11 19
11 33
11 34
11 52
11 58
11 60
11 63
11 85
11 86
11 87
11 88
11 89
11 90
11 104
12 9
12 10
12 11
12 13
12 14
12 15
12 16
12 17
12 18
12 19
12 33
12 85
12 86
12 87
12 88
12 89
12 90
12 104
12 105
12 107
12 126
12 127
13 10
13 11
13 12
13 14
13 15
13 16
13 17
13 18
13 86
13 87
13 88
13 89
13 90
13 104
13 106
13 107
13 127
14 12
14 13
14 15
14 16
14 17
14 88
14 106
14 107
14 127
15 12
15 13
15 14
15 16
15 17
15 104
15 105
15 106
15 107
15 108
16 11
16 12
16 13
16 14
16 15
16 17
16 18
16 19
16 88
16 104
16 105
16 106
16 107
16 108
16 109
16 110
17 10
17 11
17 12
17 13
17 14
17 15
17 16
17 18
17 19
17 33
17 87
17 88
17 103
17 104
17 105
17 106
17 107
17 109
17 110
17 127
18 9
18 10
18 11
18 12
18 13
18 16
18 17
18 19
18 20
18 31
18 32
18 33
18 34
18 56
18 94
18 102
18 103
18 104
18 105
18 106
18 107
18 110
19 9
19 10
19 11
19 12
19 16
19 17
19 18
19 20
19 21
19 22
19 30
19 31
19 32
19 33
19 34
19 56
19 94
19 100
19 101
19 102
19 103
19 104
19 105
19 110
19 111
19 115
20 10
20 18
20 19
20 21
20 22
20 23
20 29
20 30
20 31
20 32
20 33
20 34
20 35
20 55
20 56
20 94
20 96
20 97
20 99
20 100
20 101
20 102
20 103
20 104
21 19
21 20
21 22
21 23
21 24
21 27
21 28
21 29
21 30
21 31
21 32
21 33
21 34
21 96
21 99
21 100
21 101
21 102
21 103
21 114
21 115
22 19
22 20
22 21
22 23
22 24
22 25
22 26
22 27
22 28
22 29
22 30
22 31
22 32
22 33
22 34
22 55
22 97
22 98
22 99
22 100
22 101
22 102
23 20
23 21
23 22
23 24
23 25
23 26
23 27
23 28
23 29
23 30
23 31
23 96
23 97
23 98
23 99
23 100
23 101
24 21
24 22
24 23
24 25
24 26
24 27
24 28
24 29
24 30
24 98
24 99
24 100
25 22
25 23
25 24
25 26
25 27
25 28
25 29
25 99
26 22
26 23
26 24
26 25
26 27
26 28
26 29
26 30
26 141
27 21
27 22
27 23
27 24
27 25
27 26
27 28
27 29
27 30
27 31
27 32
27 115
27 116
27 141
28 21
28 22
28 23
28 24
28 25
28 26
28 27
28 29
28 30
28 31
28 32
28 99
28 100
29 20
29 21
29 22
29 23
29 24
29 25
29 26
29 27
29 28
29 30
29 31
29 32
29 100
29 114
29 115
30 19
30 20
30 21
30 22
30 23
30 24
30 26
30 27
30 28
30 29
30 31
30 32
30 100
30 111
30 112
30 113
30 114
30 115
30 116
31 18
31 19
31 20
31 21
31 22
31 23
31 27
31 28
31 29
31 30
31 32
31 33
31 34
31 100
31 101
31 102
31 103
31 110
31 111
31 112
31 113
31 114
31 115
31 116
32 8
32 9
32 10
32 18
32 19
32 20
32 21
32 22
32 27
32 28
32 29
32 30
32 31
32 33
32 34
32 35
32 100
32 102
32 111
32 112
32 114
32 115
32 116
32 119
33 7
33 8
33 9
33 10
33 11
33 12
33 17
33 18
33 19
33 20
33 21
33 22
33 31
33 32
33 34
33 35
33 36
33 52
33 55
33 56
33 84
33 85
33 86
33 100
33 102
33 115
34 7
34 8
34 9
34 10
34 11
34 18
34 19
34 20
34 21
34 22
34 31
34 32
34 33
34 35
34 36
34 48
34 49
34 50
34 51
34 52
34 53
34 54
34 55
34 56
34 84
34 85
34 100
34 102
35 6
35 7
35 8
35 9
35 10
35 20
35 32
35 33
35 34
35 36
35 37
35 38
35 47
35 48
35 49
35 50
35 51
35 52
35 53
35 54
35 55
35 56
35 82
35 83
35 84
35 85
36 5
36 6
36 7
36 8
36 9
36 33
36 34
36 35
36 37
36 38
36 39
36 47
36 48
36 50
36 51
36 52
36 54
36 55
36 82
37 4
37 5
37 6
37 7
37 8
37 35
37 36
37 38
37 39
37 40
37 44
37 47
37 48
37 51
37 80
37 81
37 82
38 4
38 5
38 6
38 7
38 35
38 36
38 37
38 39
38 40
38 41
38 42
38 43
38 44
38 45
38 46
38 47
38 48
38 50
38 51
38 82
38 83
39 5
39 6
39 36
39 37
39 38
39 40
39 41
39 42
39 43
39 44
39 46
39 47
40 37
40 38
40 39
40 41
40 42
40 43
40 47
41 38
41 39
41 40
41 42
41 43
41 44
41 47
42 38
42 39
42 40
42 41
42 43
42 44
42 45
42 46
42 47
42 48
42 50
43 38
43 39
43 40
43 41
43 42
43 44
43 45
43 46
43 47
43 48
43 49
44 5
44 6
44 7
44 37
44 38
44 39
44 41
44 42
44 43
44 45
44 46
44 47
44 48
44 49
44 50
44 65
44 82
44 83
44 84
44 85
45 7
45 8
45 9
45 38
45 42
45 43
45 44
45 46
45 47
45 48
45 49
45 50
45 51
45 62
45 63
45 64
45 65
45 83
45 84
45 85
46 7
46 38
46 39
46 42
46 43
46 44
46 45
46 47
46 48
46 49
46 50
46 51
46 52
46 63
47 5
47 6
47 7
47 8
47 35
47 36
47 37
47 38
47 39
47 40
47 41
47 42
47 43
47 44
47 45
47 46
47 48
47 49
47 50
47 51
47 52
47 53
48 6
48 7
48 8
48 9
48 34
48 35
48 36
48 37
48 38
48 42
48 43
48 44
48 45
48 46
48 47
48 49
48 50
48 51
48 52
48 53
48 54
48 63
48 83
48 84
48 85
48 86
49 7
49 8
49 9
49 34
49 35
49 43
49 44
49 45
49 46
49 47
49 48
49 50
49 51
49 52
49 53
49 54
49 58
49 59
49 60
49 61
49 62
49 63
49 85
50 7
50 34
50 35
50 36
50 38
50 42
50 44
50 45
50 46
50 47
50 48
50 49
50 51
50 52
50 53
50 54
50 55
50 57
50 58
50 59
50 60
51 6
51 7
51 8
51 9
51 34
51 35
51 36
51 37
51 38
51 45
51 46
51 47
51 48
51 49
51 50
51 52
51 53
51 54
51 55
51 56
51 57
51 58
51 59
52 7
52 8
52 9
52 10
52 11
52 33
52 34
52 35
52 36
52 46
52 47
52 48
52 49
52 50
52 51
52 53
52 54
52 55
52 56
52 57
52 58
52 59
52 60
52 94
53 34
53 35
53 47
53 48
53 49
53 50
53 51
53 52
53 54
53 55
53 56
53 57
53 58
53 59
53 60
53 92
53 94
53 95
53 97
54 34
54 35
54 36
54 48
54 49
54 50
54 51
54 52
54 53
54 55
54 56
54 57
54 58
54 59
54 95
54 96
54 97
54 98
54 99
54 100
55 20
55 22
55 33
55 34
55 35
55 36
55 50
55 51
55 52
55 53
55 54
55 56
55 57
55 58
55 94
55 95
55 96
55 97
55 98
55 99
55 100
55 101
55 102
56 18
56 19
56 20
56 33
56 34
56 35
56 51
56 52
56 53
56 54
56 55
56 57
56 58
56 59
56 92
56 93
56 94
56 95
56 96
56 97
56 99
56 100
56 101
56 102
56 103
57 50
57 51
57 52
57 53
57 54
57 55
57 56
57 58
57 59
57 91
57 92
57 93
57 94
57 95
57 96
57 97
57 102
58 11
58 49
58 50
58 51
58 52
58 53
58 54
58 55
58 56
58 57
58 59
58 60
58 90
58 91
58 92
58 93
58 94
58 95
59 49
59 50
59 51
59 52
59 53
59 54
59 56
59 57
59 58
59 60
59 61
59 62
59 89
59 90
59 91
59 92
59 93
59 94
60 11
60 49
60 50
60 52
60 53
60 58
60 59
60 61
60 62
60 63
60 87
60 88
60 89
60 90
60 91
60 92
61 49
61 59
61 60
61 62
61 63
61 87
61 89
61 90
61 91
62 45
62 49
62 59
62 60
62 61
62 63
62 64
62 65
62 85
62 86
62 87
62 88
62 89
62 90
63 9
63 10
63 11
63 45
63 46
63 48
63 49
63 60
63 61
63 62
63 64
63 65
63 66
63 84
63 85
63 86
63 87
63 88
63 89
64 9
64 10
64 45
64 62
64 63
64 65
64 66
64 67
64 84
64 85
64 86
64 87
64 88
65 8
65 9
65 44
65 45
65 62
65 63
65 64
65 66
65 67
65 68
65 83
65 84
65 85
65 86
65 87
65 131
65 132
65 154
65 155
66 9
66 10
66 63
66 64
66 65
66 67
66 68
66 83
66 84
66 85
66 86
66 87
66 125
66 126
66 129
66 130
66 131
66 132
66 133
66 152
66 153
66 154
66 155
67 8
67 64
67 65
67 66
67 68
67 69
67 82
67 83
67 84
67 85
67 86
67 122
67 125
67 126
67 130
67 131
67 132
67 133
67 134
67 150
67 151
67 152
67 154
67 155
68 6
68 7
68 8
68 65
68 66
68 67
68 69
68 70
68 71
68 81
68 82
68 83
68 84
68 85
68 131
68 132
68 133
68 134
68 135
68 149
68 155
69 6
69 7
69 8
69 67
69 68
69 70
69 71
69 80
69 81
69 82
69 83
69 84
69 118
69 122
69 132
69 133
69 134
69 135
69 136
69 148
69 149
70 3
70 4
70 5
70 6
70 68
70 69
70 71
70 72
70 79
70 80
70 81
70 82
70 83
70 133
70 134
70 135
70 136
70 137
70 147
70 148
71 3
71 68
71 69
71 70
71 72
71 73
71 78
71 79
71 80
71 81
71 82
71 118
71 134
71 135
71 136
71 137
71 138
71 147
72 1
72 3
72 70
72 71
72 73
72 74
72 75
72 76
72 77
72 78
72 79
72 80
72 81
72 135
72 136
72 137
72 138
72 139
72 144
72 145
72 146
72 147
73 71
73 72
73 74
73 75
73 76
73 77
73 78
73 79
73 80
73 136
73 137
73 138
73 139
73 140
73 141
73 143
73 144
73 145
74 72
74 73
74 75
74 76
74 77
74 137
74 138
74 139
74 140
74 141
74 145
75 72
75 73
75 74
75 76
75 77
75 78
75 138
75 139
75 140
76 1
76 72
76 73
76 74
76 75
76 77
76 78
76 79
76 80
77 0
77 1
77 2
77 3
77 72
77 73
77 74
77 75
77 76
77 78
77 79
77 80
78 0
78 1
78 2
78 3
78 4
78 71
78 72
78 73
78 75
78 76
78 77
78 79
78 80
78 81
79 0
79 1
79 2
79 3
79 4
79 5
79 70
79 71
79 72
79 73
79 76
79 77
79 78
79 80
79 81
79 82
79 137
80 2
80 3
80 4
80 5
80 6
80 7
80 37
80 69
80 70
80 71
80 72
80 73
80 76
80 77
80 78
80 79
80 81
80 82
80 83
80 135
81 2
81 3
81 4
81 5
81 6
81 7
81 37
81 68
81 69
81 70
81 71
81 72
81 78
81 79
81 80
81 82
81 83
81 84
81 134
81 135
82 3
82 4
82 5
82 6
82 7
82 8
82 35
82 36
82 37
82 38
82 44
82 67
82 68
82 69
82 70
82 71
82 79
82 80
82 81
82 83
82 84
82 85
82 134
82 135
83 5
83 6
83 7
83 8
83 9
83 35
83 38
83 44
83 45
83 48
83 65
83 66
83 67
83 68
83 69
83 70
83 80
83 81
83 82
83 84
83 85
83 133
83 155
84 6
84 7
84 8
84 9
84 10
84 33
84 34
84 35
84 44
84 45
84 48
84 63
84 64
84 65
84 66
84 67
84 68
84 69
84 81
84 82
84 83
84 85
84 86
84 126
84 131
84 132
84 133
84 155
85 7
85 8
85 9
85 10
85 11
85 12
85 33
85 34
85 35
85 44
85 45
85 48
85 49
85 62
85 63
85 64
85 65
85 66
85 67
85 68
85 82
85 83
85 84
85 86
85 87
85 126
86 8
86 9
86 10
86 11
86 12
86 13
86 33
86 48
86 62
86 63
86 64
86 65
86 66
86 67
86 84
86 85
86 87
86 88
86 89
86 126
86 129
87 9
87 10
87 11
87 12
87 13
87 17
87 60
87 61
87 62
87 63
87 64
87 65
87 66
87 85
87 86
87 88
87 89
87 90
88 10
88 11
88 12
88 13
88 14
88 16
88 17
88 60
88 62
88 63
88 64
88 86
88 87
88 89
88 90
89 11
89 12
89 13
89 59
89 60
89 61
89 62
89 63
89 86
89 87
89 88
89 90
89 91
90 11
90 12
90 13
90 58
90 59
90 60
90 61
90 62
90 87
90 88
90 89
90 91
90 92
90 93
90 94
91 57
91 58
91 59
91 60
91 61
91 89
91 90
91 92
91 93
91 94
92 53
92 56
92 57
92 58
92 59
92 60
92 90
92 91
92 93
92 94
92 95
93 56
93 57
93 58
93 59
93 90
93 91
93 92
93 94
93 95
93 102
94 18
94 19
94 20
94 52
94 53
94 55
94 56
94 57
94 58
94 59
94 90
94 91
94 92
94 93
94 95
94 96
94 97
94 101
94 102
94 103
94 104
95 53
95 54
95 55
95 56
95 57
95 58
95 92
95 93
95 94
95 96
95 97
95 100
95 101
95 102
95 103
96 20
96 21
96 23
96 54
96 55
96 56
96 57
96 94
96 95
96 97
96 98
96 99
96 100
96 101
96 102
96 103
97 20
97 22
97 23
97 53
97 54
97 55
97 56
97 57
97 94
97 95
97 96
97 98
97 99
97 100
97 101
97 102
98 22
98 23
98 24
98 54
98 55
98 96
98 97
98 99
98 100
98 101
99 20
99 21
99 22
99 23
99 24
99 25
99 28
99 54
99 55
99 56
99 96
99 97
99 98
99 100
99 101
99 102
100 19
100 20
100 21
100 22
100 23
100 24
100 28
100 29
100 30
100 31
100 32
100 33
100 34
100 54
100 55
100 56
100 95
100 96
100 97
100 98
100 99
100 101
100 102
100 103
101 19
101 20
101 21
101 22
101 23
101 31
101 55
101 56
101 94
101 95
101 96
101 97
101 98
101 99
101 100
101 102
101 103
102 18
102 19
102 20
102 21
102 22
102 31
102 32
102 33
102 34
102 55
102 56
102 57
102 93
102 94
102 95
102 96
102 97
102 99
102 100
102 101
102 103
102 104
102 105
103 17
103 18
103 19
103 20
103 21
103 31
103 56
103 94
103 95
103 96
103 100
103 101
103 102
103 104
103 105
104 11
104 12
104 13
104 15
104 16
104 17
104 18
104 19
104 20
104 94
104 102
104 103
104 105
104 106
104 107
104 109
104 110
105 12
105 15
105 16
105 17
105 18
105 19
105 102
105 103
105 104
105 106
105 107
105 108
105 109
105 110
105 111
106 13
106 14
106 15
106 16
106 17
106 18
106 104
106 105
106 107
106 108
106 109
106 110
106 111
107 12
107 13
107 14
107 15
107 16
107 17
107 18
107 104
107 105
107 106
107 108
107 109
107 110
107 111
107 127
108 15
108 16
108 105
108 106
108 107
108 109
108 110
108 111
109 16
109 17
109 104
109 105
109 106
109 107
109 108
109 110
109 111
109 112
110 16
110 17
110 18
110 19
110 31
110 104
110 105
110 106
110 107
110 108
110 109
110 111
110 112
110 113
110 114
110 115
110 120
110 123
111 19
111 30
111 31
111 32
111 105
111 106
111 107
111 108
111 109
111 110
111 112
111 113
111 114
111 115
111 116
111 120
112 30
112 31
112 32
112 109
112 110
112 111
112 113
112 114
112 115
112 116
112 117
112 118
112 119
112 120
112 123
113 30
113 31
113 110
113 111
113 112
113 114
113 115
113 116
113 117
113 119
113 120
114 21
114 29
114 30
114 31
114 32
114 110
114 111
114 112
114 113
114 115
114 116
114 117
115 19
115 21
115 27
115 29
115 30
115 31
115 32
115 33
115 110
115 111
115 112
115 113
115 114
115 116
115 117
115 118
115 119
115 120
115 142
116 27
116 30
116 31
116 32
116 111
116 112
116 113
116 114
116 115
116 117
116 118
116 119
116 120
116 141
116 142
116 143
117 112
117 113
117 114
117 115
117 116
117 118
117 119
117 120
117 121
117 136
117 138
117 141
117 142
117 143
117 144
118 69
118 71
118 112
118 115
118 116
118 117
118 119
118 120
118 121
118 122
118 123
118 134
118 135
118 136
118 137
118 138
118 142
118 143
118 144
118 147
118 149
119 32
119 112
119 113
119 115
119 116
119 117
119 118
119 120
119 121
119 122
119 123
119 124
119 126
120 110
120 111
120 112
120 113
120 115
120 116
120 117
120 118
120 119
120 121
120 122
120 123
120 124
120 125
121 117
121 118
121 119
121 120
121 122
121 123
121 124
121 125
121 126
121 134
121 147
121 148
121 149
122 67
122 69
122 118
122 119
122 120
122 121
122 123
122 124
122 125
122 126
122 127
122 130
122 131
122 132
122 133
122 134
122 149
122 150
122 151
123 10
123 110
123 112
123 118
123 119
123 120
123 121
123 122
123 124
123 125
123 126
123 127
123 128
123 129
123 130
123 132
124 119
124 120
124 121
124 122
124 123
124 125
124 126
124 127
124 128
124 129
124 130
125 66
125 67
125 120
125 121
125 122
125 123
125 124
125 126
125 127
125 128
125 129
125 130
125 131
125 132
125 149
125 150
125 151
126 10
126 12
126 66
126 67
126 84
126 85
126 86
126 119
126 121
126 122
126 123
126 124
126 125
126 127
126 128
126 129
126 130
126 131
126 132
127 12
127 13
127 14
127 17
127 107
127 122
127 123
127 124
127 125
127 126
127 128
127 129
127 130
128 123
128 124
128 125
128 126
128 127
128 129
128 130
128 131
129 66
129 86
129 123
129 124
129 125
129 126
129 127
129 128
129 130
129 131
129 132
130 66
130 67
130 122
130 123
130 124
130 125
130 126
130 127
130 128
130 129
130 131
130 132
130 150
130 151
130 152
130 153
130 154
131 65
131 66
131 67
131 68
131 84
131 122
131 125
131 126
131 128
131 129
131 130
131 132
131 133
131 150
131 151
131 152
131 153
131 154
131 155
132 65
132 66
132 67
132 68
132 69
132 84
132 122
132 123
132 125
132 126
132 129
132 130
132 131
132 133
132 134
132 149
132 150
132 151
132 152
132 153
132 154
132 155
133 66
133 67
133 68
133 69
133 70
133 83
133 84
133 122
133 131
133 132
133 134
133 135
133 148
133 149
133 150
133 151
133 152
133 154
133 155
134 67
134 68
134 69
134 70
134 71
134 81
134 82
134 118
134 121
134 122
134 132
134 133
134 135
134 136
134 147
134 148
134 149
134 150
134 151
135 68
135 69
135 70
135 71
135 72
135 80
135 81
135 82
135 118
135 133
135 134
135 136
135 137
135 138
135 146
135 147
135 148
135 149
135 150
136 69
136 70
136 71
136 72
136 73
136 117
136 118
136 134
136 135
136 137
136 138
136 143
136 144
136 145
136 146
136 147
136 148
136 149
137 70
137 71
137 72
137 73
137 74
137 79
137 118
137 135
137 136
137 138
137 139
137 140
137 143
137 144
137 145
137 146
137 147
137 148
138 71
138 72
138 73
138 74
138 75
138 117
138 118
138 135
138 136
138 137
138 139
138 140
138 141
138 142
138 143
138 144
138 145
138 146
138 147
139 72
139 73
139 74
139 75
139 137
139 138
139 140
139 141
139 142
139 143
139 144
139 145
139 146
140 73
140 74
140 75
140 137
140 138
140 139
140 141
140 142
140 143
140 144
140 145
141 26
141 27
141 73
141 74
141 116
141 117
141 138
141 139
141 140
141 142
141 143
141 144
142 115
142 116
142 117
142 118
142 138
142 139
142 140
142 141
142 143
142 144
142 145
143 73
143 116
143 117
143 118
143 136
143 137
143 138
143 139
143 140
143 141
143 142
143 144
143 145
143 146
144 72
144 73
144 117
144 118
144 136
144 137
144 138
144 139
144 140
144 141
144 142
144 143
144 145
144 146
144 147
145 72
145 73
145 74
145 136
145 137
145 138
145 139
145 140
145 142
145 143
145 144
145 146
145 147
146 72
146 135
146 136
146 137
146 138
146 139
146 143
146 144
146 145
146 147
146 148
147 70
147 71
147 72
147 118
147 121
147 134
147 135
147 136
147 137
147 138
147 144
147 145
147 146
147 148
147 149
148 69
148 70
148 121
148 133
148 134
148 135
148 136
148 137
148 146
148 147
148 149
148 150
149 68
149 69
149 118
149 121
149 122
149 125
149 132
149 133
149 134
149 135
149 136
149 147
149 148
149 150
149 151
149 152
150 67
150 122
150 125
150 130
150 131
150 132
150 133
150 134
150 135
150 148
150 149
150 151
150 152
151 67
151 122
151 125
151 130
151 131
151 132
151 133
151 134
151 149
151 150
151 152
151 153
151 154
151 155
152 66
152 67
152 130
152 131
152 132
152 133
152 149
152 150
152 151
152 153
152 154
152 155
153 66
153 130
153 131
153 132
153 151
153 152
153 154
153 155
154 65
154 66
154 67
154 130
154 131
154 132
154 133
154 151
154 152
154 153
154 155
155 65
155 66
155 67
155 68
155 83
155 84
155 131
155 132
155 133
155 151
155 152
155 153
155 154
