0 1
0 2
0 3
0 4
0 5
1 0
1 2
1 3
1 4
1 5
1 6
2 0
2 1
2 3
2 4
2 5
2 6
2 7
3 0
3 1
3 2
3 4
3 5
3 6
3 7
3 8
3 9
4 0
4 1
4 2
4 3
4 5
4 6
4 7
4 8
4 9
4 10
5 0
5 1
5 2
5 3
5 4
5 6
5 7
5 8
5 9
5 10
5 11
6 1
6 2
6 3
6 4
6 5
6 7
6 8
6 9
6 10
6 11
6 12
7 2
7 3
7 4
7 5
7 6
7 8
7 9
7 10
7 11
7 12
7 13
8 3
8 4
8 5
8 6
8 7
8 9
8 10
8 11
8 12
8 13
8 14
9 3
9 4
9 5
9 6
9 7
9 8
9 10
9 11
9 12
9 13
9 14
9 15
10 4
10 5
10 6
10 7
10 8
10 9
10 11
10 12
10 13
10 14
10 15
10 16
11 5
11 6
11 7
11 8
11 9
11 10
11 12
11 13
11 14
11 15
11 16
11 17
12 6
12 7
12 8
12 9
12 10
12 11
12 13
12 14
12 15
12 16
12 17
12 18
13 7
13 8
13 9
13 10
13 11
13 12
13 14
13 15
13 16
13 17
13 18
14 8
14 9
14 10
14 11
14 12
14 13
14 15
14 16
14 17
14 18
14 19
14 20
15 9
15 10
15 11
15 12
15 13
15 14
15 16
15 17
15 18
15 19
15 20
15 21
16 10
16 11
16 12
16 13
16 14
16 15
16 17
16 18
16 19
16 20
16 21
16 22
17 11
17 12
17 13
17 14
17 15
17 16
17 18
17 19
17 20
17 21
17 22
18 12
18 13
18 14
18 15
18 16
18 17
18 19
18 20
18 21
18 22
18 23
18 24
19 14
19 15
19 16
19 17
19 18
19 20
19 21
19 22
19 23
19 24
20 14
20 15
20 16
20 17
20 18
20 19
20 21
20 22
20 23
20 24
20 25
21 15
21 16
21 17
21 18
21 19
21 20
21 22
21 23
21 24
21 25
22 16
22 17
22 18
22 19
22 20
22 21
22 23
22 24
22 25
22 26
23 18
23 19
23 20
23 21
23 22
23 24
23 25
23 26
24 18
24 19
24 20
24 21
24 22
24 23
24 25
24 26
24 27
25 20
25 21
25 22
25 23
25 24
25 26
25 27
25 28
26 22
26 23
26 24
26 25
26 27
26 28
27 24
27 25
27 26
27 28
27 29
27 30
28 25
28 26
28 27
28 29
28 30
28 31
29 27
29 28
29 30
29 31
29 32
30 27
30 28
30 29
30 31
30 32
30 33
31 28
31 29
31 30
31 32
31 33
31 34
32 29
32 30
32 31
32 33
32 34
32 35
33 30
33 31
33 32
33 34
33 35
33 36
34 31
34 32
34 33
34 35
34 36
34 37
35 32
35 33
35 34
35 36
35 37
35 38
36 33
36 34
36 35
36 37
36 38
36 39
37 34
37 35
37 36
37 38
37 39
37 40
38 35
38 36
38 37
38 39
38 40
38 41
39 36
39 37
39 38
39 40
39 41
39 42
40 37
40 38
40 39
40 41
40 42
40 43
40 45
40 46
41 38
41 39
41 40
41 42
41 43
41 44
41 45
41 46
41 47
41 49
41 89
41 92
41 93
42 39
42 40
42 41
42 43
42 44
42 45
42 46
42 47
42 48
42 88
42 89
42 91
42 92
42 93
42 209
43 40
43 41
43 42
43 44
43 45
43 46
43 47
43 48
43 49
43 92
43 201
44 41
44 42
44 43
44 45
44 46
44 47
44 48
44 49
44 50
44 88
44 89
44 92
44 197
44 198
44 200
44 201
44 202
44 207
45 40
45 41
45 42
45 43
45 44
45 46
45 47
45 48
45 49
45 50
45 51
45 85
45 86
45 87
45 88
45 89
45 90
45 91
45 92
45 201
46 40
46 41
46 42
46 43
46 44
46 45
46 47
46 48
46 49
46 50
46 51
46 52
46 85
46 89
47 41
47 42
47 43
47 44
47 45
47 46
47 48
47 49
47 50
47 51
47 52
47 53
47 197
47 200
47 201
48 42
48 43
48 44
48 45
48 46
48 47
48 49
48 50
48 51
48 52
48 53
48 54
48 81
48 84
48 85
48 88
48 89
48 193
48 194
48 197
48 198
48 201
49 41
49 43
49 44
49 45
49 46
49 47
49 48
49 50
49 51
49 52
49 53
49 54
49 56
49 81
49 82
49 85
50 44
50 45
50 46
50 47
50 48
50 49
50 51
50 52
50 53
50 54
50 55
50 56
50 57
51 45
51 46
51 47
51 48
51 49
51 50
51 52
51 53
51 54
51 55
51 56
51 57
51 81
51 190
51 193
51 194
51 197
52 46
52 47
52 48
52 49
52 50
52 51
52 53
52 54
52 55
52 56
52 57
52 58
52 59
52 78
52 81
52 82
52 85
52 190
52 194
53 47
53 48
53 49
53 50
53 51
53 52
53 54
53 55
53 56
53 57
53 58
54 48
54 49
54 50
54 51
54 52
54 53
54 55
54 56
54 57
54 58
54 59
54 60
54 190
55 50
55 51
55 52
55 53
55 54
55 56
55 57
55 58
55 59
55 60
55 61
55 186
55 187
55 188
55 189
55 190
55 191
55 192
55 193
55 194
56 49
56 50
56 51
56 52
56 53
56 54
56 55
56 57
56 58
56 59
56 60
56 61
56 62
56 74
56 77
56 78
56 81
56 186
56 187
56 189
56 190
56 191
57 50
57 51
57 52
57 53
57 54
57 55
57 56
57 58
57 59
57 60
57 61
57 62
57 63
57 74
57 78
57 186
57 190
58 52
58 53
58 54
58 55
58 56
58 57
58 59
58 60
58 61
58 62
58 63
58 64
58 182
58 183
58 185
58 186
58 187
58 189
58 190
59 52
59 54
59 55
59 56
59 57
59 58
59 60
59 61
59 62
59 63
59 64
59 65
59 71
59 74
59 77
59 78
59 182
59 183
59 184
59 185
59 186
59 187
59 188
59 189
59 190
60 54
60 55
60 56
60 57
60 58
60 59
60 61
60 62
60 63
60 64
60 65
60 66
60 70
60 71
60 72
60 73
60 74
60 75
60 77
60 78
60 183
60 186
60 187
61 55
61 56
61 57
61 58
61 59
61 60
61 62
61 63
61 64
61 65
61 66
61 67
61 71
61 74
61 183
61 186
62 56
62 57
62 58
62 59
62 60
62 61
62 63
62 64
62 65
62 66
62 67
62 70
62 71
62 74
62 179
62 180
62 181
62 182
62 183
62 184
62 185
62 186
62 187
63 57
63 58
63 59
63 60
63 61
63 62
63 64
63 65
63 66
63 67
63 68
63 69
63 70
63 71
63 72
63 73
63 74
63 75
63 131
63 179
63 180
63 182
63 183
63 184
63 186
63 187
64 58
64 59
64 60
64 61
64 62
64 63
64 65
64 66
64 67
64 68
64 69
64 70
64 71
64 72
64 74
64 75
64 183
65 59
65 60
65 61
65 62
65 63
65 64
65 66
65 67
65 68
65 70
65 71
65 179
65 180
65 183
66 60
66 61
66 62
66 63
66 64
66 65
66 67
66 68
66 69
66 70
66 71
66 128
66 179
66 180
66 183
67 61
67 62
67 63
67 64
67 65
67 66
67 68
67 69
67 70
67 71
67 72
67 73
67 74
67 128
68 63
68 64
68 65
68 66
68 67
68 69
68 70
68 71
68 72
68 73
68 126
68 128
69 63
69 64
69 66
69 67
69 68
69 70
69 71
69 72
69 73
69 74
69 119
69 120
69 123
69 126
69 127
69 128
69 129
69 131
69 132
70 60
70 62
70 63
70 64
70 65
70 66
70 67
70 68
70 69
70 71
70 72
70 73
70 74
70 75
70 76
70 120
70 126
70 128
70 129
70 131
70 132
70 135
70 183
71 59
71 60
71 61
71 62
71 63
71 64
71 65
71 66
71 67
71 68
71 69
71 70
71 72
71 73
71 74
71 75
71 76
71 77
72 60
72 63
72 64
72 67
72 68
72 69
72 70
72 71
72 73
72 74
72 75
72 76
72 77
72 116
72 119
73 60
73 63
73 67
73 68
73 69
73 70
73 71
73 72
73 74
73 75
73 76
73 77
73 78
73 115
73 116
73 117
73 119
73 120
73 131
73 132
73 135
73 136
74 56
74 57
74 59
74 60
74 61
74 62
74 63
74 64
74 67
74 69
74 70
74 71
74 72
74 73
74 75
74 76
74 77
74 78
74 79
74 80
74 116
74 132
74 135
74 187
75 60
75 63
75 64
75 70
75 71
75 72
75 73
75 74
75 76
75 77
75 78
75 79
75 80
75 81
75 116
76 70
76 71
76 72
76 73
76 74
76 75
76 77
76 78
76 79
76 80
76 81
76 82
76 112
76 113
76 115
76 116
76 119
77 56
77 59
77 60
77 71
77 72
77 73
77 74
77 75
77 76
77 78
77 79
77 80
77 81
77 82
77 83
77 112
77 113
77 115
77 116
77 135
77 136
77 139
77 142
78 52
78 56
78 57
78 59
78 60
78 73
78 74
78 75
78 76
78 77
78 79
78 80
78 81
78 82
78 83
78 84
78 112
79 74
79 75
79 76
79 77
79 78
79 80
79 81
79 82
79 83
79 84
79 85
79 109
79 112
79 113
80 74
80 75
80 76
80 77
80 78
80 79
80 81
80 82
80 83
80 84
80 85
80 86
80 108
80 109
80 110
80 111
80 112
80 113
80 115
80 116
80 139
80 142
81 48
81 49
81 51
81 52
81 56
81 75
81 76
81 77
81 78
81 79
81 80
81 82
81 83
81 84
81 85
81 86
81 87
81 109
81 112
81 139
81 142
82 49
82 52
82 76
82 77
82 78
82 79
82 80
82 81
82 83
82 84
82 85
82 86
82 87
82 88
82 109
82 112
83 77
83 78
83 79
83 80
83 81
83 82
83 84
83 85
83 86
83 87
83 88
83 89
83 106
83 107
83 108
83 109
83 110
83 111
83 112
83 142
84 48
84 78
84 79
84 80
84 81
84 82
84 83
84 85
84 86
84 87
84 88
84 89
84 90
84 106
84 108
84 109
84 110
84 112
84 142
84 143
84 145
85 45
85 46
85 48
85 49
85 52
85 79
85 80
85 81
85 82
85 83
85 84
85 86
85 87
85 88
85 89
85 90
85 91
85 109
86 45
86 80
86 81
86 82
86 83
86 84
86 85
86 87
86 88
86 89
86 90
86 91
86 92
86 108
86 109
86 220
86 223
86 224
87 45
87 81
87 82
87 83
87 84
87 85
87 86
87 88
87 89
87 90
87 91
87 92
87 105
87 106
87 108
87 109
87 145
87 220
87 223
87 224
88 42
88 44
88 45
88 48
88 82
88 83
88 84
88 85
88 86
88 87
88 89
88 90
88 91
88 92
88 93
88 94
88 145
88 206
88 207
88 208
89 41
89 42
89 44
89 45
89 46
89 48
89 83
89 84
89 85
89 86
89 87
89 88
89 90
89 91
89 92
89 93
89 94
89 208
89 223
90 45
90 84
90 85
90 86
90 87
90 88
90 89
90 91
90 92
90 93
90 94
90 95
90 96
90 105
90 208
90 209
90 215
90 216
90 219
90 220
90 222
90 223
90 224
91 42
91 45
91 85
91 86
91 87
91 88
91 89
91 90
91 92
91 93
91 94
91 95
91 96
91 97
91 145
91 206
91 207
91 208
91 209
91 210
91 214
91 215
91 220
92 41
92 42
92 43
92 44
92 45
92 86
92 87
92 88
92 89
92 90
92 91
92 93
92 94
92 95
92 96
92 206
92 207
92 208
92 209
92 210
92 211
92 212
93 41
93 42
93 88
93 89
93 90
93 91
93 92
93 94
93 95
93 96
93 208
93 209
93 210
93 211
93 212
93 213
93 214
93 215
93 219
93 223
94 88
94 89
94 90
94 91
94 92
94 93
94 95
94 96
94 97
94 208
94 209
94 210
94 211
94 212
94 213
94 214
94 215
94 216
94 219
94 220
95 90
95 91
95 92
95 93
95 94
95 96
95 97
95 98
95 207
95 208
95 209
95 210
95 211
95 212
95 213
95 214
95 215
95 216
96 90
96 91
96 92
96 93
96 94
96 95
96 97
96 98
96 99
96 101
96 102
96 206
96 207
96 208
96 209
96 210
96 211
96 213
96 214
96 215
96 216
97 91
97 94
97 95
97 96
97 98
97 99
97 100
97 101
97 102
97 103
97 105
97 208
97 213
97 214
97 215
97 216
97 217
98 95
98 96
98 97
98 99
98 100
98 101
98 102
98 103
98 214
98 215
98 216
99 96
99 97
99 98
99 100
99 101
99 102
99 103
99 104
100 97
100 98
100 99
100 101
100 102
100 103
100 104
100 105
100 216
101 96
101 97
101 98
101 99
101 100
101 102
101 103
101 104
101 105
101 106
101 215
101 216
101 217
101 218
102 96
102 97
102 98
102 99
102 100
102 101
102 103
102 104
102 105
102 106
102 107
102 146
102 215
102 216
102 217
103 97
103 98
103 99
103 100
103 101
103 102
103 104
103 105
103 106
103 107
103 108
103 110
103 146
103 217
104 99
104 100
104 101
104 102
104 103
104 105
104 106
104 107
104 108
104 110
104 216
104 217
104 220
105 87
105 90
105 97
105 100
105 101
105 102
105 103
105 104
105 106
105 107
105 108
105 109
105 110
105 215
105 216
105 217
105 218
105 219
105 220
106 83
106 84
106 87
106 101
106 102
106 103
106 104
106 105
106 107
106 108
106 109
106 110
106 111
106 143
106 145
106 146
107 83
107 102
107 103
107 104
107 105
107 106
107 108
107 109
107 110
107 111
107 112
107 113
108 80
108 83
108 84
108 86
108 87
108 103
108 104
108 105
108 106
108 107
108 109
108 110
108 111
108 112
108 113
109 79
109 80
109 81
109 82
109 83
109 84
109 85
109 86
109 87
109 105
109 106
109 107
109 108
109 110
109 111
109 112
109 113
109 114
109 115
109 140
109 142
109 143
110 80
110 83
110 84
110 103
110 104
110 105
110 106
110 107
110 108
110 109
110 111
110 112
110 113
110 114
110 115
110 140
110 142
110 143
111 80
111 83
111 106
111 107
111 108
111 109
111 110
111 112
111 113
111 114
111 115
111 116
111 117
112 76
112 77
112 78
112 79
112 80
112 81
112 82
112 83
112 84
112 107
112 108
112 109
112 110
112 111
112 113
112 114
112 115
112 116
112 117
112 118
112 139
112 140
112 142
113 76
113 77
113 79
113 80
113 107
113 108
113 109
113 110
113 111
113 112
113 114
113 115
113 116
113 117
113 118
113 135
113 136
113 137
113 138
113 139
113 140
113 141
113 142
113 143
114 109
114 110
114 111
114 112
114 113
114 115
114 116
114 117
114 118
114 119
114 136
114 139
114 140
115 73
115 76
115 77
115 80
115 109
115 110
115 111
115 112
115 113
115 114
115 116
115 117
115 118
115 119
115 120
115 121
115 136
116 72
116 73
116 74
116 75
116 76
116 77
116 80
116 111
116 112
116 113
116 114
116 115
116 117
116 118
116 119
116 120
116 121
116 132
116 133
116 135
116 136
116 137
116 139
116 140
117 73
117 111
117 112
117 113
117 114
117 115
117 116
117 118
117 119
117 120
117 121
117 122
117 132
117 133
117 135
117 136
117 137
117 138
117 139
117 140
118 112
118 113
118 114
118 115
118 116
118 117
118 119
118 120
118 121
118 122
118 123
118 136
119 69
119 72
119 73
119 76
119 114
119 115
119 116
119 117
119 118
119 120
119 121
119 122
119 123
119 124
119 132
119 133
119 136
120 69
120 70
120 73
120 115
120 116
120 117
120 118
120 119
120 121
120 122
120 123
120 124
120 125
120 126
120 128
120 129
120 130
120 131
120 132
120 133
120 134
120 135
120 136
120 137
121 115
121 116
121 117
121 118
121 119
121 120
121 122
121 123
121 124
121 125
121 129
121 132
121 133
121 136
122 117
122 118
122 119
122 120
122 121
122 123
122 124
122 125
122 126
123 69
123 118
123 119
123 120
123 121
123 122
123 124
123 125
123 126
123 127
123 128
123 129
123 132
124 119
124 120
124 121
124 122
124 123
124 125
124 126
124 127
124 128
124 129
124 130
124 132
124 133
125 120
125 121
125 122
125 123
125 124
125 126
125 127
125 128
125 129
126 68
126 69
126 70
126 120
126 122
126 123
126 124
126 125
126 127
126 128
126 129
126 130
126 131
126 132
127 69
127 123
127 124
127 125
127 126
127 128
127 129
127 130
127 131
127 132
128 66
128 67
128 68
128 69
128 70
128 120
128 123
128 124
128 125
128 126
128 127
128 129
128 130
128 131
128 132
128 133
128 169
129 69
129 70
129 120
129 121
129 123
129 124
129 125
129 126
129 127
129 128
129 130
129 131
129 132
129 133
129 134
129 135
129 165
129 169
130 120
130 124
130 126
130 127
130 128
130 129
130 131
130 132
130 133
130 134
130 135
130 136
130 162
130 164
130 165
130 166
130 167
130 168
130 169
131 63
131 69
131 70
131 73
131 120
131 126
131 127
131 128
131 129
131 130
131 132
131 133
131 134
131 135
131 136
131 162
131 165
131 166
131 168
131 169
131 180
131 183
131 184
131 187
132 69
132 70
132 73
132 74
132 116
132 117
132 119
132 120
132 121
132 123
132 124
132 126
132 127
132 128
132 129
132 130
132 131
132 133
132 134
132 135
132 136
132 137
132 162
132 165
132 166
133 116
133 117
133 119
133 120
133 121
133 124
133 128
133 129
133 130
133 131
133 132
133 134
133 135
133 136
133 137
133 138
133 139
133 161
133 162
133 164
133 165
133 166
134 120
134 129
134 130
134 131
134 132
134 133
134 135
134 136
134 137
134 138
134 139
134 158
134 159
134 160
134 161
134 162
134 163
134 164
134 165
134 166
134 167
134 168
134 169
134 184
134 187
134 188
135 70
135 73
135 74
135 77
135 113
135 116
135 117
135 120
135 129
135 130
135 131
135 132
135 133
135 134
135 136
135 137
135 138
135 139
135 140
135 158
135 159
135 161
135 162
135 165
135 166
135 187
135 188
136 73
136 77
136 113
136 114
136 115
136 116
136 117
136 118
136 119
136 120
136 121
136 130
136 131
136 132
136 133
136 134
136 135
136 137
136 138
136 139
136 140
136 158
136 161
136 162
137 113
137 116
137 117
137 120
137 132
137 133
137 134
137 135
137 136
137 138
137 139
137 140
137 141
137 158
137 159
137 160
137 161
137 162
137 163
137 164
137 165
138 113
138 117
138 133
138 134
138 135
138 136
138 137
138 139
138 140
138 141
138 142
138 155
138 156
138 157
138 158
138 159
138 160
138 161
138 162
138 163
138 188
138 191
139 77
139 80
139 81
139 112
139 113
139 114
139 116
139 117
139 133
139 134
139 135
139 136
139 137
139 138
139 140
139 141
139 142
139 143
139 155
139 158
139 159
139 161
139 162
139 191
140 109
140 110
140 112
140 113
140 114
140 116
140 117
140 135
140 136
140 137
140 138
140 139
140 141
140 142
140 143
140 144
140 154
140 155
140 158
140 159
141 113
141 137
141 138
141 139
141 140
141 142
141 143
141 144
141 145
141 147
141 151
141 152
141 154
141 155
141 156
141 157
141 158
141 159
141 191
141 194
141 195
142 77
142 80
142 81
142 83
142 84
142 109
142 110
142 112
142 113
142 138
142 139
142 140
142 141
142 143
142 144
142 145
142 146
142 147
142 151
142 154
142 155
142 158
142 191
142 194
143 84
143 106
143 109
143 110
143 113
143 139
143 140
143 141
143 142
143 144
143 145
143 146
143 147
143 151
143 154
143 155
144 140
144 141
144 142
144 143
144 145
144 146
144 147
144 148
144 150
144 151
144 152
144 153
144 154
144 155
144 158
144 194
144 195
144 198
144 202
144 205
144 206
145 84
145 87
145 88
145 91
145 106
145 141
145 142
145 143
145 144
145 146
145 147
145 148
145 151
145 198
145 202
145 205
145 206
145 207
146 102
146 103
146 106
146 142
146 143
146 144
146 145
146 147
146 148
146 149
146 151
146 205
146 206
147 141
147 142
147 143
147 144
147 145
147 146
147 148
147 149
147 150
147 151
147 152
147 153
147 154
147 155
147 204
147 205
147 206
148 144
148 145
148 146
148 147
148 149
148 150
148 151
148 152
148 154
148 202
148 203
148 204
148 205
148 206
149 146
149 147
149 148
149 150
149 151
149 152
149 153
149 154
149 202
149 203
149 204
149 205
149 206
150 144
150 147
150 148
150 149
150 151
150 152
150 153
150 154
150 155
150 198
150 199
150 202
150 203
150 204
150 205
151 141
151 142
151 143
151 144
151 145
151 146
151 147
151 148
151 149
151 150
151 152
151 153
151 154
151 155
151 156
151 195
151 198
151 199
151 202
151 203
151 204
151 205
151 206
152 141
152 144
152 147
152 148
152 149
152 150
152 151
152 153
152 154
152 155
152 156
152 157
152 191
152 192
152 194
152 195
152 196
152 197
152 198
152 199
152 202
152 203
152 204
152 205
153 144
153 147
153 149
153 150
153 151
153 152
153 154
153 155
153 156
153 157
153 158
153 159
153 195
153 198
153 199
154 140
154 141
154 142
154 143
154 144
154 147
154 148
154 149
154 150
154 151
154 152
154 153
154 155
154 156
154 157
154 158
154 159
154 160
154 195
155 138
155 139
155 140
155 141
155 142
155 143
155 144
155 147
155 150
155 151
155 152
155 153
155 154
155 156
155 157
155 158
155 159
155 160
155 161
155 191
155 192
155 194
155 195
155 198
156 138
156 141
156 151
156 152
156 153
156 154
156 155
156 157
156 158
156 159
156 160
156 161
156 162
156 191
156 192
156 194
156 195
157 138
157 141
157 152
157 153
157 154
157 155
157 156
157 158
157 159
157 160
157 161
157 162
157 163
158 134
158 135
158 136
158 137
158 138
158 139
158 140
158 141
158 142
158 144
158 153
158 154
158 155
158 156
158 157
158 159
158 160
158 161
158 162
158 163
158 191
159 134
159 135
159 137
159 138
159 139
159 140
159 141
159 153
159 154
159 155
159 156
159 157
159 158
159 160
159 161
159 162
159 163
159 164
159 187
159 188
159 189
159 190
159 191
159 192
159 195
160 134
160 137
160 138
160 154
160 155
160 156
160 157
160 158
160 159
160 161
160 162
160 163
160 164
160 165
160 166
160 188
160 191
161 133
161 134
161 135
161 136
161 137
161 138
161 139
161 155
161 156
161 157
161 158
161 159
161 160
161 162
161 163
161 164
161 165
161 166
162 130
162 131
162 132
162 133
162 134
162 135
162 136
162 137
162 138
162 139
162 156
162 157
162 158
162 159
162 160
162 161
162 163
162 164
162 165
162 166
162 167
162 184
162 187
162 188
162 191
163 134
163 137
163 138
163 157
163 158
163 159
163 160
163 161
163 162
163 164
163 165
163 166
163 167
163 168
163 169
163 184
163 188
164 130
164 133
164 134
164 137
164 159
164 160
164 161
164 162
164 163
164 165
164 166
164 167
164 168
164 169
165 129
165 130
165 131
165 132
165 133
165 134
165 135
165 137
165 160
165 161
165 162
165 163
165 164
165 166
165 167
165 168
165 169
165 170
165 171
165 184
166 130
166 131
166 132
166 133
166 134
166 135
166 160
166 161
166 162
166 163
166 164
166 165
166 167
166 168
166 169
166 170
166 171
166 172
166 180
166 181
166 183
166 184
166 185
166 187
166 188
167 130
167 134
167 162
167 163
167 164
167 165
167 166
167 168
167 169
167 170
167 171
167 172
167 173
167 174
167 181
167 184
168 130
168 131
168 134
168 163
168 164
168 165
168 166
168 167
168 169
168 170
168 171
168 172
168 173
168 174
169 128
169 129
169 130
169 131
169 134
169 163
169 164
169 165
169 166
169 167
169 168
169 170
169 171
169 172
169 173
169 174
169 180
169 181
169 183
169 184
170 165
170 166
170 167
170 168
170 169
170 171
170 172
170 173
170 174
170 175
170 176
170 177
170 178
170 180
170 181
170 182
170 183
170 184
170 185
171 165
171 166
171 167
171 168
171 169
171 170
171 172
171 173
171 174
171 175
171 176
171 181
172 166
172 167
172 168
172 169
172 170
172 171
172 173
172 174
172 175
172 176
172 177
172 180
172 181
173 167
173 168
173 169
173 170
173 171
173 172
173 174
173 175
173 176
173 177
173 178
173 179
173 180
173 181
174 167
174 168
174 169
174 170
174 171
174 172
174 173
174 175
174 176
174 177
174 178
174 179
174 180
174 181
174 182
175 170
175 171
175 172
175 173
175 174
175 176
175 177
175 178
175 181
176 170
176 171
176 172
176 173
176 174
176 175
176 177
176 178
176 179
176 180
176 181
177 170
177 172
177 173
177 174
177 175
177 176
177 178
177 179
177 180
177 181
177 182
178 170
178 173
178 174
178 175
178 176
178 177
178 179
178 180
178 181
178 182
178 183
178 184
179 62
179 63
179 65
179 66
179 173
179 174
179 176
179 177
179 178
179 180
179 181
179 182
179 183
179 184
179 185
180 62
180 63
180 65
180 66
180 131
180 166
180 169
180 170
180 172
180 173
180 174
180 176
180 177
180 178
180 179
180 181
180 182
180 183
180 184
180 185
180 186
181 62
181 166
181 167
181 169
181 170
181 171
181 172
181 173
181 174
181 175
181 176
181 177
181 178
181 179
181 180
181 182
181 183
181 184
181 185
181 186
181 187
182 58
182 59
182 62
182 63
182 170
182 174
182 177
182 178
182 179
182 180
182 181
182 183
182 184
182 185
182 186
182 187
183 58
183 59
183 60
183 61
183 62
183 63
183 64
183 65
183 66
183 70
183 131
183 166
183 169
183 170
183 178
183 179
183 180
183 181
183 182
183 184
183 185
183 186
183 187
183 188
183 189
184 59
184 62
184 63
184 131
184 134
184 162
184 163
184 165
184 166
184 167
184 169
184 170
184 178
184 179
184 180
184 181
184 182
184 183
184 185
184 186
184 187
184 188
184 189
185 58
185 59
185 62
185 166
185 170
185 179
185 180
185 181
185 182
185 183
185 184
185 186
185 187
185 188
185 189
185 190
186 55
186 56
186 57
186 58
186 59
186 60
186 61
186 62
186 63
186 180
186 181
186 182
186 183
186 184
186 185
186 187
186 188
186 189
186 190
186 191
186 192
187 55
187 56
187 58
187 59
187 60
187 62
187 63
187 74
187 131
187 134
187 135
187 159
187 162
187 166
187 181
187 182
187 183
187 184
187 185
187 186
187 188
187 189
187 190
187 191
187 192
188 55
188 59
188 134
188 135
188 138
188 159
188 160
188 162
188 163
188 166
188 183
188 184
188 185
188 186
188 187
188 189
188 190
188 191
188 192
188 193
189 55
189 56
189 58
189 59
189 159
189 183
189 184
189 185
189 186
189 187
189 188
189 190
189 191
189 192
189 193
189 194
189 195
190 51
190 52
190 54
190 55
190 56
190 57
190 58
190 59
190 159
190 185
190 186
190 187
190 188
190 189
190 191
190 192
190 193
190 194
190 195
190 196
191 55
191 56
191 138
191 139
191 141
191 142
191 152
191 155
191 156
191 158
191 159
191 160
191 162
191 186
191 187
191 188
191 189
191 190
191 192
191 193
191 194
191 195
191 196
191 197
192 55
192 152
192 155
192 156
192 159
192 186
192 187
192 188
192 189
192 190
192 191
192 193
192 194
192 195
192 196
192 197
193 48
193 51
193 55
193 188
193 189
193 190
193 191
193 192
193 194
193 195
193 196
193 197
193 198
193 199
194 48
194 51
194 52
194 55
194 141
194 142
194 144
194 152
194 155
194 156
194 189
194 190
194 191
194 192
194 193
194 195
194 196
194 197
194 198
194 199
194 200
195 141
195 144
195 151
195 152
195 153
195 154
195 155
195 156
195 159
195 189
195 190
195 191
195 192
195 193
195 194
195 196
195 197
195 198
195 199
195 200
195 202
195 203
196 152
196 190
196 191
196 192
196 193
196 194
196 195
196 197
196 198
196 199
196 200
196 201
196 202
196 203
197 44
197 47
197 48
197 51
197 152
197 191
197 192
197 193
197 194
197 195
197 196
197 198
197 199
197 200
197 201
197 202
197 203
198 44
198 48
198 144
198 145
198 150
198 151
198 152
198 153
198 155
198 193
198 194
198 195
198 196
198 197
198 199
198 200
198 201
198 202
198 203
198 204
198 205
198 206
198 207
199 150
199 151
199 152
199 153
199 193
199 194
199 195
199 196
199 197
199 198
199 200
199 201
199 202
199 203
199 204
199 205
200 44
200 47
200 194
200 195
200 196
200 197
200 198
200 199
200 201
200 202
200 203
201 43
201 44
201 45
201 47
201 48
201 196
201 197
201 198
201 199
201 200
201 202
201 203
201 204
201 205
201 206
201 207
202 44
202 144
202 145
202 148
202 149
202 150
202 151
202 152
202 195
202 196
202 197
202 198
202 199
202 200
202 201
202 203
202 204
202 205
202 206
202 207
202 208
203 148
203 149
203 150
203 151
203 152
203 195
203 196
203 197
203 198
203 199
203 200
203 201
203 202
203 204
203 205
203 206
203 207
204 147
204 148
204 149
204 150
204 151
204 152
204 198
204 199
204 201
204 202
204 203
204 205
204 206
204 207
205 144
205 145
205 146
205 147
205 148
205 149
205 150
205 151
205 152
205 198
205 199
205 201
205 202
205 203
205 204
205 206
205 207
205 208
206 88
206 91
206 92
206 96
206 144
206 145
206 146
206 147
206 148
206 149
206 151
206 198
206 201
206 202
206 203
206 204
206 205
206 207
206 208
207 44
207 88
207 91
207 92
207 95
207 96
207 145
207 198
207 201
207 202
207 203
207 204
207 205
207 206
207 208
207 209
207 210
208 88
208 89
208 90
208 91
208 92
208 93
208 94
208 95
208 96
208 97
208 202
208 205
208 206
208 207
208 209
208 210
208 211
208 214
208 215
209 42
209 90
209 91
209 92
209 93
209 94
209 95
209 96
209 207
209 208
209 210
209 211
209 212
209 213
209 214
209 215
210 91
210 92
210 93
210 94
210 95
210 96
210 207
210 208
210 209
210 211
210 212
210 213
210 214
211 92
211 93
211 94
211 95
211 96
211 208
211 209
211 210
211 212
211 213
211 214
212 92
212 93
212 94
212 95
212 209
212 210
212 211
212 213
212 214
212 215
213 93
213 94
213 95
213 96
213 97
213 209
213 210
213 211
213 212
213 214
213 215
213 216
213 219
214 91
214 93
214 94
214 95
214 96
214 97
214 98
214 208
214 209
214 210
214 211
214 212
214 213
214 215
214 216
214 219
215 90
215 91
215 93
215 94
215 95
215 96
215 97
215 98
215 101
215 102
215 105
215 208
215 209
215 212
215 213
215 214
215 216
215 217
215 218
215 219
215 220
216 90
216 94
216 95
216 96
216 97
216 98
216 100
216 101
216 102
216 104
216 105
216 213
216 214
216 215
216 217
216 218
216 219
216 220
216 221
217 97
217 101
217 102
217 103
217 104
217 105
217 215
217 216
217 218
217 219
217 220
217 221
217 222
218 101
218 105
218 215
218 216
218 217
218 219
218 220
218 221
218 222
218 223
219 90
219 93
219 94
219 105
219 213
219 214
219 215
219 216
219 217
219 218
219 220
219 221
219 222
219 223
219 224
220 86
220 87
220 90
220 91
220 94
220 104
220 105
220 215
220 216
220 217
220 218
220 219
220 221
220 222
220 223
220 224
220 225
221 216
221 217
221 218
221 219
221 220
221 222
221 223
221 224
221 225
221 226
222 90
222 217
222 218
222 219
222 220
222 221
222 223
222 224
222 225
222 226
223 86
223 87
223 89
223 90
223 93
223 218
223 219
223 220
223 221
223 222
223 224
223 225
223 226
223 227
224 86
224 87
224 90
224 219
224 220
224 221
224 222
224 223
224 225
224 226
224 227
225 220
225 221
225 222
225 223
225 224
225 226
225 227
225 228
225 229
225 230
226 221
226 222
226 223
226 224
226 225
226 227
226 228
226 229
227 223
227 224
227 225
227 226
227 228
227 229
227 230
228 225
228 226
228 227
228 229
228 230
228 231
229 225
229 226
229 227
229 228
229 230
229 231
229 232
230 225
230 227
230 228
230 229
230 231
230 232
230 233
231 228
231 229
231 230
231 232
231 233
231 234
232 229
232 230
232 231
232 233
232 234
232 235
233 230
233 231
233 232
233 234
233 235
233 236
234 231
234 232
234 233
234 235
234 236
234 237
235 232
235 233
235 234
235 236
235 237
235 238
236 233
236 234
236 235
236 237
236 238
236 239
237 234
237 235
237 236
237 238
237 239
237 240
238 235
238 236
238 237
238 239
238 240
238 241
239 236
239 237
239 238
239 240
239 241
239 242
240 237
240 238
240 239
240 241
240 242
240 243
241 238
241 239
241 240
241 242
241 243
241 244
242 239
242 240
242 241
242 243
242 244
242 245
243 240
243 241
243 242
243 244
243 245
243 246
244 241
244 242
244 243
244 245
244 246
244 247
245 242
245 243
245 244
245 246
245 247
246 243
246 244
246 245
246 247
246 248
247 244
247 245
247 246
247 248
247 249
247 250
248 246
248 247
248 249
248 250
248 251
249 247
249 248
249 250
249 251
249 252
250 247
250 248
250 249
250 251
250 252
250 253
251 248
251 249
251 250
251 252
251 253
251 254
252 249
252 250
252 251
252 253
252 254
252 255
253 250
253 251
253 252
253 254
253 255
253 256
254 251
254 252
254 253
254 255
254 256
254 257
255 252
255 253
255 254
255 256
255 257
255 258
255 259
255 260
256 253
256 254
256 255
256 257
256 258
256 259
256 260
256 261
257 254
257 255
257 256
257 258
257 259
257 260
257 261
257 262
258 255
258 256
258 257
258 259
258 260
258 261
258 262
258 263
259 255
259 256
259 257
259 258
259 260
259 261
259 262
259 263
259 264
259 265
260 255
260 256
260 257
260 258
260 259
260 261
260 262
260 263
260 264
260 265
261 256
261 257
261 258
261 259
261 260
261 262
261 263
261 264
261 265
261 266
261 267
262 257
262 258
262 259
262 260
262 261
262 263
262 264
262 265
262 266
262 267
263 258
263 259
263 260
263 261
263 262
263 264
263 265
263 266
263 267
263 268
264 259
264 260
264 261
264 262
264 263
264 265
264 266
264 267
264 268
265 259
265 260
265 261
265 262
265 263
265 264
265 266
265 267
265 268
265 269
265 272
266 261
266 262
266 263
266 264
266 265
266 267
266 268
266 269
266 271
266 272
267 261
267 262
267 263
267 264
267 265
267 266
267 268
267 269
267 270
267 271
267 272
268 263
268 264
268 265
268 266
268 267
268 269
268 270
268 271
268 272
268 273
268 274
269 265
269 266
269 267
269 268
269 270
269 271
269 272
269 273
270 267
270 268
270 269
270 271
270 272
270 273
270 274
271 266
271 267
271 268
271 269
271 270
271 272
271 273
271 274
271 275
271 276
272 265
272 266
272 267
272 268
272 269
272 270
272 271
272 273
272 274
272 275
272 276
273 268
273 269
273 270
273 271
273 272
273 274
273 275
273 276
273 277
273 278
274 268
274 270
274 271
274 272
274 273
274 275
274 276
274 277
274 278
275 271
275 272
275 273
275 274
275 276
275 277
275 278
276 271
276 272
276 273
276 274
276 275
276 277
276 278
276 279
277 273
277 274
277 275
277 276
277 278
277 279
277 280
278 273
278 274
278 275
278 276
278 277
278 279
278 280
278 281
278 283
279 276
279 277
279 278
279 280
279 281
279 282
279 283
279 284
280 277
280 278
280 279
280 281
280 282
280 283
280 284
281 278
281 279
281 280
281 282
281 283
281 284
281 285
281 286
281 287
281 288
282 279
282 280
282 281
282 283
282 284
282 285
282 286
282 287
282 288
282 289
282 291
283 278
283 279
283 280
283 281
283 282
283 284
283 285
283 286
283 287
283 288
283 289
283 291
284 279
284 280
284 281
284 282
284 283
284 285
284 286
284 287
284 288
284 289
284 291
285 281
285 282
285 283
285 284
285 286
285 287
285 288
285 289
285 290
285 291
285 292
286 281
286 282
286 283
286 284
286 285
286 287
286 288
286 289
286 290
286 291
286 292
287 281
287 282
287 283
287 284
287 285
287 286
287 288
287 289
287 290
287 291
288 281
288 282
288 283
288 284
288 285
288 286
288 287
288 289
288 290
288 291
288 292
289 282
289 283
289 284
289 285
289 286
289 287
289 288
289 290
289 291
289 292
289 293
290 285
290 286
290 287
290 288
290 289
290 291
290 292
290 293
290 294
291 282
291 283
291 284
291 285
291 286
291 287
291 288
291 289
291 290
291 292
291 293
291 294
291 295
292 285
292 286
292 288
292 289
292 290
292 291
292 293
292 294
292 295
293 289
293 290
293 291
293 292
293 294
293 295
293 296
294 290
294 291
294 292
294 293
294 295
294 296
294 297
295 291
295 292
295 293
295 294
295 296
295 297
296 293
296 294
296 295
296 297
296 298
297 294
297 295
297 296
297 298
297 299
297 300
298 296
298 297
298 299
298 300
299 297
299 298
299 300
299 301
300 297
300 298
300 299
300 301
300 302
300 303
301 299
301 300
301 302
301 303
302 300
302 301
302 303
302 304
303 300
303 301
303 302
303 304
303 305
303 306
304 302
304 303
304 305
304 306
304 307
305 303
305 304
305 306
305 307
305 308
306 303
306 304
306 305
306 307
306 308
306 309
307 304
307 305
307 306
307 308
307 309
307 310
308 305
308 306
308 307
308 309
308 310
308 311
309 306
309 307
309 308
309 310
309 311
309 312
310 307
310 308
310 309
310 311
310 312
310 313
311 308
311 309
311 310
311 312
311 313
311 314
312 309
312 310
312 311
312 313
312 314
312 315
313 310
313 311
313 312
313 314
313 315
313 316
314 311
314 312
314 313
314 315
314 316
314 317
315 312
315 313
315 314
315 316
315 317
315 318
316 313
316 314
316 315
316 317
316 318
316 319
317 314
317 315
317 316
317 318
317 319
317 320
318 315
318 316
318 317
318 319
318 320
318 321
319 316
319 317
319 318
319 320
319 321
319 322
319 335
319 336
319 337
320 317
320 318
320 319
320 321
320 322
320 323
320 334
320 335
320 336
320 357
321 318
321 319
321 320
321 322
321 323
321 324
321 334
321 335
321 336
322 319
322 320
322 321
322 323
322 324
322 325
322 332
322 333
322 334
322 335
322 336
322 337
322 339
322 357
322 358
323 320
323 321
323 322
323 324
323 325
323 326
323 331
323 332
323 333
323 334
323 335
323 336
323 355
323 356
323 358
324 321
324 322
324 323
324 325
324 326
324 327
324 331
324 332
324 333
324 334
324 335
324 336
324 342
324 343
324 344
324 354
324 355
325 322
325 323
325 324
325 326
325 327
325 328
325 330
325 331
325 332
325 333
325 334
325 344
325 353
326 323
326 324
326 325
326 327
326 328
326 329
326 330
326 331
326 332
326 333
326 344
326 346
326 347
326 351
326 352
326 353
327 324
327 325
327 326
327 328
327 329
327 330
327 331
327 332
327 351
327 352
328 325
328 326
328 327
328 329
328 330
328 331
328 332
328 351
328 352
329 326
329 327
329 328
329 330
329 331
329 332
329 347
329 348
329 349
329 350
329 351
329 352
329 353
329 370
330 325
330 326
330 327
330 328
330 329
330 331
330 332
330 333
330 350
330 351
330 352
330 353
330 354
330 371
330 372
331 323
331 324
331 325
331 326
331 327
331 328
331 329
331 330
331 332
331 333
331 334
331 344
331 347
331 351
331 352
331 353
331 354
331 355
331 369
331 372
332 322
332 323
332 324
332 325
332 326
332 327
332 328
332 329
332 330
332 331
332 333
332 334
332 335
332 352
332 353
332 354
332 355
332 356
333 322
333 323
333 324
333 325
333 326
333 330
333 331
333 332
333 334
333 335
333 336
333 342
333 344
333 353
333 354
333 355
333 356
333 357
333 358
333 363
333 374
334 320
334 321
334 322
334 323
334 324
334 325
334 331
334 332
334 333
334 335
334 336
334 337
334 354
334 355
334 356
334 357
334 358
334 359
334 374
334 375
334 377
335 319
335 320
335 321
335 322
335 323
335 324
335 332
335 333
335 334
335 336
335 337
335 338
335 355
335 356
335 357
335 358
335 359
335 361
335 377
336 319
336 320
336 321
336 322
336 323
336 324
336 333
336 334
336 335
336 337
336 338
336 339
336 340
336 342
336 355
336 356
336 357
336 358
336 359
336 360
336 361
336 362
336 363
336 377
336 380
337 319
337 322
337 334
337 335
337 336
337 338
337 339
337 340
337 357
337 358
337 359
337 360
337 361
337 362
337 378
337 379
337 380
338 335
338 336
338 337
338 339
338 340
338 341
338 358
338 359
338 360
338 361
338 362
338 379
338 380
339 322
339 336
339 337
339 338
339 340
339 341
339 342
339 358
339 359
339 360
339 361
339 362
339 363
339 380
340 336
340 337
340 338
340 339
340 341
340 342
340 343
340 360
340 361
340 362
340 363
340 364
340 380
340 381
341 338
341 339
341 340
341 342
341 343
341 361
341 362
341 363
341 364
342 324
342 333
342 336
342 339
342 340
342 341
342 343
342 344
342 345
342 361
342 362
342 363
342 364
342 365
342 382
343 324
343 340
343 341
343 342
343 344
343 345
343 346
343 362
343 363
343 364
343 365
343 366
343 383
343 384
344 324
344 325
344 326
344 331
344 333
344 342
344 343
344 345
344 346
344 347
344 353
344 363
344 364
344 365
344 366
344 367
344 384
345 342
345 343
345 344
345 346
345 347
345 348
345 364
345 365
345 366
345 367
345 368
346 326
346 343
346 344
346 345
346 347
346 348
346 365
346 366
346 367
346 368
347 326
347 329
347 331
347 344
347 345
347 346
347 348
347 349
347 350
347 351
347 352
347 353
347 365
347 366
347 367
347 368
347 369
347 370
348 329
348 345
348 346
348 347
348 349
348 350
348 351
348 352
348 366
348 367
348 368
348 369
348 370
349 329
349 347
349 348
349 350
349 351
349 352
349 367
349 368
349 369
349 370
349 371
349 386
349 387
349 388
350 329
350 330
350 347
350 348
350 349
350 351
350 352
350 368
350 369
350 370
350 371
350 388
351 326
351 327
351 328
351 329
351 330
351 331
351 347
351 348
351 349
351 350
351 352
351 353
351 354
351 368
351 369
351 370
351 371
351 372
352 326
352 327
352 328
352 329
352 330
352 331
352 332
352 347
352 348
352 349
352 350
352 351
352 353
352 354
352 355
352 368
352 369
352 370
352 371
352 372
352 373
352 387
352 389
352 390
352 391
353 325
353 326
353 329
353 330
353 331
353 332
353 333
353 344
353 347
353 351
353 352
353 354
353 355
353 356
353 365
353 369
353 370
353 371
353 372
353 373
353 374
353 391
354 324
354 330
354 331
354 332
354 333
354 334
354 351
354 352
354 353
354 355
354 356
354 371
354 372
354 373
354 374
354 375
354 392
355 323
355 324
355 331
355 332
355 333
355 334
355 335
355 336
355 352
355 353
355 354
355 356
355 357
355 358
355 363
355 372
355 373
355 374
355 375
355 376
355 377
355 380
355 382
355 393
356 323
356 332
356 333
356 334
356 335
356 336
356 353
356 354
356 355
356 357
356 358
356 359
356 373
356 374
356 375
356 376
356 377
356 378
356 394
356 396
357 320
357 322
357 333
357 334
357 335
357 336
357 337
357 355
357 356
357 358
357 359
357 374
357 375
357 376
357 377
357 378
357 380
357 395
357 396
358 322
358 323
358 333
358 334
358 335
358 336
358 337
358 338
358 339
358 355
358 356
358 357
358 359
358 360
358 361
358 362
358 363
358 374
358 375
358 376
358 377
358 378
358 379
358 380
358 381
358 396
359 334
359 335
359 336
359 337
359 338
359 339
359 356
359 357
359 358
359 360
359 361
359 362
359 376
359 377
359 378
359 379
359 380
359 381
359 396
359 397
359 398
360 336
360 337
360 338
360 339
360 340
360 358
360 359
360 361
360 362
360 377
360 378
360 379
360 380
360 381
360 398
360 399
361 335
361 336
361 337
361 338
361 339
361 340
361 341
361 342
361 358
361 359
361 360
361 362
361 363
361 377
361 378
361 379
361 380
361 381
361 382
362 336
362 337
362 338
362 339
362 340
362 341
362 342
362 343
362 358
362 359
362 360
362 361
362 363
362 364
362 379
362 380
362 381
362 382
362 383
362 400
362 401
363 333
363 336
363 339
363 340
363 341
363 342
363 343
363 344
363 355
363 358
363 361
363 362
363 364
363 365
363 366
363 380
363 381
363 382
363 383
363 384
363 401
364 340
364 341
364 342
364 343
364 344
364 345
364 362
364 363
364 365
364 366
364 367
364 381
364 382
364 383
364 384
364 385
364 402
365 342
365 343
365 344
365 345
365 346
365 347
365 353
365 363
365 364
365 366
365 367
365 368
365 369
365 372
365 382
365 383
365 384
365 385
365 386
365 387
365 404
366 343
366 344
366 345
366 346
366 347
366 348
366 363
366 364
366 365
366 367
366 368
366 369
366 383
366 384
366 385
366 386
366 404
366 405
367 344
367 345
367 346
367 347
367 348
367 349
367 364
367 365
367 366
367 368
367 369
367 384
367 385
367 386
367 387
367 404
367 405
368 345
368 346
368 347
368 348
368 349
368 350
368 351
368 352
368 365
368 366
368 367
368 369
368 370
368 371
368 384
368 385
368 386
368 387
368 388
368 405
368 406
368 407
369 331
369 347
369 348
369 349
369 350
369 351
369 352
369 353
369 365
369 366
369 367
369 368
369 370
369 371
369 372
369 384
369 385
369 386
369 387
369 388
369 389
369 390
370 329
370 347
370 348
370 349
370 350
370 351
370 352
370 353
370 368
370 369
370 371
370 372
370 386
370 387
370 388
370 389
370 390
370 391
370 407
371 330
371 349
371 350
371 351
371 352
371 353
371 354
371 368
371 369
371 370
371 372
371 373
371 386
371 387
371 388
371 389
371 390
371 391
371 392
371 407
371 409
371 410
372 330
372 331
372 351
372 352
372 353
372 354
372 355
372 365
372 369
372 370
372 371
372 373
372 374
372 375
372 382
372 384
372 387
372 388
372 389
372 390
372 391
372 392
372 393
372 410
373 352
373 353
373 354
373 355
373 356
373 371
373 372
373 374
373 375
373 390
373 391
373 392
373 393
373 394
373 410
373 411
374 333
374 334
374 353
374 354
374 355
374 356
374 357
374 358
374 372
374 373
374 375
374 376
374 377
374 378
374 380
374 382
374 391
374 392
374 393
374 394
374 395
374 396
374 399
374 412
375 334
375 354
375 355
375 356
375 357
375 358
375 372
375 373
375 374
375 376
375 377
375 378
375 392
375 393
375 394
375 395
375 396
375 397
375 413
375 414
375 415
376 355
376 356
376 357
376 358
376 359
376 374
376 375
376 377
376 378
376 393
376 394
376 395
376 396
376 397
376 414
376 415
377 334
377 335
377 336
377 355
377 356
377 357
377 358
377 359
377 360
377 361
377 374
377 375
377 376
377 378
377 379
377 380
377 381
377 393
377 394
377 395
377 396
377 397
377 398
377 399
377 415
378 337
378 356
378 357
378 358
378 359
378 360
378 361
378 374
378 375
378 376
378 377
378 379
378 380
378 381
378 395
378 396
378 397
378 398
378 399
378 400
378 415
378 416
378 417
379 337
379 338
379 358
379 359
379 360
379 361
379 362
379 377
379 378
379 380
379 381
379 396
379 397
379 398
379 399
379 400
379 417
379 418
380 336
380 337
380 338
380 339
380 340
380 355
380 357
380 358
380 359
380 360
380 361
380 362
380 363
380 374
380 377
380 378
380 379
380 381
380 382
380 383
380 396
380 397
380 398
380 399
380 400
380 401
380 418
381 340
381 358
381 359
381 360
381 361
381 362
381 363
381 364
381 377
381 378
381 379
381 380
381 382
381 383
381 398
381 399
381 400
381 401
381 402
381 419
382 342
382 355
382 361
382 362
382 363
382 364
382 365
382 372
382 374
382 380
382 381
382 383
382 384
382 399
382 400
382 401
382 402
382 403
382 420
383 343
383 362
383 363
383 364
383 365
383 366
383 380
383 381
383 382
383 384
383 385
383 386
383 400
383 401
383 402
383 403
383 404
383 421
384 343
384 344
384 363
384 364
384 365
384 366
384 367
384 368
384 369
384 372
384 382
384 383
384 385
384 386
384 387
384 401
384 402
384 403
384 404
384 405
384 406
384 407
385 364
385 365
385 366
385 367
385 368
385 369
385 383
385 384
385 386
385 387
385 402
385 403
385 404
385 405
385 406
385 407
385 423
386 349
386 365
386 366
386 367
386 368
386 369
386 370
386 371
386 383
386 384
386 385
386 387
386 388
386 389
386 403
386 404
386 405
386 406
386 407
386 408
386 425
386 426
387 349
387 352
387 365
387 367
387 368
387 369
387 370
387 371
387 372
387 384
387 385
387 386
387 388
387 389
387 390
387 391
387 403
387 405
387 406
387 407
387 408
387 409
387 410
388 349
388 350
388 368
388 369
388 370
388 371
388 372
388 386
388 387
388 389
388 390
388 391
388 406
388 407
388 408
388 409
389 352
389 369
389 370
389 371
389 372
389 386
389 387
389 388
389 390
389 391
389 392
389 407
389 408
389 409
389 410
390 352
390 369
390 370
390 371
390 372
390 373
390 387
390 388
390 389
390 391
390 392
390 393
390 407
390 408
390 409
390 410
390 411
390 429
390 430
390 431
391 352
391 353
391 370
391 371
391 372
391 373
391 374
391 387
391 388
391 389
391 390
391 392
391 393
391 401
391 407
391 408
391 409
391 410
391 411
391 412
391 431
392 354
392 371
392 372
392 373
392 374
392 375
392 389
392 390
392 391
392 393
392 394
392 409
392 410
392 411
392 412
392 413
392 432
392 433
393 355
393 372
393 373
393 374
393 375
393 376
393 377
393 390
393 391
393 392
393 394
393 395
393 396
393 397
393 399
393 401
393 410
393 411
393 412
393 413
393 414
393 415
393 418
393 433
393 436
394 356
394 373
394 374
394 375
394 376
394 377
394 392
394 393
394 395
394 396
394 397
394 411
394 412
394 413
394 414
394 415
394 416
394 434
394 436
395 357
395 374
395 375
395 376
395 377
395 378
395 393
395 394
395 396
395 397
395 412
395 413
395 414
395 415
395 416
395 435
395 436
396 356
396 357
396 358
396 359
396 374
396 375
396 376
396 377
396 378
396 379
396 380
396 393
396 394
396 395
396 397
396 398
396 399
396 412
396 413
396 414
396 415
396 416
396 417
396 418
396 436
397 359
397 375
397 376
397 377
397 378
397 379
397 380
397 393
397 394
397 395
397 396
397 398
397 399
397 400
397 414
397 415
397 416
397 417
397 418
397 436
397 437
397 438
398 359
398 360
398 377
398 378
398 379
398 380
398 381
398 396
398 397
398 399
398 400
398 415
398 416
398 417
398 418
398 419
398 438
398 439
399 360
399 374
399 377
399 378
399 379
399 380
399 381
399 382
399 393
399 396
399 397
399 398
399 400
399 401
399 415
399 416
399 417
399 418
399 419
399 420
399 439
400 362
400 378
400 379
400 380
400 381
400 382
400 383
400 397
400 398
400 399
400 401
400 402
400 417
400 418
400 419
400 420
400 421
400 440
401 362
401 363
401 380
401 381
401 382
401 383
401 384
401 391
401 393
401 399
401 400
401 402
401 403
401 404
401 410
401 418
401 419
401 420
401 421
401 422
401 441
401 442
402 364
402 381
402 382
402 383
402 384
402 385
402 400
402 401
402 403
402 404
402 405
402 419
402 420
402 421
402 422
402 423
402 442
403 382
403 383
403 384
403 385
403 386
403 387
403 401
403 402
403 404
403 405
403 406
403 407
403 420
403 421
403 422
403 423
403 424
403 425
403 426
404 365
404 366
404 367
404 383
404 384
404 385
404 386
404 401
404 402
404 403
404 405
404 406
404 407
404 421
404 422
404 423
404 424
404 425
404 426
405 366
405 367
405 368
405 384
405 385
405 386
405 387
405 402
405 403
405 404
405 406
405 407
405 422
405 423
405 424
405 425
405 426
406 368
406 384
406 385
406 386
406 387
406 388
406 403
406 404
406 405
406 407
406 408
406 409
406 422
406 423
406 424
406 425
406 426
406 427
406 428
406 429
407 368
407 370
407 371
407 384
407 385
407 386
407 387
407 388
407 389
407 390
407 391
407 403
407 404
407 405
407 406
407 408
407 409
407 410
407 422
407 423
407 425
407 426
407 427
407 428
407 429
407 430
408 386
408 387
408 388
408 389
408 390
408 391
408 406
408 407
408 409
408 410
408 426
408 427
408 428
408 429
408 430
408 431
409 371
409 387
409 388
409 389
409 390
409 391
409 392
409 406
409 407
409 408
409 410
409 411
409 426
409 428
409 429
409 430
409 431
409 432
410 371
410 372
410 373
410 387
410 389
410 390
410 391
410 392
410 393
410 401
410 407
410 408
410 409
410 411
410 412
410 420
410 429
410 430
410 431
410 432
410 433
411 373
411 390
411 391
411 392
411 393
411 394
411 409
411 410
411 412
411 413
411 430
411 431
411 432
411 433
411 434
412 374
412 391
412 392
412 393
412 394
412 395
412 396
412 410
412 411
412 413
412 414
412 415
412 416
412 417
412 418
412 431
412 432
412 433
412 434
412 435
412 436
412 437
412 439
413 375
413 392
413 393
413 394
413 395
413 396
413 411
413 412
413 414
413 415
413 416
413 432
413 433
413 434
413 435
413 436
413 437
414 375
414 376
414 393
414 394
414 395
414 396
414 397
414 412
414 413
414 415
414 416
414 433
414 434
414 435
414 436
414 437
415 375
415 376
415 377
415 378
415 393
415 394
415 395
415 396
415 397
415 398
415 399
415 412
415 413
415 414
415 416
415 417
415 418
415 433
415 434
415 435
415 436
415 437
415 438
415 439
416 378
416 394
416 395
416 396
416 397
416 398
416 399
416 412
416 413
416 414
416 415
416 417
416 418
416 435
416 436
416 437
416 438
416 439
417 378
417 379
417 396
417 397
417 398
417 399
417 400
417 412
417 415
417 416
417 418
417 419
417 436
417 437
417 438
417 439
417 440
418 379
418 380
418 393
418 396
418 397
418 398
418 399
418 400
418 401
418 412
418 415
418 416
418 417
418 419
418 420
418 436
418 437
418 438
418 439
418 440
418 441
418 454
419 381
419 398
419 399
419 400
419 401
419 402
419 417
419 418
419 420
419 421
419 422
419 438
419 439
419 440
419 441
419 442
419 451
419 452
419 453
419 454
420 382
420 399
420 400
420 401
420 402
420 403
420 410
420 418
420 419
420 421
420 422
420 423
420 431
420 439
420 440
420 441
420 442
420 443
420 451
420 452
421 383
421 400
421 401
421 402
421 403
421 404
421 419
421 420
421 422
421 423
421 426
421 440
421 441
421 442
421 443
421 444
421 449
421 450
421 451
422 401
422 402
422 403
422 404
422 405
422 406
422 407
422 419
422 420
422 421
422 423
422 424
422 425
422 426
422 427
422 428
422 429
422 441
422 442
422 443
422 444
422 449
423 385
423 402
423 403
423 404
423 405
423 406
423 407
423 420
423 421
423 422
423 424
423 425
423 426
423 427
423 428
423 429
423 442
423 443
423 444
423 445
423 449
424 403
424 404
424 405
424 406
424 422
424 423
424 425
424 426
424 427
424 428
424 443
424 444
424 445
425 386
425 403
425 404
425 405
425 406
425 407
425 422
425 423
425 424
425 426
425 427
425 428
425 429
426 386
426 403
426 404
426 405
426 406
426 407
426 408
426 409
426 421
426 422
426 423
426 424
426 425
426 427
426 428
426 429
426 430
426 443
427 406
427 407
427 408
427 422
427 423
427 424
427 425
427 426
427 428
427 429
427 430
427 443
427 444
428 406
428 407
428 408
428 409
428 422
428 423
428 424
428 425
428 426
428 427
428 429
428 430
428 431
429 390
429 406
429 407
429 408
429 409
429 410
429 422
429 423
429 425
429 426
429 427
429 428
429 430
429 431
429 432
430 390
430 407
430 408
430 409
430 410
430 411
430 426
430 427
430 428
430 429
430 431
430 432
431 390
431 391
431 408
431 409
431 410
431 411
431 412
431 420
431 428
431 429
431 430
431 432
431 433
431 441
431 454
432 392
432 409
432 410
432 411
432 412
432 413
432 429
432 430
432 431
432 433
432 434
432 454
433 392
433 393
433 410
433 411
433 412
433 413
433 414
433 415
433 431
433 432
433 434
433 435
433 436
433 437
433 439
433 454
433 455
433 456
434 394
434 411
434 412
434 413
434 414
434 415
434 432
434 433
434 435
434 436
434 437
434 456
435 395
435 412
435 413
435 414
435 415
435 416
435 433
435 434
435 436
435 437
435 456
436 393
436 394
436 395
436 396
436 397
436 412
436 413
436 414
436 415
436 416
436 417
436 418
436 433
436 434
436 435
436 437
436 438
436 439
436 454
436 455
436 456
437 397
437 412
437 413
437 414
437 415
437 416
437 417
437 418
437 433
437 434
437 435
437 436
437 438
437 439
437 440
437 453
437 454
437 455
437 456
437 457
438 397
438 398
438 415
438 416
438 417
438 418
438 419
438 436
438 437
438 439
438 440
438 453
438 454
438 455
438 456
439 398
439 399
439 412
439 415
439 416
439 417
439 418
439 419
439 420
439 433
439 436
439 437
439 438
439 440
439 441
439 452
439 453
439 454
439 455
439 456
440 400
440 417
440 418
440 419
440 420
440 421
440 437
440 438
440 439
440 441
440 442
440 443
440 451
440 452
440 453
440 454
440 455
441 401
441 418
441 419
441 420
441 421
441 422
441 431
441 439
441 440
441 442
441 443
441 444
441 449
441 450
441 451
441 452
441 453
441 454
442 401
442 402
442 419
442 420
442 421
442 422
442 423
442 440
442 441
442 443
442 444
442 445
442 448
442 449
442 450
442 451
442 452
442 453
443 420
443 421
443 422
443 423
443 424
443 426
443 427
443 440
443 441
443 442
443 444
443 445
443 448
443 449
443 450
443 451
443 452
444 421
444 422
444 423
444 424
444 427
444 441
444 442
444 443
444 445
444 446
444 447
444 448
444 449
444 450
444 451
445 423
445 424
445 442
445 443
445 444
445 446
445 447
445 448
445 449
445 450
446 444
446 445
446 447
446 448
446 449
446 450
447 444
447 445
447 446
447 448
447 449
447 450
448 442
448 443
448 444
448 445
448 446
448 447
448 449
448 450
448 451
449 421
449 422
449 423
449 441
449 442
449 443
449 444
449 445
449 446
449 447
449 448
449 450
449 451
449 452
450 421
450 441
450 442
450 443
450 444
450 445
450 446
450 447
450 448
450 449
450 451
450 452
451 419
451 420
451 421
451 440
451 441
451 442
451 443
451 444
451 448
451 449
451 450
451 452
451 453
451 454
452 419
452 420
452 439
452 440
452 441
452 442
452 443
452 449
452 450
452 451
452 453
452 454
452 455
453 419
453 437
453 438
453 439
453 440
453 441
453 442
453 451
453 452
453 454
453 455
453 456
453 474
453 476
454 418
454 419
454 431
454 432
454 433
454 436
454 437
454 438
454 439
454 440
454 441
454 451
454 452
454 453
454 455
454 456
454 457
454 471
455 433
455 436
455 437
455 438
455 439
455 440
455 452
455 453
455 454
455 456
455 457
455 458
455 470
455 471
455 472
455 473
455 474
456 433
456 434
456 435
456 436
456 437
456 438
456 439
456 453
456 454
456 455
456 457
456 458
456 471
456 472
456 474
457 437
457 454
457 455
457 456
457 458
457 459
457 460
457 470
457 471
457 472
457 473
457 474
458 455
458 456
458 457
458 459
458 460
458 461
458 468
458 469
458 470
458 471
458 472
458 473
458 474
459 457
459 458
459 460
459 461
459 467
459 468
459 469
459 470
459 471
459 472
459 473
460 457
460 458
460 459
460 461
460 462
460 463
460 467
460 468
460 469
460 470
460 471
460 472
461 458
461 459
461 460
461 462
461 463
461 464
461 466
461 467
461 468
461 469
461 470
462 460
462 461
462 463
462 464
462 465
462 466
462 467
462 468
462 469
463 460
463 461
463 462
463 464
463 465
463 466
463 467
463 468
464 461
464 462
464 463
464 465
464 466
464 467
464 468
465 462
465 463
465 464
465 466
465 467
465 468
466 461
466 462
466 463
466 464
466 465
466 467
466 468
466 469
467 459
467 460
467 461
467 462
467 463
467 464
467 465
467 466
467 468
467 469
467 470
468 458
468 459
468 460
468 461
468 462
468 463
468 464
468 465
468 466
468 467
468 469
468 470
469 458
469 459
469 460
469 461
469 462
469 466
469 467
469 468
469 470
469 471
469 472
470 455
470 457
470 458
470 459
470 460
470 461
470 467
470 468
470 469
470 471
470 472
470 473
471 454
471 455
471 456
471 457
471 458
471 459
471 460
471 469
471 470
471 472
471 473
471 474
472 455
472 456
472 457
472 458
472 459
472 460
472 469
472 470
472 471
472 473
472 474
472 475
473 455
473 457
473 458
473 459
473 470
473 471
473 472
473 474
473 475
473 476
474 453
474 455
474 456
474 457
474 458
474 471
474 472
474 473
474 475
474 476
475 472
475 473
475 474
475 476
476 453
476 473
476 474
476 475
