0 1
0 2
0 3
1 0
1 2
1 3
1 4
2 0
2 1
2 3
2 4
2 5
3 0
3 1
3 2
3 4
3 5
3 6
4 1
4 2
4 3
4 5
4 6
4 7
5 2
5 3
5 4
5 6
5 7
5 8
6 3
6 4
6 5
6 7
6 8
6 9
7 4
7 5
7 6
7 8
7 9
7 10
8 5
8 6
8 7
8 9
8 10
8 11
9 6
9 7
9 8
9 10
9 11
9 12
10 7
10 8
10 9
10 11
10 12
10 13
11 8
11 9
11 10
11 12
11 13
11 14
12 9
12 10
12 11
12 13
12 14
12 15
13 10
13 11
13 12
13 14
13 15
13 16
14 11
14 12
14 13
14 15
14 16
14 17
15 12
15 13
15 14
15 16
15 17
15 18
16 13
16 14
16 15
16 17
16 18
16 19
17 14
17 15
17 16
17 18
17 19
17 20
18 15
18 16
18 17
18 19
18 20
18 21
19 16
19 17
19 18
19 20
19 21
20 17
20 18
20 19
20 21
20 22
20 23
21 18
21 19
21 20
21 22
21 23
22 20
22 21
22 23
22 24
23 20
23 21
23 22
23 24
23 25
23 26
24 22
24 23
24 25
24 26
25 23
25 24
25 26
25 27
25 28
26 23
26 24
26 25
26 27
26 28
26 29
27 25
27 26
27 28
27 29
27 30
28 25
28 26
28 27
28 29
28 30
28 31
29 26
29 27
29 28
29 30
29 31
29 32
30 27
30 28
30 29
30 31
30 32
30 33
31 28
31 29
31 30
31 32
31 33
31 34
32 29
32 30
32 31
32 33
32 34
32 35
33 30
33 31
33 32
33 34
33 35
33 36
33 37
33 270
33 271
34 31
34 32
34 33
34 35
34 36
34 37
34 269
34 270
34 271
34 272
35 32
35 33
35 34
35 36
35 37
35 38
35 230
35 269
35 270
35 271
35 272
35 273
36 33
36 34
36 35
36 37
36 38
36 39
36 111
36 112
36 152
36 153
36 154
36 191
36 268
36 269
36 270
36 271
36 272
36 273
36 274
36 276
37 33
37 34
37 35
37 36
37 38
37 39
37 40
37 43
37 110
37 111
37 112
37 152
37 153
37 154
37 270
37 271
37 272
37 273
37 274
37 275
37 276
38 35
38 36
38 37
38 39
38 40
38 41
38 42
38 43
38 44
38 110
38 111
38 112
38 153
38 154
38 272
38 273
38 274
38 275
38 276
39 36
39 37
39 38
39 40
39 41
39 42
39 43
39 109
39 110
39 111
39 274
39 275
39 276
40 37
40 38
40 39
40 41
40 42
40 43
40 44
40 108
40 109
40 110
40 111
40 112
40 276
41 38
41 39
41 40
41 42
41 43
41 44
41 108
41 109
41 110
41 111
42 38
42 39
42 40
42 41
42 43
42 44
42 45
42 81
42 82
42 83
42 107
42 108
42 109
42 110
42 111
42 112
43 37
43 38
43 39
43 40
43 41
43 42
43 44
43 45
43 46
43 77
43 80
43 81
43 82
43 83
43 107
43 109
43 110
43 111
43 112
43 113
43 114
43 274
43 275
44 38
44 40
44 41
44 42
44 43
44 45
44 46
44 47
44 80
44 81
44 82
44 83
44 84
44 107
44 108
44 109
44 110
44 111
44 112
44 113
44 114
45 42
45 43
45 44
45 46
45 47
45 48
45 77
45 81
45 82
45 83
45 84
45 85
45 102
45 107
45 110
45 111
45 112
45 113
45 114
45 115
46 43
46 44
46 45
46 47
46 48
46 49
46 73
46 74
46 77
46 78
46 81
46 82
46 83
46 84
46 85
46 86
46 112
46 113
46 114
46 115
46 116
46 156
46 157
47 44
47 45
47 46
47 48
47 49
47 50
47 74
47 77
47 82
47 83
47 84
47 85
47 86
47 87
47 98
47 99
47 102
47 113
47 114
47 115
47 116
47 117
47 157
48 45
48 46
48 47
48 49
48 50
48 51
48 69
48 70
48 71
48 73
48 74
48 84
48 85
48 86
48 87
48 88
48 114
48 115
48 116
48 117
48 118
48 158
49 46
49 47
49 48
49 50
49 51
49 52
49 70
49 85
49 86
49 87
49 88
49 89
49 90
49 95
49 98
49 115
49 116
49 117
49 118
49 119
49 128
49 159
50 47
50 48
50 49
50 51
50 52
50 53
50 63
50 66
50 67
50 69
50 70
50 71
50 86
50 87
50 88
50 89
50 90
50 116
50 117
50 118
50 119
50 128
50 160
51 48
51 49
51 50
51 52
51 53
51 54
51 62
51 63
51 66
51 67
51 70
51 87
51 88
51 89
51 90
51 91
51 117
51 118
51 119
51 120
51 126
51 127
51 128
51 129
52 49
52 50
52 51
52 53
52 54
52 60
52 61
52 62
52 63
52 64
52 65
52 66
52 67
52 88
52 89
52 90
52 118
52 119
52 120
52 128
52 129
53 50
53 51
53 52
53 54
53 55
53 56
53 60
53 61
53 62
53 63
53 64
53 88
53 89
53 90
53 119
53 128
53 129
53 130
54 51
54 52
54 53
54 55
54 56
54 57
54 58
54 59
54 60
54 61
54 62
54 63
54 89
54 90
54 91
54 119
54 120
54 127
54 128
54 129
54 130
54 131
55 53
55 54
55 56
55 57
55 58
55 59
55 60
55 61
55 62
55 89
55 91
55 128
55 129
55 130
55 131
56 53
56 54
56 55
56 57
56 58
56 59
56 60
56 61
56 129
56 130
57 54
57 55
57 56
57 58
57 59
57 60
57 129
57 130
57 131
58 54
58 55
58 56
58 57
58 59
58 60
58 61
58 127
58 129
58 130
58 131
58 132
59 54
59 55
59 56
59 57
59 58
59 60
59 61
59 62
59 130
60 52
60 53
60 54
60 55
60 56
60 57
60 58
60 59
60 61
60 62
60 63
60 120
60 127
60 129
60 130
60 131
61 52
61 53
61 54
61 55
61 56
61 58
61 59
61 60
61 62
61 63
61 64
61 120
62 51
62 52
62 53
62 54
62 55
62 59
62 60
62 61
62 63
62 64
62 65
62 66
62 119
62 120
63 50
63 51
63 52
63 53
63 54
63 60
63 61
63 62
63 64
63 65
63 66
63 67
63 118
63 119
63 120
63 206
63 207
63 208
63 211
63 212
64 52
64 53
64 61
64 62
64 63
64 65
64 66
64 67
64 68
64 206
64 207
64 208
64 209
64 210
64 211
64 212
65 52
65 62
65 63
65 64
65 66
65 67
65 68
65 69
65 70
65 206
65 207
65 208
65 209
65 210
65 211
65 212
66 50
66 51
66 52
66 62
66 63
66 64
66 65
66 67
66 68
66 69
66 70
66 71
66 72
66 118
66 119
66 160
66 206
66 207
66 208
66 209
66 210
66 211
66 212
66 215
67 50
67 51
67 52
67 63
67 64
67 65
67 66
67 68
67 69
67 70
67 71
67 72
67 73
67 88
67 118
67 208
67 209
67 210
67 211
68 64
68 65
68 66
68 67
68 69
68 70
68 71
68 72
68 73
68 74
68 207
68 208
68 209
68 210
68 211
68 212
68 215
68 216
69 48
69 50
69 65
69 66
69 67
69 68
69 70
69 71
69 72
69 73
69 74
69 118
69 160
69 206
69 210
69 211
69 212
69 213
69 214
69 215
69 216
69 218
69 219
70 48
70 49
70 50
70 51
70 65
70 66
70 67
70 68
70 69
70 71
70 72
70 73
70 74
70 75
70 76
70 86
70 87
70 88
70 116
70 117
70 118
70 211
70 215
71 48
71 50
71 66
71 67
71 68
71 69
71 70
71 72
71 73
71 74
71 75
71 76
71 86
71 211
72 66
72 67
72 68
72 69
72 70
72 71
72 73
72 74
72 75
72 76
72 77
72 78
72 211
72 215
72 216
72 218
72 219
72 220
73 46
73 48
73 67
73 68
73 69
73 70
73 71
73 72
73 74
73 75
73 76
73 77
73 78
73 79
73 84
73 86
73 116
73 215
73 216
73 218
73 219
73 220
73 222
74 46
74 47
74 48
74 68
74 69
74 70
74 71
74 72
74 73
74 75
74 76
74 77
74 78
74 79
74 80
74 82
74 83
74 84
74 85
74 86
74 219
75 70
75 71
75 72
75 73
75 74
75 76
75 77
75 78
75 79
75 80
75 81
75 82
75 84
75 219
75 223
76 70
76 71
76 72
76 73
76 74
76 75
76 77
76 78
76 79
76 80
76 81
76 82
76 84
76 218
76 219
76 220
76 221
76 222
76 223
76 226
77 43
77 45
77 46
77 47
77 72
77 73
77 74
77 75
77 76
77 78
77 79
77 80
77 81
77 82
77 83
77 84
77 114
77 219
77 222
77 223
78 46
78 72
78 73
78 74
78 75
78 76
78 77
78 79
78 80
78 81
78 82
78 83
78 84
79 73
79 74
79 75
79 76
79 77
79 78
79 80
79 81
79 82
79 222
79 223
79 226
80 43
80 44
80 74
80 75
80 76
80 77
80 78
80 79
80 81
80 82
80 83
80 222
80 223
80 226
80 227
80 274
80 275
81 42
81 43
81 44
81 45
81 46
81 75
81 76
81 77
81 78
81 79
81 80
81 82
81 83
81 84
81 274
81 275
82 42
82 43
82 44
82 45
82 46
82 47
82 74
82 75
82 76
82 77
82 78
82 79
82 80
82 81
82 83
82 84
82 85
82 110
82 111
82 112
82 113
82 114
83 42
83 43
83 44
83 45
83 46
83 47
83 74
83 77
83 78
83 80
83 81
83 82
83 84
83 85
83 86
83 110
83 113
83 114
84 44
84 45
84 46
84 47
84 48
84 73
84 74
84 75
84 76
84 77
84 78
84 81
84 82
84 83
84 85
84 86
84 87
84 114
84 115
85 45
85 46
85 47
85 48
85 49
85 74
85 82
85 83
85 84
85 86
85 87
85 115
86 46
86 47
86 48
86 49
86 50
86 70
86 71
86 73
86 74
86 83
86 84
86 85
86 87
86 88
86 116
87 47
87 48
87 49
87 50
87 51
87 70
87 84
87 85
87 86
87 88
87 89
87 90
87 94
87 95
87 98
88 48
88 49
88 50
88 51
88 52
88 53
88 67
88 70
88 86
88 87
88 89
88 90
88 91
88 118
88 129
89 49
89 50
89 51
89 52
89 53
89 54
89 55
89 87
89 88
89 90
89 91
89 92
89 94
89 95
89 118
89 119
89 128
89 129
89 130
90 49
90 50
90 51
90 52
90 53
90 54
90 87
90 88
90 89
90 91
90 92
90 93
90 94
90 95
90 96
90 98
90 127
90 128
90 129
90 130
91 51
91 54
91 55
91 88
91 89
91 90
91 92
91 93
91 94
91 95
91 96
91 97
91 127
91 128
91 129
91 130
91 131
91 132
91 133
92 89
92 90
92 91
92 93
92 94
92 95
92 96
92 97
92 126
92 127
92 128
92 129
92 130
92 131
92 132
92 133
92 134
93 90
93 91
93 92
93 94
93 95
93 96
93 97
93 98
93 128
93 129
93 130
93 131
93 132
93 133
94 87
94 89
94 90
94 91
94 92
94 93
94 95
94 96
94 97
94 98
94 99
94 100
94 128
94 129
95 49
95 87
95 89
95 90
95 91
95 92
95 93
95 94
95 96
95 97
95 98
95 99
95 100
95 117
95 126
95 127
95 128
95 129
95 133
95 138
96 90
96 91
96 92
96 93
96 94
96 95
96 97
96 98
96 99
96 100
96 101
96 128
96 133
96 134
96 137
96 138
96 141
97 91
97 92
97 93
97 94
97 95
97 96
97 98
97 99
97 100
97 101
97 102
97 103
97 138
98 47
98 49
98 87
98 90
98 93
98 94
98 95
98 96
98 97
98 99
98 100
98 101
98 102
98 103
98 104
98 138
99 47
99 94
99 95
99 96
99 97
99 98
99 100
99 101
99 102
99 103
99 104
99 115
99 137
99 138
99 139
99 140
99 141
99 142
100 94
100 95
100 96
100 97
100 98
100 99
100 101
100 102
100 103
100 104
100 105
100 137
100 138
100 139
100 140
100 141
100 142
100 146
100 147
101 96
101 97
101 98
101 99
101 100
101 102
101 103
101 104
101 105
101 141
102 45
102 47
102 97
102 98
102 99
102 100
102 101
102 103
102 104
102 105
102 106
102 107
102 113
102 141
102 142
102 147
103 97
103 98
103 99
103 100
103 101
103 102
103 104
103 105
103 106
103 107
103 113
103 138
103 139
103 140
103 141
103 142
103 143
103 146
103 147
103 148
103 149
103 150
104 98
104 99
104 100
104 101
104 102
104 103
104 105
104 106
104 107
104 141
104 142
104 146
104 147
104 148
104 149
105 100
105 101
105 102
105 103
105 104
105 106
105 107
105 108
105 147
105 149
106 102
106 103
106 104
106 105
106 107
106 108
106 109
106 110
106 147
106 148
106 149
106 150
107 42
107 43
107 44
107 45
107 102
107 103
107 104
107 105
107 106
107 108
107 109
107 110
107 111
107 112
107 113
107 147
107 148
107 149
107 150
107 151
107 153
108 40
108 41
108 42
108 44
108 105
108 106
108 107
108 109
108 110
108 111
108 112
108 148
108 149
108 150
108 151
108 153
109 39
109 40
109 41
109 42
109 43
109 44
109 106
109 107
109 108
109 110
109 111
109 112
109 149
109 150
110 37
110 38
110 39
110 40
110 41
110 42
110 43
110 44
110 45
110 82
110 83
110 106
110 107
110 108
110 109
110 111
110 112
110 113
110 149
110 150
110 153
111 36
111 37
111 38
111 39
111 40
111 41
111 42
111 43
111 44
111 45
111 82
111 107
111 108
111 109
111 110
111 112
111 113
111 149
111 150
111 152
111 153
111 154
111 155
111 274
112 36
112 37
112 38
112 40
112 42
112 43
112 44
112 45
112 46
112 82
112 107
112 108
112 109
112 110
112 111
112 113
112 114
112 149
112 150
112 151
112 152
112 153
112 154
112 155
112 156
112 191
112 272
112 274
113 43
113 44
113 45
113 46
113 47
113 82
113 83
113 102
113 103
113 107
113 110
113 111
113 112
113 114
113 115
113 142
113 150
113 153
113 154
113 155
113 156
113 157
113 192
114 43
114 44
114 45
114 46
114 47
114 48
114 77
114 82
114 83
114 84
114 112
114 113
114 115
114 116
114 154
114 155
114 156
114 157
114 158
114 193
115 45
115 46
115 47
115 48
115 49
115 84
115 85
115 99
115 113
115 114
115 116
115 117
115 138
115 139
115 155
115 156
115 157
115 158
115 159
115 194
116 46
116 47
116 48
116 49
116 50
116 70
116 73
116 86
116 114
116 115
116 117
116 118
116 119
116 156
116 157
116 158
116 159
116 160
116 195
117 47
117 48
117 49
117 50
117 51
117 70
117 95
117 115
117 116
117 118
117 119
117 120
117 121
117 126
117 127
117 135
117 157
117 158
117 159
117 160
117 161
117 196
118 48
118 49
118 50
118 51
118 52
118 63
118 66
118 67
118 69
118 70
118 88
118 89
118 116
118 117
118 119
118 120
118 121
118 126
118 127
118 158
118 159
118 160
118 161
118 162
118 197
118 212
118 215
119 49
119 50
119 51
119 52
119 53
119 54
119 62
119 63
119 66
119 89
119 116
119 117
119 118
119 120
119 121
119 125
119 126
119 127
119 128
119 129
119 159
119 160
119 161
119 162
120 51
120 52
120 54
120 60
120 61
120 62
120 63
120 117
120 118
120 119
120 121
120 122
120 125
120 126
120 127
120 128
120 129
120 131
120 132
120 160
120 161
120 162
120 163
120 203
120 204
121 117
121 118
121 119
121 120
121 122
121 123
121 124
121 125
121 126
121 127
121 128
121 132
121 133
121 134
121 135
121 159
121 160
121 161
121 162
121 163
121 164
121 203
121 204
122 120
122 121
122 123
122 124
122 125
122 126
122 127
122 132
122 134
122 135
122 161
122 162
122 163
122 164
122 165
122 200
122 201
122 202
122 203
123 121
123 122
123 124
123 125
123 126
123 134
123 135
123 161
123 162
123 163
123 164
123 165
123 199
123 200
123 201
123 202
124 121
124 122
124 123
124 125
124 126
124 132
124 133
124 134
124 135
124 136
124 137
124 162
124 163
124 164
124 200
124 201
125 119
125 120
125 121
125 122
125 123
125 124
125 126
125 127
125 128
125 131
125 132
125 133
125 134
125 135
125 136
125 137
125 138
125 161
125 162
125 163
125 164
126 51
126 92
126 95
126 117
126 118
126 119
126 120
126 121
126 122
126 123
126 124
126 125
126 127
126 128
126 129
126 131
126 132
126 133
126 134
126 135
126 136
126 138
126 159
126 160
126 161
126 162
126 163
127 51
127 54
127 58
127 60
127 90
127 91
127 92
127 95
127 117
127 118
127 119
127 120
127 121
127 122
127 125
127 126
127 128
127 129
127 130
127 131
127 132
127 133
127 134
127 135
127 161
128 49
128 50
128 51
128 52
128 53
128 54
128 55
128 89
128 90
128 91
128 92
128 93
128 94
128 95
128 96
128 119
128 120
128 121
128 125
128 126
128 127
128 129
128 130
128 131
128 132
128 133
129 51
129 52
129 53
129 54
129 55
129 56
129 57
129 58
129 60
129 88
129 89
129 90
129 91
129 92
129 93
129 94
129 95
129 119
129 120
129 126
129 127
129 128
129 130
129 131
129 132
130 53
130 54
130 55
130 56
130 57
130 58
130 59
130 60
130 89
130 90
130 91
130 92
130 93
130 127
130 128
130 129
130 131
130 132
130 133
131 54
131 55
131 57
131 58
131 60
131 91
131 92
131 93
131 120
131 125
131 126
131 127
131 128
131 129
131 130
131 132
131 133
132 58
132 91
132 92
132 93
132 120
132 121
132 122
132 124
132 125
132 126
132 127
132 128
132 129
132 130
132 131
132 133
132 134
132 135
133 91
133 92
133 93
133 95
133 96
133 121
133 124
133 125
133 126
133 127
133 128
133 130
133 131
133 132
133 134
133 135
133 136
133 137
133 138
134 92
134 96
134 121
134 122
134 123
134 124
134 125
134 126
134 127
134 132
134 133
134 135
134 136
134 137
134 138
134 139
134 140
135 117
135 121
135 122
135 123
135 124
135 125
135 126
135 127
135 132
135 133
135 134
135 136
135 137
135 138
135 139
135 140
135 157
135 159
136 124
136 125
136 126
136 133
136 134
136 135
136 137
136 138
136 139
136 140
136 141
137 96
137 99
137 100
137 124
137 125
137 133
137 134
137 135
137 136
137 138
137 139
137 140
137 141
137 142
138 95
138 96
138 97
138 98
138 99
138 100
138 103
138 115
138 125
138 126
138 133
138 134
138 135
138 136
138 137
138 139
138 140
138 141
138 142
138 157
139 99
139 100
139 103
139 115
139 134
139 135
139 136
139 137
139 138
139 140
139 141
139 142
139 143
139 155
139 156
139 157
139 189
139 192
139 194
140 99
140 100
140 103
140 134
140 135
140 136
140 137
140 138
140 139
140 141
140 142
140 143
140 144
140 145
140 146
140 147
140 188
140 189
141 96
141 99
141 100
141 101
141 102
141 103
141 104
141 136
141 137
141 138
141 139
141 140
141 142
141 143
141 144
141 145
141 146
141 147
142 99
142 100
142 102
142 103
142 104
142 113
142 137
142 138
142 139
142 140
142 141
142 143
142 144
142 145
142 146
142 147
142 148
142 149
142 150
142 151
142 155
142 188
142 189
142 192
143 103
143 139
143 140
143 141
143 142
143 144
143 145
143 146
143 147
143 148
143 150
143 151
143 155
143 187
143 188
143 189
143 190
143 191
143 192
144 140
144 141
144 142
144 143
144 145
144 146
144 147
144 148
144 149
144 150
144 151
144 152
144 153
144 187
144 188
144 189
144 190
144 191
144 192
145 140
145 141
145 142
145 143
145 144
145 146
145 147
145 148
145 149
145 150
145 151
145 188
145 189
146 100
146 103
146 104
146 140
146 141
146 142
146 143
146 144
146 145
146 147
146 148
146 149
146 150
146 151
146 188
147 100
147 102
147 103
147 104
147 105
147 106
147 107
147 140
147 141
147 142
147 143
147 144
147 145
147 146
147 148
147 149
147 150
147 151
148 103
148 104
148 106
148 107
148 108
148 142
148 143
148 144
148 145
148 146
148 147
148 149
148 150
148 151
148 152
148 153
149 103
149 104
149 105
149 106
149 107
149 108
149 109
149 110
149 111
149 112
149 142
149 144
149 145
149 146
149 147
149 148
149 150
149 151
149 152
149 153
150 103
150 106
150 107
150 108
150 109
150 110
150 111
150 112
150 113
150 142
150 143
150 144
150 145
150 146
150 147
150 148
150 149
150 151
150 152
150 153
150 154
150 155
150 191
151 107
151 108
151 112
151 142
151 143
151 144
151 145
151 146
151 147
151 148
151 149
151 150
151 152
151 153
151 154
151 155
151 188
151 189
151 190
151 191
152 36
152 37
152 111
152 112
152 144
152 148
152 149
152 150
152 151
152 153
152 154
152 155
152 190
152 191
152 192
152 268
152 269
152 270
153 36
153 37
153 38
153 107
153 108
153 110
153 111
153 112
153 113
153 144
153 148
153 149
153 150
153 151
153 152
153 154
153 155
153 156
153 190
153 191
153 192
153 268
153 269
153 270
153 272
154 36
154 37
154 38
154 111
154 112
154 113
154 114
154 150
154 151
154 152
154 153
154 155
154 156
154 157
154 190
154 191
154 192
154 193
154 267
154 268
154 269
154 270
154 271
154 272
155 111
155 112
155 113
155 114
155 115
155 139
155 142
155 143
155 150
155 151
155 152
155 153
155 154
155 156
155 157
155 158
155 189
155 190
155 191
155 192
155 193
155 194
155 267
155 268
156 46
156 112
156 113
156 114
156 115
156 116
156 139
156 153
156 154
156 155
156 157
156 158
156 159
156 191
156 192
156 193
156 194
156 195
156 266
156 268
157 46
157 47
157 113
157 114
157 115
157 116
157 117
157 135
157 138
157 139
157 154
157 155
157 156
157 158
157 159
157 160
157 192
157 193
157 194
157 195
157 196
157 265
158 48
158 114
158 115
158 116
158 117
158 118
158 155
158 156
158 157
158 159
158 160
158 161
158 193
158 194
158 195
158 196
158 197
158 214
158 215
158 218
158 264
159 49
159 115
159 116
159 117
159 118
159 119
159 121
159 126
159 135
159 156
159 157
159 158
159 160
159 161
159 162
159 163
159 194
159 195
159 196
159 197
159 198
159 214
159 215
159 262
159 263
160 50
160 66
160 69
160 116
160 117
160 118
160 119
160 120
160 121
160 126
160 157
160 158
160 159
160 161
160 162
160 163
160 195
160 196
160 197
160 198
160 204
160 205
160 206
160 212
160 213
160 214
160 215
160 262
161 117
161 118
161 119
161 120
161 121
161 122
161 123
161 125
161 126
161 127
161 158
161 159
161 160
161 162
161 163
161 164
161 196
161 197
161 198
161 202
161 203
161 204
161 205
161 206
161 212
162 118
162 119
162 120
162 121
162 122
162 123
162 124
162 125
162 126
162 159
162 160
162 161
162 163
162 164
162 165
162 166
162 196
162 197
162 198
162 199
162 200
162 201
162 202
162 203
162 204
162 205
163 120
163 121
163 122
163 123
163 124
163 125
163 126
163 159
163 160
163 161
163 162
163 164
163 165
163 166
163 196
163 197
163 198
163 199
163 200
163 201
163 202
163 203
163 204
164 121
164 122
164 123
164 124
164 125
164 161
164 162
164 163
164 165
164 166
164 167
164 198
164 199
164 200
164 201
164 202
164 203
164 204
165 122
165 123
165 162
165 163
165 164
165 166
165 167
165 168
165 200
165 201
165 202
165 203
165 204
166 162
166 163
166 164
166 165
166 167
166 168
166 169
166 199
166 200
166 201
166 202
166 203
166 204
167 164
167 165
167 166
167 168
167 169
167 170
167 201
167 202
167 203
167 204
167 254
167 255
167 256
167 257
167 258
167 259
167 260
168 165
168 166
168 167
168 169
168 170
168 171
168 199
168 202
168 203
168 255
168 257
168 258
168 259
168 260
168 261
169 166
169 167
169 168
169 170
169 171
169 172
169 247
169 248
169 254
169 255
169 256
169 257
169 258
169 259
169 260
170 167
170 168
170 169
170 171
170 172
170 173
170 243
170 247
170 257
170 258
170 259
170 260
170 261
171 168
171 169
171 170
171 172
171 173
171 174
171 175
171 259
172 169
172 170
172 171
172 173
172 174
172 175
173 170
173 171
173 172
173 174
173 175
173 176
174 171
174 172
174 173
174 175
174 176
175 171
175 172
175 173
175 174
175 176
175 177
176 173
176 174
176 175
176 177
176 178
177 175
177 176
177 178
177 179
178 176
178 177
178 179
178 180
179 177
179 178
179 180
179 181
179 182
180 178
180 179
180 181
180 182
180 183
181 179
181 180
181 182
181 183
181 184
182 179
182 180
182 181
182 183
182 184
182 185
183 180
183 181
183 182
183 184
183 185
183 186
183 265
183 266
183 267
184 181
184 182
184 183
184 185
184 186
184 187
184 267
185 182
185 183
185 184
185 186
185 187
185 188
185 189
185 190
185 267
186 183
186 184
186 185
186 187
186 188
186 189
186 190
186 191
186 267
186 268
186 269
187 143
187 144
187 184
187 185
187 186
187 188
187 189
187 190
187 267
188 140
188 142
188 143
188 144
188 145
188 146
188 151
188 185
188 186
188 187
188 189
188 190
188 191
188 192
189 139
189 140
189 142
189 143
189 144
189 145
189 151
189 155
189 185
189 186
189 187
189 188
189 190
189 191
189 192
189 193
189 267
189 268
190 143
190 144
190 151
190 152
190 153
190 154
190 155
190 185
190 186
190 187
190 188
190 189
190 191
190 192
190 193
190 266
190 267
190 268
190 269
191 36
191 112
191 143
191 144
191 150
191 151
191 152
191 153
191 154
191 155
191 156
191 186
191 188
191 189
191 190
191 192
191 193
191 266
191 267
191 268
191 269
191 270
192 113
192 139
192 142
192 143
192 144
192 152
192 153
192 154
192 155
192 156
192 157
192 188
192 189
192 190
192 191
192 193
192 194
192 195
192 265
192 266
192 267
192 268
192 269
193 114
193 154
193 155
193 156
193 157
193 158
193 189
193 190
193 191
193 192
193 194
193 195
193 196
193 232
193 264
193 265
193 266
193 267
193 268
194 115
194 139
194 155
194 156
194 157
194 158
194 159
194 192
194 193
194 195
194 196
194 197
194 263
194 264
194 265
194 266
194 267
194 268
195 116
195 156
195 157
195 158
195 159
195 160
195 192
195 193
195 194
195 196
195 197
195 198
195 214
195 218
195 232
195 235
195 262
195 263
195 264
195 265
195 266
196 117
196 157
196 158
196 159
196 160
196 161
196 162
196 163
196 193
196 194
196 195
196 197
196 198
196 199
196 200
196 204
196 214
196 261
196 262
196 263
196 264
196 265
197 118
197 158
197 159
197 160
197 161
197 162
197 163
197 194
197 195
197 196
197 198
197 199
197 200
197 202
197 203
197 204
197 205
197 212
197 213
197 214
197 215
197 218
197 238
197 239
197 242
197 260
197 261
197 262
197 263
197 264
198 159
198 160
198 161
198 162
198 163
198 164
198 195
198 196
198 197
198 199
198 200
198 201
198 202
198 203
198 204
198 205
198 214
198 239
198 242
198 259
198 260
198 261
198 262
198 263
198 264
199 123
199 162
199 163
199 164
199 166
199 168
199 196
199 197
199 198
199 200
199 201
199 202
199 203
199 204
199 260
199 261
199 262
199 263
199 264
200 122
200 123
200 124
200 162
200 163
200 164
200 165
200 166
200 196
200 197
200 198
200 199
200 201
200 202
200 203
200 261
200 262
200 263
201 122
201 123
201 124
201 162
201 163
201 164
201 165
201 166
201 167
201 198
201 199
201 200
201 202
201 203
201 204
202 122
202 123
202 161
202 162
202 163
202 164
202 165
202 166
202 167
202 168
202 197
202 198
202 199
202 200
202 201
202 203
202 204
202 205
202 260
202 261
202 262
203 120
203 121
203 122
203 161
203 162
203 163
203 164
203 165
203 166
203 167
203 168
203 197
203 198
203 199
203 200
203 201
203 202
203 204
203 205
203 206
203 258
203 259
203 260
204 120
204 121
204 160
204 161
204 162
204 163
204 164
204 165
204 166
204 167
204 196
204 197
204 198
204 199
204 201
204 202
204 203
204 205
204 206
204 212
204 213
204 214
204 259
204 260
204 261
204 262
205 160
205 161
205 162
205 197
205 198
205 202
205 203
205 204
205 206
205 207
205 208
205 211
205 212
205 213
205 214
205 246
205 247
205 248
205 258
205 259
205 260
206 63
206 64
206 65
206 66
206 69
206 160
206 161
206 203
206 204
206 205
206 207
206 208
206 209
206 210
206 211
206 212
206 213
206 214
206 215
206 216
206 248
207 63
207 64
207 65
207 66
207 68
207 205
207 206
207 208
207 209
207 210
207 211
207 212
207 213
207 216
207 248
207 249
208 63
208 64
208 65
208 66
208 67
208 68
208 205
208 206
208 207
208 209
208 210
208 211
208 212
209 64
209 65
209 66
209 67
209 68
209 206
209 207
209 208
209 210
209 211
209 212
210 64
210 65
210 66
210 67
210 68
210 69
210 206
210 207
210 208
210 209
210 211
210 212
210 213
210 215
210 216
211 63
211 64
211 65
211 66
211 67
211 68
211 69
211 70
211 71
211 72
211 205
211 206
211 207
211 208
211 209
211 210
211 212
211 213
211 214
211 215
211 216
212 63
212 64
212 65
212 66
212 68
212 69
212 118
212 160
212 161
212 197
212 204
212 205
212 206
212 207
212 208
212 209
212 210
212 211
212 213
212 214
212 215
212 216
212 217
212 218
212 242
213 69
213 160
213 197
213 204
213 205
213 206
213 207
213 210
213 211
213 212
213 214
213 215
213 216
213 217
213 218
213 238
213 241
213 242
213 243
213 245
213 246
213 247
213 260
213 261
213 262
214 69
214 158
214 159
214 160
214 195
214 196
214 197
214 198
214 204
214 205
214 206
214 211
214 212
214 213
214 215
214 216
214 217
214 218
214 219
214 220
214 238
214 239
214 241
214 242
214 243
214 246
214 260
214 261
214 262
215 66
215 68
215 69
215 70
215 72
215 73
215 118
215 158
215 159
215 160
215 197
215 206
215 210
215 211
215 212
215 213
215 214
215 216
215 217
215 218
215 219
215 220
215 221
215 238
215 242
216 68
216 69
216 72
216 73
216 206
216 207
216 210
216 211
216 212
216 213
216 214
216 215
216 217
216 218
216 219
216 220
216 221
216 238
216 241
216 242
217 212
217 213
217 214
217 215
217 216
217 218
217 219
217 220
217 221
217 222
217 223
217 235
217 237
217 238
217 239
217 240
217 241
217 242
217 245
217 246
218 69
218 72
218 73
218 76
218 158
218 195
218 197
218 212
218 213
218 214
218 215
218 216
218 217
218 219
218 220
218 221
218 222
218 223
218 224
218 234
218 235
218 237
218 238
218 239
218 241
218 242
219 69
219 72
219 73
219 74
219 75
219 76
219 77
219 214
219 215
219 216
219 217
219 218
219 220
219 221
219 222
219 223
219 224
219 238
220 72
220 73
220 76
220 214
220 215
220 216
220 217
220 218
220 219
220 221
220 222
220 223
220 224
220 225
220 226
220 234
220 237
220 238
220 241
221 76
221 215
221 216
221 217
221 218
221 219
221 220
221 222
221 223
221 224
221 225
221 226
221 229
221 231
221 233
221 234
221 235
221 236
221 237
221 238
221 241
222 73
222 76
222 77
222 79
222 80
222 217
222 218
222 219
222 220
222 221
222 223
222 224
222 225
222 226
222 227
222 228
222 229
222 231
222 234
222 235
222 237
222 238
222 274
223 75
223 76
223 77
223 79
223 80
223 217
223 218
223 219
223 220
223 221
223 222
223 224
223 225
223 226
223 227
224 218
224 219
224 220
224 221
224 222
224 223
224 225
224 226
224 227
224 228
224 229
224 234
225 220
225 221
225 222
225 223
225 224
225 226
225 227
225 228
225 229
225 230
225 231
225 233
225 234
225 237
225 274
226 76
226 79
226 80
226 220
226 221
226 222
226 223
226 224
226 225
226 227
226 228
226 229
226 230
226 231
226 233
226 234
226 272
226 273
226 274
226 275
227 80
227 222
227 223
227 224
227 225
227 226
227 228
227 229
227 230
227 273
227 274
227 275
227 276
228 222
228 224
228 225
228 226
228 227
228 229
228 230
228 231
228 233
228 234
228 273
228 274
228 275
229 221
229 222
229 224
229 225
229 226
229 227
229 228
229 230
229 231
229 232
229 233
229 234
229 235
229 272
229 273
229 274
229 275
230 35
230 225
230 226
230 227
230 228
230 229
230 231
230 232
230 233
230 234
230 235
230 271
230 272
230 273
230 274
230 275
231 221
231 222
231 225
231 226
231 228
231 229
231 230
231 232
231 233
231 234
231 235
231 236
231 237
231 271
231 272
231 273
231 274
232 193
232 195
232 229
232 230
232 231
232 233
232 234
232 235
232 236
232 237
232 238
232 264
232 265
232 266
232 268
232 271
232 272
232 273
233 221
233 225
233 226
233 228
233 229
233 230
233 231
233 232
233 234
233 235
233 236
233 237
233 238
233 239
233 271
233 272
234 218
234 220
234 221
234 222
234 224
234 225
234 226
234 228
234 229
234 230
234 231
234 232
234 233
234 235
234 236
234 237
234 238
234 239
234 273
235 195
235 217
235 218
235 221
235 222
235 229
235 230
235 231
235 232
235 233
235 234
235 236
235 237
235 238
235 239
235 240
235 241
235 262
235 263
235 264
236 221
236 231
236 232
236 233
236 234
236 235
236 237
236 238
236 239
236 240
236 241
236 242
236 262
236 263
236 264
237 217
237 218
237 220
237 221
237 222
237 225
237 231
237 232
237 233
237 234
237 235
237 236
237 238
237 239
237 240
237 241
237 242
237 243
238 197
238 213
238 214
238 215
238 216
238 217
238 218
238 219
238 220
238 221
238 222
238 232
238 233
238 234
238 235
238 236
238 237
238 239
238 240
238 241
238 242
238 243
238 261
238 262
238 263
239 197
239 198
239 214
239 217
239 218
239 233
239 234
239 235
239 236
239 237
239 238
239 240
239 241
239 242
239 243
239 244
239 260
239 261
239 262
239 263
239 264
240 217
240 235
240 236
240 237
240 238
240 239
240 241
240 242
240 243
240 244
240 245
240 260
240 261
240 262
241 213
241 214
241 216
241 217
241 218
241 220
241 221
241 235
241 236
241 237
241 238
241 239
241 240
241 242
241 243
241 244
241 245
241 246
241 261
241 262
242 197
242 198
242 212
242 213
242 214
242 215
242 216
242 217
242 218
242 236
242 237
242 238
242 239
242 240
242 241
242 243
242 244
242 245
242 246
242 247
242 259
242 260
242 261
242 262
243 170
243 213
243 214
243 237
243 238
243 239
243 240
243 241
243 242
243 244
243 245
243 246
243 247
243 259
243 260
243 261
243 262
244 239
244 240
244 241
244 242
244 243
244 245
244 246
244 247
244 259
244 260
244 261
245 213
245 217
245 240
245 241
245 242
245 243
245 244
245 246
245 247
245 259
245 260
246 205
246 213
246 214
246 217
246 241
246 242
246 243
246 244
246 245
246 247
246 248
246 249
246 257
246 258
246 259
246 260
246 261
247 169
247 170
247 205
247 213
247 242
247 243
247 244
247 245
247 246
247 248
247 249
247 250
247 256
247 257
247 258
247 259
247 260
248 169
248 205
248 206
248 207
248 246
248 247
248 249
248 250
248 255
248 256
248 257
248 258
248 259
248 260
249 207
249 246
249 247
249 248
249 250
249 251
249 252
249 253
249 255
249 256
249 257
249 258
250 247
250 248
250 249
250 251
250 252
250 253
250 254
250 255
250 256
250 257
250 258
251 249
251 250
251 252
251 253
251 254
251 255
251 256
252 249
252 250
252 251
252 253
252 254
252 255
252 256
253 249
253 250
253 251
253 252
253 254
253 255
253 256
253 257
253 258
254 167
254 169
254 250
254 251
254 252
254 253
254 255
254 256
254 257
254 258
255 167
255 168
255 169
255 248
255 249
255 250
255 251
255 252
255 253
255 254
255 256
255 257
255 258
255 259
256 167
256 169
256 247
256 248
256 249
256 250
256 251
256 252
256 253
256 254
256 255
256 257
256 258
256 259
257 167
257 168
257 169
257 170
257 246
257 247
257 248
257 249
257 250
257 253
257 254
257 255
257 256
257 258
257 259
258 167
258 168
258 169
258 170
258 203
258 205
258 246
258 247
258 248
258 249
258 250
258 253
258 254
258 255
258 256
258 257
258 259
258 260
259 167
259 168
259 169
259 170
259 171
259 198
259 203
259 204
259 205
259 242
259 243
259 244
259 245
259 246
259 247
259 248
259 255
259 256
259 257
259 258
259 260
259 261
260 167
260 168
260 169
260 170
260 197
260 198
260 199
260 202
260 203
260 204
260 205
260 213
260 214
260 239
260 240
260 242
260 243
260 244
260 245
260 246
260 247
260 248
260 258
260 259
260 261
260 262
260 263
261 168
261 170
261 196
261 197
261 198
261 199
261 200
261 202
261 204
261 213
261 214
261 238
261 239
261 240
261 241
261 242
261 243
261 244
261 246
261 259
261 260
261 262
261 263
261 264
262 159
262 160
262 195
262 196
262 197
262 198
262 199
262 200
262 202
262 204
262 213
262 214
262 235
262 236
262 238
262 239
262 240
262 241
262 242
262 243
262 260
262 261
262 263
262 264
263 159
263 194
263 195
263 196
263 197
263 198
263 199
263 200
263 235
263 236
263 238
263 239
263 260
263 261
263 262
263 264
263 265
263 266
264 158
264 193
264 194
264 195
264 196
264 197
264 198
264 199
264 232
264 235
264 236
264 239
264 261
264 262
264 263
264 265
264 266
265 157
265 183
265 192
265 193
265 194
265 195
265 196
265 232
265 263
265 264
265 266
265 267
265 268
266 156
266 183
266 190
266 191
266 192
266 193
266 194
266 195
266 232
266 263
266 264
266 265
266 267
266 268
266 269
267 154
267 155
267 183
267 184
267 185
267 186
267 187
267 189
267 190
267 191
267 192
267 193
267 194
267 265
267 266
267 268
267 269
267 270
268 36
268 152
268 153
268 154
268 155
268 156
268 186
268 189
268 190
268 191
268 192
268 193
268 194
268 232
268 265
268 266
268 267
268 269
268 270
268 271
268 272
269 34
269 35
269 36
269 152
269 153
269 154
269 186
269 190
269 191
269 192
269 266
269 267
269 268
269 270
269 271
269 272
270 33
270 34
270 35
270 36
270 37
270 152
270 153
270 154
270 191
270 267
270 268
270 269
270 271
270 272
270 273
271 33
271 34
271 35
271 36
271 37
271 154
271 230
271 231
271 232
271 233
271 268
271 269
271 270
271 272
271 273
272 34
272 35
272 36
272 37
272 38
272 112
272 153
272 154
272 226
272 229
272 230
272 231
272 232
272 233
272 268
272 269
272 270
272 271
272 273
272 274
272 275
273 35
273 36
273 37
273 38
273 226
273 227
273 228
273 229
273 230
273 231
273 232
273 234
273 270
273 271
273 272
273 274
273 275
273 276
274 36
274 37
274 38
274 39
274 43
274 80
274 81
274 111
274 112
274 222
274 225
274 226
274 227
274 228
274 229
274 230
274 231
274 272
274 273
274 275
274 276
275 37
275 38
275 39
275 43
275 80
275 81
275 226
275 227
275 228
275 229
275 230
275 272
275 273
275 274
275 276
276 36
276 37
276 38
276 39
276 40
276 227
276 273
276 274
276 275
