0 1
0 2
0 3
1 0
1 2
1 3
1 4
2 0
2 1
2 3
2 4
2 5
3 0
3 1
3 2
3 4
3 5
3 6
4 1
4 2
4 3
4 5
4 6
4 7
5 2
5 3
5 4
5 6
5 7
5 8
6 3
6 4
6 5
6 7
6 8
6 9
7 4
7 5
7 6
7 8
7 9
7 10
8 5
8 6
8 7
8 9
8 10
8 11
9 6
9 7
9 8
9 10
9 11
9 12
10 7
10 8
10 9
10 11
10 12
10 13
11 8
11 9
11 10
11 12
11 13
11 14
12 9
12 10
12 11
12 13
12 14
12 15
13 10
13 11
13 12
13 14
13 15
13 16
14 11
14 12
14 13
14 15
14 16
14 17
15 12
15 13
15 14
15 16
15 17
15 18
15 47
16 13
16 14
16 15
16 17
16 18
16 19
16 43
16 44
16 46
16 47
17 14
17 15
17 16
17 18
17 19
17 20
17 21
17 22
17 43
17 44
17 46
17 47
17 48
17 49
17 50
17 51
18 15
18 16
18 17
18 19
18 20
18 21
18 22
18 46
18 47
18 50
19 16
19 17
19 18
19 20
19 21
19 22
19 23
19 24
19 25
20 17
20 18
20 19
20 21
20 22
20 23
20 24
20 25
21 17
21 18
21 19
21 20
21 22
21 23
21 24
21 25
21 26
21 27
21 46
21 50
22 17
22 18
22 19
22 20
22 21
22 23
22 24
22 25
22 26
22 27
22 28
22 46
23 19
23 20
23 21
23 22
23 24
23 25
23 26
23 27
23 28
24 19
24 20
24 21
24 22
24 23
24 25
24 26
24 27
24 28
24 29
24 30
25 19
25 20
25 21
25 22
25 23
25 24
25 26
25 27
25 28
25 29
25 30
25 31
25 46
25 49
25 50
26 21
26 22
26 23
26 24
26 25
26 27
26 28
26 29
26 30
26 31
26 34
26 46
27 21
27 22
27 23
27 24
27 25
27 26
27 28
27 29
27 30
27 31
27 32
27 33
28 22
28 23
28 24
28 25
28 26
28 27
28 29
28 30
28 31
28 32
28 33
28 34
28 49
28 74
28 75
28 76
28 78
28 79
29 24
29 25
29 26
29 27
29 28
29 30
29 31
29 32
29 33
29 34
29 35
29 36
29 46
29 76
29 78
29 79
30 24
30 25
30 26
30 27
30 28
30 29
30 31
30 32
30 33
30 34
30 35
31 25
31 26
31 27
31 28
31 29
31 30
31 32
31 33
31 34
31 75
31 76
32 27
32 28
32 29
32 30
32 31
32 33
32 34
32 35
32 75
32 76
32 77
32 78
32 300
33 27
33 28
33 29
33 30
33 31
33 32
33 34
33 35
33 76
34 26
34 28
34 29
34 30
34 31
34 32
34 33
34 35
34 36
34 42
34 76
34 79
35 29
35 30
35 32
35 33
35 34
35 36
35 37
35 38
35 41
35 42
36 29
36 34
36 35
36 37
36 38
36 39
36 40
36 41
36 42
36 43
36 45
37 35
37 36
37 38
37 39
37 40
37 41
37 42
38 35
38 36
38 37
38 39
38 40
38 41
38 42
38 43
39 36
39 37
39 38
39 40
39 41
39 42
39 43
39 44
39 45
40 36
40 37
40 38
40 39
40 41
40 42
40 43
40 44
40 45
40 46
41 35
41 36
41 37
41 38
41 39
41 40
41 42
41 43
41 44
41 45
41 46
42 34
42 35
42 36
42 37
42 38
42 39
42 40
42 41
42 43
42 44
42 45
42 46
42 47
42 48
42 79
43 16
43 17
43 36
43 38
43 39
43 40
43 41
43 42
43 44
43 45
43 46
43 47
43 48
43 49
44 16
44 17
44 39
44 40
44 41
44 42
44 43
44 45
44 46
44 47
44 48
44 49
44 79
44 80
45 36
45 39
45 40
45 41
45 42
45 43
45 44
45 46
45 47
45 48
45 49
45 50
45 51
45 78
45 79
45 80
45 81
46 16
46 17
46 18
46 21
46 22
46 25
46 26
46 29
46 40
46 41
46 42
46 43
46 44
46 45
46 47
46 48
46 49
46 50
46 51
46 52
46 78
46 79
46 80
47 15
47 16
47 17
47 18
47 42
47 43
47 44
47 45
47 46
47 48
47 49
47 50
47 51
47 52
47 53
47 79
48 17
48 42
48 43
48 44
48 45
48 46
48 47
48 49
48 50
48 51
48 52
48 53
48 54
48 78
48 79
48 80
48 81
49 17
49 25
49 28
49 43
49 44
49 45
49 46
49 47
49 48
49 50
49 51
49 52
49 53
49 54
49 55
49 74
49 75
49 77
49 78
49 79
49 80
49 81
50 17
50 18
50 21
50 25
50 45
50 46
50 47
50 48
50 49
50 51
50 52
50 53
50 54
50 55
50 56
50 78
50 79
51 17
51 45
51 46
51 47
51 48
51 49
51 50
51 52
51 53
51 54
51 55
51 56
51 57
51 78
51 79
51 81
52 46
52 47
52 48
52 49
52 50
52 51
52 53
52 54
52 55
52 56
52 57
52 73
52 74
52 77
52 78
52 79
52 80
52 81
52 82
52 253
52 254
52 256
52 257
53 47
53 48
53 49
53 50
53 51
53 52
53 54
53 55
53 56
53 57
53 58
53 59
53 72
53 73
53 74
53 75
53 78
53 79
53 257
54 48
54 49
54 50
54 51
54 52
54 53
54 55
54 56
54 57
54 58
54 59
54 60
55 49
55 50
55 51
55 52
55 53
55 54
55 56
55 57
55 58
55 59
55 60
55 72
55 73
55 253
55 254
55 257
56 50
56 51
56 52
56 53
56 54
56 55
56 57
56 58
56 59
56 60
56 61
56 62
56 71
56 72
56 73
56 74
56 253
56 254
56 257
56 258
57 51
57 52
57 53
57 54
57 55
57 56
57 58
57 59
57 60
57 61
57 62
57 63
57 71
57 72
57 73
57 74
58 53
58 54
58 55
58 56
58 57
58 59
58 60
58 61
58 62
58 63
58 64
58 72
59 53
59 54
59 55
59 56
59 57
59 58
59 60
59 61
59 62
59 63
59 64
59 65
59 67
59 68
59 70
59 71
59 72
59 73
59 254
60 54
60 55
60 56
60 57
60 58
60 59
60 61
60 62
60 63
60 64
60 65
60 66
60 67
60 68
60 70
60 71
60 72
60 73
61 56
61 57
61 58
61 59
61 60
61 62
61 63
61 64
61 65
61 66
61 67
61 68
61 71
62 56
62 57
62 58
62 59
62 60
62 61
62 63
62 64
62 65
62 66
62 67
62 68
62 69
62 70
62 71
63 57
63 58
63 59
63 60
63 61
63 62
63 64
63 65
63 66
63 67
63 68
63 69
63 70
63 71
63 72
63 261
64 58
64 59
64 60
64 61
64 62
64 63
64 65
64 66
64 67
64 68
64 69
64 70
64 71
65 59
65 60
65 61
65 62
65 63
65 64
65 66
65 67
65 68
66 60
66 61
66 62
66 63
66 64
66 65
66 67
66 68
66 69
66 70
67 59
67 60
67 61
67 62
67 63
67 64
67 65
67 66
67 68
67 69
67 70
68 59
68 60
68 61
68 62
68 63
68 64
68 65
68 66
68 67
68 69
68 70
68 71
68 261
68 262
68 263
68 264
68 265
69 62
69 63
69 64
69 66
69 67
69 68
69 70
69 71
69 260
69 261
69 262
69 263
69 264
69 265
69 285
69 286
69 287
69 288
69 310
70 59
70 60
70 62
70 63
70 64
70 66
70 67
70 68
70 69
70 71
70 72
70 254
70 258
70 259
70 260
70 261
70 262
70 263
70 264
70 265
70 307
70 308
70 309
71 56
71 57
71 59
71 60
71 61
71 62
71 63
71 64
71 68
71 69
71 70
71 72
71 73
71 254
71 257
71 258
71 259
71 260
71 261
71 262
71 263
71 302
72 53
72 55
72 56
72 57
72 58
72 59
72 60
72 63
72 70
72 71
72 73
72 74
72 75
72 253
72 254
72 255
72 256
72 257
72 258
72 259
72 260
72 261
72 263
72 302
73 52
73 53
73 55
73 56
73 57
73 59
73 60
73 71
73 72
73 74
73 75
73 78
73 254
73 256
73 257
73 258
73 259
73 260
73 301
73 302
74 28
74 49
74 52
74 53
74 56
74 57
74 72
74 73
74 75
74 76
74 77
74 78
74 79
74 256
74 257
74 258
74 259
74 300
74 301
74 302
75 28
75 31
75 32
75 49
75 53
75 72
75 73
75 74
75 76
75 77
75 78
75 79
75 256
75 257
75 258
75 259
75 299
75 300
75 301
75 302
76 28
76 29
76 31
76 32
76 33
76 34
76 74
76 75
76 77
76 78
76 79
76 80
76 256
76 257
76 297
76 298
76 300
76 301
77 32
77 49
77 52
77 74
77 75
77 76
77 78
77 79
77 80
77 81
77 82
77 84
77 85
77 256
77 257
77 297
77 300
77 301
78 28
78 29
78 32
78 45
78 46
78 48
78 49
78 50
78 51
78 52
78 53
78 73
78 74
78 75
78 76
78 77
78 79
78 80
78 81
78 82
78 253
78 256
78 257
79 28
79 29
79 34
79 42
79 44
79 45
79 46
79 47
79 48
79 49
79 50
79 51
79 52
79 53
79 74
79 75
79 76
79 77
79 78
79 80
79 81
79 82
79 84
80 44
80 45
80 46
80 48
80 49
80 52
80 76
80 77
80 78
80 79
80 81
80 82
80 83
80 84
80 85
80 253
80 256
81 45
81 48
81 49
81 51
81 52
81 77
81 78
81 79
81 80
81 82
81 83
81 84
81 85
81 86
81 87
81 251
81 252
81 253
81 256
82 52
82 77
82 78
82 79
82 80
82 81
82 83
82 84
82 85
82 86
82 87
82 250
82 251
82 252
82 253
82 254
82 255
82 256
82 257
83 80
83 81
83 82
83 84
83 85
83 86
83 87
83 88
83 89
83 250
83 251
83 252
83 253
84 77
84 79
84 80
84 81
84 82
84 83
84 85
84 86
84 87
84 88
84 89
84 90
84 134
84 251
85 77
85 80
85 81
85 82
85 83
85 84
85 86
85 87
85 88
85 89
85 90
85 134
85 136
85 250
85 251
85 252
85 253
85 256
86 81
86 82
86 83
86 84
86 85
86 87
86 88
86 89
86 90
86 91
86 92
86 134
86 136
86 249
86 250
86 251
86 252
86 256
86 274
86 275
87 81
87 82
87 83
87 84
87 85
87 86
87 88
87 89
87 90
87 91
87 134
87 135
87 136
87 177
87 178
87 251
87 274
88 83
88 84
88 85
88 86
88 87
88 89
88 90
88 91
88 132
88 133
88 134
88 135
88 136
88 137
88 176
88 177
88 178
89 83
89 84
89 85
89 86
89 87
89 88
89 90
89 91
89 92
89 131
89 132
89 133
89 134
89 135
89 136
89 137
89 138
89 176
89 177
89 178
89 250
89 274
89 275
89 296
89 297
90 84
90 85
90 86
90 87
90 88
90 89
90 91
90 92
90 93
90 132
90 133
90 134
90 135
90 136
90 137
90 138
90 139
90 176
90 177
90 178
90 179
90 249
90 250
90 251
90 273
90 274
90 275
90 276
90 277
90 296
90 297
91 86
91 87
91 88
91 89
91 90
91 92
91 93
91 94
91 135
91 136
91 137
91 138
91 139
91 140
91 174
91 175
91 176
91 177
91 178
91 179
91 180
91 273
91 274
91 275
91 276
92 86
92 89
92 90
92 91
92 93
92 94
92 95
92 136
92 137
92 138
92 139
92 140
92 173
92 177
92 178
92 179
92 180
92 181
92 247
92 248
92 249
92 273
92 274
92 275
92 276
92 277
93 90
93 91
93 92
93 94
93 95
93 96
93 136
93 139
93 173
93 174
93 177
93 178
93 179
93 180
93 181
93 247
93 273
93 274
93 275
93 276
94 91
94 92
94 93
94 95
94 96
94 97
94 98
94 178
94 179
94 180
94 181
94 247
94 273
94 274
94 322
95 92
95 93
95 94
95 96
95 97
95 98
95 99
95 172
95 173
95 179
95 180
95 182
95 183
96 93
96 94
96 95
96 97
96 98
96 99
97 94
97 95
97 96
97 98
97 99
97 100
98 94
98 95
98 96
98 97
98 99
98 100
98 101
99 95
99 96
99 97
99 98
99 100
99 101
99 102
99 104
100 97
100 98
100 99
100 101
100 102
100 103
100 104
100 105
100 224
100 225
100 226
100 227
100 228
101 98
101 99
101 100
101 102
101 103
101 104
101 105
101 224
101 225
102 99
102 100
102 101
102 103
102 104
102 105
102 106
102 107
102 224
102 225
103 100
103 101
103 102
103 104
103 105
103 106
103 222
103 223
103 224
103 225
104 99
104 100
104 101
104 102
104 103
104 105
104 106
104 107
104 182
104 222
104 223
104 224
104 225
104 226
104 324
104 325
105 100
105 101
105 102
105 103
105 104
105 106
105 107
105 108
105 223
105 224
105 225
105 226
105 227
105 324
106 102
106 103
106 104
106 105
106 107
106 108
106 109
106 223
106 224
106 225
106 226
106 227
106 233
106 234
106 237
106 323
106 324
106 325
107 102
107 104
107 105
107 106
107 108
107 109
107 110
107 224
107 225
107 226
107 227
107 233
107 236
107 237
108 105
108 106
108 107
108 109
108 110
108 111
108 226
108 227
108 232
108 233
108 234
108 235
108 236
108 237
108 240
109 106
109 107
109 108
109 110
109 111
109 112
109 233
109 236
109 237
109 240
110 107
110 108
110 109
110 111
110 112
110 113
110 114
110 232
110 233
110 236
111 108
111 109
111 110
111 112
111 113
111 114
112 109
112 110
112 111
112 113
112 114
112 115
113 110
113 111
113 112
113 114
113 115
113 116
113 236
113 239
114 110
114 111
114 112
114 113
114 115
114 116
114 117
114 118
114 232
114 235
114 236
114 237
114 238
114 239
114 240
115 112
115 113
115 114
115 116
115 117
115 118
115 235
115 236
115 239
115 240
115 282
115 283
116 113
116 114
116 115
116 117
116 118
116 235
116 239
116 282
116 283
116 284
116 289
117 114
117 115
117 116
117 118
117 119
117 235
117 239
117 281
117 282
117 283
117 284
117 289
117 290
117 291
117 292
118 114
118 115
118 116
118 117
118 119
118 120
118 121
118 122
118 123
118 235
118 238
118 239
118 242
118 280
118 281
118 282
118 283
118 291
118 292
119 117
119 118
119 120
119 121
119 122
119 123
119 124
119 125
119 126
119 238
119 239
119 242
119 243
119 279
119 280
119 281
119 282
119 283
119 291
119 292
120 118
120 119
120 121
120 122
120 123
120 124
120 125
120 126
120 149
120 238
120 239
120 242
120 243
120 279
120 280
120 281
120 282
120 292
121 118
121 119
121 120
121 122
121 123
121 124
121 125
121 126
121 127
121 128
121 149
121 243
121 280
121 281
121 292
121 294
122 118
122 119
122 120
122 121
122 123
122 124
122 125
122 126
122 281
123 118
123 119
123 120
123 121
123 122
123 124
123 125
123 126
123 152
123 153
124 119
124 120
124 121
124 122
124 123
124 125
124 126
124 127
124 149
124 152
124 153
124 156
124 157
124 158
125 119
125 120
125 121
125 122
125 123
125 124
125 126
125 127
125 145
125 146
125 148
125 149
125 150
125 151
125 152
125 153
125 156
125 157
125 158
125 159
125 242
125 243
125 280
126 119
126 120
126 121
126 122
126 123
126 124
126 125
126 127
126 128
126 129
126 145
126 146
126 148
126 149
126 150
126 152
126 158
126 159
126 160
126 242
126 243
126 278
126 280
126 294
127 121
127 124
127 125
127 126
127 128
127 129
127 130
127 144
127 145
127 148
127 149
127 152
127 158
127 159
127 160
127 161
127 294
128 121
128 126
128 127
128 129
128 130
128 145
128 160
128 294
128 296
128 298
128 299
128 304
128 305
129 126
129 127
129 128
129 130
129 131
129 132
129 141
129 145
129 294
129 295
129 296
129 297
129 298
129 299
129 300
129 304
129 305
129 306
130 127
130 128
130 129
130 131
130 132
130 133
130 141
130 145
130 160
130 163
130 202
130 294
130 295
130 296
130 297
130 298
130 299
130 305
131 89
131 129
131 130
131 132
131 133
131 134
131 135
131 137
131 138
131 141
131 202
131 204
131 295
131 296
131 297
131 298
131 299
131 300
131 301
131 305
132 88
132 89
132 90
132 129
132 130
132 131
132 133
132 134
132 135
132 136
132 137
132 138
132 140
132 141
132 163
132 164
132 176
132 202
132 203
132 204
132 205
132 295
132 296
132 297
132 298
133 88
133 89
133 90
133 130
133 131
133 132
133 134
133 135
133 136
133 137
133 138
133 203
133 204
133 205
133 296
133 297
133 298
134 84
134 85
134 86
134 87
134 88
134 89
134 90
134 131
134 132
134 133
134 135
134 136
134 137
134 176
134 204
134 205
134 297
135 87
135 88
135 89
135 90
135 91
135 131
135 132
135 133
135 134
135 136
135 137
135 138
135 167
135 175
135 176
135 177
135 178
135 203
135 204
135 205
135 206
136 85
136 86
136 87
136 88
136 89
136 90
136 91
136 92
136 93
136 132
136 133
136 134
136 135
136 137
136 138
136 139
136 140
136 167
136 174
136 175
136 176
136 177
136 178
136 179
136 204
136 205
136 274
136 275
136 276
137 88
137 89
137 90
137 91
137 92
137 131
137 132
137 133
137 134
137 135
137 136
137 138
137 139
137 140
137 141
137 142
137 163
137 164
137 166
137 167
137 173
137 174
137 175
137 176
137 177
137 178
137 179
137 180
137 204
137 205
137 206
137 275
137 276
137 296
138 89
138 90
138 91
138 92
138 131
138 132
138 133
138 135
138 136
138 137
138 139
138 140
138 141
138 142
138 143
138 144
138 163
138 167
138 176
138 178
138 179
138 180
138 181
138 247
138 274
138 275
138 276
138 277
138 278
138 295
138 296
138 297
139 90
139 91
139 92
139 93
139 136
139 137
139 138
139 140
139 141
139 142
139 143
139 144
139 145
139 163
139 166
139 167
139 173
139 175
139 176
139 178
139 179
139 180
139 181
139 182
139 183
139 184
139 245
139 246
139 247
139 274
139 275
139 276
139 277
139 278
139 296
140 91
140 92
140 132
140 136
140 137
140 138
140 139
140 141
140 142
140 143
140 144
140 145
140 162
140 163
140 164
140 165
140 166
140 167
140 170
140 173
140 175
140 176
140 178
140 179
140 180
140 181
140 182
140 183
140 184
140 185
140 276
140 277
140 296
141 129
141 130
141 131
141 132
141 137
141 138
141 139
141 140
141 142
141 143
141 144
141 145
141 146
141 147
141 161
141 162
141 163
141 164
141 166
141 167
141 181
141 245
141 276
141 277
141 278
141 294
141 295
141 296
142 137
142 138
142 139
142 140
142 141
142 143
142 144
142 145
142 146
142 147
142 163
142 180
142 181
142 184
142 243
142 244
142 245
142 246
142 247
142 275
142 276
142 277
142 278
142 279
142 294
142 295
142 296
142 324
142 325
143 138
143 139
143 140
143 141
143 142
143 144
143 145
143 146
143 147
143 148
143 161
143 162
143 163
143 166
143 180
143 181
143 182
143 183
143 184
143 185
143 188
143 244
143 245
143 246
143 276
143 277
143 278
143 324
143 325
143 326
144 127
144 138
144 139
144 140
144 141
144 142
144 143
144 145
144 146
144 147
144 148
144 149
144 150
144 160
144 161
144 162
144 163
144 164
144 165
144 166
144 181
144 184
144 185
144 194
144 196
144 197
144 218
144 245
144 278
144 326
145 125
145 126
145 127
145 128
145 129
145 130
145 139
145 140
145 141
145 142
145 143
145 144
145 146
145 147
145 148
145 149
145 150
145 151
145 160
145 161
145 162
145 163
145 243
145 244
145 245
145 277
145 278
145 279
145 280
145 294
145 295
145 296
145 325
146 125
146 126
146 141
146 142
146 143
146 144
146 145
146 147
146 148
146 149
146 150
146 151
146 181
146 185
146 241
146 242
146 243
146 244
146 245
146 246
146 277
146 278
146 279
146 280
146 324
146 325
146 326
146 327
147 141
147 142
147 143
147 144
147 145
147 146
147 148
147 149
147 150
147 151
147 152
147 153
147 159
147 160
147 161
147 185
147 188
147 194
147 218
147 219
147 220
147 242
147 243
147 244
147 245
147 325
147 326
147 327
147 328
148 125
148 126
148 127
148 143
148 144
148 145
148 146
148 147
148 149
148 150
148 151
148 152
148 153
148 154
148 157
148 158
148 159
148 160
148 161
148 196
148 217
148 218
148 242
148 243
148 326
149 120
149 121
149 124
149 125
149 126
149 127
149 144
149 145
149 146
149 147
149 148
149 150
149 151
149 152
149 153
149 154
149 156
149 157
149 158
149 159
149 241
149 242
149 243
149 244
149 280
149 325
149 326
150 125
150 126
150 144
150 145
150 146
150 147
150 148
150 149
150 151
150 152
150 153
150 154
150 155
150 156
150 157
150 158
150 218
150 219
150 220
150 241
150 242
150 243
150 244
150 325
150 326
150 327
150 328
151 125
151 145
151 146
151 147
151 148
151 149
151 150
151 152
151 153
151 154
151 155
151 156
151 157
151 158
151 159
151 161
151 217
151 218
151 219
151 220
151 242
151 326
151 327
151 328
152 123
152 124
152 125
152 126
152 127
152 147
152 148
152 149
152 150
152 151
152 153
152 154
152 155
152 156
152 157
152 158
152 159
152 218
152 242
153 123
153 124
153 125
153 147
153 148
153 149
153 150
153 151
153 152
153 154
153 155
153 156
153 157
153 158
153 241
153 242
153 328
154 148
154 149
154 150
154 151
154 152
154 153
154 155
154 156
154 157
154 158
154 328
155 150
155 151
155 152
155 153
155 154
155 156
155 157
155 158
155 218
156 124
156 125
156 149
156 150
156 151
156 152
156 153
156 154
156 155
156 157
156 158
156 159
157 124
157 125
157 148
157 149
157 150
157 151
157 152
157 153
157 154
157 155
157 156
157 158
157 159
158 124
158 125
158 126
158 127
158 148
158 149
158 150
158 151
158 152
158 153
158 154
158 155
158 156
158 157
158 159
158 160
158 161
159 125
159 126
159 127
159 147
159 148
159 149
159 151
159 152
159 156
159 157
159 158
159 160
159 161
159 162
159 196
159 197
159 198
159 217
159 218
160 126
160 127
160 128
160 130
160 144
160 145
160 147
160 148
160 158
160 159
160 161
160 162
160 163
160 195
160 196
160 197
160 198
160 199
160 201
160 217
160 218
161 127
161 141
161 143
161 144
161 145
161 147
161 148
161 151
161 158
161 159
161 160
161 162
161 163
161 164
161 165
161 166
161 194
161 195
161 196
161 197
161 198
161 199
161 200
161 201
161 202
161 215
161 216
161 217
161 218
162 140
162 141
162 143
162 144
162 145
162 159
162 160
162 161
162 163
162 164
162 165
162 166
162 167
162 194
162 195
162 196
162 197
162 198
162 199
162 200
162 201
162 202
162 211
162 215
162 216
162 217
162 218
163 130
163 132
163 137
163 138
163 139
163 140
163 141
163 142
163 143
163 144
163 145
163 160
163 161
163 162
163 164
163 165
163 166
163 167
163 168
163 169
163 184
163 194
163 195
163 196
163 197
163 200
163 201
163 202
163 203
163 204
164 132
164 137
164 140
164 141
164 144
164 161
164 162
164 163
164 165
164 166
164 167
164 168
164 169
164 170
164 175
164 176
164 194
164 195
164 196
164 197
164 200
164 201
164 202
164 203
164 204
164 205
164 206
164 207
164 209
164 210
164 211
165 140
165 144
165 161
165 162
165 163
165 164
165 166
165 167
165 168
165 169
165 170
165 175
165 184
165 188
165 194
165 195
165 196
165 197
165 199
165 200
165 201
165 202
165 206
165 207
165 208
165 209
165 210
165 211
165 212
166 137
166 139
166 140
166 141
166 143
166 144
166 161
166 162
166 163
166 164
166 165
166 167
166 168
166 169
166 170
166 171
166 173
166 175
166 179
166 181
166 183
166 184
166 185
166 187
166 188
166 194
166 195
166 206
166 209
166 211
167 135
167 136
167 137
167 138
167 139
167 140
167 141
167 162
167 163
167 164
167 165
167 166
167 168
167 169
167 170
167 171
167 173
167 174
167 175
167 176
167 177
167 178
167 179
167 184
167 202
167 203
167 204
167 205
167 206
167 207
167 208
167 209
168 163
168 164
168 165
168 166
168 167
168 169
168 170
168 171
168 173
168 174
168 175
168 176
168 205
168 206
168 207
168 208
168 209
168 210
168 211
169 163
169 164
169 165
169 166
169 167
169 168
169 170
169 171
169 172
169 173
169 174
169 175
169 184
169 187
169 188
169 191
169 206
169 207
169 208
169 209
169 210
169 211
170 140
170 164
170 165
170 166
170 167
170 168
170 169
170 171
170 172
170 173
170 174
170 175
170 179
170 180
170 183
170 184
170 185
170 186
170 187
170 188
170 191
170 209
171 166
171 167
171 168
171 169
171 170
171 172
171 173
171 174
171 175
171 179
171 183
171 184
171 187
171 209
172 95
172 169
172 170
172 171
172 173
172 174
172 175
172 179
172 180
172 183
172 184
172 186
172 187
173 92
173 93
173 95
173 137
173 139
173 140
173 166
173 167
173 168
173 169
173 170
173 171
173 172
173 174
173 175
173 176
173 177
173 178
173 179
173 180
173 181
173 183
173 184
174 91
174 93
174 136
174 137
174 167
174 168
174 169
174 170
174 171
174 172
174 173
174 175
174 176
174 177
174 178
174 179
174 180
174 206
175 91
175 135
175 136
175 137
175 139
175 140
175 164
175 165
175 166
175 167
175 168
175 169
175 170
175 171
175 172
175 173
175 174
175 176
175 177
175 178
175 179
175 204
175 205
175 206
175 207
176 88
176 89
176 90
176 91
176 132
176 134
176 135
176 136
176 137
176 138
176 139
176 140
176 164
176 167
176 168
176 173
176 174
176 175
176 177
176 178
176 179
176 204
176 205
176 206
176 207
177 87
177 88
177 89
177 90
177 91
177 92
177 93
177 135
177 136
177 137
177 167
177 173
177 174
177 175
177 176
177 178
177 179
177 205
177 206
178 87
178 88
178 89
178 90
178 91
178 92
178 93
178 94
178 135
178 136
178 137
178 138
178 139
178 140
178 167
178 173
178 174
178 175
178 176
178 177
178 179
178 180
178 274
178 275
178 276
179 90
179 91
179 92
179 93
179 94
179 95
179 136
179 137
179 138
179 139
179 140
179 166
179 167
179 170
179 171
179 172
179 173
179 174
179 175
179 176
179 177
179 178
179 180
179 181
179 182
179 183
179 184
179 275
179 276
180 91
180 92
180 93
180 94
180 95
180 137
180 138
180 139
180 140
180 142
180 143
180 170
180 172
180 173
180 174
180 178
180 179
180 181
180 182
180 183
180 184
180 185
180 247
180 275
180 276
180 322
181 92
181 93
181 94
181 138
181 139
181 140
181 141
181 142
181 143
181 144
181 146
181 166
181 173
181 179
181 180
181 182
181 183
181 184
181 185
181 186
181 187
181 223
181 245
181 246
181 247
181 276
181 277
181 322
181 323
181 324
181 325
181 326
182 95
182 104
182 139
182 140
182 143
182 179
182 180
182 181
182 183
182 184
182 185
182 186
182 187
182 188
182 222
182 223
182 224
182 225
182 245
182 322
182 323
182 324
182 325
182 326
183 95
183 139
183 140
183 143
183 166
183 170
183 171
183 172
183 173
183 179
183 180
183 181
183 182
183 184
183 185
183 186
183 187
183 188
183 189
183 222
183 223
184 139
184 140
184 142
184 143
184 144
184 163
184 165
184 166
184 167
184 169
184 170
184 171
184 172
184 173
184 179
184 180
184 181
184 182
184 183
184 185
184 186
184 187
184 188
184 189
184 190
184 194
184 222
184 223
184 326
185 140
185 143
185 144
185 146
185 147
185 166
185 170
185 180
185 181
185 182
185 183
185 184
185 186
185 187
185 188
185 189
185 190
185 191
185 194
185 219
185 220
185 221
185 222
185 223
185 224
185 324
185 325
185 326
185 327
186 170
186 172
186 181
186 182
186 183
186 184
186 185
186 187
186 188
186 189
186 190
186 191
186 192
186 220
186 221
186 222
186 223
186 326
187 166
187 169
187 170
187 171
187 172
187 181
187 182
187 183
187 184
187 185
187 186
187 188
187 189
187 190
187 191
187 192
187 193
187 194
187 220
187 222
188 143
188 147
188 165
188 166
188 169
188 170
188 182
188 183
188 184
188 185
188 186
188 187
188 189
188 190
188 191
188 192
188 193
188 194
188 195
188 218
188 219
188 220
188 221
188 222
188 326
189 183
189 184
189 185
189 186
189 187
189 188
189 190
189 191
189 192
189 193
189 194
189 219
189 220
189 221
189 222
189 223
189 326
189 327
189 328
190 184
190 185
190 186
190 187
190 188
190 189
190 191
190 192
190 193
190 219
190 220
190 221
190 222
191 169
191 170
191 185
191 186
191 187
191 188
191 189
191 190
191 192
191 193
191 194
191 211
191 213
191 219
191 220
192 186
192 187
192 188
192 189
192 190
192 191
192 193
192 194
192 213
192 216
192 218
192 219
192 220
192 221
193 187
193 188
193 189
193 190
193 191
193 192
193 194
193 195
193 196
193 211
193 212
193 213
193 214
193 215
193 216
193 217
193 218
193 219
193 220
193 221
194 144
194 147
194 161
194 162
194 163
194 164
194 165
194 166
194 184
194 185
194 187
194 188
194 189
194 191
194 192
194 193
194 195
194 196
194 197
194 200
194 211
194 212
194 213
194 215
194 216
194 217
194 218
194 219
194 220
195 160
195 161
195 162
195 163
195 164
195 165
195 166
195 188
195 193
195 194
195 196
195 197
195 198
195 199
195 200
195 201
195 210
195 211
195 212
195 213
195 214
195 215
195 216
195 217
195 218
195 219
196 144
196 148
196 159
196 160
196 161
196 162
196 163
196 164
196 165
196 193
196 194
196 195
196 197
196 198
196 199
196 200
196 201
196 214
196 215
196 216
196 217
196 218
197 144
197 159
197 160
197 161
197 162
197 163
197 164
197 165
197 194
197 195
197 196
197 198
197 199
197 200
197 201
197 202
197 215
197 216
197 217
198 159
198 160
198 161
198 162
198 195
198 196
198 197
198 199
198 200
198 201
198 202
198 215
198 217
199 160
199 161
199 162
199 165
199 195
199 196
199 197
199 198
199 200
199 201
199 202
199 210
199 211
199 212
199 214
199 215
199 216
199 217
200 161
200 162
200 163
200 164
200 165
200 194
200 195
200 196
200 197
200 198
200 199
200 201
200 202
200 203
200 210
200 211
200 212
200 215
200 216
201 160
201 161
201 162
201 163
201 164
201 165
201 195
201 196
201 197
201 198
201 199
201 200
201 202
201 203
201 204
202 130
202 131
202 132
202 161
202 162
202 163
202 164
202 165
202 167
202 197
202 198
202 199
202 200
202 201
202 203
202 204
202 205
202 206
203 132
203 133
203 135
203 163
203 164
203 167
203 200
203 201
203 202
203 204
203 205
203 206
203 207
204 131
204 132
204 133
204 134
204 135
204 136
204 137
204 163
204 164
204 167
204 175
204 176
204 201
204 202
204 203
204 205
204 206
204 207
205 132
205 133
205 134
205 135
205 136
205 137
205 164
205 167
205 168
205 175
205 176
205 177
205 202
205 203
205 204
205 206
205 207
206 135
206 137
206 164
206 165
206 166
206 167
206 168
206 169
206 174
206 175
206 176
206 177
206 202
206 203
206 204
206 205
206 207
206 208
206 209
207 164
207 165
207 167
207 168
207 169
207 175
207 176
207 203
207 204
207 205
207 206
207 208
207 209
207 210
208 165
208 167
208 168
208 169
208 206
208 207
208 209
208 210
208 211
209 164
209 165
209 166
209 167
209 168
209 169
209 170
209 171
209 206
209 207
209 208
209 210
209 211
209 212
210 164
210 165
210 168
210 169
210 195
210 199
210 200
210 207
210 208
210 209
210 211
210 212
210 213
211 162
211 164
211 165
211 166
211 168
211 169
211 191
211 193
211 194
211 195
211 199
211 200
211 208
211 209
211 210
211 212
211 213
211 214
211 215
211 216
212 165
212 193
212 194
212 195
212 199
212 200
212 209
212 210
212 211
212 213
212 214
212 215
212 216
213 191
213 192
213 193
213 194
213 195
213 210
213 211
213 212
213 214
213 215
213 216
213 217
214 193
214 195
214 196
214 199
214 211
214 212
214 213
214 215
214 216
214 217
215 161
215 162
215 193
215 194
215 195
215 196
215 197
215 198
215 199
215 200
215 211
215 212
215 213
215 214
215 216
215 217
215 218
216 161
216 162
216 192
216 193
216 194
216 195
216 196
216 197
216 199
216 200
216 211
216 212
216 213
216 214
216 215
216 217
216 218
216 219
217 148
217 151
217 159
217 160
217 161
217 162
217 193
217 194
217 195
217 196
217 197
217 198
217 199
217 213
217 214
217 215
217 216
217 218
217 219
218 144
218 147
218 148
218 150
218 151
218 152
218 155
218 159
218 160
218 161
218 162
218 188
218 192
218 193
218 194
218 195
218 196
218 215
218 216
218 217
218 219
218 220
218 328
219 147
219 150
219 151
219 185
219 188
219 189
219 190
219 191
219 192
219 193
219 194
219 195
219 216
219 217
219 218
219 220
219 221
219 222
219 326
219 327
219 328
220 147
220 150
220 151
220 185
220 186
220 187
220 188
220 189
220 190
220 191
220 192
220 193
220 194
220 218
220 219
220 221
220 222
220 223
220 326
220 327
220 328
221 185
221 186
221 188
221 189
221 190
221 192
221 193
221 219
221 220
221 222
221 223
221 326
221 327
221 328
222 103
222 104
222 182
222 183
222 184
222 185
222 186
222 187
222 188
222 189
222 190
222 219
222 220
222 221
222 223
222 224
222 325
222 326
222 327
222 328
223 103
223 104
223 105
223 106
223 181
223 182
223 183
223 184
223 185
223 186
223 189
223 220
223 221
223 222
223 224
223 225
223 324
223 325
223 326
223 327
223 328
224 100
224 101
224 102
224 103
224 104
224 105
224 106
224 107
224 182
224 185
224 222
224 223
224 225
224 226
224 227
224 237
224 244
224 323
224 324
224 325
224 326
224 327
225 100
225 101
225 102
225 103
225 104
225 105
225 106
225 107
225 182
225 223
225 224
225 226
225 227
225 228
225 233
225 234
225 237
225 244
225 245
225 246
225 321
225 322
225 323
225 324
225 325
225 326
226 100
226 104
226 105
226 106
226 107
226 108
226 224
226 225
226 227
226 228
226 229
226 230
226 231
226 232
226 233
226 234
226 235
226 236
226 237
226 244
226 246
226 320
226 321
226 322
226 323
226 324
226 325
227 100
227 105
227 106
227 107
227 108
227 224
227 225
227 226
227 228
227 229
227 230
227 231
227 232
227 233
227 234
227 320
227 321
227 322
227 323
227 324
228 100
228 225
228 226
228 227
228 229
228 230
228 231
228 233
228 234
228 315
228 318
228 319
228 320
228 321
228 322
228 323
229 226
229 227
229 228
229 230
229 231
229 232
229 233
229 234
229 270
229 314
229 315
229 316
229 318
229 319
229 320
229 321
229 322
229 323
230 226
230 227
230 228
230 229
230 231
230 232
230 233
230 234
230 235
230 312
230 314
230 315
230 318
230 319
230 320
230 321
230 322
230 323
231 226
231 227
231 228
231 229
231 230
231 232
231 233
231 234
231 235
231 236
231 237
231 291
231 311
231 312
231 313
231 314
231 315
231 316
231 318
231 319
231 320
231 321
231 323
232 108
232 110
232 114
232 226
232 227
232 229
232 230
232 231
232 233
232 234
232 235
232 236
232 237
232 238
232 311
232 312
232 320
233 106
233 107
233 108
233 109
233 110
233 225
233 226
233 227
233 228
233 229
233 230
233 231
233 232
233 234
233 235
233 236
233 237
233 238
233 239
233 320
233 323
234 106
234 108
234 225
234 226
234 227
234 228
234 229
234 230
234 231
234 232
234 233
234 235
234 236
234 237
234 238
234 239
234 240
234 244
234 246
234 279
234 291
234 319
234 320
234 321
234 323
234 324
235 108
235 114
235 115
235 116
235 117
235 118
235 226
235 230
235 231
235 232
235 233
235 234
235 236
235 237
235 238
235 239
235 240
235 241
235 244
235 279
235 281
235 282
235 291
235 311
235 320
236 107
236 108
236 109
236 110
236 113
236 114
236 115
236 226
236 231
236 232
236 233
236 234
236 235
236 237
236 238
236 239
236 240
236 241
236 242
237 106
237 107
237 108
237 109
237 114
237 224
237 225
237 226
237 231
237 232
237 233
237 234
237 235
237 236
237 238
237 239
237 240
237 241
237 242
237 243
237 244
237 323
237 324
237 325
238 114
238 118
238 119
238 120
238 232
238 233
238 234
238 235
238 236
238 237
238 239
238 240
238 241
238 242
238 243
238 244
238 245
238 279
238 280
238 281
238 282
238 291
238 325
239 113
239 114
239 115
239 116
239 117
239 118
239 119
239 120
239 233
239 234
239 235
239 236
239 237
239 238
239 240
239 241
239 242
239 243
239 244
239 280
239 281
239 282
240 108
240 109
240 114
240 115
240 234
240 235
240 236
240 237
240 238
240 239
240 241
240 242
240 243
241 146
241 149
241 150
241 153
241 235
241 236
241 237
241 238
241 239
241 240
241 242
241 243
241 244
241 325
241 326
241 327
242 118
242 119
242 120
242 125
242 126
242 146
242 147
242 148
242 149
242 150
242 151
242 152
242 153
242 236
242 237
242 238
242 239
242 240
242 241
242 243
242 244
242 245
242 279
242 280
242 281
242 325
242 326
243 119
243 120
243 121
243 125
243 126
243 142
243 145
243 146
243 147
243 148
243 149
243 150
243 237
243 238
243 239
243 240
243 241
243 242
243 244
243 245
243 246
243 278
243 279
243 280
243 281
243 292
243 293
243 294
243 324
243 325
243 326
244 142
244 143
244 145
244 146
244 147
244 149
244 150
244 224
244 225
244 226
244 234
244 235
244 237
244 238
244 239
244 241
244 242
244 243
244 245
244 246
244 277
244 278
244 279
244 280
244 281
244 293
244 323
244 324
244 325
244 326
245 139
245 141
245 142
245 143
245 144
245 145
245 146
245 147
245 181
245 182
245 225
245 238
245 242
245 243
245 244
245 246
245 247
245 276
245 277
245 278
245 279
245 280
245 293
245 294
245 319
245 320
245 322
245 323
245 324
245 325
245 326
246 139
246 142
246 143
246 146
246 181
246 225
246 226
246 234
246 243
246 244
246 245
246 247
246 248
246 273
246 275
246 276
246 277
246 278
246 279
246 293
246 318
246 319
246 320
246 321
246 322
246 323
246 324
246 325
247 92
247 93
247 94
247 138
247 139
247 142
247 180
247 181
247 245
247 246
247 248
247 249
247 250
247 270
247 272
247 273
247 274
247 275
247 276
247 277
247 278
247 279
247 317
247 318
247 319
247 320
247 321
247 322
247 323
247 324
248 92
248 246
248 247
248 249
248 250
248 251
248 268
248 269
248 270
248 271
248 272
248 273
248 274
248 275
248 276
248 277
248 309
248 315
248 316
248 317
248 318
248 319
248 320
248 321
248 322
248 323
249 86
249 90
249 92
249 247
249 248
249 250
249 251
249 252
249 255
249 267
249 268
249 269
249 270
249 271
249 272
249 273
249 274
249 275
249 276
249 316
249 317
249 318
249 319
250 82
250 83
250 85
250 86
250 89
250 90
250 247
250 248
250 249
250 251
250 252
250 253
250 254
250 255
250 256
250 268
250 269
250 272
250 273
250 274
250 275
250 276
250 277
250 317
251 81
251 82
251 83
251 84
251 85
251 86
251 87
251 90
251 248
251 249
251 250
251 252
251 253
251 254
251 255
251 256
251 267
251 268
251 269
251 272
251 273
251 274
251 275
251 317
252 81
252 82
252 83
252 85
252 86
252 249
252 250
252 251
252 253
252 254
252 255
252 256
252 257
252 258
252 265
252 267
252 268
252 269
253 52
253 55
253 56
253 72
253 78
253 80
253 81
253 82
253 83
253 85
253 250
253 251
253 252
253 254
253 255
253 256
253 257
253 258
254 52
254 55
254 56
254 59
254 70
254 71
254 72
254 73
254 82
254 250
254 251
254 252
254 253
254 255
254 256
254 257
254 258
254 259
254 263
254 264
254 265
254 267
254 268
255 72
255 82
255 249
255 250
255 251
255 252
255 253
255 254
255 256
255 257
255 258
255 259
255 263
255 264
255 265
255 268
255 301
255 302
255 307
255 309
256 52
256 72
256 73
256 74
256 75
256 76
256 77
256 78
256 80
256 81
256 82
256 85
256 86
256 250
256 251
256 252
256 253
256 254
256 255
256 257
256 258
256 259
256 297
256 301
256 302
257 52
257 53
257 55
257 56
257 71
257 72
257 73
257 74
257 75
257 76
257 77
257 78
257 82
257 252
257 253
257 254
257 255
257 256
257 258
257 259
257 260
257 301
257 302
258 56
258 70
258 71
258 72
258 73
258 74
258 75
258 252
258 253
258 254
258 255
258 256
258 257
258 259
258 260
258 261
258 262
258 263
258 301
258 302
258 303
258 305
258 306
258 307
258 308
259 70
259 71
259 72
259 73
259 74
259 75
259 254
259 255
259 256
259 257
259 258
259 260
259 261
259 262
259 263
259 300
259 301
259 302
259 303
259 304
259 305
259 306
259 307
259 308
260 69
260 70
260 71
260 72
260 73
260 257
260 258
260 259
260 261
260 262
260 263
260 301
260 302
260 303
260 304
260 306
260 307
260 308
261 63
261 68
261 69
261 70
261 71
261 72
261 258
261 259
261 260
261 262
261 263
261 264
261 285
261 286
261 288
261 290
261 302
261 303
261 307
261 308
261 309
261 310
262 68
262 69
262 70
262 71
262 258
262 259
262 260
262 261
262 263
262 264
262 265
262 284
262 285
262 286
262 287
262 288
262 289
262 290
262 291
262 292
262 307
262 308
262 309
262 310
262 311
263 68
263 69
263 70
263 71
263 72
263 254
263 255
263 258
263 259
263 260
263 261
263 262
263 264
263 265
263 288
263 290
263 291
263 307
263 308
263 309
263 310
263 311
263 316
263 317
264 68
264 69
264 70
264 254
264 255
264 261
264 262
264 263
264 265
264 266
264 267
264 268
264 288
264 290
264 308
264 309
264 310
264 311
264 313
264 316
264 317
265 68
265 69
265 70
265 252
265 254
265 255
265 262
265 263
265 264
265 266
265 267
265 268
265 269
265 309
265 310
265 316
265 317
266 264
266 265
266 267
266 268
266 269
266 313
266 316
266 317
267 249
267 251
267 252
267 254
267 264
267 265
267 266
267 268
267 269
267 270
267 316
267 317
268 248
268 249
268 250
268 251
268 252
268 254
268 255
268 264
268 265
268 266
268 267
268 269
268 270
268 271
268 272
268 273
268 316
268 317
268 318
269 248
269 249
269 250
269 251
269 252
269 265
269 266
269 267
269 268
269 270
269 271
269 272
269 273
269 315
269 316
269 317
269 318
270 229
270 247
270 248
270 249
270 267
270 268
270 269
270 271
270 272
270 273
270 274
270 314
270 315
270 316
270 317
270 318
270 319
270 320
270 321
271 248
271 249
271 268
271 269
271 270
271 272
271 273
271 274
271 317
271 318
271 321
272 247
272 248
272 249
272 250
272 251
272 268
272 269
272 270
272 271
272 273
272 274
272 275
272 317
272 318
273 90
273 91
273 92
273 93
273 94
273 246
273 247
273 248
273 249
273 250
273 251
273 268
273 269
273 270
273 271
273 272
273 274
273 275
273 276
273 317
273 318
273 319
273 321
273 322
274 86
274 87
274 89
274 90
274 91
274 92
274 93
274 94
274 136
274 138
274 139
274 178
274 247
274 248
274 249
274 250
274 251
274 270
274 271
274 272
274 273
274 275
274 276
275 86
275 89
275 90
275 91
275 92
275 93
275 136
275 137
275 138
275 139
275 142
275 178
275 179
275 180
275 246
275 247
275 248
275 249
275 250
275 251
275 272
275 273
275 274
275 276
275 277
275 295
275 296
276 90
276 91
276 92
276 93
276 136
276 137
276 138
276 139
276 140
276 141
276 142
276 143
276 178
276 179
276 180
276 181
276 245
276 246
276 247
276 248
276 249
276 250
276 273
276 274
276 275
276 277
276 278
276 294
276 295
276 296
276 319
276 322
276 323
277 90
277 92
277 138
277 139
277 140
277 141
277 142
277 143
277 145
277 146
277 181
277 244
277 245
277 246
277 247
277 248
277 250
277 275
277 276
277 278
277 279
277 280
277 293
277 294
277 295
277 296
277 306
277 319
277 323
278 126
278 138
278 139
278 141
278 142
278 143
278 144
278 145
278 146
278 243
278 244
278 245
278 246
278 247
278 276
278 277
278 279
278 280
278 281
278 291
278 292
278 293
278 294
278 295
278 296
278 306
278 319
278 323
278 324
278 325
279 119
279 120
279 142
279 145
279 146
279 234
279 235
279 238
279 242
279 243
279 244
279 245
279 246
279 247
279 277
279 278
279 280
279 281
279 282
279 291
279 292
279 293
279 294
279 295
279 306
279 307
279 308
279 309
279 319
279 320
279 323
280 118
280 119
280 120
280 121
280 125
280 126
280 145
280 146
280 149
280 238
280 239
280 242
280 243
280 244
280 245
280 277
280 278
280 279
280 281
280 282
280 291
280 292
280 293
280 294
280 306
281 117
281 118
281 119
281 120
281 121
281 122
281 235
281 238
281 239
281 242
281 243
281 244
281 278
281 279
281 280
281 282
281 283
281 290
281 291
281 292
281 293
281 294
281 308
282 115
282 116
282 117
282 118
282 119
282 120
282 235
282 238
282 239
282 279
282 280
282 281
282 283
282 284
282 285
282 289
282 290
282 291
282 292
282 293
282 308
282 309
282 310
282 311
283 115
283 116
283 117
283 118
283 119
283 281
283 282
283 284
283 285
283 287
283 288
283 289
283 290
283 291
283 292
283 308
283 310
283 311
284 116
284 117
284 262
284 282
284 283
284 285
284 286
284 287
284 288
284 289
284 290
284 291
284 308
284 310
284 311
285 69
285 261
285 262
285 282
285 283
285 284
285 286
285 287
285 288
285 289
285 290
285 308
286 69
286 261
286 262
286 284
286 285
286 287
286 288
286 289
287 69
287 262
287 283
287 284
287 285
287 286
287 288
287 289
287 290
288 69
288 261
288 262
288 263
288 264
288 283
288 284
288 285
288 286
288 287
288 289
288 290
288 308
288 309
288 310
288 311
288 312
288 313
289 116
289 117
289 262
289 282
289 283
289 284
289 285
289 286
289 287
289 288
289 290
289 291
289 308
289 309
289 310
289 311
289 312
289 313
290 117
290 261
290 262
290 263
290 264
290 281
290 282
290 283
290 284
290 285
290 287
290 288
290 289
290 291
290 292
290 293
290 307
290 308
290 309
290 310
290 311
290 312
290 313
291 117
291 118
291 119
291 231
291 234
291 235
291 238
291 262
291 263
291 278
291 279
291 280
291 281
291 282
291 283
291 284
291 289
291 290
291 292
291 293
291 294
291 307
291 308
291 309
291 310
291 311
291 312
291 319
292 117
292 118
292 119
292 120
292 121
292 243
292 262
292 278
292 279
292 280
292 281
292 282
292 283
292 290
292 291
292 293
292 294
292 295
292 306
292 307
292 308
292 309
292 310
292 311
293 243
293 244
293 245
293 246
293 277
293 278
293 279
293 280
293 281
293 282
293 290
293 291
293 292
293 294
293 295
293 305
293 306
293 307
293 308
293 309
293 319
294 121
294 126
294 127
294 128
294 129
294 130
294 141
294 142
294 145
294 243
294 245
294 276
294 277
294 278
294 279
294 280
294 281
294 291
294 292
294 293
294 295
294 296
294 297
294 298
294 299
294 302
294 303
294 304
294 305
294 306
294 307
294 308
295 129
295 130
295 131
295 132
295 138
295 141
295 142
295 145
295 275
295 276
295 277
295 278
295 279
295 292
295 293
295 294
295 296
295 297
295 298
295 299
295 301
295 302
295 303
295 304
295 305
295 306
295 307
296 89
296 90
296 128
296 129
296 130
296 131
296 132
296 133
296 137
296 138
296 139
296 140
296 141
296 142
296 145
296 275
296 276
296 277
296 278
296 294
296 295
296 297
296 298
296 299
296 301
296 305
296 306
297 76
297 77
297 89
297 90
297 129
297 130
297 131
297 132
297 133
297 134
297 138
297 256
297 294
297 295
297 296
297 298
297 299
297 300
297 301
297 302
297 304
297 305
297 306
298 76
298 128
298 129
298 130
298 131
298 132
298 133
298 294
298 295
298 296
298 297
298 299
298 300
298 301
298 302
298 304
298 305
298 306
299 75
299 128
299 129
299 130
299 131
299 294
299 295
299 296
299 297
299 298
299 300
299 301
299 302
299 303
299 304
299 305
299 306
300 32
300 74
300 75
300 76
300 77
300 129
300 131
300 259
300 297
300 298
300 299
300 301
300 302
300 303
300 304
300 305
300 306
301 73
301 74
301 75
301 76
301 77
301 131
301 255
301 256
301 257
301 258
301 259
301 260
301 295
301 296
301 297
301 298
301 299
301 300
301 302
301 303
301 304
301 305
301 306
301 307
302 71
302 72
302 73
302 74
302 75
302 255
302 256
302 257
302 258
302 259
302 260
302 261
302 294
302 295
302 297
302 298
302 299
302 300
302 301
302 303
302 304
302 305
302 306
302 307
302 308
303 258
303 259
303 260
303 261
303 294
303 295
303 299
303 300
303 301
303 302
303 304
303 305
303 306
303 307
303 308
304 128
304 129
304 259
304 260
304 294
304 295
304 297
304 298
304 299
304 300
304 301
304 302
304 303
304 305
304 306
304 307
305 128
305 129
305 130
305 131
305 258
305 259
305 293
305 294
305 295
305 296
305 297
305 298
305 299
305 300
305 301
305 302
305 303
305 304
305 306
305 307
306 129
306 258
306 259
306 260
306 277
306 278
306 279
306 280
306 292
306 293
306 294
306 295
306 296
306 297
306 298
306 299
306 300
306 301
306 302
306 303
306 304
306 305
306 307
306 308
306 309
307 70
307 255
307 258
307 259
307 260
307 261
307 262
307 263
307 279
307 290
307 291
307 292
307 293
307 294
307 295
307 301
307 302
307 303
307 304
307 305
307 306
307 308
307 309
307 310
308 70
308 258
308 259
308 260
308 261
308 262
308 263
308 264
308 279
308 281
308 282
308 283
308 284
308 285
308 288
308 289
308 290
308 291
308 292
308 293
308 294
308 302
308 303
308 306
308 307
308 309
308 310
308 311
309 70
309 248
309 255
309 261
309 262
309 263
309 264
309 265
309 279
309 282
309 288
309 289
309 290
309 291
309 292
309 293
309 306
309 307
309 308
309 310
309 311
309 313
309 316
309 317
309 319
310 69
310 261
310 262
310 263
310 264
310 265
310 282
310 283
310 284
310 288
310 289
310 290
310 291
310 292
310 307
310 308
310 309
310 311
310 312
310 313
310 314
310 315
310 316
310 317
310 319
311 231
311 232
311 235
311 262
311 263
311 264
311 282
311 283
311 284
311 288
311 289
311 290
311 291
311 292
311 308
311 309
311 310
311 312
311 313
311 314
311 315
311 316
311 319
311 320
312 230
312 231
312 232
312 288
312 289
312 290
312 291
312 310
312 311
312 313
312 314
312 315
312 316
313 231
313 264
313 266
313 288
313 289
313 290
313 309
313 310
313 311
313 312
313 314
313 315
313 316
313 317
314 229
314 230
314 231
314 270
314 310
314 311
314 312
314 313
314 315
314 316
314 317
314 318
314 319
314 320
315 228
315 229
315 230
315 231
315 248
315 269
315 270
315 310
315 311
315 312
315 313
315 314
315 316
315 317
315 318
315 319
315 320
315 321
316 229
316 231
316 248
316 249
316 263
316 264
316 265
316 266
316 267
316 268
316 269
316 270
316 309
316 310
316 311
316 312
316 313
316 314
316 315
316 317
316 318
316 319
316 320
316 321
317 247
317 248
317 249
317 250
317 251
317 263
317 264
317 265
317 266
317 267
317 268
317 269
317 270
317 271
317 272
317 273
317 309
317 310
317 313
317 314
317 315
317 316
317 318
317 319
317 320
317 321
318 228
318 229
318 230
318 231
318 246
318 247
318 248
318 249
318 268
318 269
318 270
318 271
318 272
318 273
318 314
318 315
318 316
318 317
318 319
318 320
318 321
318 322
318 323
319 228
319 229
319 230
319 231
319 234
319 245
319 246
319 247
319 248
319 249
319 270
319 273
319 276
319 277
319 278
319 279
319 291
319 293
319 309
319 310
319 311
319 314
319 315
319 316
319 317
319 318
319 320
319 321
319 322
319 323
320 226
320 227
320 228
320 229
320 230
320 231
320 232
320 233
320 234
320 235
320 245
320 246
320 247
320 248
320 270
320 279
320 311
320 314
320 315
320 316
320 317
320 318
320 319
320 321
320 322
320 323
320 324
321 225
321 226
321 227
321 228
321 229
321 230
321 231
321 234
321 246
321 247
321 248
321 270
321 271
321 273
321 315
321 316
321 317
321 318
321 319
321 320
321 322
321 323
321 324
322 94
322 180
322 181
322 182
322 225
322 226
322 227
322 228
322 229
322 230
322 245
322 246
322 247
322 248
322 273
322 276
322 318
322 319
322 320
322 321
322 323
322 324
323 106
323 181
323 182
323 224
323 225
323 226
323 227
323 228
323 229
323 230
323 231
323 233
323 234
323 237
323 244
323 245
323 246
323 247
323 248
323 276
323 277
323 278
323 279
323 318
323 319
323 320
323 321
323 322
323 324
323 325
324 104
324 105
324 106
324 142
324 143
324 146
324 181
324 182
324 185
324 223
324 224
324 225
324 226
324 227
324 234
324 237
324 243
324 244
324 245
324 246
324 247
324 278
324 320
324 321
324 322
324 323
324 325
324 326
324 327
325 104
325 106
325 142
325 143
325 145
325 146
325 147
325 149
325 150
325 181
325 182
325 185
325 222
325 223
325 224
325 225
325 226
325 237
325 238
325 241
325 242
325 243
325 244
325 245
325 246
325 278
325 323
325 324
325 326
325 327
325 328
326 143
326 144
326 146
326 147
326 148
326 149
326 150
326 151
326 181
326 182
326 184
326 185
326 186
326 188
326 189
326 219
326 220
326 221
326 222
326 223
326 224
326 225
326 241
326 242
326 243
326 244
326 245
326 324
326 325
326 327
326 328
327 146
327 147
327 150
327 151
327 185
327 189
327 219
327 220
327 221
327 222
327 223
327 224
327 241
327 324
327 325
327 326
327 328
328 147
328 150
328 151
328 153
328 154
328 189
328 218
328 219
328 220
328 221
328 222
328 223
328 325
328 326
328 327
