0 1
0 2
0 3
1 0
1 2
1 3
1 4
2 0
2 1
2 3
2 4
2 5
2 18
2 19
2 20
3 0
3 1
3 2
3 4
3 5
3 6
3 16
3 17
3 18
3 19
4 1
4 2
4 3
4 5
4 6
4 7
4 15
4 16
4 17
4 18
4 19
4 20
4 21
5 2
5 3
5 4
5 6
5 7
5 8
5 15
5 16
5 17
5 18
5 19
6 3
6 4
6 5
6 7
6 8
6 14
6 15
6 16
6 17
6 18
7 4
7 5
7 6
7 8
7 9
7 12
7 13
7 14
7 15
7 16
7 17
8 5
8 6
8 7
8 9
8 10
8 11
8 12
8 13
8 14
8 15
8 16
8 17
9 7
9 8
9 10
9 11
9 12
9 13
9 14
9 15
10 8
10 9
10 11
10 12
10 13
10 14
11 8
11 9
11 10
11 12
11 13
11 14
12 7
12 8
12 9
12 10
12 11
12 13
12 14
12 15
13 7
13 8
13 9
13 10
13 11
13 12
13 14
13 15
14 6
14 7
14 8
14 9
14 10
14 11
14 12
14 13
14 15
14 16
14 17
15 4
15 5
15 6
15 7
15 8
15 9
15 12
15 13
15 14
15 16
15 17
15 18
16 3
16 4
16 5
16 6
16 7
16 8
16 14
16 15
16 17
16 18
16 19
17 3
17 4
17 5
17 6
17 7
17 8
17 14
17 15
17 16
17 18
17 19
17 20
17 21
17 22
18 2
18 3
18 4
18 5
18 6
18 15
18 16
18 17
18 19
18 20
18 21
18 22
18 24
19 2
19 3
19 4
19 5
19 16
19 17
19 18
19 20
19 21
19 22
19 23
19 24
20 2
20 4
20 17
20 18
20 19
20 21
20 22
20 23
20 24
20 535
20 536
21 4
21 17
21 18
21 19
21 20
21 22
21 23
21 24
21 25
21 26
21 535
21 536
22 17
22 18
22 19
22 20
22 21
22 23
22 24
22 25
22 535
22 536
23 19
23 20
23 21
23 22
23 24
23 25
23 26
23 534
23 535
23 536
23 537
23 538
24 18
24 19
24 20
24 21
24 22
24 23
24 25
24 26
24 27
24 532
24 533
24 534
24 535
24 536
24 537
25 21
25 22
25 23
25 24
25 26
25 27
25 532
25 533
25 534
25 535
25 536
26 21
26 23
26 24
26 25
26 27
26 28
26 32
26 531
26 532
26 533
26 534
26 535
27 24
27 25
27 26
27 28
27 29
27 30
27 31
27 32
27 33
27 35
27 530
27 531
27 532
27 533
27 534
28 26
28 27
28 29
28 30
28 31
28 32
28 33
28 529
28 530
28 531
28 532
28 533
29 27
29 28
29 30
29 31
29 32
29 33
29 34
29 529
29 530
29 531
29 532
30 27
30 28
30 29
30 31
30 32
30 33
30 34
30 35
30 36
30 120
30 123
30 124
30 126
30 129
30 530
30 531
31 27
31 28
31 29
31 30
31 32
31 33
31 34
31 35
31 36
31 37
31 530
31 531
32 26
32 27
32 28
32 29
32 30
32 31
32 33
32 34
32 35
32 36
32 37
32 38
32 527
32 529
32 530
32 531
32 532
33 27
33 28
33 29
33 30
33 31
33 32
33 34
33 35
33 36
33 37
33 38
33 39
33 116
33 119
33 120
33 123
33 129
33 526
33 527
33 528
33 529
33 530
33 531
33 532
34 29
34 30
34 31
34 32
34 33
34 35
34 36
34 37
34 38
34 39
34 40
34 116
34 117
34 119
34 120
34 123
34 124
34 527
34 530
35 27
35 30
35 31
35 32
35 33
35 34
35 36
35 37
35 38
35 39
35 40
35 41
35 84
35 86
36 30
36 31
36 32
36 33
36 34
36 35
36 37
36 38
36 39
36 40
36 41
36 84
36 85
36 86
36 87
36 116
36 526
36 527
36 529
36 530
36 532
37 31
37 32
37 33
37 34
37 35
37 36
37 38
37 39
37 40
37 41
37 42
37 86
37 87
37 112
37 113
37 114
37 115
37 116
37 117
37 118
37 119
37 120
37 523
37 526
37 527
38 32
38 33
38 34
38 35
38 36
38 37
38 39
38 40
38 41
38 42
38 43
38 44
38 86
38 87
38 113
38 116
38 117
38 120
39 33
39 34
39 35
39 36
39 37
39 38
39 40
39 41
39 42
39 43
39 44
39 82
39 84
39 85
39 86
39 87
39 88
39 90
39 113
40 34
40 35
40 36
40 37
40 38
40 39
40 41
40 42
40 43
40 44
40 45
40 46
40 84
40 85
40 86
40 87
40 88
40 89
40 90
40 91
40 109
40 110
40 112
40 113
40 114
40 115
40 116
40 117
40 523
40 526
41 35
41 36
41 37
41 38
41 39
41 40
41 42
41 43
41 44
41 45
41 46
41 47
41 87
41 90
41 109
41 110
41 112
41 113
41 114
41 115
41 116
41 117
42 37
42 38
42 39
42 40
42 41
42 43
42 44
42 45
42 46
42 47
42 87
42 113
43 38
43 39
43 40
43 41
43 42
43 44
43 45
43 46
43 47
43 48
43 77
43 80
43 82
43 86
43 87
43 88
43 90
43 91
43 109
43 110
43 113
44 38
44 39
44 40
44 41
44 42
44 43
44 45
44 46
44 47
44 48
44 49
44 87
44 90
44 106
44 107
44 108
44 109
44 110
44 111
44 112
44 113
44 114
45 40
45 41
45 42
45 43
45 44
45 46
45 47
45 48
45 49
45 50
45 109
45 110
45 113
45 114
45 460
46 40
46 41
46 42
46 43
46 44
46 45
46 47
46 48
46 49
46 50
46 58
46 73
46 76
46 77
46 106
46 109
46 110
47 41
47 42
47 43
47 44
47 45
47 46
47 48
47 49
47 50
47 51
47 55
47 56
47 57
47 58
47 71
47 72
47 73
47 74
47 76
47 77
47 105
47 106
47 107
47 109
47 110
47 113
48 43
48 44
48 45
48 46
48 47
48 49
48 50
48 51
48 52
48 55
48 56
48 73
48 106
48 107
48 109
48 110
48 111
48 113
48 456
48 457
48 459
48 460
48 461
48 463
48 464
49 44
49 45
49 46
49 47
49 48
49 50
49 51
49 52
49 54
49 55
49 56
49 57
49 58
49 71
49 106
49 110
49 460
49 461
49 463
49 464
50 45
50 46
50 47
50 48
50 49
50 51
50 52
50 53
50 54
50 55
50 56
50 57
50 58
50 70
50 71
50 72
50 73
50 76
50 106
50 107
50 174
50 175
50 460
50 461
50 464
51 47
51 48
51 49
51 50
51 52
51 53
51 54
51 55
51 56
51 57
51 71
51 72
51 73
51 104
51 105
51 106
51 107
51 110
51 174
51 457
51 458
51 460
51 461
51 462
51 463
51 464
51 465
52 48
52 49
52 50
52 51
52 53
52 54
52 55
52 56
52 71
52 106
52 107
52 170
52 171
52 173
52 174
52 175
52 420
52 421
52 422
52 457
52 458
52 460
52 461
52 462
52 464
52 465
52 492
53 50
53 51
53 52
53 54
53 55
53 56
53 170
53 171
53 172
53 173
53 174
53 175
53 178
53 421
53 461
53 464
53 465
53 492
53 493
54 49
54 50
54 51
54 52
54 53
54 55
54 56
54 57
54 173
54 174
54 175
54 461
54 462
54 463
54 464
54 465
54 466
54 492
54 493
55 47
55 48
55 49
55 50
55 51
55 52
55 53
55 54
55 56
55 57
55 58
55 71
55 174
55 175
55 460
55 461
55 463
55 464
55 465
56 47
56 48
56 49
56 50
56 51
56 52
56 53
56 54
56 55
56 57
56 58
56 59
56 69
56 70
56 71
56 174
56 175
56 176
56 464
57 47
57 49
57 50
57 51
57 54
57 55
57 56
57 58
57 59
57 60
57 68
57 69
57 70
57 71
57 72
57 73
57 76
57 174
57 175
57 176
58 46
58 47
58 49
58 50
58 55
58 56
58 57
58 59
58 60
58 61
58 68
58 69
58 70
58 71
58 72
58 73
58 75
58 76
59 56
59 57
59 58
59 60
59 61
59 67
59 68
59 69
59 70
59 71
59 76
60 57
60 58
60 59
60 61
60 62
60 65
60 66
60 67
60 68
60 69
60 70
60 75
60 76
60 77
60 79
60 80
61 58
61 59
61 60
61 62
61 63
61 64
61 65
61 66
61 67
61 68
61 69
61 79
61 80
62 60
62 61
62 63
62 64
62 65
62 66
62 67
62 68
62 79
62 80
62 81
63 61
63 62
63 64
63 65
63 66
63 67
63 79
63 81
64 61
64 62
64 63
64 65
64 66
64 67
65 60
65 61
65 62
65 63
65 64
65 66
65 67
65 68
66 60
66 61
66 62
66 63
66 64
66 65
66 67
66 68
66 392
67 59
67 60
67 61
67 62
67 63
67 64
67 65
67 66
67 68
67 69
67 70
67 391
67 392
68 57
68 58
68 59
68 60
68 61
68 62
68 65
68 66
68 67
68 69
68 70
68 75
68 76
68 79
68 391
68 392
68 393
68 395
68 396
69 56
69 57
69 58
69 59
69 60
69 61
69 67
69 68
69 70
69 71
69 72
69 75
69 76
69 176
69 392
69 393
69 395
69 396
70 50
70 56
70 57
70 58
70 59
70 60
70 67
70 68
70 69
70 71
70 72
70 73
70 74
70 75
70 76
70 175
70 176
70 392
70 393
70 395
70 396
70 397
70 399
70 400
71 47
71 49
71 50
71 51
71 52
71 55
71 56
71 57
71 58
71 59
71 69
71 70
71 72
71 73
71 74
71 75
71 76
71 105
71 106
71 174
71 175
71 176
71 396
71 399
71 400
72 47
72 50
72 51
72 57
72 58
72 69
72 70
72 71
72 73
72 74
72 75
72 76
72 77
72 94
72 98
72 103
72 104
72 105
72 106
72 174
72 175
72 396
72 399
72 400
72 403
73 46
73 47
73 48
73 50
73 51
73 57
73 58
73 70
73 71
73 72
73 74
73 75
73 76
73 77
73 78
73 79
73 91
73 94
73 95
73 97
73 98
73 103
73 104
73 105
73 106
73 107
73 108
73 109
73 110
74 47
74 70
74 71
74 72
74 73
74 75
74 76
74 77
74 78
74 79
74 90
74 91
74 92
74 93
74 94
74 95
74 96
74 97
74 98
74 99
74 102
74 103
74 104
74 105
74 106
74 109
75 58
75 60
75 68
75 69
75 70
75 71
75 72
75 73
75 74
75 76
75 77
75 78
75 79
75 80
75 91
75 94
75 95
75 98
75 105
75 106
75 399
76 46
76 47
76 50
76 57
76 58
76 59
76 60
76 68
76 69
76 70
76 71
76 72
76 73
76 74
76 75
76 77
76 78
76 79
76 80
76 91
76 94
76 105
76 106
77 43
77 46
77 47
77 60
77 72
77 73
77 74
77 75
77 76
77 78
77 79
77 80
77 81
77 82
77 87
77 88
77 90
77 91
77 92
77 93
77 94
77 95
77 105
77 106
77 109
78 73
78 74
78 75
78 76
78 77
78 79
78 80
78 81
78 82
78 88
78 91
78 92
78 94
78 95
79 60
79 61
79 62
79 63
79 68
79 73
79 74
79 75
79 76
79 77
79 78
79 80
79 81
79 82
79 91
80 43
80 60
80 61
80 62
80 75
80 76
80 77
80 78
80 79
80 81
80 82
80 83
80 87
80 88
80 91
81 62
81 63
81 77
81 78
81 79
81 80
81 82
81 83
81 84
81 87
81 88
82 39
82 43
82 77
82 78
82 79
82 80
82 81
82 83
82 84
82 85
82 86
82 87
82 88
82 91
83 80
83 81
83 82
83 84
83 85
83 86
83 87
83 88
84 35
84 36
84 39
84 40
84 81
84 82
84 83
84 85
84 86
84 87
84 88
84 89
85 36
85 39
85 40
85 82
85 83
85 84
85 86
85 87
85 88
85 89
85 90
85 91
85 532
86 35
86 36
86 37
86 38
86 39
86 40
86 43
86 82
86 83
86 84
86 85
86 87
86 88
86 89
86 90
86 91
86 92
86 522
86 526
86 529
87 36
87 37
87 38
87 39
87 40
87 41
87 42
87 43
87 44
87 77
87 80
87 81
87 82
87 83
87 84
87 85
87 86
87 88
87 89
87 90
87 91
87 92
87 93
88 39
88 40
88 43
88 77
88 78
88 80
88 81
88 82
88 83
88 84
88 85
88 86
88 87
88 89
88 90
88 91
88 92
88 93
89 40
89 84
89 85
89 86
89 87
89 88
89 90
89 91
89 92
89 93
89 94
89 95
89 522
89 525
89 526
90 39
90 40
90 41
90 43
90 44
90 74
90 77
90 85
90 86
90 87
90 88
90 89
90 91
90 92
90 93
90 94
90 95
90 96
90 108
90 109
90 110
90 112
90 113
90 519
90 522
90 523
91 40
91 43
91 73
91 74
91 75
91 76
91 77
91 78
91 79
91 80
91 82
91 85
91 86
91 87
91 88
91 89
91 90
91 92
91 93
91 94
91 95
91 96
91 105
91 109
92 74
92 77
92 78
92 86
92 87
92 88
92 89
92 90
92 91
92 93
92 94
92 95
92 96
92 97
92 98
92 109
92 522
93 74
93 77
93 87
93 88
93 89
93 90
93 91
93 92
93 94
93 95
93 96
93 97
93 98
93 105
93 106
93 108
93 109
93 112
93 515
93 518
93 519
93 521
93 522
94 72
94 73
94 74
94 75
94 76
94 77
94 78
94 89
94 90
94 91
94 92
94 93
94 95
94 96
94 97
94 98
94 99
94 102
94 103
94 104
94 105
94 106
94 107
94 108
94 109
94 110
94 515
94 518
94 519
95 73
95 74
95 75
95 77
95 78
95 89
95 90
95 91
95 92
95 93
95 94
95 96
95 97
95 98
95 99
95 100
95 101
95 102
95 105
95 106
96 74
96 90
96 91
96 92
96 93
96 94
96 95
96 97
96 98
96 99
96 100
96 101
96 102
96 105
96 108
96 514
96 515
96 518
97 73
97 74
97 92
97 93
97 94
97 95
97 96
97 98
97 99
97 100
97 101
97 102
97 103
97 104
97 105
97 106
97 107
97 108
97 109
97 511
97 514
97 515
97 518
97 519
98 72
98 73
98 74
98 75
98 92
98 93
98 94
98 95
98 96
98 97
98 99
98 100
98 101
98 102
98 103
98 104
98 105
98 106
98 402
98 403
98 406
98 511
99 74
99 94
99 95
99 96
99 97
99 98
99 100
99 101
99 102
99 103
99 105
99 406
100 95
100 96
100 97
100 98
100 99
100 101
100 102
100 103
100 406
100 410
100 510
100 511
100 514
101 95
101 96
101 97
101 98
101 99
101 100
101 102
101 103
101 104
101 105
101 403
101 406
101 407
101 409
101 410
101 508
101 510
101 511
101 512
101 514
101 515
102 74
102 94
102 95
102 96
102 97
102 98
102 99
102 100
102 101
102 103
102 104
102 105
102 399
102 400
102 402
102 403
102 404
102 405
102 406
102 407
102 409
102 410
102 511
103 72
103 73
103 74
103 94
103 97
103 98
103 99
103 100
103 101
103 102
103 104
103 105
103 106
103 107
103 108
103 171
103 400
103 402
103 403
103 404
103 405
103 406
103 407
103 410
103 507
103 508
103 511
103 512
103 515
104 51
104 72
104 73
104 74
104 94
104 97
104 98
104 101
104 102
104 103
104 105
104 106
104 107
104 108
104 109
104 110
104 171
104 403
104 507
104 511
104 512
104 514
104 515
105 47
105 51
105 71
105 72
105 73
105 74
105 75
105 76
105 77
105 91
105 93
105 94
105 95
105 96
105 97
105 98
105 99
105 101
105 102
105 103
105 104
105 106
105 107
105 108
105 109
105 110
105 403
105 511
105 515
106 44
106 46
106 47
106 48
106 49
106 50
106 51
106 52
106 71
106 72
106 73
106 74
106 75
106 76
106 77
106 93
106 94
106 95
106 97
106 98
106 103
106 104
106 105
106 107
106 108
106 109
106 110
106 111
106 515
107 44
107 47
107 48
107 50
107 51
107 52
107 73
107 94
107 97
107 103
107 104
107 105
107 106
107 108
107 109
107 110
107 111
107 112
107 113
107 456
107 457
107 460
107 512
107 515
107 516
107 519
108 44
108 73
108 90
108 93
108 94
108 96
108 97
108 103
108 104
108 105
108 106
108 107
108 109
108 110
108 111
108 112
108 113
108 114
108 457
108 511
108 512
108 514
108 515
108 516
108 517
108 518
108 519
108 520
109 40
109 41
109 43
109 44
109 45
109 46
109 47
109 48
109 73
109 74
109 77
109 90
109 91
109 92
109 93
109 94
109 97
109 104
109 105
109 106
109 107
109 108
109 110
109 111
109 112
109 113
109 114
109 115
109 515
109 518
109 519
109 522
110 40
110 41
110 43
110 44
110 45
110 46
110 47
110 48
110 49
110 51
110 73
110 90
110 94
110 104
110 105
110 106
110 107
110 108
110 109
110 111
110 112
110 113
110 114
110 115
110 453
110 454
110 456
110 457
110 460
110 519
111 44
111 48
111 106
111 107
111 108
111 109
111 110
111 112
111 113
111 114
111 115
111 116
111 117
111 450
111 453
111 454
111 455
111 456
111 457
111 515
111 516
111 518
111 519
111 520
111 523
112 37
112 40
112 41
112 44
112 90
112 93
112 107
112 108
112 109
112 110
112 111
112 113
112 114
112 115
112 116
112 117
112 453
112 454
112 515
112 516
112 518
112 519
112 520
112 521
112 522
112 523
112 524
113 37
113 38
113 39
113 40
113 41
113 42
113 43
113 44
113 45
113 47
113 48
113 90
113 107
113 108
113 109
113 110
113 111
113 112
113 114
113 115
113 116
113 117
113 118
113 119
113 453
113 456
113 519
113 523
114 37
114 40
114 41
114 44
114 45
114 108
114 109
114 110
114 111
114 112
114 113
114 115
114 116
114 117
114 118
114 119
114 120
114 449
114 450
114 452
114 453
114 454
114 455
114 456
114 457
114 519
114 523
115 37
115 40
115 41
115 109
115 110
115 111
115 112
115 113
115 114
115 116
115 117
115 118
115 119
115 120
115 136
115 446
115 449
115 450
115 451
115 452
115 453
115 454
115 456
115 519
115 520
115 522
115 523
115 524
116 33
116 34
116 36
116 37
116 38
116 40
116 41
116 111
116 112
116 113
116 114
116 115
116 117
116 118
116 119
116 120
116 121
116 122
116 449
116 450
116 453
116 519
116 520
116 522
116 523
116 524
116 526
116 527
117 34
117 37
117 38
117 40
117 41
117 111
117 112
117 113
117 114
117 115
117 116
117 118
117 119
117 120
117 121
117 122
117 449
117 453
118 37
118 113
118 114
118 115
118 116
118 117
118 119
118 120
118 121
118 122
118 123
118 132
118 446
118 448
118 449
118 450
118 451
118 452
118 453
119 33
119 34
119 37
119 113
119 114
119 115
119 116
119 117
119 118
119 120
119 121
119 122
119 123
119 124
119 125
119 127
119 129
119 132
119 133
119 136
119 445
119 446
119 449
119 450
119 453
119 523
119 527
120 30
120 33
120 34
120 37
120 38
120 114
120 115
120 116
120 117
120 118
120 119
120 121
120 122
120 123
120 124
120 125
120 126
120 127
120 129
120 527
121 116
121 117
121 118
121 119
121 120
121 122
121 123
121 124
121 125
121 126
121 127
121 449
122 116
122 117
122 118
122 119
122 120
122 121
122 123
122 124
122 125
122 126
122 127
122 128
122 129
122 132
122 445
122 446
122 449
123 30
123 33
123 34
123 118
123 119
123 120
123 121
123 122
123 124
123 125
123 126
123 127
123 128
123 129
123 132
124 30
124 34
124 119
124 120
124 121
124 122
124 123
124 125
124 126
124 127
124 128
125 119
125 120
125 121
125 122
125 123
125 124
125 126
125 127
125 128
126 30
126 120
126 121
126 122
126 123
126 124
126 125
126 127
126 128
126 129
127 119
127 120
127 121
127 122
127 123
127 124
127 125
127 126
127 128
127 129
127 130
127 131
127 132
127 442
127 443
127 445
127 446
128 122
128 123
128 124
128 125
128 126
128 127
128 129
128 130
128 131
128 132
128 133
128 442
128 527
129 30
129 33
129 119
129 120
129 122
129 123
129 126
129 127
129 128
129 130
129 131
129 132
129 133
129 134
129 135
129 524
129 526
129 527
129 528
129 529
129 530
130 127
130 128
130 129
130 131
130 132
130 133
130 134
130 135
130 136
130 524
130 525
130 527
130 528
131 127
131 128
131 129
131 130
131 132
131 133
131 134
131 135
131 136
131 137
131 442
131 443
131 445
131 446
131 524
131 527
132 118
132 119
132 122
132 123
132 127
132 128
132 129
132 130
132 131
132 133
132 134
132 135
132 136
132 137
132 138
132 442
132 443
132 444
132 445
132 446
132 447
132 449
132 450
132 523
132 524
132 527
133 119
133 128
133 129
133 130
133 131
133 132
133 134
133 135
133 136
133 137
133 138
133 139
133 443
133 446
133 447
133 520
133 521
133 523
133 524
133 525
133 526
133 527
133 528
134 129
134 130
134 131
134 132
134 133
134 135
134 136
134 137
134 138
134 139
134 140
134 443
134 446
134 447
134 520
134 524
135 129
135 130
135 131
135 132
135 133
135 134
135 136
135 137
135 138
135 139
135 140
135 436
135 441
135 442
135 443
135 444
135 445
135 446
135 447
135 448
135 449
135 450
135 524
136 115
136 119
136 130
136 131
136 132
136 133
136 134
136 135
136 137
136 138
136 139
136 140
136 141
136 142
136 443
136 444
136 445
136 446
136 447
136 448
136 449
136 450
136 451
136 520
136 521
136 523
136 524
137 131
137 132
137 133
137 134
137 135
137 136
137 138
137 139
137 140
137 141
137 142
137 143
137 443
137 446
137 447
137 450
137 516
137 517
137 520
137 521
137 523
137 524
138 132
138 133
138 134
138 135
138 136
138 137
138 139
138 140
138 141
138 142
138 143
138 432
138 435
138 436
138 443
138 444
138 446
138 447
138 450
138 520
139 133
139 134
139 135
139 136
139 137
139 138
139 140
139 141
139 142
139 143
139 144
139 428
139 429
139 431
139 432
139 433
139 435
139 436
139 443
139 444
139 446
139 447
139 448
139 449
139 450
139 451
139 516
139 520
140 134
140 135
140 136
140 137
140 138
140 139
140 141
140 142
140 143
140 144
140 145
140 146
140 428
140 432
140 447
140 450
140 451
140 513
140 516
140 517
140 518
140 519
140 520
140 521
141 136
141 137
141 138
141 139
141 140
141 142
141 143
141 144
141 145
141 146
141 147
141 432
141 513
141 516
141 517
141 520
142 136
142 137
142 138
142 139
142 140
142 141
142 143
142 144
142 145
142 146
142 147
142 428
142 429
142 431
142 432
142 433
142 435
142 436
142 447
143 137
143 138
143 139
143 140
143 141
143 142
143 144
143 145
143 146
143 147
143 148
143 149
143 424
143 425
143 427
143 428
143 429
143 430
143 431
143 432
143 435
143 450
143 451
143 454
143 512
143 513
143 516
143 517
144 139
144 140
144 141
144 142
144 143
144 145
144 146
144 147
144 148
144 149
144 428
144 509
144 510
144 512
144 513
144 514
144 516
144 517
145 140
145 141
145 142
145 143
145 144
145 146
145 147
145 148
145 149
145 150
145 428
145 431
145 513
146 140
146 141
146 142
146 143
146 144
146 145
146 147
146 148
146 149
146 150
146 151
146 424
146 427
146 428
146 429
146 430
146 431
146 432
147 141
147 142
147 143
147 144
147 145
147 146
147 148
147 149
147 150
147 151
147 152
147 416
147 417
147 418
147 424
147 425
147 427
147 428
147 431
147 486
147 509
147 510
147 512
147 513
148 143
148 144
148 145
148 146
148 147
148 149
148 150
148 151
148 152
148 416
148 417
148 418
148 509
148 510
148 513
149 143
149 144
149 145
149 146
149 147
149 148
149 150
149 151
149 152
149 418
150 145
150 146
150 147
150 148
150 149
150 151
150 152
150 416
150 417
150 418
150 419
150 424
150 427
150 428
150 485
150 486
150 487
150 509
151 146
151 147
151 148
151 149
151 150
151 152
151 153
151 154
151 415
151 416
151 417
151 418
151 419
151 424
151 486
151 487
151 508
151 509
152 147
152 148
152 149
152 150
152 151
152 153
152 154
152 155
152 415
152 416
152 417
152 418
152 419
152 506
152 508
152 509
153 151
153 152
153 154
153 155
153 156
153 411
153 414
153 415
153 416
153 417
153 418
153 509
154 151
154 152
154 153
154 155
154 156
154 157
154 163
154 164
154 411
154 412
154 414
154 415
154 416
154 417
155 152
155 153
155 154
155 156
155 157
155 158
155 160
155 161
155 163
155 164
155 411
155 412
155 415
155 416
156 153
156 154
156 155
156 157
156 158
156 159
156 160
156 161
156 162
156 163
156 164
156 193
156 198
156 408
156 411
156 412
156 414
156 415
157 154
157 155
157 156
157 158
157 159
157 160
157 161
157 162
157 163
157 164
157 193
158 155
158 156
158 157
158 159
158 160
158 161
158 162
158 190
158 193
158 194
158 198
159 156
159 157
159 158
159 160
159 161
159 162
160 155
160 156
160 157
160 158
160 159
160 161
160 162
160 163
160 164
160 165
161 155
161 156
161 157
161 158
161 159
161 160
161 162
161 163
161 164
161 165
161 166
161 186
161 189
161 190
161 193
162 156
162 157
162 158
162 159
162 160
162 161
162 163
162 164
162 165
162 166
162 167
162 168
162 185
162 186
162 189
163 154
163 155
163 156
163 157
163 160
163 161
163 162
163 164
163 165
163 166
163 167
163 168
163 169
163 504
163 506
164 154
164 155
164 156
164 157
164 160
164 161
164 162
164 163
164 165
164 166
164 167
164 168
164 169
164 185
164 186
164 188
164 189
164 190
164 404
164 407
164 408
164 411
164 412
164 415
164 506
165 160
165 161
165 162
165 163
165 164
165 166
165 167
165 168
165 169
165 170
165 181
165 182
165 183
165 184
165 185
165 186
165 187
165 188
165 189
165 190
165 404
165 408
166 161
166 162
166 163
166 164
166 165
166 167
166 168
166 169
166 170
166 171
166 172
166 181
166 182
166 185
166 186
166 503
166 504
166 505
166 506
166 507
167 162
167 163
167 164
167 165
167 166
167 168
167 169
167 170
167 171
167 172
167 173
167 185
167 189
167 404
167 407
167 408
167 411
167 417
167 504
167 505
167 506
167 507
167 508
168 162
168 163
168 164
168 165
168 166
168 167
168 169
168 170
168 171
168 172
168 173
168 181
168 182
168 184
168 185
168 186
168 187
168 188
168 189
168 401
168 403
168 404
168 405
168 406
168 407
168 408
168 505
168 506
168 507
169 163
169 164
169 165
169 166
169 167
169 168
169 170
169 171
169 172
169 173
169 174
169 177
169 178
169 180
169 181
169 182
169 183
169 184
169 185
169 186
169 404
169 504
169 505
169 506
170 52
170 53
170 165
170 166
170 167
170 168
170 169
170 171
170 172
170 173
170 174
170 175
170 178
170 181
170 182
170 185
170 404
170 407
170 420
170 421
170 503
170 504
170 505
170 506
170 507
171 52
171 53
171 103
171 104
171 166
171 167
171 168
171 169
171 170
171 172
171 173
171 174
171 175
171 178
171 181
171 185
171 400
171 401
171 403
171 404
171 405
171 406
171 407
171 505
171 506
171 507
172 53
172 166
172 167
172 168
172 169
172 170
172 171
172 173
172 174
172 175
172 176
172 177
172 178
172 179
172 180
172 181
172 182
172 184
172 185
172 397
172 400
172 401
172 403
172 404
173 52
173 53
173 54
173 167
173 168
173 169
173 170
173 171
173 172
173 174
173 175
173 176
173 177
173 178
173 179
173 180
173 181
173 182
173 400
173 505
174 50
174 51
174 52
174 53
174 54
174 55
174 56
174 57
174 71
174 72
174 169
174 170
174 171
174 172
174 173
174 175
174 176
174 177
174 178
174 181
174 400
175 50
175 52
175 53
175 54
175 55
175 56
175 57
175 70
175 71
175 72
175 170
175 171
175 172
175 173
175 174
175 176
175 177
175 178
175 179
175 181
175 396
175 397
175 399
175 400
175 401
176 56
176 57
176 69
176 70
176 71
176 172
176 173
176 174
176 175
176 177
176 178
176 179
176 180
176 181
176 393
176 394
176 396
176 397
176 400
177 169
177 172
177 173
177 174
177 175
177 176
177 178
177 179
177 180
177 181
177 182
177 183
177 184
177 185
177 218
177 219
177 393
177 394
177 396
177 397
177 398
177 400
177 401
178 53
178 169
178 170
178 171
178 172
178 173
178 174
178 175
178 176
178 177
178 179
178 180
178 181
178 182
178 184
178 400
179 172
179 173
179 175
179 176
179 177
179 178
179 180
179 181
179 182
179 183
179 184
179 218
179 219
180 169
180 172
180 173
180 176
180 177
180 178
180 179
180 181
180 182
180 183
180 184
180 185
180 218
180 219
180 221
181 165
181 166
181 168
181 169
181 170
181 171
181 172
181 173
181 174
181 175
181 176
181 177
181 178
181 179
181 180
181 182
181 183
181 184
181 185
181 186
181 187
181 219
181 400
181 401
181 404
182 165
182 166
182 168
182 169
182 170
182 172
182 173
182 177
182 178
182 179
182 180
182 181
182 183
182 184
182 185
182 186
182 187
182 188
183 165
183 169
183 177
183 179
183 180
183 181
183 182
183 184
183 185
183 186
183 187
183 188
183 189
183 218
183 219
183 220
183 221
183 222
184 165
184 168
184 169
184 172
184 177
184 178
184 179
184 180
184 181
184 182
184 183
184 185
184 186
184 187
184 188
184 189
184 190
184 218
184 219
184 221
184 222
184 223
184 384
184 386
184 397
184 400
184 401
184 404
185 162
185 164
185 165
185 166
185 167
185 168
185 169
185 170
185 171
185 172
185 177
185 180
185 181
185 182
185 183
185 184
185 186
185 187
185 188
185 189
185 190
185 191
185 401
185 404
185 405
185 408
186 161
186 162
186 164
186 165
186 166
186 168
186 169
186 181
186 182
186 183
186 184
186 185
186 187
186 188
186 189
186 190
186 191
186 223
187 165
187 168
187 181
187 182
187 183
187 184
187 185
187 186
187 188
187 189
187 190
187 191
187 192
187 221
187 222
187 223
187 224
187 384
187 385
187 401
187 404
187 405
188 164
188 165
188 168
188 182
188 183
188 184
188 185
188 186
188 187
188 189
188 190
188 191
188 192
188 193
188 194
188 208
188 223
188 384
188 401
188 402
188 403
188 404
188 405
188 406
188 407
188 408
189 161
189 162
189 164
189 165
189 167
189 168
189 183
189 184
189 185
189 186
189 187
189 188
189 190
189 191
189 192
189 193
189 194
189 404
189 405
189 407
189 408
189 409
190 158
190 161
190 164
190 165
190 184
190 185
190 186
190 187
190 188
190 189
190 191
190 192
190 193
190 194
190 195
190 196
190 223
190 225
190 382
190 405
191 185
191 186
191 187
191 188
191 189
191 190
191 192
191 193
191 194
191 195
191 196
191 205
191 207
191 208
191 209
191 223
191 224
191 225
191 380
191 381
191 382
191 383
191 384
191 405
191 408
192 187
192 188
192 189
192 190
192 191
192 193
192 194
192 195
192 196
192 197
192 202
192 203
192 204
192 205
192 207
192 208
192 380
192 382
192 404
192 405
192 406
192 408
192 409
192 412
193 156
193 157
193 158
193 161
193 188
193 189
193 190
193 191
193 192
193 194
193 195
193 196
193 197
193 198
193 203
193 380
193 408
193 409
193 412
194 158
194 188
194 189
194 190
194 191
194 192
194 193
194 195
194 196
194 197
194 203
194 207
194 208
194 225
194 379
194 380
194 381
194 382
195 190
195 191
195 192
195 193
195 194
195 196
195 197
195 198
195 202
195 203
195 204
195 205
195 206
195 207
195 208
195 379
195 380
195 381
195 382
196 190
196 191
196 192
196 193
196 194
196 195
196 197
196 198
196 199
196 200
196 201
196 202
196 203
196 204
196 205
196 207
196 380
196 409
196 412
197 192
197 193
197 194
197 195
197 196
197 198
197 199
197 200
197 201
197 202
197 203
197 204
197 380
197 412
198 156
198 158
198 193
198 195
198 196
198 197
198 199
198 200
198 201
198 202
198 203
198 412
198 413
199 196
199 197
199 198
199 200
199 201
199 202
200 196
200 197
200 198
200 199
200 201
200 202
200 203
200 412
200 413
201 196
201 197
201 198
201 199
201 200
201 202
201 203
201 409
201 410
201 411
201 412
201 413
201 414
202 192
202 195
202 196
202 197
202 198
202 199
202 200
202 201
202 203
202 204
202 205
202 409
202 410
202 412
202 413
203 192
203 193
203 194
203 195
203 196
203 197
203 198
203 200
203 201
203 202
203 204
203 205
203 206
203 207
203 208
203 405
203 406
203 408
203 409
203 410
203 412
203 413
204 192
204 195
204 196
204 197
204 202
204 203
204 205
204 206
204 207
204 208
204 380
204 381
204 409
205 191
205 192
205 195
205 196
205 202
205 203
205 204
205 206
205 207
205 208
205 209
205 210
205 381
205 382
205 402
205 405
205 406
205 409
206 195
206 203
206 204
206 205
206 207
206 208
206 209
206 210
206 327
206 330
206 331
206 381
206 382
207 191
207 192
207 194
207 195
207 196
207 203
207 204
207 205
207 206
207 208
207 209
207 210
207 226
207 227
207 330
207 331
207 334
207 335
207 379
207 380
207 381
207 382
207 383
208 188
208 191
208 192
208 194
208 195
208 203
208 204
208 205
208 206
208 207
208 209
208 210
208 211
208 225
208 226
208 227
208 331
208 380
208 381
208 382
208 383
208 384
208 402
208 405
209 191
209 205
209 206
209 207
209 208
209 210
209 211
209 212
209 224
209 226
209 227
209 228
209 327
209 328
209 331
209 381
209 382
209 383
209 384
209 385
210 205
210 206
210 207
210 208
210 209
210 211
210 212
210 223
210 227
210 228
210 382
210 383
210 384
210 385
210 386
210 398
210 399
210 401
210 402
211 208
211 209
211 210
211 212
211 213
211 221
211 227
211 228
211 229
211 230
211 383
211 384
211 385
211 386
211 387
211 394
211 395
211 398
212 209
212 210
212 211
212 213
212 214
212 215
212 221
212 230
212 384
212 385
212 386
212 387
212 388
212 391
212 393
212 394
212 395
212 397
212 398
213 211
213 212
213 214
213 215
213 216
213 221
213 230
213 363
213 368
213 370
213 385
213 386
213 387
213 388
213 389
213 390
213 391
213 394
213 395
214 212
214 213
214 215
214 216
214 217
214 363
214 364
214 366
214 368
214 386
214 387
214 388
214 389
214 390
214 391
214 392
214 393
214 394
215 212
215 213
215 214
215 216
215 217
215 218
215 220
215 363
215 364
215 365
215 366
215 386
215 387
215 388
215 389
215 390
215 391
215 394
216 213
216 214
216 215
216 217
216 218
216 219
216 220
216 221
216 363
216 364
216 386
216 387
216 388
216 389
216 390
217 214
217 215
217 216
217 218
217 219
217 220
217 221
217 386
217 387
217 388
217 389
217 390
217 393
218 177
218 179
218 180
218 183
218 184
218 215
218 216
218 217
218 219
218 220
218 221
218 222
218 386
218 387
218 388
218 389
218 393
218 394
218 397
219 177
219 179
219 180
219 181
219 183
219 184
219 216
219 217
219 218
219 220
219 221
219 222
219 386
219 387
219 388
220 183
220 215
220 216
220 217
220 218
220 219
220 221
220 222
220 385
220 386
220 387
220 388
221 180
221 183
221 184
221 187
221 211
221 212
221 213
221 216
221 217
221 218
221 219
221 220
221 222
221 223
221 224
221 384
221 385
221 386
221 387
221 388
221 397
222 183
222 184
222 187
222 218
222 219
222 220
222 221
222 223
222 224
222 225
222 383
222 384
222 385
222 386
222 387
223 184
223 186
223 187
223 188
223 190
223 191
223 210
223 221
223 222
223 224
223 225
223 226
223 382
223 383
223 384
223 385
223 386
224 187
224 191
224 209
224 221
224 222
224 223
224 225
224 226
224 227
224 228
224 372
224 373
224 374
224 375
224 379
224 381
224 382
224 383
224 384
224 385
225 190
225 191
225 194
225 208
225 222
225 223
225 224
225 226
225 227
225 228
225 335
225 372
225 373
225 374
225 375
225 376
225 378
225 379
225 380
225 381
225 382
225 383
225 384
226 207
226 208
226 209
226 223
226 224
226 225
226 227
226 228
226 331
226 332
226 334
226 335
226 336
226 355
226 357
226 358
226 372
226 373
226 374
226 375
226 376
226 377
226 378
226 379
226 380
226 381
226 382
226 383
226 384
227 207
227 208
227 209
227 210
227 211
227 224
227 225
227 226
227 228
227 229
227 328
227 329
227 331
227 332
227 333
227 334
227 335
227 336
227 358
227 371
227 372
227 373
227 374
227 375
227 376
227 379
227 381
227 382
227 383
227 384
227 385
228 209
228 210
228 211
228 224
228 225
228 226
228 227
228 229
228 230
228 231
228 328
228 331
228 332
228 358
228 359
228 360
228 361
228 370
228 371
228 372
228 373
228 374
228 382
228 383
228 384
228 385
229 211
229 227
229 228
229 230
229 231
229 232
229 321
229 324
229 325
229 328
229 329
229 332
229 360
229 369
229 370
229 371
229 372
229 373
229 383
230 211
230 212
230 213
230 228
230 229
230 231
230 232
230 323
230 324
230 325
230 328
230 360
230 368
230 369
230 370
230 371
230 372
231 228
231 229
231 230
231 232
231 233
231 234
231 321
231 322
231 323
231 324
231 325
231 360
231 368
231 369
231 370
231 371
231 372
232 229
232 230
232 231
232 233
232 234
232 235
232 236
232 238
232 240
232 320
232 321
232 322
232 323
232 359
232 360
232 361
232 362
232 368
232 369
232 370
232 371
232 372
233 231
233 232
233 234
233 235
233 236
233 237
233 238
233 239
233 240
233 241
233 298
233 299
233 300
233 319
233 320
233 321
233 322
233 359
233 360
233 369
233 370
233 371
234 231
234 232
234 233
234 235
234 236
234 237
234 238
234 300
234 304
234 305
234 307
234 310
234 311
234 313
234 314
234 319
234 320
234 321
234 322
234 323
235 232
235 233
235 234
235 236
235 237
235 238
235 239
235 307
235 310
235 311
235 313
235 314
235 319
235 320
235 321
235 322
236 232
236 233
236 234
236 235
236 237
236 238
236 239
236 240
236 314
237 233
237 234
237 235
237 236
237 238
237 239
237 240
237 311
237 314
237 319
238 232
238 233
238 234
238 235
238 236
238 237
238 239
238 240
238 241
238 242
238 310
238 311
238 313
238 314
238 315
238 317
238 318
238 319
238 320
239 233
239 235
239 236
239 237
239 238
239 240
239 241
239 242
239 314
239 317
239 318
239 319
239 320
239 359
239 360
240 232
240 233
240 236
240 237
240 238
240 239
240 241
240 242
240 319
240 358
240 359
240 360
240 361
240 371
241 233
241 238
241 239
241 240
241 242
241 243
241 245
241 319
241 357
241 358
241 359
241 360
241 361
241 371
241 372
242 238
242 239
242 240
242 241
242 243
242 244
242 245
242 246
242 297
242 298
242 319
242 355
242 356
242 357
242 358
242 359
242 360
242 373
243 241
243 242
243 244
243 245
243 246
243 297
243 355
243 356
243 357
243 358
243 359
243 374
243 375
244 242
244 243
244 245
244 246
244 247
244 297
244 298
244 354
244 355
244 356
244 357
244 358
244 375
244 376
245 241
245 242
245 243
245 244
245 246
245 247
245 248
245 296
245 297
245 298
245 299
245 336
245 352
245 353
245 354
245 355
245 356
245 357
245 358
245 373
245 374
245 375
245 376
246 242
246 243
246 244
246 245
246 247
246 248
246 249
246 294
246 295
246 296
246 297
246 298
246 299
246 336
246 338
246 349
246 351
246 352
246 353
246 354
246 355
246 356
247 244
247 245
247 246
247 248
247 249
247 250
247 291
247 295
247 296
247 297
247 298
247 299
247 300
247 319
247 320
247 332
247 333
247 336
247 337
247 338
247 339
247 349
247 351
247 352
247 353
247 354
247 355
247 358
248 245
248 246
248 247
248 249
248 250
248 251
248 291
248 292
248 294
248 295
248 296
248 297
248 298
248 299
248 300
248 301
248 320
248 333
248 338
248 339
248 340
248 341
248 344
248 347
248 348
248 349
248 351
248 352
248 353
248 354
249 246
249 247
249 248
249 250
249 251
249 252
249 296
249 298
249 299
249 300
249 301
249 302
249 321
249 324
249 329
249 330
249 332
249 333
249 336
249 338
249 339
249 340
249 341
249 342
249 347
249 351
249 352
249 353
250 247
250 248
250 249
250 251
250 252
250 253
250 254
250 299
250 300
250 301
250 302
250 303
250 322
250 324
250 329
250 339
250 340
250 341
250 342
250 343
250 344
250 347
251 248
251 249
251 250
251 252
251 253
251 254
251 300
251 301
251 302
251 303
251 323
251 324
251 326
251 329
251 340
251 341
251 342
251 343
251 344
252 249
252 250
252 251
252 253
252 254
252 255
252 257
252 301
252 302
252 303
252 304
252 305
252 341
252 342
252 343
252 344
253 250
253 251
253 252
253 254
253 255
253 256
253 257
253 301
253 302
253 303
253 304
253 305
253 306
253 322
253 323
253 342
253 343
253 344
254 250
254 251
254 252
254 253
254 255
254 256
254 257
254 283
254 284
254 287
254 288
254 301
254 303
254 304
254 305
254 306
254 307
254 308
254 309
254 310
254 322
254 344
255 252
255 253
255 254
255 256
255 257
255 258
255 280
255 283
255 284
255 287
255 303
255 304
255 305
255 306
255 307
255 308
255 309
256 253
256 254
256 255
256 257
256 258
256 259
256 279
256 280
256 281
256 282
256 283
256 284
256 287
256 306
256 309
257 252
257 253
257 254
257 255
257 256
257 258
257 259
257 260
257 280
257 283
257 284
258 255
258 256
258 257
258 259
258 260
258 261
258 262
258 263
259 256
259 257
259 258
259 260
259 261
259 262
259 263
260 257
260 258
260 259
260 261
260 262
260 263
261 258
261 259
261 260
261 262
261 263
261 264
262 258
262 259
262 260
262 261
262 263
262 264
263 258
263 259
263 260
263 261
263 262
263 264
263 265
263 266
264 261
264 262
264 263
264 265
264 266
264 267
265 263
265 264
265 266
265 267
265 268
265 276
266 263
266 264
266 265
266 267
266 268
266 269
266 272
266 273
267 264
267 265
267 266
267 268
267 269
267 270
267 271
267 272
267 273
267 276
268 265
268 266
268 267
268 269
268 270
268 271
268 272
268 273
269 266
269 267
269 268
269 270
269 271
269 272
269 273
269 274
269 275
270 267
270 268
270 269
270 271
270 272
270 273
270 274
270 275
270 276
271 267
271 268
271 269
271 270
271 272
271 273
271 274
271 275
271 276
271 277
272 266
272 267
272 268
272 269
272 270
272 271
272 273
272 274
272 275
272 276
272 277
272 278
273 266
273 267
273 268
273 269
273 270
273 271
273 272
273 274
273 275
273 276
273 277
273 278
273 279
274 269
274 270
274 271
274 272
274 273
274 275
274 276
274 277
274 278
274 279
275 269
275 270
275 271
275 272
275 273
275 274
275 276
275 277
275 278
275 279
275 280
275 281
276 265
276 267
276 270
276 271
276 272
276 273
276 274
276 275
276 277
276 278
276 279
276 280
276 281
276 282
277 271
277 272
277 273
277 274
277 275
277 276
277 278
277 279
277 280
277 281
277 282
278 272
278 273
278 274
278 275
278 276
278 277
278 279
278 280
278 281
278 282
278 283
279 256
279 273
279 274
279 275
279 276
279 277
279 278
279 280
279 281
279 282
279 283
279 284
279 285
280 255
280 256
280 257
280 275
280 276
280 277
280 278
280 279
280 281
280 282
280 283
280 284
280 285
280 286
280 308
280 309
281 256
281 275
281 276
281 277
281 278
281 279
281 280
281 282
281 283
281 284
281 285
281 286
281 308
281 309
281 312
282 256
282 276
282 277
282 278
282 279
282 280
282 281
282 283
282 284
282 285
282 286
282 287
282 288
283 254
283 255
283 256
283 257
283 278
283 279
283 280
283 281
283 282
283 284
283 285
283 286
283 287
283 288
283 289
283 309
284 254
284 255
284 256
284 257
284 279
284 280
284 281
284 282
284 283
284 285
284 286
284 287
284 288
284 289
284 290
284 306
284 308
284 309
284 310
284 312
284 313
285 279
285 280
285 281
285 282
285 283
285 284
285 286
285 287
285 288
285 289
285 290
285 309
285 312
285 313
285 316
286 280
286 281
286 282
286 283
286 284
286 285
286 287
286 288
286 289
286 290
286 291
286 292
286 344
286 345
287 254
287 255
287 256
287 282
287 283
287 284
287 285
287 286
287 288
287 289
287 290
287 291
287 292
287 309
287 313
287 343
287 344
287 345
288 254
288 282
288 283
288 284
288 285
288 286
288 287
288 289
288 290
288 291
288 292
288 293
288 299
288 309
288 312
288 313
288 316
288 318
288 344
289 283
289 284
289 285
289 286
289 287
289 288
289 290
289 291
289 292
289 293
289 294
289 295
289 313
289 316
289 344
290 284
290 285
290 286
290 287
290 288
290 289
290 291
290 292
290 293
290 294
290 295
290 296
290 344
290 345
290 346
290 347
290 348
291 247
291 248
291 286
291 287
291 288
291 289
291 290
291 292
291 293
291 294
291 295
291 296
291 297
291 298
291 299
291 318
291 344
291 345
291 347
291 348
291 349
292 248
292 286
292 287
292 288
292 289
292 290
292 291
292 293
292 294
292 295
292 296
292 297
292 298
292 316
292 317
292 318
292 349
293 288
293 289
293 290
293 291
293 292
293 294
293 295
293 296
293 347
293 348
293 349
294 246
294 248
294 289
294 290
294 291
294 292
294 293
294 295
294 296
294 297
294 347
294 348
294 349
294 350
294 351
294 352
295 246
295 247
295 248
295 289
295 290
295 291
295 292
295 293
295 294
295 296
295 297
295 298
295 348
295 349
295 352
296 245
296 246
296 247
296 248
296 249
296 290
296 291
296 292
296 293
296 294
296 295
296 297
296 298
296 299
296 318
296 319
296 347
296 348
296 349
296 351
296 352
296 353
296 354
297 242
297 243
297 244
297 245
297 246
297 247
297 248
297 291
297 292
297 294
297 295
297 296
297 298
297 299
297 317
297 318
297 319
297 320
297 352
298 233
298 242
298 244
298 245
298 246
298 247
298 248
298 249
298 291
298 292
298 295
298 296
298 297
298 299
298 300
298 301
298 317
298 318
298 319
298 320
298 321
298 352
298 353
298 354
298 358
299 233
299 245
299 246
299 247
299 248
299 249
299 250
299 288
299 291
299 296
299 297
299 298
299 300
299 301
299 313
299 318
299 319
299 320
299 321
299 322
299 352
300 233
300 234
300 247
300 248
300 249
300 250
300 251
300 298
300 299
300 301
300 302
300 303
300 319
300 320
300 321
300 322
300 323
300 324
300 329
300 332
300 340
301 248
301 249
301 250
301 251
301 252
301 253
301 254
301 298
301 299
301 300
301 302
301 303
301 304
301 305
301 320
301 321
301 322
301 323
301 324
301 325
301 326
301 329
301 340
301 341
301 342
302 249
302 250
302 251
302 252
302 253
302 300
302 301
302 303
302 304
302 305
302 321
302 322
302 323
302 324
302 325
302 326
302 328
302 329
302 342
303 250
303 251
303 252
303 253
303 254
303 255
303 300
303 301
303 302
303 304
303 305
303 321
303 322
303 323
303 324
303 325
303 326
304 234
304 252
304 253
304 254
304 255
304 301
304 302
304 303
304 305
304 306
304 307
304 310
304 321
304 322
304 323
304 324
305 234
305 252
305 253
305 254
305 255
305 301
305 302
305 303
305 304
305 306
305 307
305 308
305 309
305 310
305 311
305 313
305 320
305 321
305 322
305 323
306 253
306 254
306 255
306 256
306 284
306 304
306 305
306 307
306 308
306 309
306 310
306 311
306 312
307 234
307 235
307 254
307 255
307 304
307 305
307 306
307 308
307 309
307 310
307 311
307 312
307 313
308 254
308 255
308 280
308 281
308 284
308 305
308 306
308 307
308 309
308 310
308 311
308 312
308 313
308 314
309 254
309 255
309 256
309 280
309 281
309 283
309 284
309 285
309 287
309 288
309 305
309 306
309 307
309 308
309 310
309 311
309 312
309 313
309 314
309 315
310 234
310 235
310 238
310 254
310 284
310 304
310 305
310 306
310 307
310 308
310 309
310 311
310 312
310 313
310 314
310 315
310 316
310 318
310 319
310 320
310 321
310 322
311 234
311 235
311 237
311 238
311 305
311 306
311 307
311 308
311 309
311 310
311 312
311 313
311 314
311 315
311 316
312 281
312 284
312 285
312 288
312 306
312 307
312 308
312 309
312 310
312 311
312 313
312 314
312 315
312 316
312 317
312 318
313 234
313 235
313 238
313 284
313 285
313 287
313 288
313 289
313 299
313 305
313 307
313 308
313 309
313 310
313 311
313 312
313 314
313 315
313 316
313 317
313 318
313 319
313 320
314 234
314 235
314 236
314 237
314 238
314 239
314 308
314 309
314 310
314 311
314 312
314 313
314 315
314 316
314 317
314 318
314 319
314 320
315 238
315 309
315 310
315 311
315 312
315 313
315 314
315 316
315 317
315 318
315 319
316 285
316 288
316 289
316 292
316 310
316 311
316 312
316 313
316 314
316 315
316 317
316 318
316 319
317 238
317 239
317 292
317 297
317 298
317 312
317 313
317 314
317 315
317 316
317 318
317 319
317 320
318 238
318 239
318 288
318 291
318 292
318 296
318 297
318 298
318 299
318 310
318 312
318 313
318 314
318 315
318 316
318 317
318 319
318 320
319 233
319 234
319 235
319 237
319 238
319 239
319 240
319 241
319 242
319 247
319 296
319 297
319 298
319 299
319 300
319 310
319 313
319 314
319 315
319 316
319 317
319 318
319 320
319 321
320 232
320 233
320 234
320 235
320 238
320 239
320 247
320 248
320 297
320 298
320 299
320 300
320 301
320 305
320 310
320 313
320 314
320 317
320 318
320 319
320 321
320 322
321 229
321 231
321 232
321 233
321 234
321 235
321 249
321 298
321 299
321 300
321 301
321 302
321 303
321 304
321 305
321 310
321 319
321 320
321 322
321 323
321 324
321 371
322 231
322 232
322 233
322 234
322 235
322 250
322 253
322 254
322 299
322 300
322 301
322 302
322 303
322 304
322 305
322 310
322 320
322 321
322 323
322 324
322 325
323 230
323 231
323 232
323 234
323 251
323 253
323 300
323 301
323 302
323 303
323 304
323 305
323 321
323 322
323 324
323 325
323 326
324 229
324 230
324 231
324 249
324 250
324 251
324 300
324 301
324 302
324 303
324 304
324 321
324 322
324 323
324 325
324 326
324 327
324 328
324 329
325 229
325 230
325 231
325 301
325 302
325 303
325 322
325 323
325 324
325 326
325 327
325 328
325 329
325 330
325 331
326 251
326 301
326 302
326 303
326 323
326 324
326 325
326 327
326 328
326 329
326 330
326 331
326 332
327 206
327 209
327 324
327 325
327 326
327 328
327 329
327 330
327 331
327 332
327 333
328 209
328 227
328 228
328 229
328 230
328 302
328 324
328 325
328 326
328 327
328 329
328 330
328 331
328 332
328 333
328 334
329 227
329 229
329 249
329 250
329 251
329 300
329 301
329 302
329 324
329 325
329 326
329 327
329 328
329 330
329 331
329 332
329 333
329 334
329 335
329 338
329 339
329 340
330 206
330 207
330 249
330 325
330 326
330 327
330 328
330 329
330 331
330 332
330 333
330 334
330 335
330 336
330 338
330 339
330 340
331 206
331 207
331 208
331 209
331 226
331 227
331 228
331 325
331 326
331 327
331 328
331 329
331 330
331 332
331 333
331 334
331 335
331 336
331 337
331 380
331 381
331 382
331 383
332 226
332 227
332 228
332 229
332 247
332 249
332 300
332 326
332 327
332 328
332 329
332 330
332 331
332 333
332 334
332 335
332 336
332 337
332 338
332 339
332 340
332 353
332 354
332 355
332 373
332 376
332 381
333 227
333 247
333 248
333 249
333 327
333 328
333 329
333 330
333 331
333 332
333 334
333 335
333 336
333 337
333 338
333 339
333 340
333 351
333 352
333 353
333 354
333 378
333 381
334 207
334 226
334 227
334 328
334 329
334 330
334 331
334 332
334 333
334 335
334 336
334 337
334 338
334 339
334 340
334 353
334 376
334 377
334 378
334 379
334 380
334 381
335 207
335 225
335 226
335 227
335 329
335 330
335 331
335 332
335 333
335 334
335 336
335 337
335 338
335 353
335 354
335 355
335 373
335 374
335 375
335 376
335 377
335 378
335 379
335 380
335 381
335 382
336 226
336 227
336 245
336 246
336 247
336 249
336 330
336 331
336 332
336 333
336 334
336 335
336 337
336 338
336 339
336 352
336 353
336 354
336 355
336 356
336 373
336 374
336 375
336 376
336 377
336 378
336 379
336 380
336 381
337 247
337 331
337 332
337 333
337 334
337 335
337 336
337 338
337 339
337 340
337 350
337 351
337 352
337 353
337 354
337 355
337 376
337 377
337 378
337 379
338 246
338 247
338 248
338 249
338 329
338 330
338 332
338 333
338 334
338 335
338 336
338 337
338 339
338 340
338 341
338 349
338 350
338 351
338 352
338 353
338 354
338 355
338 377
338 378
339 247
339 248
339 249
339 250
339 329
339 330
339 332
339 333
339 334
339 336
339 337
339 338
339 340
339 341
339 342
339 347
339 348
339 350
339 351
339 352
339 353
340 248
340 249
340 250
340 251
340 300
340 301
340 329
340 330
340 332
340 333
340 334
340 337
340 338
340 339
340 341
340 342
340 343
340 347
340 351
340 352
340 353
341 248
341 249
341 250
341 251
341 252
341 301
341 338
341 339
341 340
341 342
341 343
341 344
341 345
341 346
341 347
341 348
341 351
341 352
342 249
342 250
342 251
342 252
342 253
342 301
342 302
342 339
342 340
342 341
342 343
342 344
342 345
342 346
342 347
343 250
343 251
343 252
343 253
343 287
343 340
343 341
343 342
343 344
343 345
343 346
343 347
344 248
344 250
344 251
344 252
344 253
344 254
344 286
344 287
344 288
344 289
344 290
344 291
344 341
344 342
344 343
344 345
344 346
344 347
344 348
345 286
345 287
345 290
345 291
345 341
345 342
345 343
345 344
345 346
345 347
345 348
346 290
346 341
346 342
346 343
346 344
346 345
346 347
346 348
346 351
347 248
347 249
347 250
347 290
347 291
347 293
347 294
347 296
347 339
347 340
347 341
347 342
347 343
347 344
347 345
347 346
347 348
347 349
347 350
347 351
347 352
348 248
348 290
348 291
348 293
348 294
348 295
348 296
348 339
348 341
348 344
348 345
348 346
348 347
348 349
348 350
348 351
348 352
349 246
349 247
349 248
349 291
349 292
349 293
349 294
349 295
349 296
349 338
349 347
349 348
349 350
349 351
349 352
349 353
350 294
350 337
350 338
350 339
350 347
350 348
350 349
350 351
350 352
350 353
351 246
351 247
351 248
351 249
351 294
351 296
351 333
351 337
351 338
351 339
351 340
351 341
351 346
351 347
351 348
351 349
351 350
351 352
351 353
351 354
352 245
352 246
352 247
352 248
352 249
352 294
352 295
352 296
352 297
352 298
352 299
352 333
352 336
352 337
352 338
352 339
352 340
352 341
352 347
352 348
352 349
352 350
352 351
352 353
352 354
353 245
353 246
353 247
353 248
353 249
353 296
353 298
353 332
353 333
353 334
353 335
353 336
353 337
353 338
353 339
353 340
353 349
353 350
353 351
353 352
353 354
353 355
353 376
353 377
353 378
354 244
354 245
354 246
354 247
354 248
354 296
354 298
354 332
354 333
354 335
354 336
354 337
354 338
354 351
354 352
354 353
354 355
354 356
354 357
354 373
354 374
354 375
354 376
354 377
354 378
355 226
355 242
355 243
355 244
355 245
355 246
355 247
355 332
355 335
355 336
355 337
355 338
355 353
355 354
355 356
355 357
355 358
355 373
355 374
355 375
355 376
355 377
355 378
356 242
356 243
356 244
356 245
356 246
356 336
356 354
356 355
356 357
356 358
356 373
356 374
356 375
356 376
356 377
357 226
357 241
357 242
357 243
357 244
357 245
357 354
357 355
357 356
357 358
357 359
357 372
357 373
357 374
357 375
357 376
358 226
358 227
358 228
358 240
358 241
358 242
358 243
358 244
358 245
358 247
358 298
358 355
358 356
358 357
358 359
358 360
358 361
358 371
358 372
358 373
358 374
358 375
358 376
359 228
359 232
359 233
359 239
359 240
359 241
359 242
359 243
359 357
359 358
359 360
359 361
359 362
359 370
359 371
359 372
359 373
359 374
360 228
360 229
360 230
360 231
360 232
360 233
360 239
360 240
360 241
360 242
360 358
360 359
360 361
360 362
360 363
360 369
360 370
360 371
360 372
360 373
361 228
361 232
361 240
361 241
361 358
361 359
361 360
361 362
361 363
361 364
361 368
361 369
361 370
361 371
361 372
362 232
362 359
362 360
362 361
362 363
362 364
362 365
362 366
362 367
362 368
362 369
362 370
362 371
363 213
363 214
363 215
363 216
363 360
363 361
363 362
363 364
363 365
363 366
363 367
363 368
363 369
363 370
364 214
364 215
364 216
364 361
364 362
364 363
364 365
364 366
364 367
364 368
364 369
365 215
365 362
365 363
365 364
365 366
365 367
365 368
366 214
366 215
366 362
366 363
366 364
366 365
366 367
366 368
366 369
367 362
367 363
367 364
367 365
367 366
367 368
367 369
368 213
368 214
368 230
368 231
368 232
368 361
368 362
368 363
368 364
368 365
368 366
368 367
368 369
368 370
369 229
369 230
369 231
369 232
369 233
369 360
369 361
369 362
369 363
369 364
369 366
369 367
369 368
369 370
369 371
369 372
370 213
370 228
370 229
370 230
370 231
370 232
370 233
370 359
370 360
370 361
370 362
370 363
370 368
370 369
370 371
370 372
370 373
371 227
371 228
371 229
371 230
371 231
371 232
371 233
371 240
371 241
371 321
371 358
371 359
371 360
371 361
371 362
371 369
371 370
371 372
371 373
371 374
372 224
372 225
372 226
372 227
372 228
372 229
372 230
372 231
372 232
372 241
372 357
372 358
372 359
372 360
372 361
372 369
372 370
372 371
372 373
372 374
372 383
373 224
373 225
373 226
373 227
373 228
373 229
373 242
373 245
373 332
373 335
373 336
373 354
373 355
373 356
373 357
373 358
373 359
373 360
373 370
373 371
373 372
373 374
373 375
373 376
373 383
374 224
374 225
374 226
374 227
374 228
374 243
374 245
374 335
374 336
374 354
374 355
374 356
374 357
374 358
374 359
374 371
374 372
374 373
374 375
374 376
374 377
374 379
374 382
374 383
375 224
375 225
375 226
375 227
375 243
375 244
375 245
375 335
375 336
375 354
375 355
375 356
375 357
375 358
375 373
375 374
375 376
375 377
375 378
375 379
376 225
376 226
376 227
376 244
376 245
376 332
376 334
376 335
376 336
376 337
376 353
376 354
376 355
376 356
376 357
376 358
376 373
376 374
376 375
376 377
376 378
376 379
376 380
376 381
377 226
377 334
377 335
377 336
377 337
377 338
377 353
377 354
377 355
377 356
377 374
377 375
377 376
377 378
377 379
377 380
378 225
378 226
378 333
378 334
378 335
378 336
378 337
378 338
378 353
378 354
378 355
378 375
378 376
378 377
378 379
378 380
378 381
378 382
379 194
379 195
379 207
379 224
379 225
379 226
379 227
379 334
379 335
379 336
379 337
379 374
379 375
379 376
379 377
379 378
379 380
379 381
379 382
380 191
380 192
380 193
380 194
380 195
380 196
380 197
380 204
380 207
380 208
380 225
380 226
380 331
380 334
380 335
380 336
380 376
380 377
380 378
380 379
380 381
380 382
381 191
381 194
381 195
381 204
381 205
381 206
381 207
381 208
381 209
381 224
381 225
381 226
381 227
381 331
381 332
381 333
381 334
381 335
381 336
381 376
381 378
381 379
381 380
381 382
381 383
382 190
382 191
382 192
382 194
382 195
382 205
382 206
382 207
382 208
382 209
382 210
382 223
382 224
382 225
382 226
382 227
382 228
382 331
382 335
382 374
382 378
382 379
382 380
382 381
382 383
382 384
382 385
383 191
383 207
383 208
383 209
383 210
383 211
383 222
383 223
383 224
383 225
383 226
383 227
383 228
383 229
383 331
383 372
383 373
383 374
383 381
383 382
383 384
383 385
383 386
384 184
384 187
384 188
384 191
384 208
384 209
384 210
384 211
384 212
384 221
384 222
384 223
384 224
384 225
384 226
384 227
384 228
384 382
384 383
384 385
384 386
384 387
384 398
384 401
385 187
385 209
385 210
385 211
385 212
385 213
385 220
385 221
385 222
385 223
385 224
385 227
385 228
385 382
385 383
385 384
385 386
385 387
385 398
386 184
386 210
386 211
386 212
386 213
386 214
386 215
386 216
386 217
386 218
386 219
386 220
386 221
386 222
386 223
386 383
386 384
386 385
386 387
386 388
386 393
386 394
386 395
386 397
386 398
386 401
387 211
387 212
387 213
387 214
387 215
387 216
387 217
387 218
387 219
387 220
387 221
387 222
387 384
387 385
387 386
387 388
387 389
387 390
387 391
387 393
387 394
387 397
387 398
388 212
388 213
388 214
388 215
388 216
388 217
388 218
388 219
388 220
388 221
388 386
388 387
388 389
388 390
388 391
388 392
388 393
388 394
388 395
388 396
388 397
389 213
389 214
389 215
389 216
389 217
389 218
389 387
389 388
389 390
389 391
389 392
389 393
389 394
390 213
390 214
390 215
390 216
390 217
390 387
390 388
390 389
390 391
390 392
390 393
390 394
390 395
391 67
391 68
391 212
391 213
391 214
391 215
391 387
391 388
391 389
391 390
391 392
391 393
391 394
391 395
391 396
391 397
392 66
392 67
392 68
392 69
392 70
392 214
392 388
392 389
392 390
392 391
392 393
392 394
392 395
392 396
392 397
392 398
393 68
393 69
393 70
393 176
393 177
393 212
393 214
393 217
393 218
393 386
393 387
393 388
393 389
393 390
393 391
393 392
393 394
393 395
393 396
393 397
393 398
393 399
394 176
394 177
394 211
394 212
394 213
394 214
394 215
394 218
394 386
394 387
394 388
394 389
394 390
394 391
394 392
394 393
394 395
394 396
394 397
394 398
394 399
394 400
395 68
395 69
395 70
395 211
395 212
395 213
395 386
395 388
395 390
395 391
395 392
395 393
395 394
395 396
395 397
395 398
395 399
395 400
395 401
396 68
396 69
396 70
396 71
396 72
396 175
396 176
396 177
396 388
396 391
396 392
396 393
396 394
396 395
396 397
396 398
396 399
396 400
396 401
396 402
397 70
397 172
397 175
397 176
397 177
397 184
397 212
397 218
397 221
397 386
397 387
397 388
397 391
397 392
397 393
397 394
397 395
397 396
397 398
397 399
397 400
397 401
397 402
398 177
398 210
398 211
398 212
398 384
398 385
398 386
398 387
398 392
398 393
398 394
398 395
398 396
398 397
398 399
398 400
398 401
398 402
398 403
399 70
399 71
399 72
399 75
399 102
399 175
399 210
399 393
399 394
399 395
399 396
399 397
399 398
399 400
399 401
399 402
399 403
399 404
399 405
400 70
400 71
400 72
400 102
400 103
400 171
400 172
400 173
400 174
400 175
400 176
400 177
400 178
400 181
400 184
400 394
400 395
400 396
400 397
400 398
400 399
400 401
400 402
400 403
400 404
400 405
401 168
401 171
401 172
401 175
401 177
401 181
401 184
401 185
401 187
401 188
401 210
401 384
401 386
401 395
401 396
401 397
401 398
401 399
401 400
401 402
401 403
401 404
401 405
401 406
401 407
402 98
402 102
402 103
402 188
402 205
402 208
402 210
402 396
402 397
402 398
402 399
402 400
402 401
402 403
402 404
402 405
402 406
402 407
402 408
403 72
403 98
403 101
403 102
403 103
403 104
403 105
403 168
403 171
403 172
403 188
403 398
403 399
403 400
403 401
403 402
403 404
403 405
403 406
403 407
403 408
403 409
404 102
404 103
404 164
404 165
404 167
404 168
404 169
404 170
404 171
404 172
404 181
404 184
404 185
404 187
404 188
404 189
404 192
404 399
404 400
404 401
404 402
404 403
404 405
404 406
404 407
404 408
404 409
404 410
405 102
405 103
405 168
405 171
405 185
405 187
405 188
405 189
405 190
405 191
405 192
405 203
405 205
405 208
405 399
405 400
405 401
405 402
405 403
405 404
405 406
405 407
405 408
405 409
405 410
406 98
406 99
406 100
406 101
406 102
406 103
406 168
406 171
406 188
406 192
406 203
406 205
406 401
406 402
406 403
406 404
406 405
406 407
406 408
406 409
406 410
406 411
406 412
407 101
407 102
407 103
407 164
407 167
407 168
407 170
407 171
407 188
407 189
407 401
407 402
407 403
407 404
407 405
407 406
407 408
407 409
407 410
407 411
407 412
407 413
407 507
407 508
407 510
407 511
408 156
408 164
408 165
408 167
408 168
408 185
408 188
408 189
408 191
408 192
408 193
408 203
408 402
408 403
408 404
408 405
408 406
408 407
408 409
408 410
408 411
408 412
408 413
408 414
408 415
408 508
409 101
409 102
409 189
409 192
409 193
409 196
409 201
409 202
409 203
409 204
409 205
409 403
409 404
409 405
409 406
409 407
409 408
409 410
409 411
409 412
409 413
409 414
409 415
410 100
410 101
410 102
410 103
410 201
410 202
410 203
410 404
410 405
410 406
410 407
410 408
410 409
410 411
410 412
410 413
410 414
410 415
410 416
410 417
410 508
410 509
410 510
410 511
411 153
411 154
411 155
411 156
411 164
411 167
411 201
411 406
411 407
411 408
411 409
411 410
411 412
411 413
411 414
411 415
411 416
411 417
411 507
411 508
411 509
411 510
411 511
412 154
412 155
412 156
412 164
412 192
412 193
412 196
412 197
412 198
412 200
412 201
412 202
412 203
412 406
412 407
412 408
412 409
412 410
412 411
412 413
412 414
412 415
412 416
413 198
413 200
413 201
413 202
413 203
413 407
413 408
413 409
413 410
413 411
413 412
413 414
413 415
413 416
413 510
414 153
414 154
414 156
414 201
414 408
414 409
414 410
414 411
414 412
414 413
414 415
414 416
414 417
414 508
414 509
414 510
415 151
415 152
415 153
415 154
415 155
415 156
415 164
415 408
415 409
415 410
415 411
415 412
415 413
415 414
415 416
415 417
415 508
415 509
415 510
416 147
416 148
416 150
416 151
416 152
416 153
416 154
416 155
416 410
416 411
416 412
416 413
416 414
416 415
416 417
416 418
416 507
416 508
416 509
416 510
417 147
417 148
417 150
417 151
417 152
417 153
417 154
417 167
417 410
417 411
417 414
417 415
417 416
417 418
417 419
417 420
417 506
417 507
417 508
417 509
417 510
417 511
417 512
418 147
418 148
418 149
418 150
418 151
418 152
418 153
418 416
418 417
418 419
418 420
418 423
418 424
418 486
418 487
418 500
418 501
418 505
418 506
418 507
418 508
418 509
418 510
418 511
418 512
419 150
419 151
419 152
419 417
419 418
419 420
419 421
419 422
419 423
419 424
419 425
419 486
419 487
419 488
419 489
419 499
419 500
419 501
419 502
419 503
419 504
419 505
419 506
419 507
419 508
419 509
420 52
420 170
420 417
420 418
420 419
420 421
420 422
420 423
420 424
420 425
420 458
420 486
420 487
420 488
420 489
420 490
420 499
420 500
420 501
420 503
420 504
420 505
420 506
420 507
420 508
420 512
421 52
421 53
421 170
421 419
421 420
421 422
421 423
421 424
421 425
421 426
421 457
421 458
421 461
421 462
421 487
421 488
421 489
421 490
421 491
421 492
421 498
421 499
421 500
421 503
421 505
421 506
421 507
422 52
422 419
422 420
422 421
422 423
422 424
422 425
422 426
422 427
422 428
422 454
422 455
422 456
422 457
422 458
422 459
422 460
422 461
422 462
422 473
422 476
422 487
422 488
422 489
422 490
422 491
422 500
423 418
423 419
423 420
423 421
423 422
423 424
423 425
423 426
423 427
423 428
423 429
423 455
423 457
423 458
423 476
423 477
423 480
423 485
423 486
423 487
423 488
423 489
423 490
423 498
423 499
423 500
423 505
424 143
424 146
424 147
424 150
424 151
424 418
424 419
424 420
424 421
424 422
424 423
424 425
424 426
424 427
424 428
424 429
424 454
424 458
424 486
424 487
424 488
424 489
424 500
424 507
424 509
424 512
425 143
425 147
425 419
425 420
425 421
425 422
425 423
425 424
425 426
425 427
425 428
425 429
425 430
425 431
425 451
425 452
425 453
425 454
425 455
425 456
425 457
425 458
425 486
425 489
425 512
425 516
426 421
426 422
426 423
426 424
426 425
426 427
426 428
426 429
426 430
426 431
426 432
426 451
426 452
426 454
426 455
426 456
426 457
426 458
426 473
426 476
426 477
426 480
426 481
426 486
426 487
426 488
426 489
427 143
427 146
427 147
427 150
427 422
427 423
427 424
427 425
427 426
427 428
427 429
427 430
427 431
427 432
427 433
427 451
427 454
427 455
427 477
427 480
427 481
427 484
427 485
427 486
427 487
427 488
427 489
428 139
428 140
428 142
428 143
428 144
428 145
428 146
428 147
428 150
428 422
428 423
428 424
428 425
428 426
428 427
428 429
428 430
428 431
428 432
428 433
428 434
428 450
428 451
428 454
428 455
428 486
429 139
429 142
429 143
429 146
429 423
429 424
429 425
429 426
429 427
429 428
429 430
429 431
429 432
429 433
429 434
429 435
429 447
429 448
429 449
429 450
429 451
429 452
429 453
429 454
429 455
429 477
430 143
430 146
430 425
430 426
430 427
430 428
430 429
430 431
430 432
430 433
430 434
430 435
430 436
430 448
430 451
430 452
430 454
430 455
430 477
430 480
430 481
430 486
431 139
431 142
431 143
431 145
431 146
431 147
431 425
431 426
431 427
431 428
431 429
431 430
431 432
431 433
431 434
431 435
431 436
431 451
432 138
432 139
432 140
432 141
432 142
432 143
432 146
432 426
432 427
432 428
432 429
432 430
432 431
432 433
432 434
432 435
432 436
432 437
432 444
432 447
432 448
432 449
432 450
432 451
432 452
432 454
433 139
433 142
433 427
433 428
433 429
433 430
433 431
433 432
433 434
433 435
433 436
433 437
433 438
433 444
433 445
433 447
433 448
433 449
433 450
433 451
433 452
434 428
434 429
434 430
434 431
434 432
434 433
434 435
434 436
434 437
434 438
434 439
434 447
434 448
434 451
435 138
435 139
435 142
435 143
435 429
435 430
435 431
435 432
435 433
435 434
435 436
435 437
435 438
435 439
435 444
435 447
435 448
436 135
436 138
436 139
436 142
436 430
436 431
436 432
436 433
436 434
436 435
436 437
436 438
436 439
436 440
436 441
436 442
436 443
436 444
436 445
436 446
436 447
436 448
436 449
436 450
436 451
437 432
437 433
437 434
437 435
437 436
437 438
437 439
437 440
437 441
437 444
437 445
437 447
437 448
438 433
438 434
438 435
438 436
438 437
438 439
438 440
438 441
438 444
439 434
439 435
439 436
439 437
439 438
439 440
439 441
439 442
439 443
439 444
439 445
439 447
440 436
440 437
440 438
440 439
440 441
440 442
440 443
440 444
441 135
441 436
441 437
441 438
441 439
441 440
441 442
441 443
441 444
441 445
442 127
442 128
442 131
442 132
442 135
442 436
442 439
442 440
442 441
442 443
442 444
442 445
442 446
442 447
443 127
443 131
443 132
443 133
443 134
443 135
443 136
443 137
443 138
443 139
443 436
443 439
443 440
443 441
443 442
443 444
443 445
443 446
443 447
443 448
443 449
444 132
444 135
444 136
444 138
444 139
444 432
444 433
444 435
444 436
444 437
444 438
444 439
444 440
444 441
444 442
444 443
444 445
444 446
444 447
444 448
444 449
444 450
445 119
445 122
445 127
445 131
445 132
445 135
445 136
445 433
445 436
445 437
445 439
445 441
445 442
445 443
445 444
445 446
445 447
445 448
445 449
445 450
445 451
446 115
446 118
446 119
446 122
446 127
446 131
446 132
446 133
446 134
446 135
446 136
446 137
446 138
446 139
446 436
446 442
446 443
446 444
446 445
446 447
446 448
446 449
446 450
446 451
446 452
447 132
447 133
447 134
447 135
447 136
447 137
447 138
447 139
447 140
447 142
447 429
447 432
447 433
447 434
447 435
447 436
447 437
447 439
447 442
447 443
447 444
447 445
447 446
447 448
447 449
447 450
447 451
447 452
447 453
448 118
448 135
448 136
448 139
448 429
448 430
448 432
448 433
448 434
448 435
448 436
448 437
448 443
448 444
448 445
448 446
448 447
448 449
448 450
448 451
448 452
448 453
448 454
449 114
449 115
449 116
449 117
449 118
449 119
449 121
449 122
449 132
449 135
449 136
449 139
449 429
449 432
449 433
449 436
449 443
449 444
449 445
449 446
449 447
449 448
449 450
449 451
449 452
449 453
449 454
450 111
450 114
450 115
450 116
450 118
450 119
450 132
450 135
450 136
450 137
450 138
450 139
450 140
450 143
450 428
450 429
450 432
450 433
450 436
450 444
450 445
450 446
450 447
450 448
450 449
450 451
450 452
450 453
450 454
450 455
450 520
451 115
451 118
451 136
451 139
451 140
451 143
451 425
451 426
451 427
451 428
451 429
451 430
451 431
451 432
451 433
451 434
451 436
451 445
451 446
451 447
451 448
451 449
451 450
451 452
451 453
451 454
451 455
451 456
452 114
452 115
452 118
452 425
452 426
452 429
452 430
452 432
452 433
452 446
452 447
452 448
452 449
452 450
452 451
452 453
452 454
452 455
452 456
452 457
453 110
453 111
453 112
453 113
453 114
453 115
453 116
453 117
453 118
453 119
453 425
453 429
453 447
453 448
453 449
453 450
453 451
453 452
453 454
453 455
453 456
453 457
454 110
454 111
454 112
454 114
454 115
454 143
454 422
454 424
454 425
454 426
454 427
454 428
454 429
454 430
454 432
454 448
454 449
454 450
454 451
454 452
454 453
454 455
454 456
454 457
454 458
454 459
454 516
455 111
455 114
455 422
455 423
455 425
455 426
455 427
455 428
455 429
455 430
455 450
455 451
455 452
455 453
455 454
455 456
455 457
455 458
455 459
455 460
455 469
455 473
455 477
456 48
456 107
456 110
456 111
456 113
456 114
456 115
456 422
456 425
456 426
456 451
456 452
456 453
456 454
456 455
456 457
456 458
456 459
456 460
456 461
456 462
456 469
456 473
457 48
457 51
457 52
457 107
457 108
457 110
457 111
457 114
457 421
457 422
457 423
457 425
457 426
457 452
457 453
457 454
457 455
457 456
457 458
457 459
457 460
457 461
457 462
458 51
458 52
458 420
458 421
458 422
458 423
458 424
458 425
458 426
458 454
458 455
458 456
458 457
458 459
458 460
458 461
458 462
458 463
458 464
458 469
458 470
458 472
458 473
458 476
458 489
458 490
458 492
459 48
459 422
459 454
459 455
459 456
459 457
459 458
459 460
459 461
459 462
459 463
459 464
459 465
459 467
459 468
459 469
459 470
459 471
459 472
459 473
459 490
460 45
460 48
460 49
460 50
460 51
460 52
460 55
460 107
460 110
460 422
460 455
460 456
460 457
460 458
460 459
460 461
460 462
460 463
460 464
460 465
460 466
460 467
460 469
461 48
461 49
461 50
461 51
461 52
461 53
461 54
461 55
461 421
461 422
461 456
461 457
461 458
461 459
461 460
461 462
461 463
461 464
461 465
461 466
461 467
461 469
461 489
461 490
461 491
461 492
462 51
462 52
462 54
462 421
462 422
462 456
462 457
462 458
462 459
462 460
462 461
462 463
462 464
462 465
462 466
462 467
462 468
462 469
462 470
462 471
462 472
462 473
462 489
462 490
462 491
462 492
463 48
463 49
463 51
463 54
463 55
463 458
463 459
463 460
463 461
463 462
463 464
463 465
463 466
463 467
463 468
463 469
463 470
463 472
463 492
464 48
464 49
464 50
464 51
464 52
464 53
464 54
464 55
464 56
464 458
464 459
464 460
464 461
464 462
464 463
464 465
464 466
464 467
464 468
464 469
464 492
465 51
465 52
465 53
465 54
465 55
465 459
465 460
465 461
465 462
465 463
465 464
465 466
465 467
465 468
465 469
465 490
465 491
465 492
465 493
465 494
466 54
466 460
466 461
466 462
466 463
466 464
466 465
466 467
466 468
466 469
466 492
467 459
467 460
467 461
467 462
467 463
467 464
467 465
467 466
467 468
467 469
467 470
467 471
467 472
467 473
467 490
467 491
467 492
467 494
468 459
468 462
468 463
468 464
468 465
468 466
468 467
468 469
468 470
468 471
468 472
468 473
469 455
469 456
469 458
469 459
469 460
469 461
469 462
469 463
469 464
469 465
469 466
469 467
469 468
469 470
469 471
469 472
469 473
469 474
469 475
469 490
470 458
470 459
470 462
470 463
470 467
470 468
470 469
470 471
470 472
470 473
470 474
470 475
471 459
471 462
471 467
471 468
471 469
471 470
471 472
471 473
471 474
471 475
471 476
471 477
472 458
472 459
472 462
472 463
472 467
472 468
472 469
472 470
472 471
472 473
472 474
472 475
472 476
472 477
472 478
472 489
472 490
472 491
473 422
473 426
473 455
473 456
473 458
473 459
473 462
473 467
473 468
473 469
473 470
473 471
473 472
473 474
473 475
473 476
473 477
473 478
473 479
473 489
473 490
474 469
474 470
474 471
474 472
474 473
474 475
474 476
474 477
474 478
474 479
474 480
475 469
475 470
475 471
475 472
475 473
475 474
475 476
475 477
475 478
475 479
475 480
475 489
475 490
475 498
476 422
476 423
476 426
476 458
476 471
476 472
476 473
476 474
476 475
476 477
476 478
476 479
476 480
476 481
476 482
476 488
476 489
476 490
476 491
476 498
476 499
477 423
477 426
477 427
477 429
477 430
477 455
477 471
477 472
477 473
477 474
477 475
477 476
477 478
477 479
477 480
477 481
477 482
477 486
477 488
477 489
478 472
478 473
478 474
478 475
478 476
478 477
478 479
478 480
478 481
478 482
478 483
478 484
479 473
479 474
479 475
479 476
479 477
479 478
479 480
479 481
479 482
479 483
479 484
479 485
479 486
479 488
479 489
479 498
480 423
480 426
480 427
480 430
480 474
480 475
480 476
480 477
480 478
480 479
480 481
480 482
480 483
480 484
480 485
480 486
480 487
480 488
480 489
480 498
480 499
481 426
481 427
481 430
481 476
481 477
481 478
481 479
481 480
481 482
481 483
481 484
481 485
481 486
481 488
482 476
482 477
482 478
482 479
482 480
482 481
482 483
482 484
482 485
483 478
483 479
483 480
483 481
483 482
483 484
483 485
483 486
483 488
484 427
484 478
484 479
484 480
484 481
484 482
484 483
484 485
484 486
484 487
484 488
485 150
485 423
485 427
485 479
485 480
485 481
485 482
485 483
485 484
485 486
485 487
485 488
485 489
485 499
486 147
486 150
486 151
486 418
486 419
486 420
486 423
486 424
486 425
486 426
486 427
486 428
486 430
486 477
486 479
486 480
486 481
486 483
486 484
486 485
486 487
486 488
486 489
486 499
486 500
486 501
487 150
487 151
487 418
487 419
487 420
487 421
487 422
487 423
487 424
487 426
487 427
487 480
487 484
487 485
487 486
487 488
487 489
487 490
487 498
487 499
487 500
487 501
487 502
487 503
487 505
487 506
488 419
488 420
488 421
488 422
488 423
488 424
488 426
488 427
488 476
488 477
488 479
488 480
488 481
488 483
488 484
488 485
488 486
488 487
488 489
488 490
488 491
488 497
488 498
488 499
488 500
488 501
488 502
489 419
489 420
489 421
489 422
489 423
489 424
489 425
489 426
489 427
489 458
489 461
489 462
489 472
489 473
489 475
489 476
489 477
489 479
489 480
489 485
489 486
489 487
489 488
489 490
489 491
489 492
489 497
489 498
489 499
489 500
489 501
489 503
489 505
490 420
490 421
490 422
490 423
490 458
490 459
490 461
490 462
490 465
490 467
490 469
490 472
490 473
490 475
490 476
490 487
490 488
490 489
490 491
490 492
490 493
490 494
490 497
490 498
490 499
490 500
491 421
491 422
491 461
491 462
491 465
491 467
491 472
491 476
491 488
491 489
491 490
491 492
491 493
491 494
491 495
491 496
491 497
491 498
491 499
491 500
491 503
491 505
492 52
492 53
492 54
492 421
492 458
492 461
492 462
492 463
492 464
492 465
492 466
492 467
492 489
492 490
492 491
492 493
492 494
492 495
492 496
492 498
493 53
493 54
493 465
493 490
493 491
493 492
493 494
493 495
493 496
493 497
493 503
494 465
494 467
494 490
494 491
494 492
494 493
494 495
494 496
494 497
494 498
495 491
495 492
495 493
495 494
495 496
495 497
495 498
495 503
496 491
496 492
496 493
496 494
496 495
496 497
496 498
496 499
496 503
497 488
497 489
497 490
497 491
497 493
497 494
497 495
497 496
497 498
497 499
497 500
497 501
497 502
497 503
498 421
498 423
498 475
498 476
498 479
498 480
498 487
498 488
498 489
498 490
498 491
498 492
498 494
498 495
498 496
498 497
498 499
498 500
498 501
498 502
498 503
499 419
499 420
499 421
499 423
499 476
499 480
499 485
499 486
499 487
499 488
499 489
499 490
499 491
499 496
499 497
499 498
499 500
499 501
499 502
499 503
499 504
499 505
500 418
500 419
500 420
500 421
500 422
500 423
500 424
500 486
500 487
500 488
500 489
500 490
500 491
500 497
500 498
500 499
500 501
500 502
500 503
500 504
500 505
500 506
501 418
501 419
501 420
501 486
501 487
501 488
501 489
501 497
501 498
501 499
501 500
501 502
501 503
501 504
501 505
501 506
502 419
502 487
502 488
502 497
502 498
502 499
502 500
502 501
502 503
502 504
502 505
503 166
503 170
503 419
503 420
503 421
503 487
503 489
503 491
503 493
503 495
503 496
503 497
503 498
503 499
503 500
503 501
503 502
503 504
503 505
503 506
504 163
504 166
504 167
504 169
504 170
504 419
504 420
504 499
504 500
504 501
504 502
504 503
504 505
504 506
504 507
505 166
505 167
505 168
505 169
505 170
505 171
505 173
505 418
505 419
505 420
505 421
505 423
505 487
505 489
505 491
505 499
505 500
505 501
505 502
505 503
505 504
505 506
505 507
506 152
506 163
506 164
506 166
506 167
506 168
506 169
506 170
506 171
506 417
506 418
506 419
506 420
506 421
506 487
506 500
506 501
506 503
506 504
506 505
506 507
506 508
506 509
507 103
507 104
507 166
507 167
507 168
507 170
507 171
507 407
507 411
507 416
507 417
507 418
507 419
507 420
507 421
507 424
507 504
507 505
507 506
507 508
507 509
507 510
507 511
507 512
508 101
508 103
508 151
508 152
508 167
508 407
508 408
508 410
508 411
508 414
508 415
508 416
508 417
508 418
508 419
508 420
508 506
508 507
508 509
508 510
508 511
508 512
508 513
509 144
509 147
509 148
509 150
509 151
509 152
509 153
509 410
509 411
509 414
509 415
509 416
509 417
509 418
509 419
509 424
509 506
509 507
509 508
509 510
509 511
509 512
509 513
509 514
510 100
510 101
510 144
510 147
510 148
510 407
510 410
510 411
510 413
510 414
510 415
510 416
510 417
510 418
510 507
510 508
510 509
510 511
510 512
510 513
510 514
510 515
511 97
511 98
511 100
511 101
511 102
511 103
511 104
511 105
511 108
511 407
511 410
511 411
511 417
511 418
511 507
511 508
511 509
511 510
511 512
511 513
511 514
511 515
511 516
511 517
512 101
512 103
512 104
512 107
512 108
512 143
512 144
512 147
512 417
512 418
512 420
512 424
512 425
512 507
512 508
512 509
512 510
512 511
512 513
512 514
512 515
512 516
512 517
513 140
513 141
513 143
513 144
513 145
513 147
513 148
513 508
513 509
513 510
513 511
513 512
513 514
513 515
513 516
513 517
513 518
514 96
514 97
514 100
514 101
514 104
514 108
514 144
514 509
514 510
514 511
514 512
514 513
514 515
514 516
514 517
514 518
514 519
514 520
515 93
515 94
515 96
515 97
515 101
515 103
515 104
515 105
515 106
515 107
515 108
515 109
515 111
515 112
515 510
515 511
515 512
515 513
515 514
515 516
515 517
515 518
515 519
515 520
516 107
516 108
516 111
516 112
516 137
516 139
516 140
516 141
516 143
516 144
516 425
516 454
516 511
516 512
516 513
516 514
516 515
516 517
516 518
516 519
516 520
516 521
517 108
517 137
517 140
517 141
517 143
517 144
517 511
517 512
517 513
517 514
517 515
517 516
517 518
517 519
517 520
517 521
517 522
518 93
518 94
518 96
518 97
518 108
518 109
518 111
518 112
518 140
518 513
518 514
518 515
518 516
518 517
518 519
518 520
518 521
518 522
518 523
518 524
519 90
519 93
519 94
519 97
519 107
519 108
519 109
519 110
519 111
519 112
519 113
519 114
519 115
519 116
519 140
519 514
519 515
519 516
519 517
519 518
519 520
519 521
519 522
519 523
519 524
520 108
520 111
520 112
520 115
520 116
520 133
520 134
520 136
520 137
520 138
520 139
520 140
520 141
520 450
520 514
520 515
520 516
520 517
520 518
520 519
520 521
520 522
520 523
520 524
520 525
520 526
521 93
521 112
521 133
521 136
521 137
521 140
521 516
521 517
521 518
521 519
521 520
521 522
521 523
521 524
521 525
521 526
522 86
522 89
522 90
522 92
522 93
522 109
522 112
522 115
522 116
522 517
522 518
522 519
522 520
522 521
522 523
522 524
522 525
522 526
522 527
523 37
523 40
523 90
523 111
523 112
523 113
523 114
523 115
523 116
523 119
523 132
523 133
523 136
523 137
523 518
523 519
523 520
523 521
523 522
523 524
523 525
523 526
523 527
523 528
524 112
524 115
524 116
524 129
524 130
524 131
524 132
524 133
524 134
524 135
524 136
524 137
524 518
524 519
524 520
524 521
524 522
524 523
524 525
524 526
524 527
524 528
524 529
525 89
525 130
525 133
525 520
525 521
525 522
525 523
525 524
525 526
525 527
525 528
525 529
526 33
526 36
526 37
526 40
526 86
526 89
526 116
526 129
526 133
526 520
526 521
526 522
526 523
526 524
526 525
526 527
526 528
526 529
526 530
527 32
527 33
527 34
527 36
527 37
527 116
527 119
527 120
527 128
527 129
527 130
527 131
527 132
527 133
527 522
527 523
527 524
527 525
527 526
527 528
527 529
527 530
528 33
528 129
528 130
528 133
528 523
528 524
528 525
528 526
528 527
528 529
528 530
528 531
529 28
529 29
529 32
529 33
529 36
529 86
529 129
529 524
529 525
529 526
529 527
529 528
529 530
529 531
529 532
530 27
530 28
530 29
530 30
530 31
530 32
530 33
530 34
530 36
530 129
530 526
530 527
530 528
530 529
530 531
530 532
531 26
531 27
531 28
531 29
531 30
531 31
531 32
531 33
531 528
531 529
531 530
531 532
531 533
532 24
532 25
532 26
532 27
532 28
532 29
532 32
532 33
532 36
532 85
532 529
532 530
532 531
532 533
532 534
532 535
533 24
533 25
533 26
533 27
533 28
533 531
533 532
533 534
533 535
533 536
534 23
534 24
534 25
534 26
534 27
534 532
534 533
534 535
534 536
534 537
535 20
535 21
535 22
535 23
535 24
535 25
535 26
535 532
535 533
535 534
535 536
535 537
535 538
536 20
536 21
536 22
536 23
536 24
536 25
536 533
536 534
536 535
536 537
536 538
536 539
537 23
537 24
537 534
537 535
537 536
537 538
537 539
537 540
538 23
538 535
538 536
538 537
538 539
538 540
539 536
539 537
539 538
539 540
540 537
540 538
540 539
