0 1
0 2
0 3
1 0
1 2
1 3
1 4
2 0
2 1
2 3
2 4
2 5
3 0
3 1
3 2
3 4
3 5
3 6
4 1
4 2
4 3
4 5
4 6
4 7
5 2
5 3
5 4
5 6
5 7
5 8
6 3
6 4
6 5
6 7
6 8
6 9
7 4
7 5
7 6
7 8
7 9
7 10
7 11
7 12
8 5
8 6
8 7
8 9
8 10
8 11
8 12
8 13
9 6
9 7
9 8
9 10
9 11
9 12
9 13
9 14
10 7
10 8
10 9
10 11
10 12
10 13
10 14
10 15
10 16
11 7
11 8
11 9
11 10
11 12
11 13
11 14
11 15
11 16
11 17
12 7
12 8
12 9
12 10
12 11
12 13
12 14
12 15
12 16
12 17
12 18
13 8
13 9
13 10
13 11
13 12
13 14
13 15
13 16
13 17
13 18
13 19
14 9
14 10
14 11
14 12
14 13
14 15
14 16
14 17
14 18
14 19
14 20
15 10
15 11
15 12
15 13
15 14
15 16
15 17
15 18
15 19
15 20
16 10
16 11
16 12
16 13
16 14
16 15
16 17
16 18
16 19
16 20
16 21
17 11
17 12
17 13
17 14
17 15
17 16
17 18
17 19
17 20
17 21
17 22
18 12
18 13
18 14
18 15
18 16
18 17
18 19
18 20
18 21
18 22
18 23
19 13
19 14
19 15
19 16
19 17
19 18
19 20
19 21
19 22
19 23
20 14
20 15
20 16
20 17
20 18
20 19
20 21
20 22
20 23
20 24
21 16
21 17
21 18
21 19
21 20
21 22
21 23
21 24
22 17
22 18
22 19
22 20
22 21
22 23
22 24
22 25
23 18
23 19
23 20
23 21
23 22
23 24
23 25
23 26
24 20
24 21
24 22
24 23
24 25
24 26
24 27
25 22
25 23
25 24
25 26
25 27
25 28
26 23
26 24
26 25
26 27
26 28
26 29
26 150
27 24
27 25
27 26
27 28
27 29
27 30
27 110
27 111
27 112
27 149
27 150
27 151
27 153
28 25
28 26
28 27
28 29
28 30
28 31
28 110
28 111
28 148
28 149
28 150
28 151
28 152
28 153
29 26
29 27
29 28
29 30
29 31
29 107
29 109
29 110
29 111
29 112
29 147
29 148
29 149
29 150
29 151
29 152
29 153
30 27
30 28
30 29
30 31
30 32
30 33
30 109
30 110
30 144
30 145
30 146
30 147
30 148
30 149
30 150
31 28
31 29
31 30
31 32
31 33
31 34
31 35
31 106
31 109
31 110
31 143
31 144
31 145
31 146
31 147
31 148
31 149
32 30
32 31
32 33
32 34
32 35
32 144
32 145
32 146
32 147
33 30
33 31
33 32
33 34
33 35
33 36
33 144
33 145
33 146
34 31
34 32
34 33
34 35
34 36
34 37
34 38
34 106
34 141
34 142
34 143
34 144
34 145
34 146
35 31
35 32
35 33
35 34
35 36
35 37
35 38
35 102
35 103
35 104
35 105
35 106
35 107
35 141
35 144
35 145
36 33
36 34
36 35
36 37
36 38
36 39
36 40
36 102
36 103
36 104
36 105
36 106
36 137
36 138
36 140
36 141
36 142
36 144
36 145
37 34
37 35
37 36
37 38
37 39
37 40
37 41
37 102
37 103
37 104
37 137
37 141
38 34
38 35
38 36
38 37
38 39
38 40
38 41
38 42
38 103
38 137
38 138
38 141
39 36
39 37
39 38
39 40
39 41
39 42
39 43
39 44
39 103
40 36
40 37
40 38
40 39
40 41
40 42
40 43
40 44
40 45
40 46
40 99
40 100
40 101
40 102
40 103
40 104
40 133
40 134
40 137
40 138
41 37
41 38
41 39
41 40
41 42
41 43
41 44
41 45
41 46
41 47
41 100
41 103
41 130
41 131
41 133
41 134
41 135
41 137
41 138
42 38
42 39
42 40
42 41
42 43
42 44
42 45
42 46
42 47
42 48
42 100
42 134
43 39
43 40
43 41
43 42
43 44
43 45
43 46
43 47
43 48
43 96
43 97
43 98
43 99
43 100
43 101
43 102
43 103
43 134
44 39
44 40
44 41
44 42
44 43
44 45
44 46
44 47
44 48
44 49
44 96
44 97
44 99
44 100
44 101
44 103
44 127
44 130
44 131
44 133
44 134
45 40
45 41
45 42
45 43
45 44
45 46
45 47
45 48
45 49
45 50
45 51
45 96
45 100
45 127
45 130
45 131
45 134
46 40
46 41
46 42
46 43
46 44
46 45
46 47
46 48
46 49
46 50
46 51
46 96
46 97
46 99
46 100
47 41
47 42
47 43
47 44
47 45
47 46
47 48
47 49
47 50
47 51
47 93
47 94
47 95
47 96
47 97
47 98
47 99
47 100
47 127
47 130
48 42
48 43
48 44
48 45
48 46
48 47
48 49
48 50
48 51
48 52
48 53
48 96
48 97
48 126
48 127
48 130
48 131
49 44
49 45
49 46
49 47
49 48
49 50
49 51
49 52
49 53
50 45
50 46
50 47
50 48
50 49
50 51
50 52
50 53
50 92
50 93
50 96
51 45
51 46
51 47
51 48
51 49
51 50
51 52
51 53
51 54
51 55
51 93
51 96
51 126
51 127
52 48
52 49
52 50
52 51
52 53
52 54
52 55
52 56
52 125
52 126
52 127
53 48
53 49
53 50
53 51
53 52
53 54
53 55
53 56
53 125
53 126
53 127
53 128
53 130
54 51
54 52
54 53
54 55
54 56
54 57
54 124
54 125
54 126
54 127
54 128
55 51
55 52
55 53
55 54
55 56
55 57
55 123
55 124
55 125
55 126
55 127
55 128
56 52
56 53
56 54
56 55
56 57
56 58
56 122
56 123
56 124
56 125
56 126
56 127
56 129
57 54
57 55
57 56
57 58
57 59
57 78
57 81
57 85
57 121
57 122
57 123
57 124
57 125
57 126
57 127
57 128
57 129
58 56
58 57
58 59
58 60
58 61
58 77
58 78
58 81
58 120
58 121
58 122
58 123
58 124
58 125
58 126
58 128
58 129
59 57
59 58
59 60
59 61
59 62
59 63
59 74
59 77
59 78
59 81
59 119
59 120
59 121
59 122
59 123
59 124
59 125
59 126
59 128
59 129
59 132
60 58
60 59
60 61
60 62
60 63
60 64
60 73
60 74
60 77
60 115
60 119
60 120
60 121
60 122
60 123
60 124
60 157
61 58
61 59
61 60
61 62
61 63
61 64
61 119
61 120
61 121
61 122
61 123
61 157
61 158
62 59
62 60
62 61
62 63
62 64
62 65
62 118
62 119
62 120
62 121
62 122
62 156
62 157
62 158
62 159
62 160
63 59
63 60
63 61
63 62
63 64
63 65
63 66
63 70
63 73
63 74
63 118
63 119
63 120
63 121
63 155
63 156
63 157
63 158
63 159
64 60
64 61
64 62
64 63
64 65
64 66
64 67
64 69
64 70
64 73
64 119
64 155
64 156
64 157
64 158
64 159
65 62
65 63
65 64
65 66
65 67
65 68
65 69
65 70
65 71
65 156
65 157
65 158
66 63
66 64
66 65
66 67
66 68
66 69
66 70
66 71
66 72
66 73
66 152
66 156
66 158
67 64
67 65
67 66
67 68
67 69
67 70
67 71
67 72
67 140
68 65
68 66
68 67
68 69
68 70
68 71
68 72
68 73
68 140
68 143
68 144
68 147
68 148
68 149
68 151
68 152
69 64
69 65
69 66
69 67
69 68
69 70
69 71
69 72
69 73
69 74
69 75
69 140
69 148
69 149
69 150
69 151
69 152
69 153
69 154
69 155
69 156
70 63
70 64
70 65
70 66
70 67
70 68
70 69
70 71
70 72
70 73
70 74
70 75
70 136
70 152
70 155
70 156
71 65
71 66
71 67
71 68
71 69
71 70
71 72
71 73
71 74
71 75
71 76
71 132
71 133
71 135
71 136
71 137
71 138
71 139
71 140
72 66
72 67
72 68
72 69
72 70
72 71
72 73
72 74
72 75
72 76
72 77
72 78
72 104
72 107
72 133
72 136
72 137
72 139
72 140
72 144
72 149
72 152
72 153
72 155
73 60
73 63
73 64
73 66
73 68
73 69
73 70
73 71
73 72
73 74
73 75
73 76
73 77
73 78
73 79
73 107
73 112
73 115
73 136
73 152
73 153
73 154
73 155
73 156
74 59
74 60
74 63
74 69
74 70
74 71
74 72
74 73
74 75
74 76
74 77
74 78
74 79
74 129
74 132
74 133
74 136
74 155
75 69
75 70
75 71
75 72
75 73
75 74
75 76
75 77
75 78
75 79
75 80
75 81
75 103
75 104
75 105
75 106
75 107
75 129
75 132
75 133
75 134
75 136
75 137
76 71
76 72
76 73
76 74
76 75
76 77
76 78
76 79
76 80
76 81
76 104
76 105
76 106
76 107
76 108
76 110
76 112
76 115
76 133
76 155
77 58
77 59
77 60
77 72
77 73
77 74
77 75
77 76
77 78
77 79
77 80
77 81
77 82
77 107
77 115
77 129
77 133
78 57
78 58
78 59
78 72
78 73
78 74
78 75
78 76
78 77
78 79
78 80
78 81
78 82
78 83
78 84
78 101
78 104
78 105
78 126
78 129
78 130
78 132
78 133
79 73
79 74
79 75
79 76
79 77
79 78
79 80
79 81
79 82
79 83
79 84
79 85
79 100
79 101
79 102
79 103
79 104
79 105
79 106
79 107
79 108
79 133
80 75
80 76
80 77
80 78
80 79
80 81
80 82
80 83
80 84
80 85
80 86
80 101
80 104
80 105
80 108
81 57
81 58
81 59
81 75
81 76
81 77
81 78
81 79
81 80
81 82
81 83
81 84
81 85
81 86
81 97
81 101
81 126
81 129
82 77
82 78
82 79
82 80
82 81
82 83
82 84
82 85
82 86
82 87
82 94
82 96
82 97
82 98
82 99
82 100
82 101
82 102
82 104
82 105
82 130
83 78
83 79
83 80
83 81
83 82
83 84
83 85
83 86
83 87
83 88
83 94
83 97
83 98
83 101
83 105
84 78
84 79
84 80
84 81
84 82
84 83
84 85
84 86
84 87
84 88
84 89
84 97
85 57
85 79
85 80
85 81
85 82
85 83
85 84
85 86
85 87
85 88
85 89
85 90
85 93
85 94
85 97
85 98
86 80
86 81
86 82
86 83
86 84
86 85
86 87
86 88
86 89
86 90
86 91
86 93
86 94
86 95
86 96
86 97
86 98
86 101
87 82
87 83
87 84
87 85
87 86
87 88
87 89
87 90
87 94
88 83
88 84
88 85
88 86
88 87
88 89
88 90
88 91
88 93
88 94
89 84
89 85
89 86
89 87
89 88
89 90
89 91
89 92
89 93
89 94
89 95
89 96
89 97
90 85
90 86
90 87
90 88
90 89
90 91
90 92
90 93
90 94
90 95
91 86
91 88
91 89
91 90
91 92
91 93
91 94
91 95
91 96
92 50
92 89
92 90
92 91
92 93
92 94
92 95
92 96
92 97
93 47
93 50
93 51
93 85
93 86
93 88
93 89
93 90
93 91
93 92
93 94
93 95
93 96
93 97
93 98
94 47
94 82
94 83
94 85
94 86
94 87
94 88
94 89
94 90
94 91
94 92
94 93
94 95
94 96
94 97
94 98
94 99
94 100
95 47
95 86
95 89
95 90
95 91
95 92
95 93
95 94
95 96
95 97
95 98
95 99
95 100
95 101
96 43
96 44
96 45
96 46
96 47
96 48
96 50
96 51
96 82
96 86
96 89
96 91
96 92
96 93
96 94
96 95
96 97
96 98
96 99
96 100
96 101
97 43
97 44
97 46
97 47
97 48
97 81
97 82
97 83
97 84
97 85
97 86
97 89
97 92
97 93
97 94
97 95
97 96
97 98
97 99
97 100
97 101
97 102
98 43
98 47
98 82
98 83
98 85
98 86
98 93
98 94
98 95
98 96
98 97
98 99
98 100
98 101
98 102
98 103
98 105
99 40
99 43
99 44
99 46
99 47
99 82
99 94
99 95
99 96
99 97
99 98
99 100
99 101
99 102
99 103
99 104
99 105
100 40
100 41
100 42
100 43
100 44
100 45
100 46
100 47
100 79
100 82
100 94
100 95
100 96
100 97
100 98
100 99
100 101
100 102
100 103
100 104
100 105
100 130
100 133
101 40
101 43
101 44
101 78
101 79
101 80
101 81
101 82
101 83
101 86
101 95
101 96
101 97
101 98
101 99
101 100
101 102
101 103
101 104
101 105
101 106
102 35
102 36
102 37
102 40
102 43
102 79
102 82
102 97
102 98
102 99
102 100
102 101
102 103
102 104
102 105
102 106
103 35
103 36
103 37
103 38
103 39
103 40
103 41
103 43
103 44
103 75
103 79
103 98
103 99
103 100
103 101
103 102
103 104
103 105
103 106
103 107
103 133
103 134
103 137
104 35
104 36
104 37
104 40
104 72
104 75
104 76
104 78
104 79
104 80
104 82
104 99
104 100
104 101
104 102
104 103
104 105
104 106
104 107
104 108
104 133
104 134
104 137
105 35
105 36
105 75
105 76
105 78
105 79
105 80
105 82
105 83
105 98
105 99
105 100
105 101
105 102
105 103
105 104
105 106
105 107
105 108
105 109
106 31
106 34
106 35
106 36
106 75
106 76
106 79
106 101
106 102
106 103
106 104
106 105
106 107
106 108
106 109
106 110
107 29
107 35
107 72
107 73
107 75
107 76
107 77
107 79
107 103
107 104
107 105
107 106
107 108
107 109
107 110
107 111
107 112
107 153
108 76
108 79
108 80
108 104
108 105
108 106
108 107
108 109
108 110
108 111
108 112
109 29
109 30
109 31
109 105
109 106
109 107
109 108
109 110
109 111
109 112
110 27
110 28
110 29
110 30
110 31
110 76
110 106
110 107
110 108
110 109
110 111
110 112
110 113
110 149
110 150
110 152
110 153
111 27
111 28
111 29
111 107
111 108
111 109
111 110
111 112
111 113
111 114
111 150
111 152
111 153
111 154
112 27
112 29
112 73
112 76
112 107
112 108
112 109
112 110
112 111
112 113
112 114
112 115
112 150
112 151
112 152
112 153
112 154
112 155
113 110
113 111
113 112
113 114
113 115
113 116
113 152
113 153
113 154
113 155
114 111
114 112
114 113
114 115
114 116
114 117
114 153
114 154
114 155
115 60
115 73
115 76
115 77
115 112
115 113
115 114
115 116
115 117
115 118
115 119
115 120
115 154
115 155
115 156
115 157
116 113
116 114
116 115
116 117
116 118
116 119
116 120
116 154
116 155
116 156
116 157
117 114
117 115
117 116
117 118
117 119
117 120
117 157
118 62
118 63
118 115
118 116
118 117
118 119
118 120
118 121
118 155
118 156
118 157
118 158
118 159
118 160
119 59
119 60
119 61
119 62
119 63
119 64
119 115
119 116
119 117
119 118
119 120
119 121
119 155
119 156
119 157
119 158
120 58
120 59
120 60
120 61
120 62
120 63
120 115
120 116
120 117
120 118
120 119
120 121
120 122
120 157
121 57
121 58
121 59
121 60
121 61
121 62
121 63
121 118
121 119
121 120
121 122
121 123
121 124
122 56
122 57
122 58
122 59
122 60
122 61
122 62
122 120
122 121
122 123
122 124
123 55
123 56
123 57
123 58
123 59
123 60
123 61
123 121
123 122
123 124
123 125
123 126
124 54
124 55
124 56
124 57
124 58
124 59
124 60
124 121
124 122
124 123
124 125
124 126
124 127
124 128
124 129
125 52
125 53
125 54
125 55
125 56
125 57
125 58
125 59
125 123
125 124
125 126
125 127
125 128
125 129
125 130
126 48
126 51
126 52
126 53
126 54
126 55
126 56
126 57
126 58
126 59
126 78
126 81
126 123
126 124
126 125
126 127
126 128
126 129
126 130
126 131
126 132
127 44
127 45
127 47
127 48
127 51
127 52
127 53
127 54
127 55
127 56
127 57
127 124
127 125
127 126
127 128
127 129
127 130
127 131
127 132
127 133
128 53
128 54
128 55
128 57
128 58
128 59
128 124
128 125
128 126
128 127
128 129
128 130
128 131
128 132
128 133
128 134
129 56
129 57
129 58
129 59
129 74
129 75
129 77
129 78
129 81
129 124
129 125
129 126
129 127
129 128
129 130
129 131
129 132
129 133
129 134
129 135
130 41
130 44
130 45
130 47
130 48
130 53
130 78
130 82
130 100
130 125
130 126
130 127
130 128
130 129
130 131
130 132
130 133
130 134
130 135
130 136
131 41
131 44
131 45
131 48
131 126
131 127
131 128
131 129
131 130
131 132
131 133
131 134
131 135
131 136
132 59
132 71
132 74
132 75
132 78
132 126
132 127
132 128
132 129
132 130
132 131
132 133
132 134
132 135
132 136
132 137
132 138
133 40
133 41
133 44
133 71
133 72
133 74
133 75
133 76
133 77
133 78
133 79
133 100
133 103
133 104
133 127
133 128
133 129
133 130
133 131
133 132
133 134
133 135
133 136
133 137
133 138
133 139
134 40
134 41
134 42
134 43
134 44
134 45
134 75
134 103
134 104
134 128
134 129
134 130
134 131
134 132
134 133
134 135
134 136
134 137
134 138
134 139
134 140
135 41
135 71
135 129
135 130
135 131
135 132
135 133
135 134
135 136
135 137
135 138
135 139
135 140
136 70
136 71
136 72
136 73
136 74
136 75
136 130
136 131
136 132
136 133
136 134
136 135
136 137
136 138
136 139
136 140
136 141
137 36
137 37
137 38
137 40
137 41
137 71
137 72
137 75
137 103
137 104
137 132
137 133
137 134
137 135
137 136
137 138
137 139
137 140
137 141
137 142
137 144
138 36
138 38
138 40
138 41
138 71
138 132
138 133
138 134
138 135
138 136
138 137
138 139
138 140
138 141
138 142
138 143
139 71
139 72
139 133
139 134
139 135
139 136
139 137
139 138
139 140
139 141
139 142
139 143
139 144
140 36
140 67
140 68
140 69
140 71
140 72
140 134
140 135
140 136
140 137
140 138
140 139
140 141
140 142
140 143
140 144
140 145
140 147
141 34
141 35
141 36
141 37
141 38
141 136
141 137
141 138
141 139
141 140
141 142
141 143
141 144
141 145
141 146
142 34
142 36
142 137
142 138
142 139
142 140
142 141
142 143
142 144
142 145
142 146
142 147
143 31
143 34
143 68
143 138
143 139
143 140
143 141
143 142
143 144
143 145
143 146
143 147
143 148
144 30
144 31
144 32
144 33
144 34
144 35
144 36
144 68
144 72
144 137
144 139
144 140
144 141
144 142
144 143
144 145
144 146
144 147
144 148
144 149
145 30
145 31
145 32
145 33
145 34
145 35
145 36
145 140
145 141
145 142
145 143
145 144
145 146
145 147
145 148
145 149
146 30
146 31
146 32
146 33
146 34
146 141
146 142
146 143
146 144
146 145
146 147
146 148
146 149
147 29
147 30
147 31
147 32
147 68
147 140
147 142
147 143
147 144
147 145
147 146
147 148
147 149
147 150
148 28
148 29
148 30
148 31
148 68
148 69
148 143
148 144
148 145
148 146
148 147
148 149
148 150
148 151
148 152
149 27
149 28
149 29
149 30
149 31
149 68
149 69
149 72
149 110
149 144
149 145
149 146
149 147
149 148
149 150
149 151
149 152
149 153
150 26
150 27
150 28
150 29
150 30
150 69
150 110
150 111
150 112
150 147
150 148
150 149
150 151
150 152
150 153
150 154
151 27
151 28
151 29
151 68
151 69
151 112
151 148
151 149
151 150
151 152
151 153
151 154
151 155
152 28
152 29
152 66
152 68
152 69
152 70
152 72
152 73
152 110
152 111
152 112
152 113
152 148
152 149
152 150
152 151
152 153
152 154
152 155
152 156
153 27
153 28
153 29
153 69
153 72
153 73
153 107
153 110
153 111
153 112
153 113
153 114
153 149
153 150
153 151
153 152
153 154
153 155
153 156
154 69
154 73
154 111
154 112
154 113
154 114
154 115
154 116
154 150
154 151
154 152
154 153
154 155
154 156
154 157
155 63
155 64
155 69
155 70
155 72
155 73
155 74
155 76
155 112
155 113
155 114
155 115
155 116
155 118
155 119
155 151
155 152
155 153
155 154
155 156
155 157
156 62
156 63
156 64
156 65
156 66
156 69
156 70
156 73
156 115
156 116
156 118
156 119
156 152
156 153
156 154
156 155
156 157
156 158
156 159
157 60
157 61
157 62
157 63
157 64
157 65
157 115
157 116
157 117
157 118
157 119
157 120
157 154
157 155
157 156
157 158
157 159
157 160
158 61
158 62
158 63
158 64
158 65
158 66
158 118
158 119
158 156
158 157
158 159
158 160
158 161
159 62
159 63
159 64
159 118
159 156
159 157
159 158
159 160
159 161
159 162
159 163
160 62
160 118
160 157
160 158
160 159
160 161
160 162
160 163
161 158
161 159
161 160
161 162
161 163
161 164
162 159
162 160
162 161
162 163
162 164
162 165
163 159
163 160
163 161
163 162
163 164
163 165
163 166
164 161
164 162
164 163
164 165
164 166
164 167
165 162
165 163
165 164
165 166
165 167
165 168
166 163
166 164
166 165
166 167
166 168
166 169
167 164
167 165
167 166
167 168
167 169
167 170
168 165
168 166
168 167
168 169
168 170
168 171
169 166
169 167
169 168
169 170
169 171
169 172
170 167
170 168
170 169
170 171
170 172
170 173
171 168
171 169
171 170
171 172
171 173
171 174
172 169
172 170
172 171
172 173
172 174
172 175
173 170
173 171
173 172
173 174
173 175
173 176
174 171
174 172
174 173
174 175
174 176
174 177
175 172
175 173
175 174
175 176
175 177
176 173
176 174
176 175
176 177
176 178
176 179
177 174
177 175
177 176
177 178
177 179
177 180
178 176
178 177
178 179
178 180
178 181
179 176
179 177
179 178
179 180
179 181
179 182
180 177
180 178
180 179
180 181
180 182
180 183
181 178
181 179
181 180
181 182
181 183
181 184
182 179
182 180
182 181
182 183
182 184
182 185
182 186
183 180
183 181
183 182
183 184
183 185
183 186
183 187
183 188
184 181
184 182
184 183
184 185
184 186
184 187
184 188
184 189
184 190
185 182
185 183
185 184
185 186
185 187
185 188
185 189
185 190
186 182
186 183
186 184
186 185
186 187
186 188
186 189
186 190
186 191
187 183
187 184
187 185
187 186
187 188
187 189
187 190
187 191
187 192
188 183
188 184
188 185
188 186
188 187
188 189
188 190
188 191
188 192
188 193
189 184
189 185
189 186
189 187
189 188
189 190
189 191
189 192
189 193
189 194
190 184
190 185
190 186
190 187
190 188
190 189
190 191
190 192
190 193
190 194
190 195
191 186
191 187
191 188
191 189
191 190
191 192
191 193
191 194
191 195
191 196
192 187
192 188
192 189
192 190
192 191
192 193
192 194
192 195
192 196
192 197
193 188
193 189
193 190
193 191
193 192
193 194
193 195
193 196
193 197
193 198
193 199
194 189
194 190
194 191
194 192
194 193
194 195
194 196
194 197
194 198
194 199
195 190
195 191
195 192
195 193
195 194
195 196
195 197
195 198
195 199
195 200
195 201
196 191
196 192
196 193
196 194
196 195
196 197
196 198
196 199
196 200
196 201
196 202
197 192
197 193
197 194
197 195
197 196
197 198
197 199
197 200
197 201
197 202
197 203
198 193
198 194
198 195
198 196
198 197
198 199
198 200
198 201
198 202
198 203
198 204
199 193
199 194
199 195
199 196
199 197
199 198
199 200
199 201
199 202
199 203
199 204
199 205
200 195
200 196
200 197
200 198
200 199
200 201
200 202
200 203
200 204
200 205
200 206
201 195
201 196
201 197
201 198
201 199
201 200
201 202
201 203
201 204
201 205
201 206
201 207
202 196
202 197
202 198
202 199
202 200
202 201
202 203
202 204
202 205
202 206
202 207
202 208
203 197
203 198
203 199
203 200
203 201
203 202
203 204
203 205
203 206
203 207
203 208
204 198
204 199
204 200
204 201
204 202
204 203
204 205
204 206
204 207
204 208
204 209
204 210
205 199
205 200
205 201
205 202
205 203
205 204
205 206
205 207
205 208
205 209
205 210
205 211
206 200
206 201
206 202
206 203
206 204
206 205
206 207
206 208
206 209
206 210
206 211
207 201
207 202
207 203
207 204
207 205
207 206
207 208
207 209
207 210
207 211
207 212
208 202
208 203
208 204
208 205
208 206
208 207
208 209
208 210
208 211
208 212
208 213
209 204
209 205
209 206
209 207
209 208
209 210
209 211
209 212
209 213
210 204
210 205
210 206
210 207
210 208
210 209
210 211
210 212
210 213
210 214
211 205
211 206
211 207
211 208
211 209
211 210
211 212
211 213
211 214
212 207
212 208
212 209
212 210
212 211
212 213
212 214
212 215
213 208
213 209
213 210
213 211
213 212
213 214
213 215
213 216
214 210
214 211
214 212
214 213
214 215
214 216
214 217
215 212
215 213
215 214
215 216
215 217
215 218
216 213
216 214
216 215
216 217
216 218
216 219
217 214
217 215
217 216
217 218
217 219
217 220
218 215
218 216
218 217
218 219
218 220
218 221
219 216
219 217
219 218
219 220
219 221
219 222
220 217
220 218
220 219
220 221
220 222
220 223
221 218
221 219
221 220
221 222
221 223
222 219
222 220
222 221
222 223
222 224
223 220
223 221
223 222
223 224
223 225
223 226
224 222
224 223
224 225
224 226
224 227
225 223
225 224
225 226
225 227
225 228
226 223
226 224
226 225
226 227
226 228
226 229
227 224
227 225
227 226
227 228
227 229
227 230
228 225
228 226
228 227
228 229
228 230
228 231
229 226
229 227
229 228
229 230
229 231
230 227
230 228
230 229
230 231
230 232
230 233
231 228
231 229
231 230
231 232
231 233
231 234
232 230
232 231
232 233
232 234
233 230
233 231
233 232
233 234
234 231
234 232
234 233
