0 1
0 2
0 3
1 0
1 2
1 3
1 4
2 0
2 1
2 3
2 4
2 5
3 0
3 1
3 2
3 4
3 5
3 6
4 1
4 2
4 3
4 5
4 6
4 7
5 2
5 3
5 4
5 6
5 7
5 8
6 3
6 4
6 5
6 7
6 8
6 9
7 4
7 5
7 6
7 8
7 9
7 10
8 5
8 6
8 7
8 9
8 10
8 11
9 6
9 7
9 8
9 10
9 11
9 12
10 7
10 8
10 9
10 11
10 12
10 13
11 8
11 9
11 10
11 12
11 13
11 14
12 9
12 10
12 11
12 13
12 14
12 15
13 10
13 11
13 12
13 14
13 15
13 16
14 11
14 12
14 13
14 15
14 16
14 17
15 12
15 13
15 14
15 16
15 17
15 18
16 13
16 14
16 15
16 17
16 18
17 14
17 15
17 16
17 18
17 19
18 15
18 16
18 17
18 19
18 20
19 17
19 18
19 20
19 21
19 22
20 18
20 19
20 21
20 22
20 23
21 19
21 20
21 22
21 23
22 19
22 20
22 21
22 23
22 24
23 20
23 21
23 22
23 24
23 25
23 26
24 22
24 23
24 25
24 26
24 27
25 23
25 24
25 26
25 27
25 28
26 23
26 24
26 25
26 27
26 28
26 29
27 24
27 25
27 26
27 28
27 29
27 30
28 25
28 26
28 27
28 29
28 30
28 31
29 26
29 27
29 28
29 30
29 31
29 32
30 27
30 28
30 29
30 31
30 32
30 33
31 28
31 29
31 30
31 32
31 33
31 34
32 29
32 30
32 31
32 33
32 34
32 35
33 30
33 31
33 32
33 34
33 35
33 36
33 285
34 31
34 32
34 33
34 35
34 36
34 37
35 32
35 33
35 34
35 36
35 37
35 38
36 33
36 34
36 35
36 37
36 38
36 39
36 40
36 278
36 316
37 34
37 35
37 36
37 38
37 39
37 40
37 41
37 250
37 251
38 35
38 36
38 37
38 39
38 40
38 41
38 42
38 43
38 44
38 248
38 250
38 251
38 270
38 274
39 36
39 37
39 38
39 40
39 41
39 42
39 43
39 44
39 248
40 36
40 37
40 38
40 39
40 41
40 42
40 43
40 44
40 45
40 315
40 316
41 37
41 38
41 39
41 40
41 42
41 43
41 44
41 45
41 46
41 235
41 238
41 239
41 270
41 271
41 274
42 38
42 39
42 40
42 41
42 43
42 44
42 45
42 46
42 47
42 239
43 38
43 39
43 40
43 41
43 42
43 44
43 45
43 46
43 47
44 38
44 39
44 40
44 41
44 42
44 43
44 45
44 46
44 47
44 48
44 235
44 271
44 274
44 312
45 40
45 41
45 42
45 43
45 44
45 46
45 47
45 48
45 49
45 50
45 52
45 235
45 236
45 239
46 41
46 42
46 43
46 44
46 45
46 47
46 48
46 49
46 50
46 52
46 53
47 42
47 43
47 44
47 45
47 46
47 48
47 49
47 50
48 44
48 45
48 46
48 47
48 49
48 50
48 51
48 52
48 53
49 45
49 46
49 47
49 48
49 50
49 51
49 52
49 53
50 45
50 46
50 47
50 48
50 49
50 51
50 52
50 53
50 54
50 55
51 48
51 49
51 50
51 52
51 53
51 54
51 55
51 56
52 45
52 46
52 48
52 49
52 50
52 51
52 53
52 54
52 55
52 56
52 57
53 46
53 48
53 49
53 50
53 51
53 52
53 54
53 55
53 56
53 57
53 58
54 50
54 51
54 52
54 53
54 55
54 56
54 57
54 58
54 59
55 50
55 51
55 52
55 53
55 54
55 56
55 57
55 58
55 59
55 60
56 51
56 52
56 53
56 54
56 55
56 57
56 58
56 59
56 60
56 61
57 52
57 53
57 54
57 55
57 56
57 58
57 59
57 60
57 61
57 62
58 53
58 54
58 55
58 56
58 57
58 59
58 60
58 61
58 62
59 54
59 55
59 56
59 57
59 58
59 60
59 61
59 62
59 63
60 55
60 56
60 57
60 58
60 59
60 61
60 62
60 63
60 64
61 56
61 57
61 58
61 59
61 60
61 62
61 63
61 64
61 65
62 57
62 58
62 59
62 60
62 61
62 63
62 64
62 65
62 66
63 59
63 60
63 61
63 62
63 64
63 65
63 66
64 60
64 61
64 62
64 63
64 65
64 66
65 61
65 62
65 63
65 64
65 66
65 67
65 68
66 62
66 63
66 64
66 65
66 67
66 68
67 65
67 66
67 68
67 69
68 65
68 66
68 67
68 69
68 70
69 67
69 68
69 70
69 71
70 68
70 69
70 71
70 72
71 69
71 70
71 72
71 73
72 70
72 71
72 73
72 74
73 71
73 72
73 74
73 75
74 72
74 73
74 75
74 76
75 73
75 74
75 76
75 77
76 74
76 75
76 77
76 78
77 75
77 76
77 78
77 79
78 76
78 77
78 79
78 80
79 77
79 78
79 80
79 81
80 78
80 79
80 81
80 82
81 79
81 80
81 82
81 83
82 80
82 81
82 83
82 84
83 81
83 82
83 84
83 85
84 82
84 83
84 85
84 86
85 83
85 84
85 86
85 87
86 84
86 85
86 87
86 88
87 85
87 86
87 88
87 89
88 86
88 87
88 89
88 90
89 87
89 88
89 90
89 91
90 88
90 89
90 91
90 92
91 89
91 90
91 92
91 93
92 90
92 91
92 93
92 94
93 91
93 92
93 94
93 95
94 92
94 93
94 95
94 96
95 93
95 94
95 96
95 97
96 94
96 95
96 97
96 98
97 95
97 96
97 98
97 99
98 96
98 97
98 99
98 100
99 97
99 98
99 100
99 101
99 102
100 98
100 99
100 101
100 102
100 103
101 99
101 100
101 102
101 103
101 104
102 99
102 100
102 101
102 103
102 104
102 105
103 100
103 101
103 102
103 104
103 105
103 106
104 101
104 102
104 103
104 105
104 106
104 107
105 102
105 103
105 104
105 106
105 107
105 108
106 103
106 104
106 105
106 107
106 108
106 109
107 104
107 105
107 106
107 108
107 109
107 110
108 105
108 106
108 107
108 109
108 110
109 106
109 107
109 108
109 110
109 111
110 107
110 108
110 109
110 111
110 112
111 109
111 110
111 112
111 113
112 110
112 111
112 113
112 114
113 111
113 112
113 114
113 115
114 112
114 113
114 115
114 116
115 113
115 114
115 116
115 117
116 114
116 115
116 117
116 118
117 115
117 116
117 118
117 119
118 116
118 117
118 119
118 120
118 121
119 117
119 118
119 120
119 121
119 122
120 118
120 119
120 121
120 122
120 123
121 118
121 119
121 120
121 122
121 123
121 124
122 119
122 120
122 121
122 123
122 124
122 125
123 120
123 121
123 122
123 124
123 125
124 121
124 122
124 123
124 125
124 126
125 122
125 123
125 124
125 126
125 127
126 124
126 125
126 127
126 128
126 129
127 125
127 126
127 128
127 129
128 126
128 127
128 129
128 130
129 126
129 127
129 128
129 130
129 131
130 128
130 129
130 131
130 132
131 129
131 130
131 132
131 133
131 134
132 130
132 131
132 133
132 134
132 135
133 131
133 132
133 134
133 135
134 131
134 132
134 133
134 135
134 136
135 132
135 133
135 134
135 136
135 137
136 134
136 135
136 137
136 138
137 135
137 136
137 138
137 139
138 136
138 137
138 139
138 140
139 137
139 138
139 140
139 141
140 138
140 139
140 141
140 142
141 139
141 140
141 142
141 143
142 140
142 141
142 143
142 144
143 141
143 142
143 144
143 145
144 142
144 143
144 145
144 146
145 143
145 144
145 146
145 147
146 144
146 145
146 147
146 148
146 149
147 145
147 146
147 148
147 149
148 146
148 147
148 149
148 150
149 146
149 147
149 148
149 150
149 151
149 152
150 148
150 149
150 151
150 152
151 149
151 150
151 152
151 153
151 154
152 149
152 150
152 151
152 153
152 154
152 155
153 151
153 152
153 154
153 155
153 156
154 151
154 152
154 153
154 155
154 156
154 157
155 152
155 153
155 154
155 156
155 157
155 158
156 153
156 154
156 155
156 157
156 158
156 159
157 154
157 155
157 156
157 158
157 159
157 160
158 155
158 156
158 157
158 159
158 160
158 161
159 156
159 157
159 158
159 160
159 161
159 162
160 157
160 158
160 159
160 161
160 162
160 163
161 158
161 159
161 160
161 162
161 163
161 164
162 159
162 160
162 161
162 163
162 164
162 165
163 160
163 161
163 162
163 164
163 165
163 166
164 161
164 162
164 163
164 165
164 166
164 167
165 162
165 163
165 164
165 166
165 167
165 168
166 163
166 164
166 165
166 167
166 168
166 169
167 164
167 165
167 166
167 168
167 169
167 170
168 165
168 166
168 167
168 169
168 170
168 171
169 166
169 167
169 168
169 170
169 171
169 172
170 167
170 168
170 169
170 171
170 172
170 173
171 168
171 169
171 170
171 172
171 173
171 174
172 169
172 170
172 171
172 173
172 174
172 175
173 170
173 171
173 172
173 174
173 175
173 176
174 171
174 172
174 173
174 175
174 176
174 177
175 172
175 173
175 174
175 176
175 177
175 178
176 173
176 174
176 175
176 177
176 178
176 179
177 174
177 175
177 176
177 178
177 179
177 180
178 175
178 176
178 177
178 179
178 180
178 181
179 176
179 177
179 178
179 180
179 181
179 182
179 350
179 351
179 352
179 353
180 177
180 178
180 179
180 181
180 182
180 183
180 350
180 351
180 353
181 178
181 179
181 180
181 182
181 183
181 184
181 349
181 350
181 351
181 388
182 179
182 180
182 181
182 183
182 184
182 185
182 349
182 350
182 351
182 388
182 389
182 391
182 392
183 180
183 181
183 182
183 184
183 185
183 186
183 349
183 388
184 181
184 182
184 183
184 185
184 186
184 187
184 349
184 387
184 388
184 391
184 428
184 429
184 430
185 182
185 183
185 184
185 186
185 187
185 188
185 388
185 429
185 430
186 183
186 184
186 185
186 187
186 188
186 189
186 430
187 184
187 185
187 186
187 188
187 189
187 190
187 430
187 431
187 432
187 463
187 464
187 466
187 467
187 468
188 185
188 186
188 187
188 189
188 190
188 191
188 463
188 464
188 466
188 467
189 186
189 187
189 188
189 190
189 191
189 192
189 460
189 462
189 463
189 464
189 465
189 466
189 467
190 187
190 188
190 189
190 191
190 192
190 193
190 194
190 460
190 461
190 462
190 463
190 464
190 465
190 466
190 467
190 468
191 188
191 189
191 190
191 192
191 193
191 194
191 230
191 460
191 461
191 462
191 463
191 464
191 465
191 466
191 467
191 468
191 499
191 500
191 501
192 189
192 190
192 191
192 193
192 194
192 228
192 230
192 457
192 460
192 461
192 462
192 463
192 464
192 465
192 466
192 467
192 469
192 498
192 499
192 500
192 501
192 502
193 190
193 191
193 192
193 194
193 195
193 196
193 227
193 228
193 229
193 230
193 231
193 458
193 460
193 461
193 462
193 463
193 464
193 465
193 466
193 498
193 499
193 500
193 501
194 190
194 191
194 192
194 193
194 195
194 196
194 197
194 228
194 229
194 230
194 231
194 232
194 233
194 461
194 462
194 463
195 193
195 194
195 196
195 197
195 198
195 199
195 228
195 229
195 230
195 231
195 232
195 233
195 234
195 462
196 193
196 194
196 195
196 197
196 198
196 199
196 200
196 228
196 229
196 230
196 233
197 194
197 195
197 196
197 198
197 199
197 200
197 229
198 195
198 196
198 197
198 199
198 200
198 201
199 195
199 196
199 197
199 198
199 200
199 201
199 202
199 203
199 204
199 229
199 233
199 236
199 237
200 196
200 197
200 198
200 199
200 201
200 202
200 203
200 204
200 205
200 233
200 236
200 237
200 240
201 198
201 199
201 200
201 202
201 203
201 204
201 205
201 206
201 207
201 229
201 233
201 234
201 235
201 236
201 237
201 238
201 239
201 240
201 241
202 199
202 200
202 201
202 203
202 204
202 205
202 206
202 207
202 208
202 236
202 237
202 238
202 239
202 240
202 241
202 243
202 244
203 199
203 200
203 201
203 202
203 204
203 205
203 206
203 207
203 208
203 209
203 237
203 240
203 241
204 199
204 200
204 201
204 202
204 203
204 205
204 206
204 207
204 208
204 209
204 210
204 221
204 222
204 225
204 226
204 229
204 233
204 234
204 236
204 237
204 238
204 240
204 241
205 200
205 201
205 202
205 203
205 204
205 206
205 207
205 208
205 209
205 210
205 211
205 225
205 234
205 236
205 237
205 238
205 239
205 240
205 241
205 242
205 243
205 244
205 245
205 249
206 201
206 202
206 203
206 204
206 205
206 207
206 208
206 209
206 210
206 211
206 212
206 237
206 240
206 241
206 244
206 245
207 201
207 202
207 203
207 204
207 205
207 206
207 208
207 209
207 210
207 211
207 212
207 218
207 221
207 222
207 224
207 225
208 202
208 203
208 204
208 205
208 206
208 207
208 209
208 210
208 211
208 212
208 213
208 217
208 218
208 219
208 221
208 222
208 223
208 225
208 226
208 237
208 241
208 249
208 252
208 253
209 203
209 204
209 205
209 206
209 207
209 208
209 210
209 211
209 212
209 213
209 222
209 241
209 245
209 247
209 249
209 252
209 253
210 204
210 205
210 206
210 207
210 208
210 209
210 211
210 212
210 213
210 214
210 217
210 218
210 221
210 222
211 205
211 206
211 207
211 208
211 209
211 210
211 212
211 213
211 214
211 216
211 217
211 218
211 219
211 220
211 221
211 222
211 253
211 256
212 206
212 207
212 208
212 209
212 210
212 211
212 213
212 214
212 215
212 216
212 217
212 218
212 219
212 221
212 222
212 249
212 252
212 253
212 255
212 256
212 257
213 208
213 209
213 210
213 211
213 212
213 214
213 215
213 216
213 217
213 218
213 252
213 256
214 210
214 211
214 212
214 213
214 215
214 216
214 217
214 218
215 212
215 213
215 214
215 216
215 217
215 218
215 256
216 211
216 212
216 213
216 214
216 215
216 217
216 218
216 219
216 256
216 257
217 208
217 210
217 211
217 212
217 213
217 214
217 215
217 216
217 218
217 219
217 220
217 221
217 222
217 253
217 256
217 257
218 207
218 208
218 210
218 211
218 212
218 213
218 214
218 215
218 216
218 217
218 219
218 220
218 221
218 222
218 223
218 256
218 257
219 208
219 211
219 212
219 216
219 217
219 218
219 220
219 221
219 222
219 223
219 224
219 225
219 256
219 257
219 261
219 262
219 491
219 492
219 494
219 495
220 211
220 217
220 218
220 219
220 221
220 222
220 223
220 224
220 225
220 226
220 227
220 491
220 494
220 495
221 204
221 207
221 208
221 210
221 211
221 212
221 217
221 218
221 219
221 220
221 222
221 223
221 224
221 225
221 226
221 227
222 204
222 207
222 208
222 209
222 210
222 211
222 212
222 217
222 218
222 219
222 220
222 221
222 223
222 224
222 225
222 226
222 227
222 228
222 253
222 265
222 491
222 495
223 208
223 218
223 219
223 220
223 221
223 222
223 224
223 225
223 226
223 227
223 228
223 261
223 265
223 491
223 492
223 494
223 495
223 496
223 498
223 499
224 207
224 219
224 220
224 221
224 222
224 223
224 225
224 226
224 227
224 228
224 229
224 494
224 495
224 498
225 204
225 205
225 207
225 208
225 219
225 220
225 221
225 222
225 223
225 224
225 226
225 227
225 228
225 229
225 234
226 204
226 208
226 220
226 221
226 222
226 223
226 224
226 225
226 227
226 228
226 229
226 230
226 231
226 233
226 234
226 237
226 265
226 268
226 269
226 495
226 498
226 499
227 193
227 220
227 221
227 222
227 223
227 224
227 225
227 226
227 228
227 229
227 230
227 231
227 234
227 264
227 265
227 268
227 458
227 461
227 494
227 495
227 496
227 497
227 498
227 499
227 500
227 501
228 192
228 193
228 194
228 195
228 196
228 222
228 223
228 224
228 225
228 226
228 227
228 229
228 230
228 231
228 233
228 234
228 495
228 498
228 499
228 501
229 193
229 194
229 195
229 196
229 197
229 199
229 201
229 204
229 224
229 225
229 226
229 227
229 228
229 230
229 231
229 232
229 233
229 234
229 235
229 237
229 268
230 191
230 192
230 193
230 194
230 195
230 196
230 226
230 227
230 228
230 229
230 231
230 232
230 233
230 234
230 235
230 236
230 268
230 269
230 461
230 462
231 193
231 194
231 195
231 226
231 227
231 228
231 229
231 230
231 232
231 233
231 234
231 235
231 236
231 237
231 268
231 269
231 270
231 271
231 272
231 458
231 461
231 462
232 194
232 195
232 229
232 230
232 231
232 233
232 234
232 235
232 236
232 237
232 269
232 270
232 271
232 272
233 194
233 195
233 196
233 199
233 200
233 201
233 204
233 226
233 228
233 229
233 230
233 231
233 232
233 234
233 235
233 236
233 237
233 238
233 239
233 269
234 195
234 201
234 204
234 205
234 225
234 226
234 227
234 228
234 229
234 230
234 231
234 232
234 233
234 235
234 236
234 237
234 238
234 239
234 240
234 268
234 269
234 270
234 271
235 41
235 44
235 45
235 201
235 229
235 230
235 231
235 232
235 233
235 234
235 236
235 237
235 238
235 239
235 240
235 268
235 269
235 270
235 271
236 45
236 199
236 200
236 201
236 202
236 204
236 205
236 230
236 231
236 232
236 233
236 234
236 235
236 237
236 238
236 239
236 240
236 241
236 242
237 199
237 200
237 201
237 202
237 203
237 204
237 205
237 206
237 208
237 226
237 229
237 231
237 232
237 233
237 234
237 235
237 236
237 238
237 239
237 240
237 241
237 242
237 243
237 249
237 269
238 41
238 201
238 202
238 204
238 205
238 233
238 234
238 235
238 236
238 237
238 239
238 240
238 241
238 242
238 243
238 247
238 248
238 249
238 250
238 269
239 41
239 42
239 45
239 201
239 202
239 205
239 233
239 234
239 235
239 236
239 237
239 238
239 240
239 241
239 242
239 243
239 244
239 246
239 247
239 248
239 249
240 200
240 201
240 202
240 203
240 204
240 205
240 206
240 234
240 235
240 236
240 237
240 238
240 239
240 241
240 242
240 243
240 244
240 245
240 246
240 249
241 201
241 202
241 203
241 204
241 205
241 206
241 208
241 209
241 236
241 237
241 238
241 239
241 240
241 242
241 243
241 244
241 245
241 246
241 247
241 248
241 249
241 250
242 205
242 236
242 237
242 238
242 239
242 240
242 241
242 243
242 244
242 245
242 246
242 247
242 248
242 249
243 202
243 205
243 237
243 238
243 239
243 240
243 241
243 242
243 244
243 245
243 246
243 247
243 248
244 202
244 205
244 206
244 239
244 240
244 241
244 242
244 243
244 245
244 246
244 247
245 205
245 206
245 209
245 240
245 241
245 242
245 243
245 244
245 246
245 247
245 248
245 249
246 239
246 240
246 241
246 242
246 243
246 244
246 245
246 247
246 248
246 249
247 209
247 238
247 239
247 241
247 242
247 243
247 244
247 245
247 246
247 248
247 249
247 250
247 251
247 252
248 38
248 39
248 238
248 239
248 241
248 242
248 243
248 245
248 246
248 247
248 249
248 250
248 251
248 252
248 253
249 205
249 208
249 209
249 212
249 237
249 238
249 239
249 240
249 241
249 242
249 245
249 246
249 247
249 248
249 250
249 251
249 252
249 253
249 254
249 255
249 269
250 37
250 38
250 238
250 241
250 247
250 248
250 249
250 251
250 252
250 253
250 254
250 255
250 256
250 265
250 266
250 269
250 270
251 37
251 38
251 247
251 248
251 249
251 250
251 252
251 253
251 254
251 255
251 256
251 266
252 208
252 209
252 212
252 213
252 247
252 248
252 249
252 250
252 251
252 253
252 254
252 255
252 256
252 257
253 208
253 209
253 211
253 212
253 217
253 222
253 248
253 249
253 250
253 251
253 252
253 254
253 255
253 256
253 257
253 258
253 262
253 265
253 266
254 249
254 250
254 251
254 252
254 253
254 255
254 256
254 257
254 258
254 262
254 263
254 265
254 266
255 212
255 249
255 250
255 251
255 252
255 253
255 254
255 256
255 257
255 258
255 262
256 211
256 212
256 213
256 215
256 216
256 217
256 218
256 219
256 250
256 251
256 252
256 253
256 254
256 255
256 257
256 258
256 262
257 212
257 216
257 217
257 218
257 219
257 252
257 253
257 254
257 255
257 256
257 258
257 259
257 260
257 261
257 262
257 263
257 265
257 266
258 253
258 254
258 255
258 256
258 257
258 259
258 260
258 261
258 262
258 263
258 264
258 265
258 492
259 257
259 258
259 260
259 261
259 262
259 263
259 264
259 492
260 257
260 258
260 259
260 261
260 262
260 263
260 264
260 265
260 266
260 450
260 451
260 454
260 488
260 489
260 490
260 491
260 492
260 493
261 219
261 223
261 257
261 258
261 259
261 260
261 262
261 263
261 264
261 265
261 266
261 267
261 454
261 489
261 490
261 491
261 492
261 493
261 494
261 495
261 496
262 219
262 253
262 254
262 255
262 256
262 257
262 258
262 259
262 260
262 261
262 263
262 264
262 265
262 266
262 267
262 268
262 491
262 492
263 254
263 257
263 258
263 259
263 260
263 261
263 262
263 264
263 265
263 266
263 267
263 268
263 450
263 451
263 454
263 455
263 492
264 227
264 258
264 259
264 260
264 261
264 262
264 263
264 265
264 266
264 267
264 268
264 269
264 450
264 451
264 453
264 454
264 455
264 457
264 458
264 492
264 495
264 496
265 222
265 223
265 226
265 227
265 250
265 253
265 254
265 257
265 258
265 260
265 261
265 262
265 263
265 264
265 266
265 267
265 268
265 269
265 270
265 454
265 458
265 492
265 495
265 496
266 250
266 251
266 253
266 254
266 257
266 260
266 261
266 262
266 263
266 264
266 265
266 267
266 268
266 269
266 270
266 275
267 261
267 262
267 263
267 264
267 265
267 266
267 268
267 269
267 270
267 271
267 272
267 274
267 275
267 276
267 278
267 279
267 454
267 455
267 457
267 458
267 459
268 226
268 227
268 229
268 230
268 231
268 234
268 235
268 262
268 263
268 264
268 265
268 266
268 267
268 269
268 270
268 271
268 272
268 275
268 454
268 455
268 457
268 458
268 459
268 461
268 499
269 226
269 230
269 231
269 232
269 233
269 234
269 235
269 237
269 238
269 249
269 250
269 264
269 265
269 266
269 267
269 268
269 270
269 271
269 272
269 274
269 275
269 458
270 38
270 41
270 231
270 232
270 234
270 235
270 250
270 265
270 266
270 267
270 268
270 269
270 271
270 272
270 273
270 274
270 275
270 276
270 277
270 278
270 458
270 459
271 41
271 44
271 231
271 232
271 234
271 235
271 267
271 268
271 269
271 270
271 272
271 273
271 274
271 275
271 276
271 277
271 459
272 231
272 232
272 267
272 268
272 269
272 270
272 271
272 273
272 274
272 275
272 276
272 277
272 278
272 305
272 309
272 458
272 459
272 460
272 462
273 270
273 271
273 272
273 274
273 275
273 276
273 277
273 278
273 279
273 305
273 306
273 307
273 308
273 309
273 310
273 311
273 312
273 313
273 459
274 38
274 41
274 44
274 267
274 269
274 270
274 271
274 272
274 273
274 275
274 276
274 277
274 278
274 279
274 280
274 308
274 309
274 312
274 313
274 316
275 266
275 267
275 268
275 269
275 270
275 271
275 272
275 273
275 274
275 276
275 277
275 278
275 279
275 280
275 281
275 309
275 455
275 458
275 459
276 267
276 270
276 271
276 272
276 273
276 274
276 275
276 277
276 278
276 279
276 280
276 281
276 282
276 293
276 294
276 297
276 298
276 301
276 305
276 306
276 309
276 313
276 455
276 459
277 270
277 271
277 272
277 273
277 274
277 275
277 276
277 278
277 279
277 280
277 281
277 282
277 283
277 297
277 309
277 310
277 312
277 313
277 316
277 317
277 321
278 36
278 267
278 270
278 272
278 273
278 274
278 275
278 276
278 277
278 279
278 280
278 281
278 282
278 283
278 313
279 267
279 273
279 274
279 275
279 276
279 277
279 278
279 280
279 281
279 282
279 283
279 284
279 285
279 290
279 293
279 294
279 297
279 451
279 452
279 455
280 274
280 275
280 276
280 277
280 278
280 279
280 281
280 282
280 283
280 284
280 285
280 289
280 290
280 291
280 293
280 294
280 295
280 297
280 298
280 313
280 321
280 324
280 325
281 275
281 276
281 277
281 278
281 279
281 280
281 282
281 283
281 284
281 285
281 286
281 289
281 290
281 294
281 313
281 317
281 321
281 324
282 276
282 277
282 278
282 279
282 280
282 281
282 283
282 284
282 285
282 286
282 289
282 290
282 293
283 277
283 278
283 279
283 280
283 281
283 282
283 284
283 285
283 286
283 288
283 289
283 290
283 291
283 292
283 293
283 294
283 328
284 279
284 280
284 281
284 282
284 283
284 285
284 286
284 287
284 288
284 289
284 290
284 291
284 293
284 294
284 324
284 325
284 327
284 328
284 329
285 33
285 279
285 280
285 281
285 282
285 283
285 284
285 286
285 287
285 288
285 289
285 290
285 328
286 281
286 282
286 283
286 284
286 285
286 287
286 288
286 289
286 290
286 328
287 284
287 285
287 286
287 288
287 289
287 328
288 283
288 284
288 285
288 286
288 287
288 289
288 290
288 291
288 328
288 329
289 280
289 281
289 282
289 283
289 284
289 285
289 286
289 287
289 288
289 290
289 291
289 292
289 293
289 294
289 325
289 328
289 329
290 279
290 280
290 281
290 282
290 283
290 284
290 285
290 286
290 288
290 289
290 291
290 292
290 293
290 294
290 295
290 328
291 280
291 283
291 284
291 288
291 289
291 290
291 292
291 293
291 294
291 295
291 296
291 328
291 329
291 333
291 337
291 416
291 417
291 419
291 420
292 283
292 289
292 290
292 291
292 293
292 294
292 295
292 296
292 297
292 416
292 419
292 420
292 423
292 438
292 452
293 276
293 279
293 280
293 282
293 283
293 284
293 289
293 290
293 291
293 292
293 294
293 295
293 296
293 297
293 298
293 451
293 452
293 455
294 276
294 279
294 280
294 281
294 283
294 284
294 289
294 290
294 291
294 292
294 293
294 295
294 296
294 297
294 298
294 299
294 325
294 337
294 341
294 420
295 280
295 290
295 291
295 292
295 293
295 294
295 296
295 297
295 298
295 299
295 300
295 333
295 336
295 337
295 340
295 416
295 417
295 419
295 420
295 421
295 422
295 423
295 424
296 291
296 292
296 293
296 294
296 295
296 297
296 298
296 299
296 300
296 301
296 419
296 420
296 423
296 424
296 427
296 434
296 435
296 438
296 452
296 455
296 456
297 276
297 277
297 279
297 280
297 292
297 293
297 294
297 295
297 296
297 298
297 299
297 300
297 301
297 302
297 306
297 340
297 341
297 423
297 455
297 456
297 459
298 276
298 280
298 293
298 294
298 295
298 296
298 297
298 299
298 300
298 301
298 302
298 303
298 305
298 306
298 336
298 337
298 338
298 339
298 340
298 341
298 342
298 343
298 420
298 423
298 424
299 294
299 295
299 296
299 297
299 298
299 300
299 301
299 302
299 336
299 337
299 339
299 340
299 341
299 383
299 420
299 421
299 422
299 423
299 424
299 425
299 426
299 427
299 428
299 431
300 295
300 296
300 297
300 298
300 299
300 301
300 302
300 303
300 306
300 340
300 423
300 424
300 426
300 427
300 428
300 431
300 432
300 434
300 435
301 276
301 296
301 297
301 298
301 299
301 300
301 302
301 303
301 304
301 305
301 306
301 309
301 340
301 341
301 343
301 427
301 431
302 297
302 298
302 299
302 300
302 301
302 303
302 304
302 305
302 306
302 307
302 308
302 340
302 343
302 344
302 345
302 347
303 298
303 300
303 301
303 302
303 304
303 305
303 306
303 307
303 308
303 309
303 340
303 341
303 342
303 343
303 344
303 345
303 346
303 347
304 301
304 302
304 303
304 305
304 306
304 307
304 308
304 309
304 343
304 344
305 272
305 273
305 276
305 298
305 301
305 302
305 303
305 304
305 306
305 307
305 308
305 309
305 310
305 311
305 343
306 273
306 276
306 297
306 298
306 300
306 301
306 302
306 303
306 304
306 305
306 307
306 308
306 309
306 310
306 311
306 312
306 340
306 341
306 342
306 343
306 344
307 273
307 302
307 303
307 304
307 305
307 306
307 308
307 309
307 310
307 311
307 312
307 313
307 341
307 342
307 343
307 344
308 273
308 274
308 302
308 303
308 304
308 305
308 306
308 307
308 309
308 310
308 311
308 312
308 313
308 314
308 343
309 272
309 273
309 274
309 275
309 276
309 277
309 301
309 303
309 304
309 305
309 306
309 307
309 308
309 310
309 311
309 312
309 313
309 314
309 315
309 321
309 341
309 343
310 273
310 277
310 305
310 306
310 307
310 308
310 309
310 311
310 312
310 313
310 314
310 315
310 319
310 320
310 321
310 322
310 341
310 342
310 343
311 273
311 305
311 306
311 307
311 308
311 309
311 310
311 312
311 313
311 314
311 315
311 316
311 320
311 321
312 44
312 273
312 274
312 277
312 306
312 307
312 308
312 309
312 310
312 311
312 313
312 314
312 315
312 316
312 317
312 318
312 320
312 321
313 273
313 274
313 276
313 277
313 278
313 280
313 281
313 307
313 308
313 309
313 310
313 311
313 312
313 314
313 315
313 316
313 317
313 318
313 319
313 320
313 321
313 324
314 308
314 309
314 310
314 311
314 312
314 313
314 315
314 316
314 317
314 318
314 319
314 320
314 321
314 322
314 323
315 40
315 309
315 310
315 311
315 312
315 313
315 314
315 316
315 317
315 318
315 319
315 320
316 36
316 40
316 274
316 277
316 311
316 312
316 313
316 314
316 315
316 317
316 318
316 319
316 320
317 277
317 281
317 312
317 313
317 314
317 315
317 316
317 318
317 319
317 320
317 321
317 324
318 312
318 313
318 314
318 315
318 316
318 317
318 319
318 320
318 321
319 310
319 313
319 314
319 315
319 316
319 317
319 318
319 320
319 321
319 322
319 323
319 324
320 310
320 311
320 312
320 313
320 314
320 315
320 316
320 317
320 318
320 319
320 321
320 322
320 323
320 324
320 325
320 326
321 277
321 280
321 281
321 309
321 310
321 311
321 312
321 313
321 314
321 317
321 318
321 319
321 320
321 322
321 323
321 324
321 325
321 326
321 337
321 338
321 341
321 342
322 310
322 314
322 319
322 320
322 321
322 323
322 324
322 325
322 326
322 327
322 334
322 335
322 337
322 338
322 339
322 340
322 341
322 342
323 314
323 319
323 320
323 321
323 322
323 324
323 325
323 326
323 327
323 328
323 338
324 280
324 281
324 284
324 313
324 317
324 319
324 320
324 321
324 322
324 323
324 325
324 326
324 327
324 328
324 329
324 338
325 280
325 284
325 289
325 294
325 320
325 321
325 322
325 323
325 324
325 326
325 327
325 328
325 329
325 330
325 333
325 334
325 335
325 337
325 338
325 341
326 320
326 321
326 322
326 323
326 324
326 325
326 327
326 328
326 329
326 330
326 331
326 334
326 335
326 337
326 338
327 284
327 322
327 323
327 324
327 325
327 326
327 328
327 329
327 330
327 334
328 283
328 284
328 285
328 286
328 287
328 288
328 289
328 290
328 291
328 323
328 324
328 325
328 326
328 327
328 329
328 330
328 334
329 284
329 288
329 289
329 291
329 324
329 325
329 326
329 327
329 328
329 330
329 331
329 332
329 333
329 334
329 335
329 337
329 338
329 416
330 325
330 326
330 327
330 328
330 329
330 331
330 332
330 333
330 334
330 335
330 337
331 326
331 329
331 330
331 332
331 333
331 334
331 335
331 336
331 417
332 329
332 330
332 331
332 333
332 334
332 335
332 336
332 337
332 338
332 375
332 376
332 379
332 416
332 417
332 418
333 291
333 295
333 325
333 329
333 330
333 331
333 332
333 334
333 335
333 336
333 337
333 338
333 339
333 375
333 379
333 415
333 416
333 417
333 418
333 419
333 420
333 421
334 322
334 325
334 326
334 327
334 328
334 329
334 330
334 331
334 332
334 333
334 335
334 336
334 337
334 338
334 339
334 416
334 417
335 322
335 325
335 326
335 329
335 330
335 331
335 332
335 333
335 334
335 336
335 337
335 338
335 339
335 340
335 341
335 375
335 376
335 379
335 380
335 417
336 295
336 298
336 299
336 331
336 332
336 333
336 334
336 335
336 337
336 338
336 339
336 340
336 341
336 375
336 376
336 378
336 379
336 380
336 382
336 383
336 416
336 417
336 420
336 421
336 424
337 291
337 294
337 295
337 298
337 299
337 321
337 322
337 325
337 326
337 329
337 330
337 332
337 333
337 334
337 335
337 336
337 338
337 339
337 340
337 341
337 342
337 379
337 383
337 417
337 420
337 421
338 298
338 321
338 322
338 323
338 324
338 325
338 326
338 329
338 332
338 333
338 334
338 335
338 336
338 337
338 339
338 340
338 341
338 342
338 343
338 383
339 298
339 299
339 322
339 333
339 334
339 335
339 336
339 337
339 338
339 340
339 341
339 342
339 343
339 344
339 345
339 379
339 380
339 382
339 383
339 384
340 295
340 297
340 298
340 299
340 300
340 301
340 302
340 303
340 306
340 322
340 335
340 336
340 337
340 338
340 339
340 341
340 342
340 343
340 344
340 345
340 379
340 382
340 383
340 384
340 424
341 294
341 297
341 298
341 299
341 301
341 303
341 306
341 307
341 309
341 310
341 321
341 322
341 325
341 335
341 336
341 337
341 338
341 339
341 340
341 342
341 343
341 344
341 383
342 298
342 303
342 306
342 307
342 310
342 321
342 322
342 337
342 338
342 339
342 340
342 341
342 343
342 344
342 345
342 383
342 384
343 298
343 301
343 302
343 303
343 304
343 305
343 306
343 307
343 308
343 309
343 310
343 338
343 339
343 340
343 341
343 342
343 344
343 345
343 346
343 383
343 384
344 302
344 303
344 304
344 306
344 307
344 339
344 340
344 341
344 342
344 343
344 345
344 346
344 347
344 383
344 384
344 385
344 386
345 302
345 303
345 339
345 340
345 342
345 343
345 344
345 346
345 347
345 348
345 381
345 382
345 383
345 384
345 385
345 386
345 387
346 303
346 343
346 344
346 345
346 347
346 348
346 349
346 383
346 384
346 385
346 386
346 387
346 388
346 389
347 302
347 303
347 344
347 345
347 346
347 348
347 349
347 350
347 384
347 385
347 386
347 387
347 388
347 389
348 345
348 346
348 347
348 349
348 350
348 351
348 385
348 386
348 387
348 388
348 389
349 181
349 182
349 183
349 184
349 346
349 347
349 348
349 350
349 351
349 352
349 386
349 387
349 388
349 389
350 179
350 180
350 181
350 182
350 347
350 348
350 349
350 351
350 352
350 353
350 386
350 387
350 388
350 389
351 179
351 180
351 181
351 182
351 348
351 349
351 350
351 352
351 353
351 354
351 355
351 356
351 386
351 387
351 388
351 389
351 390
351 391
351 392
351 393
352 179
352 349
352 350
352 351
352 353
352 354
352 355
352 356
352 357
352 388
352 389
352 392
353 179
353 180
353 350
353 351
353 352
353 354
353 355
353 356
353 357
353 358
353 359
353 389
353 392
353 393
353 396
354 351
354 352
354 353
354 355
354 356
354 357
354 358
354 359
354 360
354 393
355 351
355 352
355 353
355 354
355 356
355 357
355 358
355 359
355 360
355 361
355 389
355 392
355 393
356 351
356 352
356 353
356 354
356 355
356 357
356 358
356 359
356 360
356 361
356 362
356 385
356 388
356 389
356 390
356 391
356 392
356 393
356 394
356 395
356 396
356 397
357 352
357 353
357 354
357 355
357 356
357 358
357 359
357 360
357 361
357 362
357 363
357 392
357 393
357 394
357 395
357 396
357 397
357 400
358 353
358 354
358 355
358 356
358 357
358 359
358 360
358 361
358 362
358 363
358 364
358 393
358 396
358 397
359 353
359 354
359 355
359 356
359 357
359 358
359 360
359 361
359 362
359 363
359 364
359 365
359 377
359 378
359 381
359 382
359 385
359 389
359 390
359 392
359 393
359 394
359 396
359 397
360 354
360 355
360 356
360 357
360 358
360 359
360 361
360 362
360 363
360 364
360 365
360 366
360 381
360 390
360 392
360 393
360 394
360 395
360 396
360 397
360 398
360 399
360 400
360 401
360 405
361 355
361 356
361 357
361 358
361 359
361 360
361 362
361 363
361 364
361 365
361 366
361 369
361 393
361 396
361 397
361 400
361 401
362 356
362 357
362 358
362 359
362 360
362 361
362 363
362 364
362 365
362 366
362 367
362 369
362 374
362 377
362 378
362 381
362 397
363 357
363 358
363 359
363 360
363 361
363 362
363 364
363 365
363 366
363 367
363 368
363 369
363 373
363 374
363 375
363 377
363 378
363 379
363 381
363 382
363 393
363 394
363 397
363 405
363 408
364 358
364 359
364 360
364 361
364 362
364 363
364 365
364 366
364 367
364 368
364 369
364 370
364 373
364 374
364 378
364 397
364 398
364 400
364 401
364 405
364 408
365 359
365 360
365 361
365 362
365 363
365 364
365 366
365 367
365 368
365 369
365 370
365 371
365 373
365 374
365 377
366 360
366 361
366 362
366 363
366 364
366 365
366 367
366 368
366 369
366 370
366 371
366 372
366 373
366 374
366 375
366 376
366 377
366 378
366 412
367 362
367 363
367 364
367 365
367 366
367 368
367 369
367 370
367 371
367 372
367 373
367 374
367 375
367 377
367 378
367 405
367 408
367 409
367 411
367 412
367 413
368 363
368 364
368 365
368 366
368 367
368 369
368 370
368 371
368 372
368 373
368 401
368 403
368 408
368 409
368 411
368 412
369 361
369 362
369 363
369 364
369 365
369 366
369 367
369 368
369 370
369 371
369 372
369 373
369 401
370 364
370 365
370 366
370 367
370 368
370 369
370 371
370 372
370 373
370 374
370 412
371 365
371 366
371 367
371 368
371 369
371 370
371 372
371 373
371 374
371 412
372 366
372 367
372 368
372 369
372 370
372 371
372 373
372 374
372 375
372 411
372 412
372 413
373 363
373 364
373 365
373 366
373 367
373 368
373 369
373 370
373 371
373 372
373 374
373 375
373 376
373 377
373 378
373 409
373 411
373 412
373 413
374 362
374 363
374 364
374 365
374 366
374 367
374 370
374 371
374 372
374 373
374 375
374 376
374 377
374 378
374 379
374 412
374 413
375 332
375 333
375 335
375 336
375 363
375 366
375 367
375 372
375 373
375 374
375 376
375 377
375 378
375 379
375 380
375 409
375 412
375 413
375 417
375 418
375 421
376 332
376 335
376 336
376 366
376 373
376 374
376 375
376 377
376 378
376 379
376 380
376 381
376 382
377 359
377 362
377 363
377 365
377 366
377 367
377 373
377 374
377 375
377 376
377 378
377 379
377 380
377 381
377 382
378 336
378 359
378 362
378 363
378 364
378 366
378 367
378 373
378 374
378 375
378 376
378 377
378 379
378 380
378 381
378 382
378 383
378 409
378 421
379 332
379 333
379 335
379 336
379 337
379 339
379 340
379 363
379 374
379 375
379 376
379 377
379 378
379 380
379 381
379 382
379 383
379 384
379 417
379 421
379 424
380 335
380 336
380 339
380 375
380 376
380 377
380 378
380 379
380 381
380 382
380 383
380 384
380 385
381 345
381 359
381 360
381 362
381 363
381 376
381 377
381 378
381 379
381 380
381 382
381 383
381 384
381 385
381 386
381 389
381 390
381 393
382 336
382 339
382 340
382 345
382 359
382 363
382 376
382 377
382 378
382 379
382 380
382 381
382 383
382 384
382 385
382 386
382 387
382 389
382 390
382 393
382 421
382 424
382 425
382 428
383 299
383 336
383 337
383 338
383 339
383 340
383 341
383 342
383 343
383 344
383 345
383 346
383 378
383 379
383 380
383 381
383 382
383 384
383 385
383 386
383 387
383 390
383 421
383 424
383 425
384 339
384 340
384 342
384 343
384 344
384 345
384 346
384 347
384 379
384 380
384 381
384 382
384 383
384 385
384 386
384 387
384 390
385 344
385 345
385 346
385 347
385 348
385 356
385 359
385 380
385 381
385 382
385 383
385 384
385 386
385 387
385 388
385 389
385 390
385 391
385 393
386 344
386 345
386 346
386 347
386 348
386 349
386 350
386 351
386 381
386 382
386 383
386 384
386 385
386 387
386 388
386 389
386 390
386 391
386 428
387 184
387 345
387 346
387 347
387 348
387 349
387 350
387 351
387 382
387 383
387 384
387 385
387 386
387 388
387 389
387 390
387 391
387 392
387 393
387 425
387 427
387 428
387 429
388 181
388 182
388 183
388 184
388 185
388 346
388 347
388 348
388 349
388 350
388 351
388 352
388 356
388 385
388 386
388 387
388 389
388 390
388 391
388 392
388 393
388 428
388 429
389 182
389 346
389 347
389 348
389 349
389 350
389 351
389 352
389 353
389 355
389 356
389 359
389 381
389 382
389 385
389 386
389 387
389 388
389 390
389 391
389 392
389 393
389 394
390 351
390 356
390 359
390 360
390 381
390 382
390 383
390 384
390 385
390 386
390 387
390 388
390 389
390 391
390 392
390 393
390 394
390 395
390 396
390 425
390 428
390 429
391 182
391 184
391 351
391 356
391 385
391 386
391 387
391 388
391 389
391 390
391 392
391 393
391 394
391 395
391 396
391 397
391 425
391 428
391 429
392 182
392 351
392 352
392 353
392 355
392 356
392 357
392 359
392 360
392 387
392 388
392 389
392 390
392 391
392 393
392 394
392 395
392 396
392 397
392 398
393 351
393 353
393 354
393 355
393 356
393 357
393 358
393 359
393 360
393 361
393 363
393 381
393 382
393 385
393 387
393 388
393 389
393 390
393 391
393 392
393 394
393 395
393 396
393 397
393 398
393 399
393 405
394 356
394 357
394 359
394 360
394 363
394 389
394 390
394 391
394 392
394 393
394 395
394 396
394 397
394 398
394 399
394 400
394 403
394 404
394 405
394 406
394 425
394 428
394 429
395 356
395 357
395 360
395 390
395 391
395 392
395 393
395 394
395 396
395 397
395 398
395 399
395 400
395 402
395 403
395 404
395 405
396 353
396 356
396 357
396 358
396 359
396 360
396 361
396 390
396 391
396 392
396 393
396 394
396 395
396 397
396 398
396 399
396 400
396 401
396 402
396 404
397 356
397 357
397 358
397 359
397 360
397 361
397 362
397 363
397 364
397 391
397 392
397 393
397 394
397 395
397 396
397 398
397 399
397 400
397 401
397 402
397 403
397 404
397 405
398 360
398 364
398 392
398 393
398 394
398 395
398 396
398 397
398 399
398 400
398 401
398 402
398 403
398 404
398 405
398 408
399 360
399 393
399 394
399 395
399 396
399 397
399 398
399 400
399 401
399 402
399 403
399 404
400 357
400 360
400 361
400 364
400 394
400 395
400 396
400 397
400 398
400 399
400 401
400 402
400 403
401 360
401 361
401 364
401 368
401 369
401 396
401 397
401 398
401 399
401 400
401 402
401 403
401 404
401 405
401 408
402 395
402 396
402 397
402 398
402 399
402 400
402 401
402 403
402 404
402 405
403 368
403 394
403 395
403 397
403 398
403 399
403 400
403 401
403 402
403 404
403 405
403 406
403 407
403 408
404 394
404 395
404 396
404 397
404 398
404 399
404 401
404 402
404 403
404 405
404 406
404 407
404 408
404 409
405 360
405 363
405 364
405 367
405 393
405 394
405 395
405 397
405 398
405 401
405 402
405 403
405 404
405 406
405 407
405 408
405 409
405 410
405 411
405 422
405 425
406 394
406 403
406 404
406 405
406 407
406 408
406 409
406 410
406 411
406 418
406 421
406 422
406 423
406 424
406 425
406 426
407 403
407 404
407 405
407 406
407 408
407 409
407 410
407 411
407 412
407 422
408 363
408 364
408 367
408 368
408 398
408 401
408 403
408 404
408 405
408 406
408 407
408 409
408 410
408 411
408 412
408 413
408 422
409 367
409 368
409 373
409 375
409 378
409 404
409 405
409 406
409 407
409 408
409 410
409 411
409 412
409 413
409 414
409 417
409 418
409 419
409 421
409 422
409 425
410 405
410 406
410 407
410 408
410 409
410 411
410 412
410 413
410 414
410 415
410 417
410 418
410 419
410 421
410 422
411 367
411 368
411 372
411 373
411 405
411 406
411 407
411 408
411 409
411 410
411 412
411 413
411 414
411 418
412 366
412 367
412 368
412 370
412 371
412 372
412 373
412 374
412 375
412 407
412 408
412 409
412 410
412 411
412 413
412 414
412 418
413 367
413 372
413 373
413 374
413 375
413 408
413 409
413 410
413 411
413 412
413 414
413 415
413 416
413 417
413 418
413 419
413 421
413 422
414 409
414 410
414 411
414 412
414 413
414 415
414 416
414 417
414 418
414 419
414 420
414 421
415 333
415 410
415 413
415 414
415 416
415 417
415 418
415 419
415 420
416 291
416 292
416 295
416 329
416 332
416 333
416 334
416 336
416 413
416 414
416 415
416 417
416 418
416 419
416 420
416 421
416 422
417 291
417 295
417 331
417 332
417 333
417 334
417 335
417 336
417 337
417 375
417 379
417 409
417 410
417 413
417 414
417 415
417 416
417 418
417 419
417 420
417 421
417 422
417 423
418 332
418 333
418 375
418 406
418 409
418 410
418 411
418 412
418 413
418 414
418 415
418 416
418 417
418 419
418 420
418 421
418 422
418 423
418 424
419 291
419 292
419 295
419 296
419 333
419 409
419 410
419 413
419 414
419 415
419 416
419 417
419 418
419 420
419 421
419 422
419 423
419 424
420 291
420 292
420 294
420 295
420 296
420 298
420 299
420 333
420 336
420 337
420 414
420 415
420 416
420 417
420 418
420 419
420 421
420 422
420 423
420 424
420 425
420 426
421 295
421 299
421 333
421 336
421 337
421 375
421 378
421 379
421 382
421 383
421 406
421 409
421 410
421 413
421 414
421 416
421 417
421 418
421 419
421 420
421 422
421 423
421 424
421 425
421 426
421 427
422 295
422 299
422 405
422 406
422 407
422 408
422 409
422 410
422 413
422 416
422 417
422 418
422 419
422 420
422 421
422 423
422 424
422 425
422 426
422 427
422 428
422 434
423 292
423 295
423 296
423 297
423 298
423 299
423 300
423 406
423 417
423 418
423 419
423 420
423 421
423 422
423 424
423 425
423 426
423 427
423 428
423 429
423 431
423 434
423 435
424 295
424 296
424 298
424 299
424 300
424 336
424 340
424 379
424 382
424 383
424 406
424 418
424 419
424 420
424 421
424 422
424 423
424 425
424 426
424 427
424 428
424 429
424 431
424 434
425 299
425 382
425 383
425 387
425 390
425 391
425 394
425 405
425 406
425 409
425 420
425 421
425 422
425 423
425 424
425 426
425 427
425 428
425 429
425 430
425 431
425 434
426 299
426 300
426 406
426 420
426 421
426 422
426 423
426 424
426 425
426 427
426 428
426 429
426 430
426 431
426 432
426 433
426 434
426 435
426 437
427 296
427 299
427 300
427 301
427 387
427 421
427 422
427 423
427 424
427 425
427 426
427 428
427 429
427 430
427 431
427 432
427 433
427 434
427 435
428 184
428 299
428 300
428 382
428 386
428 387
428 388
428 390
428 391
428 394
428 422
428 423
428 424
428 425
428 426
428 427
428 429
428 430
428 431
428 434
429 184
429 185
429 387
429 388
429 390
429 391
429 394
429 423
429 424
429 425
429 426
429 427
429 428
429 430
429 431
429 432
429 433
429 434
430 184
430 185
430 186
430 187
430 425
430 426
430 427
430 428
430 429
430 431
430 432
430 433
430 434
430 435
430 467
430 468
430 471
431 187
431 299
431 300
431 301
431 423
431 424
431 425
431 426
431 427
431 428
431 429
431 430
431 432
431 433
431 434
431 435
431 436
431 437
431 464
431 467
431 468
431 471
432 187
432 300
432 426
432 427
432 429
432 430
432 431
432 433
432 434
432 435
432 436
432 437
432 438
432 460
432 463
432 464
432 465
432 466
432 467
432 468
432 469
432 470
432 471
432 472
433 426
433 427
433 429
433 430
433 431
433 432
433 434
433 435
433 436
433 437
433 438
433 439
433 467
433 468
433 469
433 470
433 471
433 472
433 474
433 475
434 296
434 300
434 422
434 423
434 424
434 425
434 426
434 427
434 428
434 429
434 430
434 431
434 432
434 433
434 435
434 436
434 437
434 438
434 439
434 468
434 471
434 472
435 296
435 300
435 423
435 426
435 427
435 430
435 431
435 432
435 433
435 434
435 436
435 437
435 438
435 439
435 440
435 441
435 453
435 456
435 457
435 460
435 464
435 465
435 467
435 468
435 469
435 471
435 472
436 431
436 432
436 433
436 434
436 435
436 437
436 438
436 439
436 440
436 441
436 442
436 456
436 465
436 467
436 468
436 469
436 470
436 471
436 472
436 473
436 474
436 475
436 476
436 480
437 426
437 431
437 432
437 433
437 434
437 435
437 436
437 438
437 439
437 440
437 441
437 442
437 468
437 471
437 472
437 475
437 476
438 292
438 296
438 432
438 433
438 434
438 435
438 436
438 437
438 439
438 440
438 441
438 442
438 443
438 444
438 449
438 452
438 453
438 456
438 472
439 433
439 434
439 435
439 436
439 437
439 438
439 440
439 441
439 442
439 443
439 444
439 448
439 449
439 450
439 452
439 453
439 454
439 455
439 456
439 457
439 468
439 469
439 472
439 480
439 483
439 484
440 435
440 436
440 437
440 438
440 439
440 441
440 442
440 443
440 444
440 445
440 448
440 453
440 472
440 475
440 476
440 480
440 483
440 484
441 435
441 436
441 437
441 438
441 439
441 440
441 442
441 443
441 444
441 445
441 448
441 449
441 452
441 453
442 436
442 437
442 438
442 439
442 440
442 441
442 443
442 444
442 445
442 447
442 448
442 449
442 450
442 451
442 452
442 453
442 454
442 456
442 487
443 438
443 439
443 440
443 441
443 442
443 444
443 445
443 446
443 447
443 448
443 449
443 450
443 452
443 453
443 480
443 483
443 484
443 486
443 487
443 488
444 438
444 439
444 440
444 441
444 442
444 443
444 445
444 446
444 447
444 448
444 449
444 483
444 487
445 440
445 441
445 442
445 443
445 444
445 446
445 447
445 448
445 449
445 487
446 443
446 444
446 445
446 447
446 448
446 449
446 487
447 442
447 443
447 444
447 445
447 446
447 448
447 449
447 450
447 487
447 488
448 439
448 440
448 441
448 442
448 443
448 444
448 445
448 446
448 447
448 449
448 450
448 451
448 452
448 453
448 484
448 487
448 488
449 438
449 439
449 441
449 442
449 443
449 444
449 445
449 446
449 447
449 448
449 450
449 451
449 452
449 453
449 454
449 487
450 260
450 263
450 264
450 439
450 442
450 443
450 447
450 448
450 449
450 451
450 452
450 453
450 454
450 455
450 456
450 487
450 488
450 492
451 260
451 263
451 264
451 279
451 293
451 442
451 448
451 449
451 450
451 452
451 453
451 454
451 455
451 456
451 457
452 279
452 292
452 293
452 296
452 438
452 439
452 441
452 442
452 443
452 448
452 449
452 450
452 451
452 453
452 454
452 455
452 456
452 457
452 458
453 264
453 435
453 438
453 439
453 440
453 441
453 442
453 443
453 448
453 449
453 450
453 451
453 452
453 454
453 455
453 456
453 457
453 458
453 484
453 496
454 260
454 261
454 263
454 264
454 265
454 267
454 268
454 439
454 442
454 449
454 450
454 451
454 452
454 453
454 455
454 456
454 457
454 458
454 459
454 460
454 492
454 496
454 499
455 263
455 264
455 267
455 268
455 275
455 276
455 279
455 293
455 296
455 297
455 439
455 450
455 451
455 452
455 453
455 454
455 456
455 457
455 458
455 459
455 460
455 461
456 296
456 297
456 435
456 436
456 438
456 439
456 442
456 450
456 451
456 452
456 453
456 454
456 455
456 457
456 458
456 459
456 460
456 461
456 465
456 468
457 192
457 264
457 267
457 268
457 435
457 439
457 451
457 452
457 453
457 454
457 455
457 456
457 458
457 459
457 460
457 461
457 462
457 465
457 468
457 496
457 497
457 499
457 500
458 193
458 227
458 231
458 264
458 265
458 267
458 268
458 269
458 270
458 272
458 275
458 452
458 453
458 454
458 455
458 456
458 457
458 459
458 460
458 461
458 462
458 463
458 465
458 496
458 499
458 500
459 267
459 268
459 270
459 271
459 272
459 273
459 275
459 276
459 297
459 454
459 455
459 456
459 457
459 458
459 460
459 461
459 462
459 463
459 464
459 465
460 189
460 190
460 191
460 192
460 193
460 272
460 432
460 435
460 454
460 455
460 456
460 457
460 458
460 459
460 461
460 462
460 463
460 464
460 465
460 466
460 467
460 468
460 499
460 500
461 190
461 191
461 192
461 193
461 194
461 227
461 230
461 231
461 268
461 455
461 456
461 457
461 458
461 459
461 460
461 462
461 463
461 464
461 465
461 466
461 468
461 499
461 500
461 501
462 189
462 190
462 191
462 192
462 193
462 194
462 195
462 230
462 231
462 272
462 457
462 458
462 459
462 460
462 461
462 463
462 464
462 465
462 466
462 499
463 187
463 188
463 189
463 190
463 191
463 192
463 193
463 194
463 432
463 458
463 459
463 460
463 461
463 462
463 464
463 465
463 466
463 467
463 468
464 187
464 188
464 189
464 190
464 191
464 192
464 193
464 431
464 432
464 435
464 459
464 460
464 461
464 462
464 463
464 465
464 466
464 467
464 468
464 469
465 189
465 190
465 191
465 192
465 193
465 432
465 435
465 436
465 456
465 457
465 458
465 459
465 460
465 461
465 462
465 463
465 464
465 466
465 467
465 468
465 469
465 470
465 471
465 480
465 499
465 500
465 501
466 187
466 188
466 189
466 190
466 191
466 192
466 193
466 432
466 460
466 461
466 462
466 463
466 464
466 465
466 467
466 468
466 469
466 470
466 471
466 472
466 500
466 501
466 502
466 504
467 187
467 188
467 189
467 190
467 191
467 192
467 430
467 431
467 432
467 433
467 435
467 436
467 460
467 463
467 464
467 465
467 466
467 468
467 469
467 470
467 471
467 472
467 473
468 187
468 190
468 191
468 430
468 431
468 432
468 433
468 434
468 435
468 436
468 437
468 439
468 456
468 457
468 460
468 461
468 463
468 464
468 465
468 466
468 467
468 469
468 470
468 471
468 472
468 473
468 474
468 480
468 500
469 192
469 432
469 433
469 435
469 436
469 439
469 464
469 465
469 466
469 467
469 468
469 470
469 471
469 472
469 473
469 474
469 475
469 478
469 479
469 480
469 481
469 500
469 501
469 502
469 503
469 504
470 432
470 433
470 436
470 465
470 466
470 467
470 468
470 469
470 471
470 472
470 473
470 474
470 475
470 479
470 480
470 504
471 430
471 431
471 432
471 433
471 434
471 435
471 436
471 437
471 465
471 466
471 467
471 468
471 469
471 470
471 472
471 473
471 474
471 475
471 476
471 477
471 479
471 480
472 432
472 433
472 434
472 435
472 436
472 437
472 438
472 439
472 440
472 466
472 467
472 468
472 469
472 470
472 471
472 473
472 474
472 475
472 476
472 477
472 478
472 479
472 480
472 481
473 436
473 467
473 468
473 469
473 470
473 471
473 472
473 474
473 475
473 476
473 477
473 478
473 479
473 480
473 481
473 482
473 504
474 433
474 436
474 468
474 469
474 470
474 471
474 472
474 473
474 475
474 476
474 477
474 478
474 479
475 433
475 436
475 437
475 440
475 469
475 470
475 471
475 472
475 473
475 474
475 476
475 477
475 478
475 479
476 436
476 437
476 440
476 471
476 472
476 473
476 474
476 475
476 477
476 478
476 479
476 480
477 471
477 472
477 473
477 474
477 475
477 476
477 478
477 479
477 480
478 469
478 472
478 473
478 474
478 475
478 476
478 477
478 479
478 480
478 481
478 482
478 483
478 503
478 504
479 469
479 470
479 471
479 472
479 473
479 474
479 475
479 476
479 477
479 478
479 480
479 481
479 482
479 483
479 484
479 485
479 502
479 503
479 504
480 436
480 439
480 440
480 443
480 465
480 468
480 469
480 470
480 471
480 472
480 473
480 476
480 477
480 478
480 479
480 481
480 482
480 483
480 484
480 485
480 486
480 497
480 500
480 502
480 503
480 504
481 469
481 472
481 473
481 478
481 479
481 480
481 482
481 483
481 484
481 485
481 486
481 493
481 496
481 497
481 498
481 499
481 500
481 501
481 502
481 503
481 504
482 473
482 478
482 479
482 480
482 481
482 483
482 484
482 485
482 486
482 487
482 497
482 502
482 503
482 504
483 439
483 440
483 443
483 444
483 478
483 479
483 480
483 481
483 482
483 484
483 485
483 486
483 487
483 488
484 439
484 440
484 443
484 448
484 453
484 479
484 480
484 481
484 482
484 483
484 485
484 486
484 487
484 488
484 489
484 492
484 493
484 494
484 496
484 497
484 500
485 479
485 480
485 481
485 482
485 483
485 484
485 486
485 487
485 488
485 489
485 490
485 493
485 494
485 496
485 497
486 443
486 480
486 481
486 482
486 483
486 484
486 485
486 487
486 488
486 489
486 493
487 442
487 443
487 444
487 445
487 446
487 447
487 448
487 449
487 450
487 482
487 483
487 484
487 485
487 486
487 488
487 489
487 493
488 260
488 443
488 447
488 448
488 450
488 483
488 484
488 485
488 486
488 487
488 489
488 490
488 491
488 492
488 493
488 494
488 496
488 497
489 260
489 261
489 484
489 485
489 486
489 487
489 488
489 490
489 491
489 492
489 493
489 494
489 496
490 260
490 261
490 485
490 488
490 489
490 491
490 492
490 493
490 494
490 495
491 219
491 220
491 222
491 223
491 260
491 261
491 262
491 488
491 489
491 490
491 492
491 493
491 494
491 495
491 496
491 497
492 219
492 223
492 258
492 259
492 260
492 261
492 262
492 263
492 264
492 265
492 450
492 454
492 484
492 488
492 489
492 490
492 491
492 493
492 494
492 495
492 496
492 497
492 498
493 260
493 261
493 481
493 484
493 485
493 486
493 487
493 488
493 489
493 490
493 491
493 492
493 494
493 495
493 496
493 497
493 498
493 499
494 219
494 220
494 223
494 224
494 227
494 261
494 484
494 485
494 488
494 489
494 490
494 491
494 492
494 493
494 495
494 496
494 497
494 498
494 499
494 500
495 219
495 220
495 222
495 223
495 224
495 226
495 227
495 228
495 261
495 264
495 265
495 490
495 491
495 492
495 493
495 494
495 496
495 497
495 498
495 499
495 500
495 501
496 223
496 227
496 261
496 264
496 265
496 453
496 454
496 457
496 458
496 481
496 484
496 485
496 488
496 489
496 491
496 492
496 493
496 494
496 495
496 497
496 498
496 499
496 500
496 501
497 227
497 457
497 480
497 481
497 482
497 484
497 485
497 488
497 491
497 492
497 493
497 494
497 495
497 496
497 498
497 499
497 500
497 501
497 502
497 503
498 192
498 193
498 223
498 224
498 226
498 227
498 228
498 481
498 492
498 493
498 494
498 495
498 496
498 497
498 499
498 500
498 501
498 502
499 191
499 192
499 193
499 223
499 226
499 227
499 228
499 268
499 454
499 457
499 458
499 460
499 461
499 462
499 465
499 481
499 493
499 494
499 495
499 496
499 497
499 498
499 500
499 501
499 502
500 191
500 192
500 193
500 227
500 457
500 458
500 460
500 461
500 465
500 466
500 468
500 469
500 480
500 481
500 484
500 494
500 495
500 496
500 497
500 498
500 499
500 501
500 502
500 503
501 191
501 192
501 193
501 227
501 228
501 461
501 465
501 466
501 469
501 481
501 495
501 496
501 497
501 498
501 499
501 500
501 502
501 503
501 504
502 192
502 466
502 469
502 479
502 480
502 481
502 482
502 497
502 498
502 499
502 500
502 501
502 503
502 504
503 469
503 478
503 479
503 480
503 481
503 482
503 497
503 500
503 501
503 502
503 504
504 466
504 469
504 470
504 473
504 478
504 479
504 480
504 481
504 482
504 501
504 502
504 503
