0 1
0 2
0 3
1 0
1 2
1 3
1 4
2 0
2 1
2 3
2 4
2 5
3 0
3 1
3 2
3 4
3 5
3 6
4 1
4 2
4 3
4 5
4 6
4 7
5 2
5 3
5 4
5 6
5 7
5 8
6 3
6 4
6 5
6 7
6 8
6 9
7 4
7 5
7 6
7 8
7 9
7 10
8 5
8 6
8 7
8 9
8 10
8 11
9 6
9 7
9 8
9 10
9 11
9 12
10 7
10 8
10 9
10 11
10 12
10 13
11 8
11 9
11 10
11 12
11 13
11 14
12 9
12 10
12 11
12 13
12 14
12 15
12 16
13 10
13 11
13 12
13 14
13 15
13 16
14 11
14 12
14 13
14 15
14 16
14 17
14 18
15 12
15 13
15 14
15 16
15 17
15 18
16 12
16 13
16 14
16 15
16 17
16 18
16 19
17 14
17 15
17 16
17 18
17 19
17 20
18 14
18 15
18 16
18 17
18 19
18 20
18 21
19 16
19 17
19 18
19 20
19 21
19 22
20 17
20 18
20 19
20 21
20 22
20 23
20 24
20 25
20 27
21 18
21 19
21 20
21 22
21 23
21 24
22 19
22 20
22 21
22 23
22 24
22 25
23 20
23 21
23 22
23 24
23 25
23 26
23 27
24 20
24 21
24 22
24 23
24 25
24 26
24 27
25 20
25 22
25 23
25 24
25 26
25 27
25 28
26 23
26 24
26 25
26 27
26 28
26 29
27 20
27 23
27 24
27 25
27 26
27 28
27 29
27 30
27 31
27 32
28 25
28 26
28 27
28 29
28 30
28 31
28 32
28 33
28 60
28 66
29 26
29 27
29 28
29 30
29 31
29 32
29 33
29 34
29 35
30 27
30 28
30 29
30 31
30 32
30 33
30 34
30 35
30 56
30 59
30 60
31 27
31 28
31 29
31 30
31 32
31 33
31 34
31 35
31 36
31 37
31 53
31 55
31 56
31 57
31 58
31 59
31 60
31 65
31 66
31 67
32 27
32 28
32 29
32 30
32 31
32 33
32 34
32 35
32 36
32 37
32 38
32 56
32 66
33 28
33 29
33 30
33 31
33 32
33 34
33 35
33 36
33 37
33 38
33 39
33 56
34 29
34 30
34 31
34 32
34 33
34 35
34 36
34 37
34 38
34 39
34 52
34 53
34 55
34 56
34 59
34 66
34 70
35 29
35 30
35 31
35 32
35 33
35 34
35 36
35 37
35 38
35 39
35 40
35 49
35 52
35 53
35 54
35 55
35 56
35 57
35 66
35 67
35 69
35 70
35 73
36 31
36 32
36 33
36 34
36 35
36 37
36 38
36 39
36 40
36 41
36 42
36 52
36 53
36 70
37 31
37 32
37 33
37 34
37 35
37 36
37 38
37 39
37 40
37 41
37 42
37 49
37 52
37 53
38 32
38 33
38 34
38 35
38 36
38 37
38 39
38 40
38 41
38 42
38 45
38 46
38 48
38 49
38 50
38 51
38 52
38 53
38 54
38 55
38 56
38 70
38 73
38 74
39 33
39 34
39 35
39 36
39 37
39 38
39 40
39 41
39 42
39 43
39 44
39 46
39 49
39 50
39 52
39 53
39 70
39 73
39 74
40 35
40 36
40 37
40 38
40 39
40 41
40 42
40 43
40 44
40 45
40 46
40 49
41 36
41 37
41 38
41 39
41 40
41 42
41 43
41 44
41 45
41 46
41 47
41 48
41 49
41 50
41 52
41 53
42 36
42 37
42 38
42 39
42 40
42 41
42 43
42 44
42 45
42 46
42 47
42 48
42 49
42 50
42 52
42 73
42 74
42 76
42 77
43 39
43 40
43 41
43 42
43 44
43 45
43 46
43 49
43 77
44 39
44 40
44 41
44 42
44 43
44 45
44 46
44 47
44 48
44 49
45 38
45 40
45 41
45 42
45 43
45 44
45 46
45 47
45 48
45 49
45 50
46 38
46 39
46 40
46 41
46 42
46 43
46 44
46 45
46 47
46 48
46 49
46 50
46 51
46 52
46 74
46 77
46 78
46 80
46 81
47 41
47 42
47 44
47 45
47 46
47 48
47 49
47 50
47 51
47 52
47 53
47 74
47 77
47 78
47 81
48 38
48 41
48 42
48 44
48 45
48 46
48 47
48 49
48 50
48 51
48 52
48 53
48 54
49 35
49 37
49 38
49 39
49 40
49 41
49 42
49 43
49 44
49 45
49 46
49 47
49 48
49 50
49 51
49 52
49 53
49 54
49 55
49 70
49 73
49 74
49 77
50 38
50 39
50 41
50 42
50 45
50 46
50 47
50 48
50 49
50 51
50 52
50 53
50 54
50 55
50 56
50 70
50 71
50 73
50 74
50 75
50 77
50 78
51 38
51 46
51 47
51 48
51 49
51 50
51 52
51 53
51 54
51 55
51 56
51 74
52 34
52 35
52 36
52 37
52 38
52 39
52 41
52 42
52 46
52 47
52 48
52 49
52 50
52 51
52 53
52 54
52 55
52 56
52 57
52 70
52 74
53 31
53 34
53 35
53 36
53 37
53 38
53 39
53 41
53 47
53 48
53 49
53 50
53 51
53 52
53 54
53 55
53 56
53 57
53 58
53 59
53 66
53 67
53 69
53 70
53 71
53 72
53 73
53 74
54 35
54 38
54 48
54 49
54 50
54 51
54 52
54 53
54 55
54 56
54 57
54 58
54 59
54 67
54 70
54 71
54 74
55 31
55 34
55 35
55 38
55 49
55 50
55 51
55 52
55 53
55 54
55 56
55 57
55 58
55 59
55 60
55 67
55 70
56 30
56 31
56 32
56 33
56 34
56 35
56 38
56 50
56 51
56 52
56 53
56 54
56 55
56 57
56 58
56 59
56 60
56 61
56 66
56 67
56 68
56 69
56 70
56 71
57 31
57 35
57 52
57 53
57 54
57 55
57 56
57 58
57 59
57 60
57 61
57 62
57 63
57 64
57 66
57 67
57 68
57 69
57 70
57 71
58 31
58 53
58 54
58 55
58 56
58 57
58 59
58 60
58 61
58 62
58 67
59 30
59 31
59 34
59 53
59 54
59 55
59 56
59 57
59 58
59 60
59 61
59 62
59 66
59 67
60 28
60 30
60 31
60 55
60 56
60 57
60 58
60 59
60 61
60 62
60 63
60 64
60 65
60 66
60 67
61 56
61 57
61 58
61 59
61 60
61 62
61 63
61 64
61 67
62 57
62 58
62 59
62 60
62 61
62 63
62 64
62 65
62 67
62 97
62 100
62 101
63 57
63 60
63 61
63 62
63 64
63 65
63 66
63 67
63 68
63 94
63 96
63 97
63 98
63 99
63 100
63 101
63 102
64 57
64 60
64 61
64 62
64 63
64 65
64 66
64 67
64 68
64 69
64 97
64 98
64 100
64 101
64 102
65 31
65 60
65 62
65 63
65 64
65 66
65 67
65 68
65 69
65 70
65 71
65 97
65 98
65 100
65 101
65 102
65 103
66 28
66 31
66 32
66 34
66 35
66 53
66 56
66 57
66 59
66 60
66 63
66 64
66 65
66 67
66 68
66 69
66 70
66 71
66 72
66 101
66 102
67 31
67 35
67 53
67 54
67 55
67 56
67 57
67 58
67 59
67 60
67 61
67 62
67 63
67 64
67 65
67 66
67 68
67 69
67 70
67 71
67 72
67 73
67 93
67 94
67 97
67 101
68 56
68 57
68 63
68 64
68 65
68 66
68 67
68 69
68 70
68 71
68 72
68 73
68 74
68 93
68 94
68 95
68 96
68 97
68 98
68 101
68 102
68 107
68 110
69 35
69 53
69 56
69 57
69 64
69 65
69 66
69 67
69 68
69 70
69 71
69 72
69 73
69 74
69 94
69 102
69 110
70 34
70 35
70 36
70 38
70 39
70 49
70 50
70 52
70 53
70 54
70 55
70 56
70 57
70 65
70 66
70 67
70 68
70 69
70 71
70 72
70 73
70 74
70 75
70 94
71 50
71 53
71 54
71 56
71 57
71 65
71 66
71 67
71 68
71 69
71 70
71 72
71 73
71 74
71 75
71 76
71 77
71 87
71 90
71 91
71 92
71 93
71 94
71 95
71 97
72 53
72 66
72 67
72 68
72 69
72 70
72 71
72 73
72 74
72 75
72 76
72 77
72 87
72 90
72 91
72 94
72 110
72 111
72 113
72 114
73 35
73 38
73 39
73 42
73 49
73 50
73 53
73 67
73 68
73 69
73 70
73 71
73 72
73 74
73 75
73 76
73 77
73 78
73 79
73 90
73 114
74 38
74 39
74 42
74 46
74 47
74 49
74 50
74 51
74 52
74 53
74 54
74 68
74 69
74 70
74 71
74 72
74 73
74 75
74 76
74 77
74 78
74 79
74 80
74 86
74 87
74 90
74 91
74 94
75 50
75 70
75 71
75 72
75 73
75 74
75 76
75 77
75 78
75 79
75 80
75 81
75 83
75 84
75 86
75 87
75 88
75 89
75 90
75 91
75 94
75 114
75 118
76 42
76 71
76 72
76 73
76 74
76 75
76 77
76 78
76 79
76 80
76 81
76 82
76 87
76 114
76 117
76 118
77 42
77 43
77 46
77 47
77 49
77 50
77 71
77 72
77 73
77 74
77 75
77 76
77 78
77 79
77 80
77 81
77 82
77 83
77 87
78 46
78 47
78 50
78 73
78 74
78 75
78 76
78 77
78 79
78 80
78 81
78 82
78 83
78 84
78 85
78 86
78 87
78 88
78 90
79 73
79 74
79 75
79 76
79 77
79 78
79 80
79 81
79 82
79 83
79 84
79 85
79 86
79 87
79 88
79 117
79 118
79 121
80 46
80 74
80 75
80 76
80 77
80 78
80 79
80 81
80 82
80 83
80 84
80 87
81 46
81 47
81 75
81 76
81 77
81 78
81 79
81 80
81 82
81 83
81 84
81 87
82 76
82 77
82 78
82 79
82 80
82 81
82 83
82 84
82 85
82 86
82 87
83 75
83 77
83 78
83 79
83 80
83 81
83 82
83 84
83 85
83 86
83 87
83 88
84 75
84 78
84 79
84 80
84 81
84 82
84 83
84 85
84 86
84 87
84 88
84 89
84 90
84 123
84 126
85 78
85 79
85 82
85 83
85 84
85 86
85 87
85 88
85 89
85 90
85 91
85 126
86 74
86 75
86 78
86 79
86 82
86 83
86 84
86 85
86 87
86 88
86 89
86 90
86 91
86 92
87 71
87 72
87 74
87 75
87 76
87 77
87 78
87 79
87 80
87 81
87 82
87 83
87 84
87 85
87 86
87 88
87 89
87 90
87 91
87 92
87 93
87 130
88 75
88 78
88 79
88 83
88 84
88 85
88 86
88 87
88 89
88 90
88 91
88 92
88 93
88 94
88 126
88 129
88 130
88 133
89 75
89 84
89 85
89 86
89 87
89 88
89 90
89 91
89 92
89 93
89 94
90 71
90 72
90 73
90 74
90 75
90 78
90 84
90 85
90 86
90 87
90 88
90 89
90 91
90 92
90 93
90 94
90 95
90 96
91 71
91 72
91 74
91 75
91 85
91 86
91 87
91 88
91 89
91 90
91 92
91 93
91 94
91 95
91 96
91 111
91 114
91 130
91 133
91 134
92 71
92 86
92 87
92 88
92 89
92 90
92 91
92 93
92 94
92 95
92 96
92 97
92 130
92 133
92 134
92 137
93 67
93 68
93 71
93 87
93 88
93 89
93 90
93 91
93 92
93 94
93 95
93 96
93 97
93 98
94 63
94 67
94 68
94 69
94 70
94 71
94 72
94 74
94 75
94 88
94 89
94 90
94 91
94 92
94 93
94 95
94 96
94 97
94 98
94 101
94 107
94 111
95 68
95 71
95 90
95 91
95 92
95 93
95 94
95 96
95 97
95 98
95 99
95 107
95 111
95 133
95 134
95 136
95 137
95 138
95 141
96 63
96 68
96 90
96 91
96 92
96 93
96 94
96 95
96 97
96 98
96 99
96 100
96 101
96 137
97 62
97 63
97 64
97 65
97 67
97 68
97 71
97 92
97 93
97 94
97 95
97 96
97 98
97 99
97 100
97 101
97 102
97 107
98 63
98 64
98 65
98 68
98 93
98 94
98 95
98 96
98 97
98 99
98 100
98 101
98 102
98 103
98 104
98 105
98 106
98 107
98 108
98 110
98 111
98 137
98 138
98 141
99 63
99 95
99 96
99 97
99 98
99 100
99 101
99 102
99 103
99 104
99 107
99 137
99 138
99 140
99 141
100 62
100 63
100 64
100 65
100 96
100 97
100 98
100 99
100 101
100 102
100 103
100 104
101 62
101 63
101 64
101 65
101 66
101 67
101 68
101 94
101 96
101 97
101 98
101 99
101 100
101 102
101 103
101 104
101 107
102 63
102 64
102 65
102 66
102 68
102 69
102 97
102 98
102 99
102 100
102 101
102 103
102 104
102 105
102 106
102 107
102 108
103 65
103 98
103 99
103 100
103 101
103 102
103 104
103 105
103 106
103 107
103 108
104 98
104 99
104 100
104 101
104 102
104 103
104 105
104 106
104 107
104 108
104 109
104 110
104 141
104 142
104 143
105 98
105 102
105 103
105 104
105 106
105 107
105 108
105 109
105 110
105 111
105 143
106 98
106 102
106 103
106 104
106 105
106 107
106 108
106 109
106 110
106 111
106 112
107 68
107 94
107 95
107 97
107 98
107 99
107 101
107 102
107 103
107 104
107 105
107 106
107 108
107 109
107 110
107 111
107 112
107 113
108 98
108 102
108 103
108 104
108 105
108 106
108 107
108 109
108 110
108 111
108 112
108 113
108 114
108 138
108 143
108 145
108 146
108 147
109 104
109 105
109 106
109 107
109 108
109 110
109 111
109 112
109 113
109 114
109 115
109 146
110 68
110 69
110 72
110 98
110 104
110 105
110 106
110 107
110 108
110 109
110 111
110 112
110 113
110 114
110 115
110 116
111 72
111 91
111 94
111 95
111 98
111 105
111 106
111 107
111 108
111 109
111 110
111 112
111 113
111 114
111 115
111 116
111 117
111 134
111 138
111 146
111 150
112 106
112 107
112 108
112 109
112 110
112 111
112 113
112 114
112 115
112 116
112 117
112 118
112 146
112 149
112 150
113 72
113 107
113 108
113 109
113 110
113 111
113 112
113 114
113 115
113 116
113 117
113 118
113 119
114 72
114 73
114 75
114 76
114 91
114 108
114 109
114 110
114 111
114 112
114 113
114 115
114 116
114 117
114 118
114 119
115 109
115 110
115 111
115 112
115 113
115 114
115 116
115 117
115 118
115 119
115 120
115 127
115 130
115 131
115 134
115 150
115 153
116 110
116 111
116 112
116 113
116 114
116 115
116 117
116 118
116 119
116 120
116 121
117 76
117 79
117 111
117 112
117 113
117 114
117 115
117 116
117 118
117 119
117 120
117 121
118 75
118 76
118 79
118 112
118 113
118 114
118 115
118 116
118 117
118 119
118 120
118 121
118 122
118 123
118 126
118 127
118 130
118 131
119 113
119 114
119 115
119 116
119 117
119 118
119 120
119 121
119 122
119 123
119 124
119 126
119 127
119 130
119 131
119 153
120 115
120 116
120 117
120 118
120 119
120 121
120 122
120 123
120 127
121 79
121 116
121 117
121 118
121 119
121 120
121 122
121 123
121 124
121 126
121 127
122 118
122 119
122 120
122 121
122 123
122 124
122 125
122 126
122 127
123 84
123 118
123 119
123 120
123 121
123 122
123 124
123 125
123 126
123 127
123 128
124 119
124 121
124 122
124 123
124 125
124 126
124 127
124 128
124 129
124 130
124 157
124 158
124 161
125 122
125 123
125 124
125 126
125 127
125 128
125 129
125 130
125 131
126 84
126 85
126 88
126 118
126 119
126 121
126 122
126 123
126 124
126 125
126 127
126 128
126 129
126 130
126 131
126 132
127 115
127 118
127 119
127 120
127 121
127 122
127 123
127 124
127 125
127 126
127 128
127 129
127 130
127 131
127 132
127 133
127 154
127 157
128 123
128 124
128 125
128 126
128 127
128 129
128 130
128 131
128 132
128 133
128 134
128 154
128 157
128 158
129 88
129 124
129 125
129 126
129 127
129 128
129 130
129 131
129 132
129 133
129 134
129 135
130 87
130 88
130 91
130 92
130 115
130 118
130 119
130 124
130 125
130 126
130 127
130 128
130 129
130 131
130 132
130 133
130 134
130 135
130 154
131 115
131 118
131 119
131 125
131 126
131 127
131 128
131 129
131 130
131 132
131 133
131 134
131 135
131 136
131 147
131 150
131 151
131 153
131 154
131 157
132 126
132 127
132 128
132 129
132 130
132 131
132 133
132 134
132 135
132 136
132 137
132 138
132 150
132 151
132 154
133 88
133 91
133 92
133 95
133 127
133 128
133 129
133 130
133 131
133 132
133 134
133 135
133 136
133 137
133 138
134 91
134 92
134 95
134 111
134 115
134 128
134 129
134 130
134 131
134 132
134 133
134 135
134 136
134 137
134 138
134 139
134 146
134 147
134 150
134 151
135 129
135 130
135 131
135 132
135 133
135 134
135 136
135 137
135 138
135 139
135 140
135 141
135 143
135 146
135 147
135 148
135 150
135 151
135 154
136 95
136 131
136 132
136 133
136 134
136 135
136 137
136 138
136 139
136 140
136 141
136 147
137 92
137 95
137 96
137 98
137 99
137 132
137 133
137 134
137 135
137 136
137 138
137 139
137 140
137 141
137 142
137 143
137 147
138 95
138 98
138 99
138 108
138 111
138 132
138 133
138 134
138 135
138 136
138 137
138 139
138 140
138 141
138 142
138 143
138 144
138 145
138 146
138 147
138 148
138 150
139 134
139 135
139 136
139 137
139 138
139 140
139 141
139 142
139 143
139 144
139 146
139 147
139 148
140 99
140 135
140 136
140 137
140 138
140 139
140 141
140 142
140 143
141 95
141 98
141 99
141 104
141 135
141 136
141 137
141 138
141 139
141 140
141 142
141 143
141 144
141 147
142 104
142 137
142 138
142 139
142 140
142 141
142 143
142 144
142 145
142 146
142 147
143 104
143 105
143 108
143 135
143 137
143 138
143 139
143 140
143 141
143 142
143 144
143 145
143 146
143 147
143 148
144 138
144 139
144 141
144 142
144 143
144 145
144 146
144 147
144 148
144 149
144 150
144 177
145 108
145 138
145 142
145 143
145 144
145 146
145 147
145 148
145 149
145 150
146 108
146 109
146 111
146 112
146 134
146 135
146 138
146 139
146 142
146 143
146 144
146 145
146 147
146 148
146 149
146 150
146 151
146 152
147 108
147 131
147 134
147 135
147 136
147 137
147 138
147 139
147 141
147 142
147 143
147 144
147 145
147 146
147 148
147 149
147 150
147 151
147 152
147 153
147 174
147 177
148 135
148 138
148 139
148 143
148 144
148 145
148 146
148 147
148 149
148 150
148 151
148 152
148 153
148 154
148 170
148 173
148 174
148 175
148 177
148 178
148 192
148 196
149 112
149 144
149 145
149 146
149 147
149 148
149 150
149 151
149 152
149 153
149 154
149 155
149 174
149 192
150 111
150 112
150 115
150 131
150 132
150 134
150 135
150 138
150 144
150 145
150 146
150 147
150 148
150 149
150 151
150 152
150 153
150 154
150 155
150 156
151 131
151 132
151 134
151 135
151 146
151 147
151 148
151 149
151 150
151 152
151 153
151 154
151 155
151 156
151 157
151 167
151 170
151 171
151 173
151 174
152 146
152 147
152 148
152 149
152 150
152 151
152 153
152 154
152 155
152 156
152 157
152 158
152 167
152 170
152 171
152 174
152 192
152 195
152 196
152 199
153 115
153 119
153 131
153 147
153 148
153 149
153 150
153 151
153 152
153 154
153 155
153 156
153 157
153 158
153 159
154 127
154 128
154 130
154 131
154 132
154 135
154 148
154 149
154 150
154 151
154 152
154 153
154 155
154 156
154 157
154 158
154 159
154 160
154 166
154 167
154 170
155 149
155 150
155 151
155 152
155 153
155 154
155 156
155 157
155 158
155 159
155 160
155 161
155 163
155 164
155 166
155 167
155 168
155 169
155 170
155 171
155 174
155 196
155 199
155 200
155 203
156 150
156 151
156 152
156 153
156 154
156 155
156 157
156 158
156 159
156 160
156 161
156 162
156 167
156 199
156 202
156 203
157 124
157 127
157 128
157 131
157 151
157 152
157 153
157 154
157 155
157 156
157 158
157 159
157 160
157 161
157 162
157 163
157 167
158 124
158 128
158 152
158 153
158 154
158 155
158 156
158 157
158 159
158 160
158 161
158 162
158 163
158 164
158 165
158 166
158 167
158 168
158 170
158 203
159 153
159 154
159 155
159 156
159 157
159 158
159 160
159 161
159 162
159 163
159 164
159 165
159 166
159 167
159 168
159 199
159 200
159 202
159 203
159 206
160 154
160 155
160 156
160 157
160 158
160 159
160 161
160 162
160 163
160 164
160 203
161 124
161 155
161 156
161 157
161 158
161 159
161 160
161 162
161 163
161 164
161 167
162 156
162 157
162 158
162 159
162 160
162 161
162 163
162 164
162 165
162 166
162 167
162 203
162 206
162 207
163 155
163 157
163 158
163 159
163 160
163 161
163 162
163 164
163 165
163 166
163 167
163 168
163 203
164 155
164 158
164 159
164 160
164 161
164 162
164 163
164 165
164 166
164 167
164 168
164 169
164 170
164 200
164 203
164 204
164 206
164 207
165 158
165 159
165 162
165 163
165 164
165 166
165 167
165 168
165 169
165 170
166 154
166 155
166 158
166 159
166 162
166 163
166 164
166 165
166 167
166 168
166 169
166 170
166 171
167 151
167 152
167 154
167 155
167 156
167 157
167 158
167 159
167 161
167 162
167 163
167 164
167 165
167 166
167 168
167 169
167 170
167 171
167 172
167 199
167 200
167 203
168 155
168 158
168 159
168 163
168 164
168 165
168 166
168 167
168 169
168 170
168 171
168 172
168 173
168 174
168 199
168 200
168 203
169 155
169 164
169 165
169 166
169 167
169 168
169 170
169 171
169 172
169 173
169 174
170 148
170 151
170 152
170 154
170 155
170 158
170 164
170 165
170 166
170 167
170 168
170 169
170 171
170 172
170 173
170 174
170 175
170 176
170 196
171 151
171 152
171 155
171 166
171 167
171 168
171 169
171 170
171 172
171 173
171 174
171 175
171 176
171 177
171 196
171 197
171 199
171 200
172 167
172 168
172 169
172 170
172 171
172 173
172 174
172 175
172 176
172 177
172 178
172 196
173 148
173 151
173 168
173 169
173 170
173 171
173 172
173 174
173 175
173 176
173 177
173 178
174 147
174 148
174 149
174 151
174 152
174 155
174 168
174 169
174 170
174 171
174 172
174 173
174 175
174 176
174 177
174 178
174 179
174 192
174 193
174 195
174 196
175 148
175 170
175 171
175 172
175 173
175 174
175 176
175 177
175 178
175 179
175 185
175 186
175 192
175 193
175 196
175 197
176 170
176 171
176 172
176 173
176 174
176 175
176 177
176 178
176 179
176 180
176 181
176 183
176 184
176 185
176 186
177 144
177 147
177 148
177 171
177 172
177 173
177 174
177 175
177 176
177 178
177 179
177 180
177 181
177 185
177 186
177 189
177 192
177 193
178 148
178 172
178 173
178 174
178 175
178 176
178 177
178 179
178 180
178 181
178 183
178 184
178 185
178 186
178 187
178 188
178 189
178 190
178 191
178 192
178 193
178 196
179 174
179 175
179 176
179 177
179 178
179 180
179 181
179 182
179 183
179 184
179 185
179 186
179 187
179 189
179 193
180 176
180 177
180 178
180 179
180 181
180 182
180 183
180 184
180 185
180 186
180 187
180 189
181 176
181 177
181 178
181 179
181 180
181 182
181 183
181 184
181 185
181 186
182 179
182 180
182 181
182 183
182 184
182 185
182 186
183 176
183 178
183 179
183 180
183 181
183 182
183 184
183 185
183 186
184 176
184 178
184 179
184 180
184 181
184 182
184 183
184 185
184 186
184 187
185 175
185 176
185 177
185 178
185 179
185 180
185 181
185 182
185 183
185 184
185 186
185 187
185 188
185 189
185 190
185 193
185 219
185 222
185 223
186 175
186 176
186 177
186 178
186 179
186 180
186 181
186 182
186 183
186 184
186 185
186 187
186 188
186 189
186 190
186 192
186 193
186 223
187 178
187 179
187 180
187 184
187 185
187 186
187 188
187 189
187 190
187 191
187 192
187 193
187 222
187 223
187 224
187 225
187 226
188 178
188 185
188 186
188 187
188 189
188 190
188 191
188 192
188 193
188 223
188 225
188 226
189 177
189 178
189 179
189 180
189 185
189 186
189 187
189 188
189 190
189 191
189 192
189 193
189 194
189 223
189 225
189 226
190 178
190 185
190 186
190 187
190 188
190 189
190 191
190 192
190 193
190 194
190 195
190 196
190 220
190 222
190 223
190 224
190 225
190 226
190 227
190 228
191 178
191 187
191 188
191 189
191 190
191 192
191 193
191 194
191 195
191 196
191 223
191 224
191 225
191 226
191 227
191 228
191 229
191 232
192 148
192 149
192 152
192 174
192 175
192 177
192 178
192 186
192 187
192 188
192 189
192 190
192 191
192 193
192 194
192 195
192 196
192 197
192 198
192 226
192 227
192 228
193 174
193 175
193 177
193 178
193 179
193 185
193 186
193 187
193 188
193 189
193 190
193 191
193 192
193 194
193 195
193 196
193 197
193 198
193 199
193 219
193 220
193 223
193 226
193 228
194 189
194 190
194 191
194 192
194 193
194 195
194 196
194 197
194 198
194 199
194 200
194 216
194 217
194 219
194 220
194 221
194 223
194 226
194 227
194 228
194 229
194 232
194 233
194 235
194 236
195 152
195 174
195 190
195 191
195 192
195 193
195 194
195 196
195 197
195 198
195 199
195 200
195 201
195 228
195 229
195 231
195 232
195 233
195 235
195 236
196 148
196 152
196 155
196 170
196 171
196 172
196 174
196 175
196 178
196 190
196 191
196 192
196 193
196 194
196 195
196 197
196 198
196 199
196 200
196 201
196 202
196 220
196 232
197 171
197 175
197 192
197 193
197 194
197 195
197 196
197 198
197 199
197 200
197 201
197 202
197 203
197 213
197 216
197 217
197 219
197 220
197 232
197 233
197 235
197 236
198 192
198 193
198 194
198 195
198 196
198 197
198 199
198 200
198 201
198 202
198 203
198 204
198 216
198 217
198 220
198 231
198 232
198 233
198 234
198 235
198 236
198 237
198 239
199 152
199 155
199 156
199 159
199 167
199 168
199 171
199 193
199 194
199 195
199 196
199 197
199 198
199 200
199 201
199 202
199 203
199 204
199 205
199 232
199 235
199 236
200 155
200 159
200 164
200 167
200 168
200 171
200 194
200 195
200 196
200 197
200 198
200 199
200 201
200 202
200 203
200 204
200 205
200 206
200 212
200 213
200 216
200 236
201 195
201 196
201 197
201 198
201 199
201 200
201 202
201 203
201 204
201 205
201 206
201 207
201 209
201 210
201 212
201 213
201 214
201 216
201 217
201 235
201 236
201 238
201 239
202 156
202 159
202 196
202 197
202 198
202 199
202 200
202 201
202 203
202 204
202 205
202 206
202 207
202 208
202 213
202 235
202 236
202 239
203 155
203 156
203 158
203 159
203 160
203 162
203 163
203 164
203 167
203 168
203 197
203 198
203 199
203 200
203 201
203 202
203 204
203 205
203 206
203 207
203 208
203 209
203 213
204 164
204 198
204 199
204 200
204 201
204 202
204 203
204 205
204 206
204 207
204 208
204 209
204 210
204 211
204 212
204 213
204 216
205 199
205 200
205 201
205 202
205 203
205 204
205 206
205 207
205 208
205 209
205 210
205 212
205 213
205 239
206 159
206 162
206 164
206 200
206 201
206 202
206 203
206 204
206 205
206 207
206 208
206 209
207 162
207 164
207 201
207 202
207 203
207 204
207 205
207 206
207 208
207 209
207 210
208 202
208 203
208 204
208 205
208 206
208 207
208 209
208 210
208 211
208 212
208 213
209 201
209 203
209 204
209 205
209 206
209 207
209 208
209 210
209 211
209 212
209 213
209 214
210 201
210 204
210 205
210 207
210 208
210 209
210 211
210 212
210 213
210 214
210 215
210 216
210 239
210 242
210 243
210 246
211 204
211 208
211 209
211 210
211 212
211 213
211 214
211 215
211 216
211 243
212 200
212 201
212 204
212 205
212 208
212 209
212 210
212 211
212 213
212 214
212 215
212 216
212 217
212 218
213 197
213 200
213 201
213 202
213 203
213 204
213 205
213 208
213 209
213 210
213 211
213 212
213 214
213 215
213 216
213 217
213 218
213 219
213 236
213 239
213 240
213 242
213 243
214 201
214 209
214 210
214 211
214 212
214 213
214 215
214 216
214 217
214 218
214 219
214 220
214 239
214 240
214 242
214 243
214 244
215 210
215 211
215 212
215 213
215 214
215 216
215 217
215 218
215 219
215 220
216 194
216 197
216 198
216 200
216 201
216 204
216 210
216 211
216 212
216 213
216 214
216 215
216 217
216 218
216 219
216 220
216 221
216 236
216 239
216 240
217 194
217 197
217 198
217 201
217 212
217 213
217 214
217 215
217 216
217 218
217 219
217 220
217 221
217 222
217 236
217 237
217 238
217 239
217 240
217 241
217 243
218 212
218 213
218 214
218 215
218 216
218 217
218 219
218 220
218 221
218 222
218 223
218 240
219 185
219 193
219 194
219 197
219 213
219 214
219 215
219 216
219 217
219 218
219 220
219 221
219 222
219 223
220 190
220 193
220 194
220 196
220 197
220 198
220 214
220 215
220 216
220 217
220 218
220 219
220 221
220 222
220 223
220 224
220 233
220 236
220 237
220 240
221 194
221 216
221 217
221 218
221 219
221 220
221 222
221 223
221 224
221 236
221 237
221 240
222 185
222 187
222 190
222 217
222 218
222 219
222 220
222 221
222 223
222 224
222 225
223 185
223 186
223 187
223 188
223 189
223 190
223 191
223 193
223 194
223 218
223 219
223 220
223 221
223 222
223 224
223 225
223 226
223 227
224 187
224 190
224 191
224 220
224 221
224 222
224 223
224 225
224 226
224 227
225 187
225 188
225 189
225 190
225 191
225 222
225 223
225 224
225 226
225 227
225 228
226 187
226 188
226 189
226 190
226 191
226 192
226 193
226 194
226 223
226 224
226 225
226 227
226 228
226 229
227 190
227 191
227 192
227 194
227 223
227 224
227 225
227 226
227 228
227 229
227 230
227 233
228 190
228 191
228 192
228 193
228 194
228 195
228 225
228 226
228 227
228 229
228 230
228 231
228 232
228 233
228 234
229 191
229 194
229 195
229 226
229 227
229 228
229 230
229 231
229 232
229 233
229 234
229 263
229 266
229 267
230 227
230 228
230 229
230 231
230 232
230 233
230 234
230 235
230 236
230 259
230 260
230 261
230 262
230 263
230 264
230 265
230 266
230 267
230 268
230 269
231 195
231 198
231 228
231 229
231 230
231 232
231 233
231 234
231 235
231 236
231 237
231 260
231 261
231 262
231 263
231 264
231 265
231 266
231 267
231 268
231 269
231 271
232 191
232 194
232 195
232 196
232 197
232 198
232 199
232 228
232 229
232 230
232 231
232 233
232 234
232 235
232 236
232 237
232 260
232 263
232 264
232 267
233 194
233 195
233 197
233 198
233 220
233 227
233 228
233 229
233 230
233 231
233 232
233 234
233 235
233 236
233 237
233 238
233 239
233 259
233 260
233 261
233 262
233 263
233 264
233 267
234 198
234 228
234 229
234 230
234 231
234 232
234 233
234 235
234 236
234 237
234 238
234 239
234 240
234 256
234 257
234 258
234 259
234 260
234 261
234 262
234 263
234 264
234 265
234 266
234 267
234 269
234 271
234 272
234 275
235 194
235 195
235 197
235 198
235 199
235 201
235 202
235 230
235 231
235 232
235 233
235 234
235 236
235 237
235 238
235 239
235 240
235 241
235 260
235 261
235 263
235 264
235 271
235 275
236 194
236 195
236 197
236 198
236 199
236 200
236 201
236 202
236 213
236 216
236 217
236 220
236 221
236 230
236 231
236 232
236 233
236 234
236 235
236 237
236 238
236 239
236 240
236 241
236 256
236 259
236 260
237 198
237 217
237 220
237 221
237 231
237 232
237 233
237 234
237 235
237 236
237 238
237 239
237 240
237 241
237 242
237 243
237 253
237 255
237 256
237 257
237 258
237 259
237 260
237 261
237 263
237 275
238 201
238 217
238 233
238 234
238 235
238 236
238 237
238 239
238 240
238 241
238 242
238 243
238 244
238 253
238 254
238 256
238 257
238 258
238 259
238 260
238 261
238 263
238 264
238 271
238 275
238 278
238 279
239 198
239 201
239 202
239 205
239 210
239 213
239 214
239 216
239 217
239 233
239 234
239 235
239 236
239 237
239 238
239 240
239 241
239 242
239 243
239 244
239 245
239 253
239 256
239 257
239 260
240 213
240 214
240 216
240 217
240 218
240 220
240 221
240 234
240 235
240 236
240 237
240 238
240 239
240 241
240 242
240 243
240 244
240 245
240 252
240 253
240 254
240 255
240 256
240 257
240 260
241 217
241 235
241 236
241 237
241 238
241 239
241 240
241 242
241 243
241 244
241 245
241 246
241 247
241 249
241 250
241 251
241 252
241 253
241 254
241 255
241 256
241 257
241 258
241 259
241 260
241 275
241 278
241 279
241 282
242 210
242 213
242 214
242 237
242 238
242 239
242 240
242 241
242 243
242 244
242 245
242 246
242 247
242 249
242 250
242 252
242 253
242 254
242 256
242 257
242 278
242 282
242 341
243 210
243 211
243 213
243 214
243 217
243 237
243 238
243 239
243 240
243 241
243 242
243 244
243 245
243 246
243 247
243 248
243 249
243 250
243 252
243 253
243 256
244 214
244 238
244 239
244 240
244 241
244 242
244 243
244 245
244 246
244 247
244 248
244 249
244 250
244 251
244 252
244 253
244 254
244 255
244 256
244 257
244 282
245 239
245 240
245 241
245 242
245 243
245 244
245 246
245 247
245 248
245 249
245 250
245 251
245 252
245 253
245 254
245 256
245 257
245 278
245 281
245 282
245 285
245 286
245 345
246 210
246 241
246 242
246 243
246 244
246 245
246 247
246 248
246 249
246 250
246 253
246 341
246 344
246 345
247 241
247 242
247 243
247 244
247 245
247 246
247 248
247 249
247 250
247 253
248 243
248 244
248 245
248 246
248 247
248 249
248 250
248 251
248 252
248 253
248 282
248 285
248 286
249 241
249 242
249 243
249 244
249 245
249 246
249 247
249 248
249 250
249 251
249 252
249 253
249 254
249 282
249 285
249 286
250 241
250 242
250 243
250 244
250 245
250 246
250 247
250 248
250 249
250 251
250 252
250 253
250 254
250 255
250 256
250 279
250 281
250 282
250 283
250 284
250 285
250 286
250 287
251 241
251 244
251 245
251 248
251 249
251 250
251 252
251 253
251 254
251 255
251 256
251 257
251 282
251 283
251 285
251 286
251 287
251 288
252 240
252 241
252 242
252 243
252 244
252 245
252 248
252 249
252 250
252 251
252 253
252 254
252 255
252 256
252 257
252 258
252 282
252 286
253 237
253 238
253 239
253 240
253 241
253 242
253 243
253 244
253 245
253 246
253 247
253 248
253 249
253 250
253 251
253 252
253 254
253 255
253 256
253 257
253 258
253 259
253 278
253 279
253 281
253 282
253 283
253 285
253 286
254 238
254 240
254 241
254 242
254 244
254 245
254 249
254 250
254 251
254 252
254 253
254 255
254 256
254 257
254 258
254 259
254 260
254 278
254 279
254 280
254 281
254 282
254 283
254 284
254 285
254 286
254 292
255 237
255 240
255 241
255 244
255 250
255 251
255 252
255 253
255 254
255 256
255 257
255 258
255 259
255 260
255 261
255 279
255 282
255 283
256 234
256 236
256 237
256 238
256 239
256 240
256 241
256 242
256 243
256 244
256 245
256 250
256 251
256 252
256 253
256 254
256 255
256 257
256 258
256 259
256 260
256 261
256 275
256 278
256 279
256 282
257 234
257 237
257 238
257 239
257 240
257 241
257 242
257 244
257 245
257 251
257 252
257 253
257 254
257 255
257 256
257 258
257 259
257 260
257 261
257 262
257 263
257 272
257 275
257 276
257 277
257 278
257 279
257 280
257 281
257 282
257 283
258 234
258 237
258 238
258 241
258 252
258 253
258 254
258 255
258 256
258 257
258 259
258 260
258 261
258 262
258 263
258 264
258 275
258 276
258 278
258 279
258 280
258 282
258 283
258 292
258 297
258 298
259 230
259 233
259 234
259 236
259 237
259 238
259 241
259 253
259 254
259 255
259 256
259 257
259 258
259 260
259 261
259 262
259 263
259 264
259 265
259 275
259 279
260 230
260 231
260 232
260 233
260 234
260 235
260 236
260 237
260 238
260 239
260 240
260 241
260 254
260 255
260 256
260 257
260 258
260 259
260 261
260 262
260 263
260 264
260 265
260 266
260 271
260 272
260 275
260 276
260 278
260 279
261 230
261 231
261 233
261 234
261 235
261 237
261 238
261 255
261 256
261 257
261 258
261 259
261 260
261 262
261 263
261 264
261 265
261 266
261 267
261 269
261 271
261 272
261 273
261 274
261 275
261 276
261 277
261 278
261 279
261 297
261 298
262 230
262 231
262 233
262 234
262 257
262 258
262 259
262 260
262 261
262 263
262 264
262 265
262 266
262 267
262 268
262 272
262 275
262 276
262 297
262 298
263 229
263 230
263 231
263 232
263 233
263 234
263 235
263 237
263 238
263 257
263 258
263 259
263 260
263 261
263 262
263 264
263 265
263 266
263 267
263 268
263 269
263 272
264 230
264 231
264 232
264 233
264 234
264 235
264 238
264 258
264 259
264 260
264 261
264 262
264 263
264 265
264 266
264 267
264 268
264 269
264 270
264 271
264 272
264 273
264 275
264 276
265 230
265 231
265 234
265 259
265 260
265 261
265 262
265 263
265 264
265 266
265 267
265 268
265 269
265 270
265 271
265 272
265 273
265 275
265 276
265 297
265 298
266 229
266 230
266 231
266 234
266 260
266 261
266 262
266 263
266 264
266 265
266 267
266 268
266 269
266 272
267 229
267 230
267 231
267 232
267 233
267 234
267 261
267 262
267 263
267 264
267 265
267 266
267 268
267 269
267 270
267 271
267 272
268 230
268 231
268 262
268 263
268 264
268 265
268 266
268 267
268 269
268 270
268 271
268 272
269 230
269 231
269 234
269 261
269 263
269 264
269 265
269 266
269 267
269 268
269 270
269 271
269 272
269 273
270 264
270 265
270 267
270 268
270 269
270 271
270 272
270 273
270 274
270 275
271 231
271 234
271 235
271 238
271 260
271 261
271 264
271 265
271 267
271 268
271 269
271 270
271 272
271 273
271 274
271 275
271 276
272 234
272 257
272 260
272 261
272 262
272 263
272 264
272 265
272 266
272 267
272 268
272 269
272 270
272 271
272 273
272 274
272 275
272 276
272 277
272 278
273 261
273 264
273 265
273 269
273 270
273 271
273 272
273 274
273 275
273 276
273 277
273 278
273 279
273 298
273 301
273 304
273 306
273 307
274 261
274 270
274 271
274 272
274 273
274 275
274 276
274 277
274 278
274 279
274 306
274 307
274 335
274 336
274 339
274 342
275 234
275 235
275 237
275 238
275 241
275 256
275 257
275 258
275 259
275 260
275 261
275 262
275 264
275 265
275 270
275 271
275 272
275 273
275 274
275 276
275 277
275 278
275 279
275 280
275 281
276 257
276 258
276 260
276 261
276 262
276 264
276 265
276 271
276 272
276 273
276 274
276 275
276 277
276 278
276 279
276 280
276 281
276 282
276 292
276 293
276 298
276 301
276 307
276 310
277 257
277 261
277 272
277 273
277 274
277 275
277 276
277 278
277 279
277 280
277 281
277 282
277 283
277 306
277 307
277 309
277 310
277 311
277 335
277 336
277 339
277 342
278 238
278 241
278 242
278 245
278 253
278 254
278 256
278 257
278 258
278 260
278 261
278 272
278 273
278 274
278 275
278 276
278 277
278 279
278 280
278 281
278 282
278 283
278 284
278 310
278 341
278 342
279 238
279 241
279 250
279 253
279 254
279 255
279 256
279 257
279 258
279 259
279 260
279 261
279 273
279 274
279 275
279 276
279 277
279 278
279 280
279 281
279 282
279 283
279 284
279 285
279 292
279 298
280 254
280 257
280 258
280 275
280 276
280 277
280 278
280 279
280 281
280 282
280 283
280 284
280 285
280 291
280 292
280 293
280 298
280 307
280 310
280 311
280 313
280 314
281 245
281 250
281 253
281 254
281 257
281 275
281 276
281 277
281 278
281 279
281 280
281 282
281 283
281 284
281 285
281 286
281 292
281 310
281 313
281 314
281 342
281 345
281 346
281 349
282 241
282 242
282 244
282 245
282 248
282 249
282 250
282 251
282 252
282 253
282 254
282 255
282 256
282 257
282 258
282 276
282 277
282 278
282 279
282 280
282 281
282 283
282 284
282 285
282 286
282 287
282 288
282 292
282 342
282 345
282 349
283 250
283 251
283 253
283 254
283 255
283 257
283 258
283 277
283 278
283 279
283 280
283 281
283 282
283 284
283 285
283 286
283 287
283 288
283 289
283 290
283 291
283 292
283 314
284 250
284 254
284 278
284 279
284 280
284 281
284 282
284 283
284 285
284 286
284 287
284 288
284 289
284 290
284 291
284 292
284 313
284 314
284 317
284 318
284 349
284 352
284 353
285 245
285 248
285 249
285 250
285 251
285 253
285 254
285 279
285 280
285 281
285 282
285 283
285 284
285 286
285 287
285 288
285 345
285 346
285 348
285 349
285 350
285 351
285 352
285 353
286 245
286 248
286 249
286 250
286 251
286 252
286 253
286 254
286 281
286 282
286 283
286 284
286 285
286 287
286 288
286 289
286 349
286 352
287 250
287 251
287 282
287 283
287 284
287 285
287 286
287 288
287 289
287 290
287 317
287 318
287 349
287 352
287 353
287 356
288 251
288 282
288 283
288 284
288 285
288 286
288 287
288 289
288 290
288 291
288 292
288 318
289 283
289 284
289 286
289 287
289 288
289 290
289 291
289 292
289 314
289 317
289 318
290 283
290 284
290 287
290 288
290 289
290 291
290 292
290 293
290 294
290 295
290 314
290 318
291 280
291 283
291 284
291 288
291 289
291 290
291 292
291 293
291 294
291 295
291 298
291 299
291 311
291 314
291 315
291 318
292 254
292 258
292 276
292 279
292 280
292 281
292 282
292 283
292 284
292 288
292 289
292 290
292 291
292 293
292 294
292 295
292 296
292 297
292 298
292 299
292 302
292 311
292 314
293 276
293 280
293 290
293 291
293 292
293 294
293 295
293 296
293 297
293 298
293 299
293 300
293 301
293 302
293 303
293 310
293 311
293 314
294 290
294 291
294 292
294 293
294 295
294 296
294 297
294 298
294 299
294 300
294 302
295 290
295 291
295 292
295 293
295 294
295 296
295 297
295 298
295 299
295 300
296 292
296 293
296 294
296 295
296 297
296 298
296 299
296 300
297 258
297 261
297 262
297 265
297 292
297 293
297 294
297 295
297 296
297 298
297 299
297 300
297 301
298 258
298 261
298 262
298 265
298 273
298 276
298 279
298 280
298 291
298 292
298 293
298 294
298 295
298 296
298 297
298 299
298 300
298 301
298 302
299 291
299 292
299 293
299 294
299 295
299 296
299 297
299 298
299 300
299 301
299 302
299 303
300 293
300 294
300 295
300 296
300 297
300 298
300 299
300 301
300 302
300 303
300 304
301 273
301 276
301 293
301 297
301 298
301 299
301 300
301 302
301 303
301 304
301 305
301 306
301 307
301 308
301 311
302 292
302 293
302 294
302 298
302 299
302 300
302 301
302 303
302 304
302 305
302 306
302 307
302 308
302 309
302 310
302 311
302 312
303 293
303 299
303 300
303 301
303 302
303 304
303 305
303 306
303 307
303 308
303 309
303 311
304 273
304 300
304 301
304 302
304 303
304 305
304 306
304 307
304 308
304 309
304 311
305 301
305 302
305 303
305 304
305 306
305 307
305 308
305 309
305 310
305 335
306 273
306 274
306 277
306 301
306 302
306 303
306 304
306 305
306 307
306 308
306 309
306 310
306 311
306 332
306 334
306 335
306 336
307 273
307 274
307 276
307 277
307 280
307 301
307 302
307 303
307 304
307 305
307 306
307 308
307 309
307 310
307 311
307 312
307 313
307 335
307 336
308 301
308 302
308 303
308 304
308 305
308 306
308 307
308 309
308 310
308 311
308 312
308 313
308 314
308 332
308 335
309 277
309 302
309 303
309 304
309 305
309 306
309 307
309 308
309 310
309 311
309 312
309 313
309 314
309 315
309 325
309 328
309 329
309 331
309 332
309 333
309 335
309 336
310 276
310 277
310 278
310 280
310 281
310 293
310 302
310 305
310 306
310 307
310 308
310 309
310 311
310 312
310 313
310 314
310 315
310 316
310 328
310 329
310 332
310 335
310 336
311 277
311 280
311 291
311 292
311 293
311 301
311 302
311 303
311 304
311 306
311 307
311 308
311 309
311 310
311 312
311 313
311 314
311 315
311 316
311 317
312 302
312 307
312 308
312 309
312 310
312 311
312 313
312 314
312 315
312 316
312 317
312 318
312 324
312 325
312 328
312 329
313 280
313 281
313 284
313 307
313 308
313 309
313 310
313 311
313 312
313 314
313 315
313 316
313 317
313 318
313 319
313 321
313 322
313 324
313 325
313 326
313 327
313 328
313 329
314 280
314 281
314 283
314 284
314 289
314 290
314 291
314 292
314 293
314 308
314 309
314 310
314 311
314 312
314 313
314 315
314 316
314 317
314 318
314 319
314 320
314 325
315 291
315 309
315 310
315 311
315 312
315 313
315 314
315 316
315 317
315 318
315 319
315 320
315 321
315 324
315 325
316 310
316 311
316 312
316 313
316 314
316 315
316 317
316 318
316 319
316 320
316 321
316 322
316 323
316 324
316 325
316 326
316 328
316 353
317 284
317 287
317 289
317 311
317 312
317 313
317 314
317 315
317 316
317 318
317 319
317 320
317 321
317 322
317 324
317 325
317 349
317 350
317 352
317 353
317 354
317 356
317 357
318 284
318 287
318 288
318 289
318 290
318 291
318 312
318 313
318 314
318 315
318 316
318 317
318 319
318 320
318 321
318 353
318 356
319 313
319 314
319 315
319 316
319 317
319 318
319 320
319 321
319 322
319 324
319 325
319 353
319 357
320 314
320 315
320 316
320 317
320 318
320 319
320 321
320 322
320 323
320 324
320 325
320 353
320 354
320 355
320 356
320 357
320 358
320 360
321 313
321 315
321 316
321 317
321 318
321 319
321 320
321 322
321 323
321 324
321 325
321 326
321 353
321 354
321 356
321 357
321 377
322 313
322 316
322 317
322 319
322 320
322 321
322 323
322 324
322 325
322 326
322 327
322 328
322 350
322 353
322 354
322 356
322 357
322 376
322 377
322 378
323 316
323 320
323 321
323 322
323 324
323 325
323 326
323 327
323 328
323 376
323 377
323 378
324 312
324 313
324 315
324 316
324 317
324 319
324 320
324 321
324 322
324 323
324 325
324 326
324 327
324 328
324 329
324 330
325 309
325 312
325 313
325 314
325 315
325 316
325 317
325 319
325 320
325 321
325 322
325 323
325 324
325 326
325 327
325 328
325 329
325 330
325 350
325 353
326 313
326 316
326 321
326 322
326 323
326 324
326 325
326 327
326 328
326 329
326 330
326 331
326 350
326 378
327 313
327 322
327 323
327 324
327 325
327 326
327 328
327 329
327 330
327 331
327 332
328 309
328 310
328 312
328 313
328 316
328 322
328 323
328 324
328 325
328 326
328 327
328 329
328 330
328 331
328 332
328 333
328 336
329 309
329 310
329 312
329 313
329 324
329 325
329 326
329 327
329 328
329 330
329 331
329 332
329 333
329 334
329 335
329 336
329 337
329 346
330 324
330 325
330 326
330 327
330 328
330 329
330 331
330 332
330 333
330 334
330 336
330 337
331 309
331 326
331 327
331 328
331 329
331 330
331 332
331 333
331 334
331 335
331 336
331 337
332 306
332 308
332 309
332 310
332 327
332 328
332 329
332 330
332 331
332 333
332 334
332 335
332 336
332 337
332 338
333 309
333 328
333 329
333 330
333 331
333 332
333 334
333 335
333 336
333 337
333 338
333 339
334 306
334 329
334 330
334 331
334 332
334 333
334 335
334 336
334 337
334 338
334 339
335 274
335 277
335 305
335 306
335 307
335 308
335 309
335 310
335 329
335 331
335 332
335 333
335 334
335 336
335 337
335 338
335 339
336 274
336 277
336 306
336 307
336 309
336 310
336 328
336 329
336 330
336 331
336 332
336 333
336 334
336 335
336 337
336 338
336 339
336 340
336 341
336 342
336 343
336 346
337 329
337 330
337 331
337 332
337 333
337 334
337 335
337 336
337 338
337 339
337 340
337 341
337 342
337 343
337 344
337 346
338 332
338 333
338 334
338 335
338 336
338 337
338 339
338 340
338 341
338 342
338 343
339 274
339 277
339 333
339 334
339 335
339 336
339 337
339 338
339 340
339 341
339 342
339 343
339 344
340 336
340 337
340 338
340 339
340 341
340 342
340 343
340 344
340 345
341 242
341 246
341 278
341 336
341 337
341 338
341 339
341 340
341 342
341 343
341 344
341 345
341 346
342 274
342 277
342 278
342 281
342 282
342 336
342 337
342 338
342 339
342 340
342 341
342 343
342 344
342 345
342 346
342 347
342 349
343 336
343 337
343 338
343 339
343 340
343 341
343 342
343 344
343 345
343 346
343 347
343 348
343 349
344 246
344 337
344 339
344 340
344 341
344 342
344 343
344 345
344 346
344 347
344 348
344 349
345 245
345 246
345 281
345 282
345 285
345 340
345 341
345 342
345 343
345 344
345 346
345 347
345 348
345 349
345 350
346 281
346 285
346 329
346 336
346 337
346 341
346 342
346 343
346 344
346 345
346 347
346 348
346 349
346 350
346 351
346 352
347 342
347 343
347 344
347 345
347 346
347 348
347 349
347 350
347 351
347 352
348 285
348 343
348 344
348 345
348 346
348 347
348 349
348 350
348 351
348 352
348 353
348 354
349 281
349 282
349 284
349 285
349 286
349 287
349 317
349 342
349 343
349 344
349 345
349 346
349 347
349 348
349 350
349 351
349 352
349 353
349 354
349 355
350 285
350 317
350 322
350 325
350 326
350 345
350 346
350 347
350 348
350 349
350 351
350 352
350 353
350 354
350 355
351 285
351 346
351 347
351 348
351 349
351 350
351 352
351 353
351 354
351 355
351 356
351 357
351 387
352 284
352 285
352 286
352 287
352 317
352 346
352 347
352 348
352 349
352 350
352 351
352 353
352 354
352 355
352 356
352 357
352 358
353 284
353 285
353 287
353 316
353 317
353 318
353 319
353 320
353 321
353 322
353 325
353 348
353 349
353 350
353 351
353 352
353 354
353 355
353 356
353 357
353 358
353 359
353 377
354 317
354 320
354 321
354 322
354 348
354 349
354 350
354 351
354 352
354 353
354 355
354 356
354 357
354 358
354 359
354 360
354 376
354 377
354 378
354 379
354 384
354 387
355 320
355 349
355 350
355 351
355 352
355 353
355 354
355 356
355 357
355 358
355 359
355 360
355 361
355 377
355 384
355 387
355 388
355 390
355 391
355 396
355 397
356 287
356 317
356 318
356 320
356 321
356 322
356 351
356 352
356 353
356 354
356 355
356 357
356 358
356 359
356 360
356 361
357 317
357 319
357 320
357 321
357 322
357 351
357 352
357 353
357 354
357 355
357 356
357 358
357 359
357 360
357 361
357 362
357 373
357 376
357 377
358 320
358 352
358 353
358 354
358 355
358 356
358 357
358 359
358 360
358 361
358 362
358 363
358 373
358 374
358 376
358 377
358 384
358 387
358 388
358 391
358 397
359 353
359 354
359 355
359 356
359 357
359 358
359 360
359 361
359 362
359 363
359 364
359 388
359 391
359 396
359 397
360 320
360 354
360 355
360 356
360 357
360 358
360 359
360 361
360 362
360 363
360 364
361 355
361 356
361 357
361 358
361 359
361 360
361 362
361 363
361 364
361 365
361 368
361 373
361 376
361 377
362 357
362 358
362 359
362 360
362 361
362 363
362 364
362 365
362 366
362 367
362 368
362 369
362 373
362 397
362 408
362 409
362 410
363 358
363 359
363 360
363 361
363 362
363 364
363 365
363 366
363 397
363 410
363 412
364 359
364 360
364 361
364 362
364 363
364 365
364 366
364 367
364 368
365 361
365 362
365 363
365 364
365 366
365 367
365 368
365 369
365 408
365 409
365 410
365 412
366 362
366 363
366 364
366 365
366 367
366 368
366 399
366 408
366 409
366 410
366 411
366 412
367 362
367 364
367 365
367 366
367 368
367 369
367 370
367 399
367 400
367 401
367 402
367 407
367 408
367 409
367 410
367 411
367 412
368 361
368 362
368 364
368 365
368 366
368 367
368 369
368 370
368 371
368 372
368 373
368 401
368 406
368 407
368 408
368 409
368 410
369 362
369 365
369 367
369 368
369 370
369 371
369 372
369 373
369 374
369 401
369 402
369 405
369 406
369 407
369 408
369 409
370 367
370 368
370 369
370 371
370 372
370 373
370 374
370 375
370 376
370 380
370 381
370 382
370 384
370 385
370 388
370 401
370 402
370 403
370 405
370 406
370 407
370 408
371 368
371 369
371 370
371 372
371 373
371 374
371 375
371 376
371 377
371 379
371 380
371 381
371 382
371 384
371 385
371 406
371 407
372 368
372 369
372 370
372 371
372 373
372 374
372 375
372 376
372 377
372 378
372 381
372 406
372 407
373 357
373 358
373 361
373 362
373 368
373 369
373 370
373 371
373 372
373 374
373 375
373 376
373 377
373 378
373 379
373 380
373 381
373 384
373 385
373 407
373 408
374 358
374 369
374 370
374 371
374 372
374 373
374 375
374 376
374 377
374 378
374 379
374 380
374 381
374 382
374 383
374 384
374 385
375 370
375 371
375 372
375 373
375 374
375 376
375 377
375 378
375 379
375 380
375 381
375 384
376 322
376 323
376 354
376 357
376 358
376 361
376 370
376 371
376 372
376 373
376 374
376 375
376 377
376 378
376 379
377 321
377 322
377 323
377 353
377 354
377 355
377 357
377 358
377 361
377 371
377 372
377 373
377 374
377 375
377 376
377 378
377 379
377 380
377 381
377 383
377 384
378 322
378 323
378 326
378 354
378 372
378 373
378 374
378 375
378 376
378 377
378 379
378 380
378 381
378 384
379 354
379 371
379 373
379 374
379 375
379 376
379 377
379 378
379 380
379 381
379 382
379 383
379 384
380 370
380 371
380 373
380 374
380 375
380 377
380 378
380 379
380 381
380 382
380 383
380 384
380 385
381 370
381 371
381 372
381 373
381 374
381 375
381 377
381 378
381 379
381 380
381 382
381 383
381 384
381 385
381 386
381 387
381 406
382 370
382 371
382 374
382 379
382 380
382 381
382 383
382 384
382 385
382 386
382 387
382 388
383 374
383 377
383 379
383 380
383 381
383 382
383 384
383 385
383 386
383 387
383 388
383 389
384 354
384 355
384 358
384 370
384 371
384 373
384 374
384 375
384 377
384 378
384 379
384 380
384 381
384 382
384 383
384 385
384 386
384 387
384 388
384 389
384 390
385 370
385 371
385 373
385 374
385 380
385 381
385 382
385 383
385 384
385 386
385 387
385 388
385 389
385 390
385 391
385 401
385 403
385 406
385 407
385 408
386 381
386 382
386 383
386 384
386 385
386 387
386 388
386 389
386 390
386 391
386 392
387 351
387 354
387 355
387 358
387 381
387 382
387 383
387 384
387 385
387 386
387 388
387 389
387 390
387 391
387 392
387 393
388 355
388 358
388 359
388 370
388 382
388 383
388 384
388 385
388 386
388 387
388 389
388 390
388 391
388 392
388 393
388 394
388 396
388 397
388 399
388 400
388 401
388 408
389 383
389 384
389 385
389 386
389 387
389 388
389 390
389 391
389 392
389 393
389 394
389 395
389 397
389 399
389 400
389 401
390 355
390 384
390 385
390 386
390 387
390 388
390 389
390 391
390 392
390 393
390 394
390 395
390 396
390 397
391 355
391 358
391 359
391 385
391 386
391 387
391 388
391 389
391 390
391 392
391 393
391 394
391 395
391 396
391 397
391 398
391 399
392 386
392 387
392 388
392 389
392 390
392 391
392 393
392 394
392 395
392 396
392 397
392 398
392 399
392 400
392 401
393 387
393 388
393 389
393 390
393 391
393 392
393 394
393 395
393 396
393 397
393 398
394 388
394 389
394 390
394 391
394 392
394 393
394 395
394 396
394 397
394 398
395 389
395 390
395 391
395 392
395 393
395 394
395 396
395 397
395 398
395 399
396 355
396 359
396 388
396 390
396 391
396 392
396 393
396 394
396 395
396 397
396 398
396 399
397 355
397 358
397 359
397 362
397 363
397 388
397 389
397 390
397 391
397 392
397 393
397 394
397 395
397 396
397 398
397 399
397 400
397 410
397 411
398 391
398 392
398 393
398 394
398 395
398 396
398 397
398 399
398 400
398 408
398 409
398 410
398 411
398 412
398 413
399 366
399 367
399 388
399 389
399 391
399 392
399 395
399 396
399 397
399 398
399 400
399 401
399 402
399 408
399 409
399 410
399 411
399 412
400 367
400 388
400 389
400 392
400 397
400 398
400 399
400 401
400 402
400 403
400 407
400 408
400 409
400 410
400 411
401 367
401 368
401 369
401 370
401 385
401 388
401 389
401 392
401 399
401 400
401 402
401 403
401 404
401 405
401 406
401 407
401 408
401 409
401 410
402 367
402 369
402 370
402 399
402 400
402 401
402 403
402 404
402 405
402 406
402 407
402 408
402 409
403 370
403 385
403 400
403 401
403 402
403 404
403 405
403 406
403 407
403 408
404 401
404 402
404 403
404 405
404 406
404 407
405 369
405 370
405 401
405 402
405 403
405 404
405 406
405 407
405 408
406 368
406 369
406 370
406 371
406 372
406 381
406 385
406 401
406 402
406 403
406 404
406 405
406 407
406 408
406 409
407 367
407 368
407 369
407 370
407 371
407 372
407 373
407 385
407 400
407 401
407 402
407 403
407 404
407 405
407 406
407 408
407 409
407 410
408 362
408 365
408 366
408 367
408 368
408 369
408 370
408 373
408 385
408 388
408 398
408 399
408 400
408 401
408 402
408 403
408 405
408 406
408 407
408 409
408 410
408 411
409 362
409 365
409 366
409 367
409 368
409 369
409 398
409 399
409 400
409 401
409 402
409 406
409 407
409 408
409 410
409 411
409 412
410 362
410 363
410 365
410 366
410 367
410 368
410 397
410 398
410 399
410 400
410 401
410 407
410 408
410 409
410 411
410 412
410 413
411 366
411 367
411 397
411 398
411 399
411 400
411 408
411 409
411 410
411 412
411 413
411 414
412 363
412 365
412 366
412 367
412 398
412 399
412 409
412 410
412 411
412 413
412 414
412 415
413 398
413 410
413 411
413 412
413 414
413 415
413 416
413 417
414 411
414 412
414 413
414 415
414 416
414 417
414 418
414 419
415 412
415 413
415 414
415 416
415 417
415 418
415 419
415 420
416 413
416 414
416 415
416 417
416 418
416 419
416 420
416 421
416 422
416 423
417 413
417 414
417 415
417 416
417 418
417 419
417 420
417 421
417 422
417 423
418 414
418 415
418 416
418 417
418 419
418 420
418 421
418 422
418 423
418 424
419 414
419 415
419 416
419 417
419 418
419 420
419 421
419 422
419 423
419 424
419 425
420 415
420 416
420 417
420 418
420 419
420 421
420 422
420 423
420 424
420 425
420 426
421 416
421 417
421 418
421 419
421 420
421 422
421 423
421 424
421 425
421 426
421 427
422 416
422 417
422 418
422 419
422 420
422 421
422 423
422 424
422 425
422 426
422 427
422 428
423 416
423 417
423 418
423 419
423 420
423 421
423 422
423 424
423 425
423 426
423 427
423 428
423 429
424 418
424 419
424 420
424 421
424 422
424 423
424 425
424 426
424 427
424 428
424 429
424 430
425 419
425 420
425 421
425 422
425 423
425 424
425 426
425 427
425 428
425 429
425 430
425 431
426 420
426 421
426 422
426 423
426 424
426 425
426 427
426 428
426 429
426 430
426 431
426 432
427 421
427 422
427 423
427 424
427 425
427 426
427 428
427 429
427 430
427 431
427 432
427 433
428 422
428 423
428 424
428 425
428 426
428 427
428 429
428 430
428 431
428 432
428 433
428 434
429 423
429 424
429 425
429 426
429 427
429 428
429 430
429 431
429 432
429 433
429 434
429 435
430 424
430 425
430 426
430 427
430 428
430 429
430 431
430 432
430 433
430 434
430 435
430 436
431 425
431 426
431 427
431 428
431 429
431 430
431 432
431 433
431 434
431 435
431 436
431 437
432 426
432 427
432 428
432 429
432 430
432 431
432 433
432 434
432 435
432 436
432 437
432 438
433 427
433 428
433 429
433 430
433 431
433 432
433 434
433 435
433 436
433 437
433 438
433 439
434 428
434 429
434 430
434 431
434 432
434 433
434 435
434 436
434 437
434 438
434 439
434 440
435 429
435 430
435 431
435 432
435 433
435 434
435 436
435 437
435 438
435 439
435 440
435 441
436 430
436 431
436 432
436 433
436 434
436 435
436 437
436 438
436 439
436 440
436 441
437 431
437 432
437 433
437 434
437 435
437 436
437 438
437 439
437 440
437 441
437 442
438 432
438 433
438 434
438 435
438 436
438 437
438 439
438 440
438 441
438 442
439 433
439 434
439 435
439 436
439 437
439 438
439 440
439 441
439 442
440 434
440 435
440 436
440 437
440 438
440 439
440 441
440 442
441 435
441 436
441 437
441 438
441 439
441 440
441 442
442 437
442 438
442 439
442 440
442 441
