0 1
0 2
0 3
0 4
0 5
1 0
1 2
1 3
1 4
1 5
1 6
2 0
2 1
2 3
2 4
2 5
2 6
2 7
3 0
3 1
3 2
3 4
3 5
3 6
3 7
3 8
4 0
4 1
4 2
4 3
4 5
4 6
4 7
4 8
4 9
5 0
5 1
5 2
5 3
5 4
5 6
5 7
5 8
5 9
5 10
5 11
6 1
6 2
6 3
6 4
6 5
6 7
6 8
6 9
6 10
6 11
6 12
7 2
7 3
7 4
7 5
7 6
7 8
7 9
7 10
7 11
7 12
7 13
8 3
8 4
8 5
8 6
8 7
8 9
8 10
8 11
8 12
8 13
8 14
9 4
9 5
9 6
9 7
9 8
9 10
9 11
9 12
9 13
9 14
9 15
10 5
10 6
10 7
10 8
10 9
10 11
10 12
10 13
10 14
10 15
10 16
11 5
11 6
11 7
11 8
11 9
11 10
11 12
11 13
11 14
11 15
11 16
11 17
12 6
12 7
12 8
12 9
12 10
12 11
12 13
12 14
12 15
12 16
12 17
12 18
13 7
13 8
13 9
13 10
13 11
13 12
13 14
13 15
13 16
13 17
13 18
13 19
14 8
14 9
14 10
14 11
14 12
14 13
14 15
14 16
14 17
14 18
14 19
14 20
15 9
15 10
15 11
15 12
15 13
15 14
15 16
15 17
15 18
15 19
15 20
15 21
16 10
16 11
16 12
16 13
16 14
16 15
16 17
16 18
16 19
16 20
16 21
16 22
17 11
17 12
17 13
17 14
17 15
17 16
17 18
17 19
17 20
17 21
17 22
17 23
18 12
18 13
18 14
18 15
18 16
18 17
18 19
18 20
18 21
18 22
18 23
18 24
19 13
19 14
19 15
19 16
19 17
19 18
19 20
19 21
19 22
19 23
19 24
20 14
20 15
20 16
20 17
20 18
20 19
20 21
20 22
20 23
20 24
20 25
21 15
21 16
21 17
21 18
21 19
21 20
21 22
21 23
21 24
21 25
21 26
22 16
22 17
22 18
22 19
22 20
22 21
22 23
22 24
22 25
22 26
23 17
23 18
23 19
23 20
23 21
23 22
23 24
23 25
23 26
24 18
24 19
24 20
24 21
24 22
24 23
24 25
24 26
24 27
25 20
25 21
25 22
25 23
25 24
25 26
25 27
25 28
26 21
26 22
26 23
26 24
26 25
26 27
26 28
26 29
27 24
27 25
27 26
27 28
27 29
27 30
27 129
27 130
27 131
27 132
28 25
28 26
28 27
28 29
28 30
28 31
28 55
28 57
28 129
28 132
29 26
29 27
29 28
29 30
29 31
29 54
29 55
29 132
29 133
29 134
30 27
30 28
30 29
30 31
30 32
30 33
30 53
30 54
30 55
30 56
30 57
30 127
30 128
30 129
30 132
30 133
30 134
30 135
31 28
31 29
31 30
31 32
31 33
31 52
31 53
31 54
31 55
31 56
31 126
31 127
31 133
31 134
31 135
31 136
32 30
32 31
32 33
32 34
32 51
32 52
32 53
32 54
32 55
32 106
32 107
32 125
32 126
32 127
32 133
32 134
32 135
32 136
32 137
33 30
33 31
33 32
33 34
33 35
33 36
33 50
33 51
33 52
33 53
33 54
33 55
33 107
33 125
33 126
33 134
33 135
33 136
33 137
33 138
34 32
34 33
34 35
34 36
34 37
34 38
34 49
34 50
34 51
34 52
34 53
34 109
34 123
34 124
34 125
34 135
34 136
34 137
34 138
34 139
35 33
35 34
35 36
35 37
35 38
35 39
35 49
35 50
35 51
35 52
35 136
35 137
35 138
35 139
36 33
36 34
36 35
36 37
36 38
36 39
36 137
36 138
36 139
37 34
37 35
37 36
37 38
37 39
37 40
37 137
37 138
37 139
37 140
38 34
38 35
38 36
38 37
38 39
38 40
38 41
38 49
38 121
38 122
38 137
38 138
38 139
38 140
38 141
38 142
39 35
39 36
39 37
39 38
39 40
39 41
39 47
39 48
39 49
39 50
39 120
39 138
39 139
39 140
39 141
39 142
40 37
40 38
40 39
40 41
40 42
40 47
40 48
40 120
40 139
40 140
40 141
40 142
40 143
40 225
40 226
41 38
41 39
41 40
41 42
41 43
41 44
41 45
41 46
41 47
41 48
41 114
41 115
41 116
41 117
41 119
41 120
41 140
41 141
41 142
41 143
41 144
41 226
42 40
42 41
42 43
42 44
42 45
42 46
42 47
42 114
42 115
42 116
42 117
42 141
42 142
42 143
42 144
42 145
42 171
42 226
43 41
43 42
43 44
43 45
43 46
43 47
43 113
43 114
43 115
43 116
43 117
43 118
43 119
43 120
43 142
43 143
43 144
43 145
43 169
43 170
43 171
43 200
44 41
44 42
44 43
44 45
44 46
44 47
44 113
44 114
44 115
44 116
44 117
44 142
44 143
44 144
45 41
45 42
45 43
45 44
45 46
45 47
45 112
45 113
45 114
45 115
45 116
45 142
46 41
46 42
46 43
46 44
46 45
46 47
46 48
46 95
46 96
46 111
46 112
46 113
46 114
46 115
46 116
47 39
47 40
47 41
47 42
47 43
47 44
47 45
47 46
47 48
47 49
47 50
47 96
47 109
47 110
47 111
47 112
47 113
47 114
47 115
47 119
47 140
47 141
47 142
48 39
48 40
48 41
48 46
48 47
48 49
48 50
48 51
48 96
48 97
48 98
48 99
48 108
48 109
48 110
48 111
48 112
48 113
48 140
49 34
49 35
49 38
49 39
49 47
49 48
49 50
49 51
49 66
49 98
49 99
49 108
49 109
49 110
49 111
49 112
49 123
49 124
49 125
49 137
49 138
49 139
49 140
50 33
50 34
50 35
50 39
50 47
50 48
50 49
50 51
50 52
50 98
50 99
50 107
50 108
50 109
50 110
50 111
50 125
50 136
50 137
50 138
51 32
51 33
51 34
51 35
51 48
51 49
51 50
51 52
51 53
51 54
51 66
51 106
51 107
51 108
51 109
51 110
51 124
51 125
51 126
51 127
51 135
51 136
51 137
51 138
52 31
52 32
52 33
52 34
52 35
52 50
52 51
52 53
52 54
52 55
52 56
52 57
52 59
52 102
52 103
52 105
52 106
52 107
52 108
52 109
52 125
52 126
52 127
52 135
52 136
53 30
53 31
53 32
53 33
53 34
53 51
53 52
53 54
53 55
53 56
53 57
53 58
53 59
53 103
53 105
53 106
53 107
53 108
53 127
53 134
53 135
53 136
54 29
54 30
54 31
54 32
54 33
54 51
54 52
54 53
54 55
54 56
54 57
54 105
54 106
54 107
55 28
55 29
55 30
55 31
55 32
55 33
55 52
55 53
55 54
55 56
55 57
55 58
55 105
55 106
56 30
56 31
56 52
56 53
56 54
56 55
56 57
56 58
56 59
56 103
56 104
56 105
56 106
56 107
57 28
57 30
57 52
57 53
57 54
57 55
57 56
57 58
57 59
57 60
57 103
57 104
57 105
57 106
57 107
58 53
58 55
58 56
58 57
58 59
58 60
58 61
58 62
58 102
58 103
58 104
58 105
58 106
58 107
59 52
59 53
59 56
59 57
59 58
59 60
59 61
59 62
59 63
59 64
59 100
59 102
59 103
59 104
59 105
59 106
59 107
59 108
59 127
59 128
59 129
60 57
60 58
60 59
60 61
60 62
60 63
60 64
60 79
60 80
60 81
60 100
60 102
60 103
60 104
60 105
60 106
60 107
60 108
60 129
61 58
61 59
61 60
61 62
61 63
61 64
61 79
61 80
61 81
61 103
61 104
61 127
61 128
61 129
61 130
62 58
62 59
62 60
62 61
62 63
62 64
62 65
62 78
62 79
62 80
62 81
62 103
62 106
62 126
62 127
62 128
62 129
62 130
62 132
62 133
63 59
63 60
63 61
63 62
63 64
63 65
63 77
63 78
63 79
63 80
63 81
63 82
63 83
63 126
63 127
63 128
63 129
63 130
63 133
64 59
64 60
64 61
64 62
64 63
64 65
64 66
64 76
64 77
64 78
64 79
64 83
64 98
64 100
64 108
64 109
64 110
64 125
64 126
64 127
64 128
64 129
64 133
64 135
65 62
65 63
65 64
65 66
65 67
65 74
65 75
65 76
65 77
65 78
65 79
65 83
65 84
65 87
65 88
65 98
65 110
65 124
65 125
65 126
65 127
65 128
65 135
66 49
66 51
66 64
66 65
66 67
66 68
66 69
66 73
66 74
66 75
66 76
66 77
66 78
66 88
66 98
66 109
66 110
66 123
66 124
66 125
66 126
66 127
66 135
66 136
66 137
66 138
67 65
67 66
67 68
67 69
67 70
67 71
67 72
67 73
67 74
67 75
67 76
67 77
67 88
67 89
67 122
67 123
67 124
67 125
67 126
67 137
68 66
68 67
68 69
68 70
68 71
68 72
68 73
68 74
68 75
68 76
68 89
68 92
68 119
68 120
68 121
68 122
68 123
68 124
68 125
68 137
68 138
68 139
69 66
69 67
69 68
69 70
69 71
69 72
69 73
69 74
69 75
69 121
69 122
69 123
69 124
69 125
69 137
69 138
69 139
70 67
70 68
70 69
70 71
70 72
70 73
70 119
70 120
70 121
70 122
70 123
70 124
71 67
71 68
71 69
71 70
71 72
71 73
71 74
71 75
71 89
71 118
71 119
71 121
71 122
71 123
72 67
72 68
72 69
72 70
72 71
72 73
72 74
72 75
72 89
72 122
72 123
72 124
73 66
73 67
73 68
73 69
73 70
73 71
73 72
73 74
73 75
73 76
73 87
73 88
73 89
73 90
73 91
73 92
73 123
74 65
74 66
74 67
74 68
74 69
74 71
74 72
74 73
74 75
74 76
74 77
74 87
74 88
74 89
74 90
74 91
74 92
74 93
74 123
74 124
75 65
75 66
75 67
75 68
75 69
75 71
75 72
75 73
75 74
75 76
75 77
75 85
75 87
75 88
75 89
75 90
75 91
75 92
75 93
75 94
75 95
75 96
75 97
75 110
75 112
75 123
75 124
75 125
76 64
76 65
76 66
76 67
76 68
76 73
76 74
76 75
76 77
76 78
76 83
76 84
76 85
76 86
76 87
76 88
76 89
76 92
76 93
76 94
76 95
76 96
76 97
76 98
76 110
76 111
76 112
76 125
77 63
77 64
77 65
77 66
77 67
77 74
77 75
77 76
77 78
77 79
77 82
77 83
77 84
77 85
77 86
77 87
77 88
77 96
77 97
77 98
77 110
77 125
77 126
78 62
78 63
78 64
78 65
78 66
78 76
78 77
78 79
78 80
78 81
78 82
78 83
78 84
78 85
78 87
78 97
78 98
78 99
78 100
78 127
79 60
79 61
79 62
79 63
79 64
79 65
79 77
79 78
79 80
79 81
79 82
79 83
79 84
79 128
80 60
80 61
80 62
80 63
80 78
80 79
80 81
80 82
80 83
80 84
81 60
81 61
81 62
81 63
81 78
81 79
81 80
81 82
81 83
81 84
82 63
82 77
82 78
82 79
82 80
82 81
82 83
82 84
82 85
82 98
83 63
83 64
83 65
83 76
83 77
83 78
83 79
83 80
83 81
83 82
83 84
83 85
83 86
83 87
83 88
83 96
83 97
83 98
84 65
84 76
84 77
84 78
84 79
84 80
84 81
84 82
84 83
84 85
84 86
84 87
84 88
85 75
85 76
85 77
85 78
85 82
85 83
85 84
85 86
85 87
85 88
85 89
85 92
85 93
85 94
86 76
86 77
86 83
86 84
86 85
86 87
86 88
86 89
86 90
86 93
87 65
87 73
87 74
87 75
87 76
87 77
87 78
87 83
87 84
87 85
87 86
87 88
87 89
87 90
87 93
88 65
88 66
88 67
88 73
88 74
88 75
88 76
88 77
88 83
88 84
88 85
88 86
88 87
88 89
88 90
88 91
88 92
88 93
88 94
88 95
88 96
89 67
89 68
89 71
89 72
89 73
89 74
89 75
89 76
89 85
89 86
89 87
89 88
89 90
89 91
89 92
89 93
89 94
90 73
90 74
90 75
90 86
90 87
90 88
90 89
90 91
90 92
90 93
90 94
90 95
91 73
91 74
91 75
91 88
91 89
91 90
91 92
91 93
91 94
91 95
91 118
91 119
92 68
92 73
92 74
92 75
92 76
92 85
92 88
92 89
92 90
92 91
92 93
92 94
92 95
92 96
92 97
92 112
92 113
92 119
93 74
93 75
93 76
93 85
93 86
93 87
93 88
93 89
93 90
93 91
93 92
93 94
93 95
93 96
93 97
94 75
94 76
94 85
94 88
94 89
94 90
94 91
94 92
94 93
94 95
94 96
94 97
94 112
94 113
95 46
95 75
95 76
95 88
95 90
95 91
95 92
95 93
95 94
95 96
95 97
95 111
95 112
95 113
95 114
95 115
96 46
96 47
96 48
96 75
96 76
96 77
96 83
96 88
96 92
96 93
96 94
96 95
96 97
96 98
96 99
96 110
96 111
96 112
96 113
96 114
96 115
97 48
97 75
97 76
97 77
97 78
97 83
97 92
97 93
97 94
97 95
97 96
97 98
97 99
97 100
97 109
97 110
97 111
97 112
97 113
98 48
98 49
98 50
98 64
98 65
98 66
98 76
98 77
98 78
98 82
98 83
98 96
98 97
98 99
98 100
98 101
98 108
98 109
98 110
98 111
98 112
99 48
99 49
99 50
99 78
99 96
99 97
99 98
99 100
99 101
99 102
99 103
99 107
99 108
99 109
99 110
99 111
100 59
100 60
100 64
100 78
100 97
100 98
100 99
100 101
100 102
100 103
100 104
100 105
100 106
100 107
100 108
100 109
100 110
101 98
101 99
101 100
101 102
101 103
101 104
101 105
101 106
101 107
101 108
101 109
102 52
102 58
102 59
102 60
102 99
102 100
102 101
102 103
102 104
102 105
102 106
102 107
102 108
102 109
103 52
103 53
103 56
103 57
103 58
103 59
103 60
103 61
103 62
103 99
103 100
103 101
103 102
103 104
103 105
103 106
103 107
103 108
103 109
104 56
104 57
104 58
104 59
104 60
104 61
104 100
104 101
104 102
104 103
104 105
104 106
104 107
104 108
105 52
105 53
105 54
105 55
105 56
105 57
105 58
105 59
105 60
105 100
105 101
105 102
105 103
105 104
105 106
105 107
105 108
106 32
106 51
106 52
106 53
106 54
106 55
106 56
106 57
106 58
106 59
106 60
106 62
106 100
106 101
106 102
106 103
106 104
106 105
106 107
106 108
106 127
107 32
107 33
107 50
107 51
107 52
107 53
107 54
107 56
107 57
107 58
107 59
107 60
107 99
107 100
107 101
107 102
107 103
107 104
107 105
107 106
107 108
107 109
108 48
108 49
108 50
108 51
108 52
108 53
108 59
108 60
108 64
108 98
108 99
108 100
108 101
108 102
108 103
108 104
108 105
108 106
108 107
108 109
108 110
108 111
108 125
108 127
109 34
109 47
109 48
109 49
109 50
109 51
109 52
109 64
109 66
109 97
109 98
109 99
109 100
109 101
109 102
109 103
109 107
109 108
109 110
109 111
109 112
109 125
110 47
110 48
110 49
110 50
110 51
110 64
110 65
110 66
110 75
110 76
110 77
110 96
110 97
110 98
110 99
110 100
110 108
110 109
110 111
110 112
110 113
110 123
110 125
111 46
111 47
111 48
111 49
111 50
111 76
111 95
111 96
111 97
111 98
111 99
111 108
111 109
111 110
111 112
111 113
111 114
111 115
112 45
112 46
112 47
112 48
112 49
112 75
112 76
112 92
112 94
112 95
112 96
112 97
112 98
112 109
112 110
112 111
112 113
112 114
112 115
112 116
112 119
113 43
113 44
113 45
113 46
113 47
113 48
113 92
113 94
113 95
113 96
113 97
113 110
113 111
113 112
113 114
113 115
113 116
114 41
114 42
114 43
114 44
114 45
114 46
114 47
114 95
114 96
114 111
114 112
114 113
114 115
114 116
114 119
115 41
115 42
115 43
115 44
115 45
115 46
115 47
115 95
115 96
115 111
115 112
115 113
115 114
115 116
115 117
115 118
115 119
115 120
115 142
115 143
116 41
116 42
116 43
116 44
116 45
116 46
116 112
116 113
116 114
116 115
116 117
116 118
116 119
116 120
116 142
116 143
116 144
116 171
116 198
116 199
116 200
117 41
117 42
117 43
117 44
117 115
117 116
117 118
117 119
117 120
117 121
117 141
117 142
117 143
117 144
117 170
117 171
117 172
117 198
117 199
117 200
117 201
118 43
118 71
118 91
118 115
118 116
118 117
118 119
118 120
118 121
118 142
118 198
118 199
118 200
119 41
119 43
119 47
119 68
119 70
119 71
119 91
119 92
119 112
119 114
119 115
119 116
119 117
119 118
119 120
119 121
119 122
119 123
119 140
119 141
119 142
120 39
120 40
120 41
120 43
120 68
120 70
120 115
120 116
120 117
120 118
120 119
120 121
120 122
120 123
120 139
120 140
120 141
120 142
120 143
120 171
120 172
121 38
121 68
121 69
121 70
121 71
121 117
121 118
121 119
121 120
121 122
121 123
121 138
121 139
121 140
121 141
121 142
122 38
122 67
122 68
122 69
122 70
122 71
122 72
122 119
122 120
122 121
122 123
122 124
122 137
122 138
122 139
122 140
122 141
123 34
123 49
123 66
123 67
123 68
123 69
123 70
123 71
123 72
123 73
123 74
123 75
123 110
123 119
123 120
123 121
123 122
123 124
123 125
123 126
123 136
123 137
123 138
123 139
123 140
124 34
124 49
124 51
124 65
124 66
124 67
124 68
124 69
124 70
124 72
124 74
124 75
124 122
124 123
124 125
124 126
124 134
124 135
124 136
124 137
124 138
124 139
125 32
125 33
125 34
125 49
125 50
125 51
125 52
125 64
125 65
125 66
125 67
125 68
125 69
125 75
125 76
125 77
125 108
125 109
125 110
125 123
125 124
125 126
125 127
125 134
125 135
125 136
125 137
125 138
126 31
126 32
126 33
126 51
126 52
126 62
126 63
126 64
126 65
126 66
126 67
126 77
126 123
126 124
126 125
126 127
126 128
126 133
126 134
126 135
126 136
126 137
127 30
127 31
127 32
127 51
127 52
127 53
127 59
127 61
127 62
127 63
127 64
127 65
127 66
127 78
127 106
127 108
127 125
127 126
127 128
127 129
127 132
127 133
127 134
127 135
127 136
128 30
128 59
128 61
128 62
128 63
128 64
128 65
128 79
128 126
128 127
128 129
128 130
128 131
128 132
128 133
128 134
128 135
129 27
129 28
129 30
129 59
129 60
129 61
129 62
129 63
129 64
129 127
129 128
129 130
129 131
129 132
129 133
129 134
130 27
130 61
130 62
130 63
130 128
130 129
130 131
130 132
130 133
131 27
131 128
131 129
131 130
131 132
131 133
132 27
132 28
132 29
132 30
132 62
132 127
132 128
132 129
132 130
132 131
132 133
132 134
133 29
133 30
133 31
133 32
133 62
133 63
133 64
133 126
133 127
133 128
133 129
133 130
133 131
133 132
133 134
133 135
134 29
134 30
134 31
134 32
134 33
134 53
134 124
134 125
134 126
134 127
134 128
134 129
134 132
134 133
134 135
134 136
135 30
135 31
135 32
135 33
135 34
135 51
135 52
135 53
135 64
135 65
135 66
135 124
135 125
135 126
135 127
135 128
135 133
135 134
135 136
135 137
135 138
136 31
136 32
136 33
136 34
136 35
136 50
136 51
136 52
136 53
136 66
136 123
136 124
136 125
136 126
136 127
136 134
136 135
136 137
136 138
137 32
137 33
137 34
137 35
137 36
137 37
137 38
137 49
137 50
137 51
137 66
137 67
137 68
137 69
137 122
137 123
137 124
137 125
137 126
137 135
137 136
137 138
137 139
138 33
138 34
138 35
138 36
138 37
138 38
138 39
138 49
138 50
138 51
138 66
138 68
138 69
138 121
138 122
138 123
138 124
138 125
138 135
138 136
138 137
138 139
138 140
139 34
139 35
139 36
139 37
139 38
139 39
139 40
139 49
139 68
139 69
139 120
139 121
139 122
139 123
139 124
139 137
139 138
139 140
139 141
139 142
140 37
140 38
140 39
140 40
140 41
140 47
140 48
140 49
140 119
140 120
140 121
140 122
140 123
140 138
140 139
140 141
140 142
140 143
141 38
141 39
141 40
141 41
141 42
141 47
141 117
141 119
141 120
141 121
141 122
141 139
141 140
141 142
141 143
141 171
141 172
141 225
142 38
142 39
142 40
142 41
142 42
142 43
142 44
142 45
142 47
142 115
142 116
142 117
142 118
142 119
142 120
142 121
142 139
142 140
142 141
142 143
142 144
142 171
142 172
142 225
142 226
143 40
143 41
143 42
143 43
143 44
143 115
143 116
143 117
143 120
143 140
143 141
143 142
143 144
143 145
143 146
143 169
143 170
143 171
143 172
143 173
143 200
143 223
143 224
143 225
143 226
144 41
144 42
144 43
144 44
144 116
144 117
144 142
144 143
144 145
144 146
144 147
144 168
144 169
144 170
144 171
144 172
144 173
144 174
144 200
144 201
144 223
144 225
144 226
145 42
145 43
145 143
145 144
145 146
145 147
145 148
145 168
145 169
145 170
145 171
145 172
145 174
145 200
145 221
145 222
145 223
145 226
145 228
145 229
145 230
146 143
146 144
146 145
146 147
146 148
146 149
146 167
146 168
146 169
146 170
146 171
146 174
146 200
146 201
146 202
146 203
146 221
146 222
146 223
146 229
146 230
147 144
147 145
147 146
147 148
147 149
147 150
147 166
147 167
147 168
147 169
147 170
147 202
147 230
148 145
148 146
148 147
148 149
148 150
148 151
148 166
148 167
148 168
148 169
148 221
148 230
148 231
148 232
149 146
149 147
149 148
149 150
149 151
149 152
149 165
149 166
149 167
149 168
149 203
149 204
149 219
149 220
149 221
149 230
149 231
149 232
149 233
150 147
150 148
150 149
150 151
150 152
150 153
150 164
150 165
150 166
150 167
150 168
150 204
150 219
150 232
151 148
151 149
151 150
151 152
151 153
151 154
151 163
151 164
151 165
151 166
151 167
151 204
151 205
151 206
151 218
151 219
151 232
151 233
151 234
152 149
152 150
152 151
152 153
152 154
152 155
152 162
152 163
152 164
152 165
152 166
152 206
153 150
153 151
153 152
153 154
153 155
153 156
153 161
153 162
153 163
153 164
153 165
153 206
153 234
154 151
154 152
154 153
154 155
154 156
154 157
154 161
154 162
154 163
154 164
154 206
154 208
155 152
155 153
155 154
155 156
155 157
155 160
155 161
155 162
155 163
155 208
155 240
155 243
155 244
156 153
156 154
156 155
156 157
156 158
156 159
156 160
156 161
156 162
156 163
156 208
156 209
156 210
156 240
156 241
156 243
156 244
156 245
156 246
157 154
157 155
157 156
157 158
157 159
157 160
157 161
157 162
157 163
157 207
157 208
157 209
157 210
157 244
157 245
158 156
158 157
158 159
158 160
158 161
158 162
158 208
158 209
158 210
158 244
158 245
159 156
159 157
159 158
159 160
159 161
159 162
159 208
159 209
159 210
159 211
159 241
159 242
159 243
159 244
159 245
159 246
160 155
160 156
160 157
160 158
160 159
160 161
160 162
160 163
160 207
160 208
160 209
160 210
160 211
160 212
160 240
160 241
160 242
160 243
160 244
160 245
161 153
161 154
161 155
161 156
161 157
161 158
161 159
161 160
161 162
161 163
161 164
161 207
161 208
161 209
161 210
161 211
161 236
161 240
161 241
161 243
161 244
162 152
162 153
162 154
162 155
162 156
162 157
162 158
162 159
162 160
162 161
162 163
162 164
162 206
162 207
162 208
162 209
162 210
163 151
163 152
163 153
163 154
163 155
163 156
163 157
163 160
163 161
163 162
163 164
163 165
163 188
163 205
163 206
163 207
163 208
163 209
163 217
163 219
163 234
164 150
164 151
164 152
164 153
164 154
164 161
164 162
164 163
164 165
164 166
164 188
164 189
164 190
164 191
164 204
164 205
164 206
164 207
164 208
164 219
165 149
165 150
165 151
165 152
165 153
165 163
165 164
165 166
165 167
165 176
165 177
165 178
165 190
165 203
165 204
165 205
165 206
165 207
165 218
165 219
165 220
165 221
165 232
166 147
166 148
166 149
166 150
166 151
166 152
166 164
166 165
166 167
166 168
166 176
166 191
166 202
166 203
166 204
166 205
166 206
166 219
166 221
167 146
167 147
167 148
167 149
167 150
167 151
167 165
167 166
167 168
167 169
167 170
167 174
167 176
167 201
167 202
167 203
167 204
167 205
167 221
167 230
168 144
168 145
168 146
168 147
168 148
168 149
168 150
168 166
168 167
168 169
168 170
168 171
168 194
168 195
168 196
168 200
168 201
168 202
168 203
168 204
169 43
169 143
169 144
169 145
169 146
169 147
169 148
169 167
169 168
169 170
169 171
169 172
169 173
169 174
169 195
169 196
169 198
169 199
169 200
169 201
169 202
169 203
170 43
170 117
170 143
170 144
170 145
170 146
170 147
170 167
170 168
170 169
170 171
170 172
170 173
170 174
170 175
170 195
170 196
170 199
170 200
170 201
170 202
170 203
170 221
170 222
170 223
171 42
171 43
171 116
171 117
171 120
171 141
171 142
171 143
171 144
171 145
171 146
171 168
171 169
171 170
171 172
171 173
171 174
171 195
171 199
171 200
171 201
171 202
171 223
171 224
171 225
171 226
172 117
172 120
172 141
172 142
172 143
172 144
172 145
172 169
172 170
172 171
172 173
172 174
172 175
172 199
172 200
172 201
172 223
172 224
172 225
172 226
173 143
173 144
173 169
173 170
173 171
173 172
173 174
173 175
173 176
173 193
173 194
173 195
173 199
173 200
173 201
173 202
173 203
173 222
173 223
173 224
173 225
174 144
174 145
174 146
174 167
174 169
174 170
174 171
174 172
174 173
174 175
174 176
174 177
174 193
174 201
174 202
174 203
174 221
174 222
174 223
174 224
174 225
174 229
175 170
175 172
175 173
175 174
175 176
175 177
175 190
175 203
175 220
175 221
175 222
175 223
175 224
175 229
176 165
176 166
176 167
176 173
176 174
176 175
176 177
176 178
176 188
176 190
176 203
176 204
176 205
176 219
176 220
176 221
176 222
176 223
176 229
176 230
176 231
177 165
177 174
177 175
177 176
177 178
177 179
177 185
177 186
177 187
177 188
177 189
177 190
177 204
177 205
177 206
177 207
177 218
177 219
177 220
177 221
177 222
177 231
178 165
178 176
178 177
178 179
178 180
178 183
178 184
178 185
178 186
178 187
178 188
178 189
178 205
178 206
178 207
178 217
178 218
178 219
178 220
178 221
178 231
178 232
178 233
179 177
179 178
179 180
179 181
179 182
179 183
179 184
179 185
179 186
179 187
179 188
179 207
179 216
179 217
179 218
179 219
179 220
179 233
180 178
180 179
180 181
180 182
180 183
180 184
180 185
180 186
180 209
180 215
180 216
180 217
180 218
180 219
180 233
181 179
181 180
181 182
181 183
181 184
181 185
181 214
181 215
181 216
181 217
181 218
181 233
181 235
182 179
182 180
182 181
182 183
182 184
182 185
182 215
182 216
182 217
183 178
183 179
183 180
183 181
183 182
183 184
183 185
183 186
183 217
183 218
184 178
184 179
184 180
184 181
184 182
184 183
184 185
184 186
184 187
184 217
185 177
185 178
185 179
185 180
185 181
185 182
185 183
185 184
185 186
185 187
185 188
185 217
185 218
185 219
186 177
186 178
186 179
186 180
186 183
186 184
186 185
186 187
186 188
186 189
186 207
186 208
186 209
186 217
186 218
186 219
187 177
187 178
187 179
187 184
187 185
187 186
187 188
187 189
187 190
187 205
187 206
187 207
187 208
188 163
188 164
188 176
188 177
188 178
188 179
188 185
188 186
188 187
188 189
188 190
188 191
188 204
188 205
188 206
188 207
188 208
188 219
189 164
189 177
189 178
189 186
189 187
189 188
189 190
189 191
189 192
189 204
189 205
189 206
189 207
189 208
190 164
190 165
190 175
190 176
190 177
190 187
190 188
190 189
190 191
190 192
190 193
190 203
190 204
190 205
190 206
190 207
191 164
191 166
191 188
191 189
191 190
191 192
191 193
191 194
191 202
191 203
191 204
191 205
191 206
192 189
192 190
192 191
192 193
192 194
192 195
192 202
192 203
192 204
192 205
193 173
193 174
193 190
193 191
193 192
193 194
193 195
193 201
193 202
193 203
193 204
193 205
194 168
194 173
194 191
194 192
194 193
194 195
194 196
194 197
194 199
194 200
194 201
194 202
194 203
194 204
195 168
195 169
195 170
195 171
195 173
195 192
195 193
195 194
195 196
195 197
195 198
195 199
195 200
195 201
195 202
195 203
196 168
196 169
196 170
196 194
196 195
196 197
196 198
196 199
196 200
196 201
196 202
197 194
197 195
197 196
197 198
197 199
197 200
197 201
198 116
198 117
198 118
198 169
198 195
198 196
198 197
198 199
198 200
198 201
199 116
199 117
199 118
199 169
199 170
199 171
199 172
199 173
199 194
199 195
199 196
199 197
199 198
199 200
199 201
199 202
200 43
200 116
200 117
200 118
200 143
200 144
200 145
200 146
200 168
200 169
200 170
200 171
200 172
200 173
200 194
200 195
200 196
200 197
200 198
200 199
200 201
200 202
200 203
201 117
201 144
201 146
201 167
201 168
201 169
201 170
201 171
201 172
201 173
201 174
201 193
201 194
201 195
201 196
201 197
201 198
201 199
201 200
201 202
201 203
202 146
202 147
202 166
202 167
202 168
202 169
202 170
202 171
202 173
202 174
202 191
202 192
202 193
202 194
202 195
202 196
202 199
202 200
202 201
202 203
202 204
203 146
203 149
203 165
203 166
203 167
203 168
203 169
203 170
203 173
203 174
203 175
203 176
203 190
203 191
203 192
203 193
203 194
203 195
203 200
203 201
203 202
203 204
203 205
203 221
204 149
204 150
204 151
204 164
204 165
204 166
204 167
204 168
204 176
204 177
204 188
204 189
204 190
204 191
204 192
204 193
204 194
204 202
204 203
204 205
204 206
204 219
204 221
205 151
205 163
205 164
205 165
205 166
205 167
205 176
205 177
205 178
205 187
205 188
205 189
205 190
205 191
205 192
205 193
205 203
205 204
205 206
205 207
205 219
205 220
205 221
206 151
206 152
206 153
206 154
206 162
206 163
206 164
206 165
206 166
206 177
206 178
206 187
206 188
206 189
206 190
206 191
206 204
206 205
206 207
206 208
206 209
206 219
207 157
207 160
207 161
207 162
207 163
207 164
207 165
207 177
207 178
207 179
207 186
207 187
207 188
207 189
207 190
207 205
207 206
207 208
207 209
207 210
207 217
207 219
208 154
208 155
208 156
208 157
208 158
208 159
208 160
208 161
208 162
208 163
208 164
208 186
208 187
208 188
208 189
208 206
208 207
208 209
208 210
208 211
209 156
209 157
209 158
209 159
209 160
209 161
209 162
209 163
209 180
209 186
209 206
209 207
209 208
209 210
209 211
209 212
209 216
209 217
209 235
209 236
209 241
210 156
210 157
210 158
210 159
210 160
210 161
210 162
210 207
210 208
210 209
210 211
210 212
210 213
210 241
210 244
211 159
211 160
211 161
211 208
211 209
211 210
211 212
211 213
211 214
211 215
211 236
211 237
211 238
211 239
211 240
211 241
211 242
211 244
212 160
212 209
212 210
212 211
212 213
212 214
212 215
212 216
212 235
212 236
212 237
212 238
212 239
212 240
212 241
212 242
213 210
213 211
213 212
213 214
213 215
213 216
213 235
213 236
213 237
213 238
214 181
214 211
214 212
214 213
214 215
214 216
214 217
214 235
214 236
214 237
214 238
215 180
215 181
215 182
215 211
215 212
215 213
215 214
215 216
215 217
215 218
215 234
215 235
215 236
215 237
216 179
216 180
216 181
216 182
216 209
216 212
216 213
216 214
216 215
216 217
216 218
216 233
216 234
216 235
216 236
216 237
217 163
217 178
217 179
217 180
217 181
217 182
217 183
217 184
217 185
217 186
217 207
217 209
217 214
217 215
217 216
217 218
217 219
217 220
217 232
217 233
217 234
217 235
217 236
218 151
218 165
218 177
218 178
218 179
218 180
218 181
218 183
218 185
218 186
218 215
218 216
218 217
218 219
218 220
218 221
218 231
218 232
218 233
218 234
218 235
219 149
219 150
219 151
219 163
219 164
219 165
219 166
219 176
219 177
219 178
219 179
219 180
219 185
219 186
219 188
219 204
219 205
219 206
219 207
219 217
219 218
219 220
219 221
219 230
219 231
219 232
219 233
219 234
220 149
220 165
220 175
220 176
220 177
220 178
220 179
220 205
220 217
220 218
220 219
220 221
220 222
220 229
220 230
220 231
220 232
220 233
221 145
221 146
221 148
221 149
221 165
221 166
221 167
221 170
221 174
221 175
221 176
221 177
221 178
221 203
221 204
221 205
221 218
221 219
221 220
221 222
221 223
221 224
221 228
221 229
221 230
221 231
221 232
222 145
222 146
222 170
222 173
222 174
222 175
222 176
222 177
222 220
222 221
222 223
222 224
222 225
222 226
222 227
222 228
222 229
222 230
222 231
223 143
223 144
223 145
223 146
223 170
223 171
223 172
223 173
223 174
223 175
223 176
223 221
223 222
223 224
223 225
223 226
223 227
223 228
223 229
223 230
224 143
224 171
224 172
224 173
224 174
224 175
224 221
224 222
224 223
224 225
224 226
224 227
224 228
224 229
225 40
225 141
225 142
225 143
225 144
225 171
225 172
225 173
225 174
225 222
225 223
225 224
225 226
225 227
225 228
226 40
226 41
226 42
226 142
226 143
226 144
226 145
226 171
226 172
226 222
226 223
226 224
226 225
226 227
226 228
226 229
227 222
227 223
227 224
227 225
227 226
227 228
227 229
228 145
228 221
228 222
228 223
228 224
228 225
228 226
228 227
228 229
228 230
229 145
229 146
229 174
229 175
229 176
229 220
229 221
229 222
229 223
229 224
229 226
229 227
229 228
229 230
229 231
230 145
230 146
230 147
230 148
230 149
230 167
230 176
230 219
230 220
230 221
230 222
230 223
230 228
230 229
230 231
230 232
231 148
231 149
231 176
231 177
231 178
231 218
231 219
231 220
231 221
231 222
231 229
231 230
231 232
231 233
232 148
232 149
232 150
232 151
232 165
232 178
232 217
232 218
232 219
232 220
232 221
232 230
232 231
232 233
232 234
233 149
233 151
233 178
233 179
233 180
233 181
233 216
233 217
233 218
233 219
233 220
233 231
233 232
233 234
233 235
234 151
234 153
234 163
234 215
234 216
234 217
234 218
234 219
234 232
234 233
234 235
234 236
235 181
235 209
235 212
235 213
235 214
235 215
235 216
235 217
235 218
235 233
235 234
235 236
235 237
235 238
236 161
236 209
236 211
236 212
236 213
236 214
236 215
236 216
236 217
236 234
236 235
236 237
236 238
236 239
236 240
236 241
237 211
237 212
237 213
237 214
237 215
237 216
237 235
237 236
237 238
237 239
237 240
237 241
238 211
238 212
238 213
238 214
238 235
238 236
238 237
238 239
238 240
238 241
238 242
238 243
239 211
239 212
239 236
239 237
239 238
239 240
239 241
239 242
239 243
239 244
240 155
240 156
240 160
240 161
240 211
240 212
240 236
240 237
240 238
240 239
240 241
240 242
240 243
240 244
240 245
241 156
241 159
241 160
241 161
241 209
241 210
241 211
241 212
241 236
241 237
241 238
241 239
241 240
241 242
241 243
241 244
241 245
241 246
242 159
242 160
242 211
242 212
242 238
242 239
242 240
242 241
242 243
242 244
242 245
242 246
242 247
242 248
242 249
243 155
243 156
243 159
243 160
243 161
243 238
243 239
243 240
243 241
243 242
243 244
243 245
243 246
243 247
243 248
243 249
244 155
244 156
244 157
244 158
244 159
244 160
244 161
244 210
244 211
244 239
244 240
244 241
244 242
244 243
244 245
244 246
244 247
244 248
245 156
245 157
245 158
245 159
245 160
245 240
245 241
245 242
245 243
245 244
245 246
245 247
245 248
245 249
245 250
246 156
246 159
246 241
246 242
246 243
246 244
246 245
246 247
246 248
246 249
246 250
246 251
247 242
247 243
247 244
247 245
247 246
247 248
247 249
247 250
247 251
247 252
247 253
248 242
248 243
248 244
248 245
248 246
248 247
248 249
248 250
248 251
248 252
248 253
249 242
249 243
249 245
249 246
249 247
249 248
249 250
249 251
249 252
249 253
249 254
250 245
250 246
250 247
250 248
250 249
250 251
250 252
250 253
250 254
250 255
251 246
251 247
251 248
251 249
251 250
251 252
251 253
251 254
251 255
251 256
251 257
252 247
252 248
252 249
252 250
252 251
252 253
252 254
252 255
252 256
252 257
253 247
253 248
253 249
253 250
253 251
253 252
253 254
253 255
253 256
253 257
253 258
254 249
254 250
254 251
254 252
254 253
254 255
254 256
254 257
254 258
254 259
254 260
255 250
255 251
255 252
255 253
255 254
255 256
255 257
255 258
255 259
255 260
255 261
256 251
256 252
256 253
256 254
256 255
256 257
256 258
256 259
256 260
256 261
256 262
257 251
257 252
257 253
257 254
257 255
257 256
257 258
257 259
257 260
257 261
257 262
257 263
258 253
258 254
258 255
258 256
258 257
258 259
258 260
258 261
258 262
258 263
258 264
259 254
259 255
259 256
259 257
259 258
259 260
259 261
259 262
259 263
259 264
259 265
260 254
260 255
260 256
260 257
260 258
260 259
260 261
260 262
260 263
260 264
260 265
260 266
261 255
261 256
261 257
261 258
261 259
261 260
261 262
261 263
261 264
261 265
261 266
261 267
262 256
262 257
262 258
262 259
262 260
262 261
262 263
262 264
262 265
262 266
262 267
262 268
263 257
263 258
263 259
263 260
263 261
263 262
263 264
263 265
263 266
263 267
263 268
263 269
264 258
264 259
264 260
264 261
264 262
264 263
264 265
264 266
264 267
264 268
264 269
264 270
265 259
265 260
265 261
265 262
265 263
265 264
265 266
265 267
265 268
265 269
265 270
265 271
266 260
266 261
266 262
266 263
266 264
266 265
266 267
266 268
266 269
266 270
266 271
266 272
267 261
267 262
267 263
267 264
267 265
267 266
267 268
267 269
267 270
267 271
267 272
267 273
268 262
268 263
268 264
268 265
268 266
268 267
268 269
268 270
268 271
268 272
268 273
268 274
269 263
269 264
269 265
269 266
269 267
269 268
269 270
269 271
269 272
269 273
269 274
269 275
270 264
270 265
270 266
270 267
270 268
270 269
270 271
270 272
270 273
270 274
270 275
270 276
271 265
271 266
271 267
271 268
271 269
271 270
271 272
271 273
271 274
271 275
271 276
271 277
272 266
272 267
272 268
272 269
272 270
272 271
272 273
272 274
272 275
272 276
272 277
272 278
273 267
273 268
273 269
273 270
273 271
273 272
273 274
273 275
273 276
273 277
273 278
273 279
274 268
274 269
274 270
274 271
274 272
274 273
274 275
274 276
274 277
274 278
274 279
274 280
275 269
275 270
275 271
275 272
275 273
275 274
275 276
275 277
275 278
275 279
275 280
275 281
276 270
276 271
276 272
276 273
276 274
276 275
276 277
276 278
276 279
276 280
276 281
277 271
277 272
277 273
277 274
277 275
277 276
277 278
277 279
277 280
277 281
277 282
278 272
278 273
278 274
278 275
278 276
278 277
278 279
278 280
278 281
278 282
278 283
278 284
279 273
279 274
279 275
279 276
279 277
279 278
279 280
279 281
279 282
279 283
279 284
279 285
280 274
280 275
280 276
280 277
280 278
280 279
280 281
280 282
280 283
280 284
280 285
280 286
281 275
281 276
281 277
281 278
281 279
281 280
281 282
281 283
281 284
281 285
281 286
281 287
282 277
282 278
282 279
282 280
282 281
282 283
282 284
282 285
282 286
282 287
282 288
283 278
283 279
283 280
283 281
283 282
283 284
283 285
283 286
283 287
283 288
283 289
284 278
284 279
284 280
284 281
284 282
284 283
284 285
284 286
284 287
284 288
284 289
284 290
285 279
285 280
285 281
285 282
285 283
285 284
285 286
285 287
285 288
285 289
285 290
285 291
286 280
286 281
286 282
286 283
286 284
286 285
286 287
286 288
286 289
286 290
286 291
286 292
287 281
287 282
287 283
287 284
287 285
287 286
287 288
287 289
287 290
287 291
287 292
287 293
288 282
288 283
288 284
288 285
288 286
288 287
288 289
288 290
288 291
288 292
288 293
288 294
289 283
289 284
289 285
289 286
289 287
289 288
289 290
289 291
289 292
289 293
289 294
289 295
290 284
290 285
290 286
290 287
290 288
290 289
290 291
290 292
290 293
290 294
290 295
290 296
291 285
291 286
291 287
291 288
291 289
291 290
291 292
291 293
291 294
291 295
291 296
291 297
292 286
292 287
292 288
292 289
292 290
292 291
292 293
292 294
292 295
292 296
292 297
292 298
293 287
293 288
293 289
293 290
293 291
293 292
293 294
293 295
293 296
293 297
293 298
293 299
294 288
294 289
294 290
294 291
294 292
294 293
294 295
294 296
294 297
294 298
294 299
295 289
295 290
295 291
295 292
295 293
295 294
295 296
295 297
295 298
295 299
295 300
295 301
296 290
296 291
296 292
296 293
296 294
296 295
296 297
296 298
296 299
296 300
296 301
296 302
297 291
297 292
297 293
297 294
297 295
297 296
297 298
297 299
297 300
297 301
297 302
297 303
298 292
298 293
298 294
298 295
298 296
298 297
298 299
298 300
298 301
298 302
298 303
298 304
299 293
299 294
299 295
299 296
299 297
299 298
299 300
299 301
299 302
299 303
299 304
299 305
300 295
300 296
300 297
300 298
300 299
300 301
300 302
300 303
300 304
300 305
300 306
301 295
301 296
301 297
301 298
301 299
301 300
301 302
301 303
301 304
301 305
301 306
301 307
302 296
302 297
302 298
302 299
302 300
302 301
302 303
302 304
302 305
302 306
302 307
302 308
303 297
303 298
303 299
303 300
303 301
303 302
303 304
303 305
303 306
303 307
303 308
303 309
304 298
304 299
304 300
304 301
304 302
304 303
304 305
304 306
304 307
304 308
304 309
304 310
305 299
305 300
305 301
305 302
305 303
305 304
305 306
305 307
305 308
305 309
305 310
305 311
306 300
306 301
306 302
306 303
306 304
306 305
306 307
306 308
306 309
306 310
306 311
306 312
307 301
307 302
307 303
307 304
307 305
307 306
307 308
307 309
307 310
307 311
307 312
307 313
308 302
308 303
308 304
308 305
308 306
308 307
308 309
308 310
308 311
308 312
308 313
308 314
309 303
309 304
309 305
309 306
309 307
309 308
309 310
309 311
309 312
309 313
309 314
309 315
310 304
310 305
310 306
310 307
310 308
310 309
310 311
310 312
310 313
310 314
310 315
310 316
311 305
311 306
311 307
311 308
311 309
311 310
311 312
311 313
311 314
311 315
311 316
311 317
312 306
312 307
312 308
312 309
312 310
312 311
312 313
312 314
312 315
312 316
312 317
313 307
313 308
313 309
313 310
313 311
313 312
313 314
313 315
313 316
313 317
313 318
314 308
314 309
314 310
314 311
314 312
314 313
314 315
314 316
314 317
314 318
314 319
314 320
315 309
315 310
315 311
315 312
315 313
315 314
315 316
315 317
315 318
315 319
315 320
316 310
316 311
316 312
316 313
316 314
316 315
316 317
316 318
316 319
316 320
316 321
316 322
317 311
317 312
317 313
317 314
317 315
317 316
317 318
317 319
317 320
317 321
317 322
317 323
318 313
318 314
318 315
318 316
318 317
318 319
318 320
318 321
318 322
318 323
319 314
319 315
319 316
319 317
319 318
319 320
319 321
319 322
319 323
319 324
320 314
320 315
320 316
320 317
320 318
320 319
320 321
320 322
320 323
320 324
320 325
321 316
321 317
321 318
321 319
321 320
321 322
321 323
321 324
321 325
321 326
322 316
322 317
322 318
322 319
322 320
322 321
322 323
322 324
322 325
322 326
322 327
323 317
323 318
323 319
323 320
323 321
323 322
323 324
323 325
323 326
323 327
324 319
324 320
324 321
324 322
324 323
324 325
324 326
324 327
324 328
325 320
325 321
325 322
325 323
325 324
325 326
325 327
325 328
325 329
326 321
326 322
326 323
326 324
326 325
326 327
326 328
326 329
326 330
327 322
327 323
327 324
327 325
327 326
327 328
327 329
327 330
327 331
328 324
328 325
328 326
328 327
328 329
328 330
328 331
328 332
329 325
329 326
329 327
329 328
329 330
329 331
329 332
329 333
330 326
330 327
330 328
330 329
330 331
330 332
330 333
331 327
331 328
331 329
331 330
331 332
331 333
332 328
332 329
332 330
332 331
332 333
333 329
333 330
333 331
333 332
