0 1
0 2
1 0
1 2
1 3
1 4
2 0
2 1
2 3
2 4
3 1
3 2
3 4
3 5
4 1
4 2
4 3
4 5
4 6
4 7
5 3
5 4
5 6
5 7
6 4
6 5
6 7
6 8
6 9
7 4
7 5
7 6
7 8
7 9
8 6
8 7
8 9
8 10
8 11
9 6
9 7
9 8
9 10
9 11
10 8
10 9
10 11
10 12
10 13
11 8
11 9
11 10
11 12
11 13
11 14
12 10
12 11
12 13
12 14
13 10
13 11
13 12
13 14
13 15
14 11
14 12
14 13
14 15
14 16
15 13
15 14
15 16
15 17
16 14
16 15
16 17
16 18
17 15
17 16
17 18
17 19
18 16
18 17
18 19
18 20
19 17
19 18
19 20
19 21
20 18
20 19
20 21
20 22
20 23
21 19
21 20
21 22
21 23
21 24
22 20
22 21
22 23
22 24
22 25
23 20
23 21
23 22
23 24
23 25
23 26
24 21
24 22
24 23
24 25
24 26
25 22
25 23
25 24
25 26
25 27
26 23
26 24
26 25
26 27
26 28
26 29
27 25
27 26
27 28
27 29
27 30
28 26
28 27
28 29
28 30
28 31
29 26
29 27
29 28
29 30
29 31
29 32
30 27
30 28
30 29
30 31
30 32
30 33
31 28
31 29
31 30
31 32
31 33
31 34
32 29
32 30
32 31
32 33
32 34
32 35
33 30
33 31
33 32
33 34
33 35
33 36
34 31
34 32
34 33
34 35
34 36
34 37
35 32
35 33
35 34
35 36
35 37
35 38
36 33
36 34
36 35
36 37
36 38
36 39
37 34
37 35
37 36
37 38
37 39
37 40
38 35
38 36
38 37
38 39
38 40
38 41
39 36
39 37
39 38
39 40
39 41
39 42
40 37
40 38
40 39
40 41
40 42
40 43
41 38
41 39
41 40
41 42
41 43
41 44
42 39
42 40
42 41
42 43
42 44
42 45
43 40
43 41
43 42
43 44
43 45
43 46
44 41
44 42
44 43
44 45
44 46
45 42
45 43
45 44
45 46
45 47
45 48
46 43
46 44
46 45
46 47
46 48
47 45
47 46
47 48
47 49
48 45
48 46
48 47
48 49
48 50
49 47
49 48
49 50
49 51
50 48
50 49
50 51
50 52
50 53
51 49
51 50
51 52
51 53
52 50
52 51
52 53
52 54
53 50
53 51
53 52
53 54
53 55
54 52
54 53
54 55
54 56
55 53
55 54
55 56
55 57
56 54
56 55
56 57
56 58
56 59
57 55
57 56
57 58
57 59
57 60
58 56
58 57
58 59
58 60
58 61
59 56
59 57
59 58
59 60
59 61
60 57
60 58
60 59
60 61
60 62
60 63
61 58
61 59
61 60
61 62
61 63
61 64
62 60
62 61
62 63
62 64
62 65
63 60
63 61
63 62
63 64
63 65
63 66
64 61
64 62
64 63
64 65
64 66
65 62
65 63
65 64
65 66
65 67
65 68
66 63
66 64
66 65
66 67
66 68
66 69
67 65
67 66
67 68
67 69
67 70
68 65
68 66
68 67
68 69
68 70
69 66
69 67
69 68
69 70
69 71
70 67
70 68
70 69
70 71
70 72
71 69
71 70
71 72
71 73
72 70
72 71
72 73
72 74
73 71
73 72
73 74
73 75
74 72
74 73
74 75
74 76
75 73
75 74
75 76
75 77
76 74
76 75
76 77
76 78
77 75
77 76
77 78
77 79
78 76
78 77
78 79
78 80
79 77
79 78
79 80
79 81
80 78
80 79
80 81
80 82
81 79
81 80
81 82
81 83
82 80
82 81
82 83
82 84
83 81
83 82
83 84
83 85
84 82
84 83
84 85
84 86
85 83
85 84
85 86
85 87
85 88
86 84
86 85
86 87
86 88
86 89
87 85
87 86
87 88
87 89
87 90
88 85
88 86
88 87
88 89
88 90
88 91
89 86
89 87
89 88
89 90
89 91
89 92
90 87
90 88
90 89
90 91
90 92
90 93
91 88
91 89
91 90
91 92
91 93
91 94
92 89
92 90
92 91
92 93
92 94
92 95
93 90
93 91
93 92
93 94
93 95
93 96
94 91
94 92
94 93
94 95
94 96
94 97
95 92
95 93
95 94
95 96
95 97
95 98
96 93
96 94
96 95
96 97
96 98
96 99
96 100
97 94
97 95
97 96
97 98
97 99
97 100
97 101
97 102
98 95
98 96
98 97
98 99
98 100
98 101
98 102
98 103
99 96
99 97
99 98
99 100
99 101
99 102
99 103
99 104
99 131
99 136
99 137
100 96
100 97
100 98
100 99
100 101
100 102
100 103
100 104
100 105
101 97
101 98
101 99
101 100
101 102
101 103
101 104
101 105
101 106
102 97
102 98
102 99
102 100
102 101
102 103
102 104
102 105
102 106
102 107
102 108
102 128
102 131
103 98
103 99
103 100
103 101
103 102
103 104
103 105
103 106
103 107
103 108
103 109
103 127
103 128
103 129
103 131
103 132
104 99
104 100
104 101
104 102
104 103
104 105
104 106
104 107
104 108
104 109
104 110
104 128
105 100
105 101
105 102
105 103
105 104
105 106
105 107
105 108
105 109
105 110
105 111
105 128
106 101
106 102
106 103
106 104
106 105
106 107
106 108
106 109
106 110
106 111
106 112
106 124
106 125
106 127
106 128
107 102
107 103
107 104
107 105
107 106
107 108
107 109
107 110
107 111
107 112
107 113
107 124
107 125
107 127
107 128
108 102
108 103
108 104
108 105
108 106
108 107
108 109
108 110
108 111
108 112
108 113
109 103
109 104
109 105
109 106
109 107
109 108
109 110
109 111
109 112
109 113
109 114
109 120
109 121
109 124
110 104
110 105
110 106
110 107
110 108
110 109
110 111
110 112
110 113
110 114
110 115
110 120
110 121
110 122
110 123
110 124
110 125
110 128
111 105
111 106
111 107
111 108
111 109
111 110
111 112
111 113
111 114
111 115
111 121
111 124
112 106
112 107
112 108
112 109
112 110
112 111
112 113
112 114
112 115
113 107
113 108
113 109
113 110
113 111
113 112
113 114
113 115
113 116
113 117
113 118
113 120
113 121
113 124
114 109
114 110
114 111
114 112
114 113
114 115
114 116
114 117
114 118
114 120
114 121
115 110
115 111
115 112
115 113
115 114
115 116
115 117
115 118
115 119
115 120
115 121
116 113
116 114
116 115
116 117
116 118
116 119
116 120
116 121
117 113
117 114
117 115
117 116
117 118
117 119
117 120
117 121
117 122
118 113
118 114
118 115
118 116
118 117
118 119
118 120
118 121
118 122
118 123
119 115
119 116
119 117
119 118
119 120
119 121
119 122
119 123
119 124
119 125
120 109
120 110
120 113
120 114
120 115
120 116
120 117
120 118
120 119
120 121
120 122
120 123
120 124
120 125
120 126
121 109
121 110
121 111
121 113
121 114
121 115
121 116
121 117
121 118
121 119
121 120
121 122
121 123
121 124
121 125
121 126
121 127
122 110
122 117
122 118
122 119
122 120
122 121
122 123
122 124
122 125
122 126
122 127
122 128
123 110
123 118
123 119
123 120
123 121
123 122
123 124
123 125
123 126
123 127
123 128
123 129
124 106
124 107
124 109
124 110
124 111
124 113
124 119
124 120
124 121
124 122
124 123
124 125
124 126
124 127
124 128
124 129
124 130
125 106
125 107
125 110
125 119
125 120
125 121
125 122
125 123
125 124
125 126
125 127
125 128
125 129
125 130
125 131
126 120
126 121
126 122
126 123
126 124
126 125
126 127
126 128
126 129
126 130
126 131
126 132
127 103
127 106
127 107
127 121
127 122
127 123
127 124
127 125
127 126
127 128
127 129
127 130
127 131
127 132
127 133
127 135
127 136
128 102
128 103
128 104
128 105
128 106
128 107
128 110
128 122
128 123
128 124
128 125
128 126
128 127
128 129
128 130
128 131
128 132
128 133
128 134
128 136
129 103
129 123
129 124
129 125
129 126
129 127
129 128
129 130
129 131
129 132
129 133
129 134
129 135
129 136
130 124
130 125
130 126
130 127
130 128
130 129
130 131
130 132
130 133
130 134
130 135
130 136
130 137
131 99
131 102
131 103
131 125
131 126
131 127
131 128
131 129
131 130
131 132
131 133
131 134
131 135
131 136
131 137
132 103
132 126
132 127
132 128
132 129
132 130
132 131
132 133
132 134
132 135
132 136
133 127
133 128
133 129
133 130
133 131
133 132
133 134
133 135
133 136
134 128
134 129
134 130
134 131
134 132
134 133
134 135
134 136
134 137
134 138
135 127
135 129
135 130
135 131
135 132
135 133
135 134
135 136
135 137
135 138
135 139
136 99
136 127
136 128
136 129
136 130
136 131
136 132
136 133
136 134
136 135
136 137
136 138
136 139
136 140
137 99
137 130
137 131
137 134
137 135
137 136
137 138
137 139
137 140
137 141
137 142
138 134
138 135
138 136
138 137
138 139
138 140
138 141
138 142
138 143
139 135
139 136
139 137
139 138
139 140
139 141
139 142
139 143
139 144
140 136
140 137
140 138
140 139
140 141
140 142
140 143
140 144
141 137
141 138
141 139
141 140
141 142
141 143
141 144
142 137
142 138
142 139
142 140
142 141
142 143
142 144
142 145
143 138
143 139
143 140
143 141
143 142
143 144
143 145
143 146
144 139
144 140
144 141
144 142
144 143
144 145
144 146
144 147
145 142
145 143
145 144
145 146
145 147
145 148
145 149
145 150
145 151
145 153
145 236
146 143
146 144
146 145
146 147
146 148
146 149
146 150
146 151
146 235
146 236
147 144
147 145
147 146
147 148
147 149
147 150
147 151
147 152
147 235
147 236
147 237
148 145
148 146
148 147
148 149
148 150
148 151
148 236
149 145
149 146
149 147
149 148
149 150
149 151
149 152
149 235
150 145
150 146
150 147
150 148
150 149
150 151
150 152
150 153
150 234
150 235
150 236
150 237
151 145
151 146
151 147
151 148
151 149
151 150
151 152
151 153
151 234
151 235
151 236
152 147
152 149
152 150
152 151
152 153
152 154
152 155
152 232
152 233
152 234
152 235
152 236
152 237
152 238
152 239
153 145
153 150
153 151
153 152
153 154
153 155
153 156
153 232
153 233
153 234
153 235
153 236
153 237
153 238
153 239
153 240
154 152
154 153
154 155
154 156
154 231
154 232
154 233
154 234
154 235
154 236
154 239
154 240
155 152
155 153
155 154
155 156
155 157
155 192
155 230
155 231
155 232
155 233
155 234
155 236
155 239
155 240
155 242
155 243
156 153
156 154
156 155
156 157
156 158
156 192
156 193
156 229
156 230
156 231
156 232
156 233
156 243
157 155
157 156
157 158
157 159
157 160
157 194
157 227
157 228
157 229
157 230
157 231
157 232
157 243
157 247
158 156
158 157
158 159
158 160
158 161
158 195
158 196
158 197
158 226
158 227
158 228
158 229
158 230
158 231
158 247
159 157
159 158
159 160
159 161
159 162
159 196
159 197
159 226
159 227
159 228
159 229
159 230
159 247
159 250
159 251
159 254
160 157
160 158
160 159
160 161
160 162
160 163
160 197
160 198
160 224
160 225
160 226
160 227
160 228
160 229
160 254
161 158
161 159
161 160
161 162
161 163
161 164
161 165
161 166
161 171
161 172
161 196
161 198
161 225
161 226
161 227
161 228
161 251
161 253
161 254
161 255
162 159
162 160
162 161
162 163
162 164
162 165
162 166
162 167
162 169
162 171
162 225
162 226
162 227
162 254
162 255
162 256
163 160
163 161
163 162
163 164
163 165
163 166
163 167
163 168
163 169
163 170
163 171
163 172
163 200
163 225
163 226
163 227
163 254
164 161
164 162
164 163
164 165
164 166
164 167
164 168
164 226
165 161
165 162
165 163
165 164
165 166
165 167
165 168
165 169
166 161
166 162
166 163
166 164
166 165
166 167
166 168
166 169
166 170
166 171
166 254
166 255
166 256
167 162
167 163
167 164
167 165
167 166
167 168
167 169
167 170
167 171
168 163
168 164
168 165
168 166
168 167
168 169
168 170
168 171
168 256
169 162
169 163
169 165
169 166
169 167
169 168
169 170
169 171
169 172
169 173
169 174
169 254
169 255
169 256
169 257
169 258
170 163
170 166
170 167
170 168
170 169
170 171
170 172
170 173
170 174
170 175
170 254
170 256
171 161
171 162
171 163
171 166
171 167
171 168
171 169
171 170
171 172
171 173
171 174
171 175
171 176
171 177
171 196
171 226
171 253
171 254
171 255
171 256
172 161
172 163
172 169
172 170
172 171
172 173
172 174
172 175
172 176
172 177
172 183
172 196
172 197
172 200
172 201
172 202
172 203
172 226
172 227
172 228
172 253
172 254
173 169
173 170
173 171
173 172
173 174
173 175
173 176
173 177
173 178
173 180
173 182
173 183
173 203
173 253
173 263
173 266
174 169
174 170
174 171
174 172
174 173
174 175
174 176
174 177
174 178
174 180
174 182
174 183
174 253
174 254
174 255
174 256
174 257
174 258
174 262
174 263
174 266
175 170
175 171
175 172
175 173
175 174
175 176
175 177
175 178
175 180
175 181
175 182
175 183
175 184
175 186
175 194
175 195
175 196
175 228
175 250
175 252
175 253
175 254
175 262
175 263
175 266
176 171
176 172
176 173
176 174
176 175
176 177
176 178
176 179
176 180
176 181
176 182
176 183
176 184
176 185
176 186
176 195
176 196
176 253
176 266
177 171
177 172
177 173
177 174
177 175
177 176
177 178
177 179
177 180
177 181
177 182
177 183
177 184
177 262
177 263
177 265
177 266
177 267
177 269
177 270
178 173
178 174
178 175
178 176
178 177
178 179
178 180
178 181
178 182
178 183
178 265
178 266
178 267
178 268
178 269
178 270
178 271
178 273
179 176
179 177
179 178
179 180
179 181
179 182
179 183
179 184
179 266
179 269
179 270
179 273
180 173
180 174
180 175
180 176
180 177
180 178
180 179
180 181
180 182
180 183
180 184
180 185
181 175
181 176
181 177
181 178
181 179
181 180
181 182
181 183
181 184
181 185
181 186
181 187
181 266
181 269
182 173
182 174
182 175
182 176
182 177
182 178
182 179
182 180
182 181
182 183
182 184
182 185
182 186
182 187
182 188
182 262
182 265
182 266
182 269
183 172
183 173
183 174
183 175
183 176
183 177
183 178
183 179
183 180
183 181
183 182
183 184
183 185
183 186
183 187
183 188
183 189
183 193
183 194
183 195
183 196
183 250
184 175
184 176
184 177
184 179
184 180
184 181
184 182
184 183
184 185
184 186
184 187
184 188
184 189
184 190
184 193
184 194
185 176
185 180
185 181
185 182
185 183
185 184
185 186
185 187
185 188
185 189
185 190
185 191
186 175
186 176
186 181
186 182
186 183
186 184
186 185
186 187
186 188
186 189
186 190
186 191
186 192
186 193
186 194
186 246
186 249
186 250
187 181
187 182
187 183
187 184
187 185
187 186
187 188
187 189
187 190
187 191
187 192
187 193
187 194
187 195
187 230
187 246
187 249
188 182
188 183
188 184
188 185
188 186
188 187
188 189
188 190
188 191
188 192
188 193
188 194
189 183
189 184
189 185
189 186
189 187
189 188
189 190
189 191
189 192
189 242
189 245
189 246
189 249
190 184
190 185
190 186
190 187
190 188
190 189
190 191
190 192
190 193
190 194
190 232
190 241
190 242
190 243
190 244
190 245
190 246
190 247
190 248
190 249
190 250
191 185
191 186
191 187
191 188
191 189
191 190
191 192
191 193
191 194
191 231
191 232
191 233
191 234
191 239
191 242
191 243
191 245
191 246
192 155
192 156
192 186
192 187
192 188
192 189
192 190
192 191
192 193
192 194
192 195
192 229
192 230
192 231
192 232
192 233
192 234
192 239
192 242
192 243
192 245
192 246
192 247
193 156
193 183
193 184
193 186
193 187
193 188
193 190
193 191
193 192
193 194
193 195
193 229
193 230
193 231
193 232
193 233
193 243
193 246
194 157
194 175
194 183
194 184
194 186
194 187
194 188
194 190
194 191
194 192
194 193
194 195
194 196
194 197
194 228
194 229
194 230
194 231
194 232
194 246
194 250
195 158
195 175
195 176
195 183
195 187
195 192
195 193
195 194
195 196
195 197
195 201
195 227
195 228
195 229
195 230
195 231
196 158
196 159
196 161
196 171
196 172
196 175
196 176
196 183
196 194
196 195
196 197
196 198
196 199
196 200
196 201
196 202
196 226
196 227
196 228
196 229
196 230
197 158
197 159
197 160
197 172
197 194
197 195
197 196
197 198
197 199
197 200
197 201
197 202
197 219
197 220
197 221
197 222
197 223
197 224
197 225
197 226
197 227
197 228
197 229
198 160
198 161
198 196
198 197
198 199
198 200
198 201
198 202
198 208
198 219
198 220
198 221
198 222
198 223
198 224
198 225
198 226
198 227
198 228
198 229
199 196
199 197
199 198
199 200
199 201
199 202
199 205
199 208
199 209
199 212
199 221
199 222
199 223
199 224
199 225
199 226
199 227
200 163
200 172
200 196
200 197
200 198
200 199
200 201
200 202
200 203
200 204
200 205
200 208
200 209
200 222
200 223
200 224
200 225
200 226
200 227
201 172
201 195
201 196
201 197
201 198
201 199
201 200
201 202
201 203
201 204
201 205
201 208
201 221
201 222
201 225
201 226
201 227
201 228
202 172
202 196
202 197
202 198
202 199
202 200
202 201
202 203
202 204
202 205
202 206
202 207
202 208
202 209
202 222
203 172
203 173
203 200
203 201
203 202
203 204
203 205
203 206
203 207
203 208
204 200
204 201
204 202
204 203
204 205
204 206
204 207
204 208
204 209
205 199
205 200
205 201
205 202
205 203
205 204
205 206
205 207
205 208
205 209
205 210
206 202
206 203
206 204
206 205
206 207
206 208
206 209
206 210
206 211
207 202
207 203
207 204
207 205
207 206
207 208
207 209
207 210
207 211
207 212
207 213
208 198
208 199
208 200
208 201
208 202
208 203
208 204
208 205
208 206
208 207
208 209
208 210
208 211
208 212
208 213
208 214
208 219
208 222
209 199
209 200
209 202
209 204
209 205
209 206
209 207
209 208
209 210
209 211
209 212
209 213
209 214
209 222
209 223
210 205
210 206
210 207
210 208
210 209
210 211
210 212
210 213
210 214
210 215
211 206
211 207
211 208
211 209
211 210
211 212
211 213
211 214
211 215
211 216
211 218
211 219
211 220
211 222
212 199
212 207
212 208
212 209
212 210
212 211
212 213
212 214
212 215
212 216
212 217
212 218
212 219
212 220
212 221
212 222
212 223
213 207
213 208
213 209
213 210
213 211
213 212
213 214
213 215
213 216
213 219
213 220
213 222
213 223
214 208
214 209
214 210
214 211
214 212
214 213
214 215
214 216
214 217
214 219
214 220
215 210
215 211
215 212
215 213
215 214
215 216
215 217
215 218
215 219
215 220
215 222
215 223
216 211
216 212
216 213
216 214
216 215
216 217
216 218
216 219
216 220
216 221
217 212
217 214
217 215
217 216
217 218
217 219
217 220
217 221
217 222
218 211
218 212
218 215
218 216
218 217
218 219
218 220
218 221
218 222
219 197
219 198
219 208
219 211
219 212
219 213
219 214
219 215
219 216
219 217
219 218
219 220
219 221
219 222
219 223
220 197
220 198
220 211
220 212
220 213
220 214
220 215
220 216
220 217
220 218
220 219
220 221
220 222
220 223
220 224
221 197
221 198
221 199
221 201
221 212
221 216
221 217
221 218
221 219
221 220
221 222
221 223
221 224
221 225
221 226
221 227
222 197
222 198
222 199
222 200
222 201
222 202
222 208
222 209
222 211
222 212
222 213
222 215
222 217
222 218
222 219
222 220
222 221
222 223
222 224
222 225
222 226
223 197
223 198
223 199
223 200
223 209
223 212
223 213
223 215
223 219
223 220
223 221
223 222
223 224
223 225
223 226
224 160
224 197
224 198
224 199
224 200
224 220
224 221
224 222
224 223
224 225
224 226
224 227
225 160
225 161
225 162
225 163
225 197
225 198
225 199
225 200
225 201
225 221
225 222
225 223
225 224
225 226
225 227
225 228
226 158
226 159
226 160
226 161
226 162
226 163
226 164
226 171
226 172
226 196
226 197
226 198
226 199
226 200
226 201
226 221
226 222
226 223
226 224
226 225
226 227
226 228
226 229
227 157
227 158
227 159
227 160
227 161
227 162
227 163
227 172
227 195
227 196
227 197
227 198
227 199
227 200
227 201
227 221
227 224
227 225
227 226
227 228
227 229
227 230
228 157
228 158
228 159
228 160
228 161
228 172
228 175
228 194
228 195
228 196
228 197
228 198
228 201
228 225
228 226
228 227
228 229
228 230
228 231
228 247
228 250
228 254
229 156
229 157
229 158
229 159
229 160
229 192
229 193
229 194
229 195
229 196
229 197
229 198
229 226
229 227
229 228
229 230
229 231
230 155
230 156
230 157
230 158
230 159
230 187
230 192
230 193
230 194
230 195
230 196
230 227
230 228
230 229
230 231
230 232
230 243
230 246
230 247
230 250
231 154
231 155
231 156
231 157
231 158
231 191
231 192
231 193
231 194
231 195
231 228
231 229
231 230
231 232
231 233
231 239
231 242
231 243
231 246
232 152
232 153
232 154
232 155
232 156
232 157
232 190
232 191
232 192
232 193
232 194
232 230
232 231
232 233
232 234
232 235
232 238
232 239
232 240
232 241
232 242
232 243
232 246
233 152
233 153
233 154
233 155
233 156
233 191
233 192
233 193
233 231
233 232
233 234
233 235
233 236
233 238
233 239
233 240
233 242
233 243
234 150
234 151
234 152
234 153
234 154
234 155
234 191
234 192
234 232
234 233
234 235
234 236
234 237
234 238
234 239
234 240
234 241
234 242
235 146
235 147
235 149
235 150
235 151
235 152
235 153
235 154
235 232
235 233
235 234
235 236
235 237
235 238
235 239
235 240
236 145
236 146
236 147
236 148
236 150
236 151
236 152
236 153
236 154
236 155
236 233
236 234
236 235
236 237
236 238
236 239
236 240
236 241
237 147
237 150
237 152
237 153
237 234
237 235
237 236
237 238
237 239
237 240
237 241
237 242
238 152
238 153
238 232
238 233
238 234
238 235
238 236
238 237
238 239
238 240
238 241
238 242
238 243
238 244
239 152
239 153
239 154
239 155
239 191
239 192
239 231
239 232
239 233
239 234
239 235
239 236
239 237
239 238
239 240
239 241
239 242
239 243
239 244
239 245
240 153
240 154
240 155
240 232
240 233
240 234
240 235
240 236
240 237
240 238
240 239
240 241
240 242
240 243
240 244
240 245
240 246
241 190
241 232
241 234
241 236
241 237
241 238
241 239
241 240
241 242
241 243
241 244
241 245
241 246
242 155
242 189
242 190
242 191
242 192
242 231
242 232
242 233
242 234
242 237
242 238
242 239
242 240
242 241
242 243
242 244
242 245
242 246
242 247
242 248
243 155
243 156
243 157
243 190
243 191
243 192
243 193
243 230
243 231
243 232
243 233
243 238
243 239
243 240
243 241
243 242
243 244
243 245
243 246
243 247
243 248
244 190
244 238
244 239
244 240
244 241
244 242
244 243
244 245
244 246
244 247
244 248
244 249
245 189
245 190
245 191
245 192
245 239
245 240
245 241
245 242
245 243
245 244
245 246
245 247
245 248
245 249
245 250
246 186
246 187
246 189
246 190
246 191
246 192
246 193
246 194
246 230
246 231
246 232
246 240
246 241
246 242
246 243
246 244
246 245
246 247
246 248
246 249
246 250
246 251
247 157
247 158
247 159
247 190
247 192
247 228
247 230
247 242
247 243
247 244
247 245
247 246
247 248
247 249
247 250
247 251
247 252
248 190
248 242
248 243
248 244
248 245
248 246
248 247
248 249
248 250
248 251
248 252
248 253
249 186
249 187
249 189
249 190
249 244
249 245
249 246
249 247
249 248
249 250
249 251
249 252
249 253
249 254
250 159
250 175
250 183
250 186
250 190
250 194
250 228
250 230
250 245
250 246
250 247
250 248
250 249
250 251
250 252
250 253
250 254
250 255
251 159
251 161
251 246
251 247
251 248
251 249
251 250
251 252
251 253
251 254
251 255
252 175
252 247
252 248
252 249
252 250
252 251
252 253
252 254
252 255
252 256
252 257
252 260
252 262
253 161
253 171
253 172
253 173
253 174
253 175
253 176
253 248
253 249
253 250
253 251
253 252
253 254
253 255
253 256
253 257
253 260
253 262
253 263
254 159
254 160
254 161
254 162
254 163
254 166
254 169
254 170
254 171
254 172
254 174
254 175
254 228
254 249
254 250
254 251
254 252
254 253
254 255
254 256
254 257
255 161
255 162
255 166
255 169
255 171
255 174
255 250
255 251
255 252
255 253
255 254
255 256
255 257
255 258
255 260
256 162
256 166
256 168
256 169
256 170
256 171
256 174
256 252
256 253
256 254
256 255
256 257
256 258
256 259
256 260
256 263
257 169
257 174
257 252
257 253
257 254
257 255
257 256
257 258
257 259
257 260
257 261
257 262
257 263
258 169
258 174
258 255
258 256
258 257
258 259
258 260
258 261
258 262
258 263
258 264
259 256
259 257
259 258
259 260
259 261
259 262
259 263
259 264
260 252
260 253
260 255
260 256
260 257
260 258
260 259
260 261
260 262
260 263
260 264
260 265
261 257
261 258
261 259
261 260
261 262
261 263
261 264
261 265
261 266
261 267
262 174
262 175
262 177
262 182
262 252
262 253
262 257
262 258
262 259
262 260
262 261
262 263
262 264
262 265
262 266
262 267
262 268
263 173
263 174
263 175
263 177
263 253
263 256
263 257
263 258
263 259
263 260
263 261
263 262
263 264
263 265
263 266
263 267
263 268
263 269
264 258
264 259
264 260
264 261
264 262
264 263
264 265
264 266
264 267
264 268
264 269
264 270
265 177
265 178
265 182
265 260
265 261
265 262
265 263
265 264
265 266
265 267
265 268
265 269
265 270
265 271
266 173
266 174
266 175
266 176
266 177
266 178
266 179
266 181
266 182
266 261
266 262
266 263
266 264
266 265
266 267
266 268
266 269
266 270
266 271
266 272
267 177
267 178
267 261
267 262
267 263
267 264
267 265
267 266
267 268
267 269
267 270
267 271
267 272
267 273
268 178
268 262
268 263
268 264
268 265
268 266
268 267
268 269
268 270
268 271
268 272
268 273
268 276
268 278
269 177
269 178
269 179
269 181
269 182
269 263
269 264
269 265
269 266
269 267
269 268
269 270
269 271
269 272
269 273
269 274
270 177
270 178
270 179
270 264
270 265
270 266
270 267
270 268
270 269
270 271
270 272
270 273
270 274
270 275
270 276
271 178
271 265
271 266
271 267
271 268
271 269
271 270
271 272
271 273
271 274
271 275
271 276
271 277
271 278
272 266
272 267
272 268
272 269
272 270
272 271
272 273
272 274
272 275
272 276
272 277
272 278
273 178
273 179
273 267
273 268
273 269
273 270
273 271
273 272
273 274
273 275
273 276
273 277
274 269
274 270
274 271
274 272
274 273
274 275
274 276
274 277
275 270
275 271
275 272
275 273
275 274
275 276
275 277
275 278
276 268
276 270
276 271
276 272
276 273
276 274
276 275
276 277
276 278
276 279
277 271
277 272
277 273
277 274
277 275
277 276
277 278
277 279
277 280
278 268
278 271
278 272
278 275
278 276
278 277
278 279
278 280
278 281
279 276
279 277
279 278
279 280
279 281
279 282
280 277
280 278
280 279
280 281
280 282
280 283
280 284
281 278
281 279
281 280
281 282
281 283
281 284
282 279
282 280
282 281
282 283
282 284
282 285
283 280
283 281
283 282
283 284
283 285
283 286
284 280
284 281
284 282
284 283
284 285
284 286
284 287
285 282
285 283
285 284
285 286
285 287
285 288
286 283
286 284
286 285
286 287
286 288
286 289
287 284
287 285
287 286
287 288
287 289
287 290
288 285
288 286
288 287
288 289
288 290
288 291
289 286
289 287
289 288
289 290
289 291
289 292
290 287
290 288
290 289
290 291
290 292
290 293
291 288
291 289
291 290
291 292
291 293
291 294
292 289
292 290
292 291
292 293
292 294
292 295
293 290
293 291
293 292
293 294
293 295
293 296
294 291
294 292
294 293
294 295
294 296
294 297
295 292
295 293
295 294
295 296
295 297
295 298
296 293
296 294
296 295
296 297
296 298
296 299
297 294
297 295
297 296
297 298
297 299
297 300
298 295
298 296
298 297
298 299
298 300
298 301
299 296
299 297
299 298
299 300
299 301
299 302
300 297
300 298
300 299
300 301
300 302
300 303
301 298
301 299
301 300
301 302
301 303
302 299
302 300
302 301
302 303
302 304
303 300
303 301
303 302
303 304
303 305
304 302
304 303
304 305
304 306
305 303
305 304
305 306
305 307
306 304
306 305
306 307
306 308
307 305
307 306
307 308
307 309
308 306
308 307
308 309
308 310
309 307
309 308
309 310
309 311
310 308
310 309
310 311
310 312
311 309
311 310
311 312
311 313
312 310
312 311
312 313
312 314
313 311
313 312
313 314
313 315
314 312
314 313
314 315
314 316
315 313
315 314
315 316
315 317
316 314
316 315
316 317
316 318
317 315
317 316
317 318
317 319
318 316
318 317
318 319
318 320
319 317
319 318
319 320
319 321
320 318
320 319
320 321
320 322
321 319
321 320
321 322
321 323
322 320
322 321
322 323
322 324
323 321
323 322
323 324
323 325
324 322
324 323
324 325
324 326
325 323
325 324
325 326
325 327
325 328
326 324
326 325
326 327
326 328
326 329
327 325
327 326
327 328
327 329
327 330
328 325
328 326
328 327
328 329
328 330
328 331
329 326
329 327
329 328
329 330
329 331
329 332
330 327
330 328
330 329
330 331
330 332
330 333
331 328
331 329
331 330
331 332
331 333
331 334
332 329
332 330
332 331
332 333
332 334
332 335
333 330
333 331
333 332
333 334
333 335
333 336
334 331
334 332
334 333
334 335
334 336
334 337
335 332
335 333
335 334
335 336
335 337
335 338
336 333
336 334
336 335
336 337
336 338
336 339
337 334
337 335
337 336
337 338
337 339
338 335
338 336
338 337
338 339
338 340
338 341
339 336
339 337
339 338
339 340
339 341
340 338
340 339
340 341
340 342
340 343
341 338
341 339
341 340
341 342
341 343
341 344
342 340
342 341
342 343
342 344
342 345
343 340
343 341
343 342
343 344
343 345
343 346
344 341
344 342
344 343
344 345
344 346
344 347
345 342
345 343
345 344
345 346
345 347
346 343
346 344
346 345
346 347
346 348
347 344
347 345
347 346
347 348
347 349
348 346
348 347
348 349
348 350
348 351
349 347
349 348
349 350
349 351
349 352
350 348
350 349
350 351
350 352
350 353
351 348
351 349
351 350
351 352
351 353
351 354
352 349
352 350
352 351
352 353
352 354
352 355
353 350
353 351
353 352
353 354
353 355
353 356
354 351
354 352
354 353
354 355
354 356
354 357
355 352
355 353
355 354
355 356
355 357
355 358
356 353
356 354
356 355
356 357
356 358
356 359
357 354
357 355
357 356
357 358
357 359
357 360
358 355
358 356
358 357
358 359
358 360
358 361
359 356
359 357
359 358
359 360
359 361
359 362
360 357
360 358
360 359
360 361
360 362
360 363
361 358
361 359
361 360
361 362
361 363
361 364
362 359
362 360
362 361
362 363
362 364
362 365
363 360
363 361
363 362
363 364
363 365
363 366
364 361
364 362
364 363
364 365
364 366
365 362
365 363
365 364
365 366
365 367
366 363
366 364
366 365
366 367
366 368
366 369
367 365
367 366
367 368
367 369
368 366
368 367
368 369
368 370
368 371
369 366
369 367
369 368
369 370
369 371
370 368
370 369
370 371
370 372
371 368
371 369
371 370
371 372
371 373
372 370
372 371
372 373
372 374
372 375
373 371
373 372
373 374
373 375
374 372
374 373
374 375
374 376
375 372
375 373
375 374
375 376
375 377
376 374
376 375
376 377
376 378
377 375
377 376
377 378
377 379
378 376
378 377
378 379
378 380
379 377
379 378
379 380
379 381
380 378
380 379
380 381
380 382
380 383
381 379
381 380
381 382
381 383
381 384
382 380
382 381
382 383
382 384
382 385
383 380
383 381
383 382
383 384
383 385
383 386
384 381
384 382
384 383
384 385
384 386
384 387
385 382
385 383
385 384
385 386
385 387
385 388
386 383
386 384
386 385
386 387
386 388
387 384
387 385
387 386
387 388
387 389
388 385
388 386
388 387
388 389
388 390
389 387
389 388
389 390
389 391
390 388
390 389
390 391
390 392
391 389
391 390
391 392
391 393
392 390
392 391
392 393
392 394
393 391
393 392
393 394
393 395
394 392
394 393
394 395
394 396
395 393
395 394
395 396
395 397
396 394
396 395
396 397
396 398
396 399
397 395
397 396
397 398
397 399
398 396
398 397
398 399
398 400
398 401
399 396
399 397
399 398
399 400
399 401
400 398
400 399
400 401
400 402
401 398
401 399
401 400
401 402
401 403
402 400
402 401
402 403
402 404
403 401
403 402
403 404
403 405
404 402
404 403
404 405
404 406
405 403
405 404
405 406
405 407
406 404
406 405
406 407
406 408
406 409
407 405
407 406
407 408
407 409
407 410
408 406
408 407
408 409
408 410
408 411
409 406
409 407
409 408
409 410
409 411
409 412
410 407
410 408
410 409
410 411
410 412
410 413
411 408
411 409
411 410
411 412
411 413
412 409
412 410
412 411
412 413
412 414
413 410
413 411
413 412
413 414
413 415
413 416
414 412
414 413
414 415
414 416
414 417
415 413
415 414
415 416
415 417
415 418
416 413
416 414
416 415
416 417
416 418
416 419
417 414
417 415
417 416
417 418
417 419
417 420
418 415
418 416
418 417
418 419
418 420
418 421
419 416
419 417
419 418
419 420
419 421
419 422
420 417
420 418
420 419
420 421
420 422
420 423
421 418
421 419
421 420
421 422
421 423
421 424
422 419
422 420
422 421
422 423
422 424
422 425
423 420
423 421
423 422
423 424
423 425
423 426
424 421
424 422
424 423
424 425
424 426
424 427
425 422
425 423
425 424
425 426
425 427
425 428
426 423
426 424
426 425
426 427
426 428
426 429
427 424
427 425
427 426
427 428
427 429
427 430
428 425
428 426
428 427
428 429
428 430
428 431
429 426
429 427
429 428
429 430
429 431
429 432
430 427
430 428
430 429
430 431
430 432
430 433
431 428
431 429
431 430
431 432
431 433
431 434
432 429
432 430
432 431
432 433
432 434
432 435
433 430
433 431
433 432
433 434
433 435
433 436
434 431
434 432
434 433
434 435
434 436
434 437
435 432
435 433
435 434
435 436
435 437
435 438
436 433
436 434
436 435
436 437
436 438
436 439
436 440
437 434
437 435
437 436
437 438
437 439
437 440
437 441
438 435
438 436
438 437
438 439
438 440
438 441
439 436
439 437
439 438
439 440
439 441
439 442
440 436
440 437
440 438
440 439
440 441
440 442
441 437
441 438
441 439
441 440
441 442
442 439
442 440
442 441
