0 1
0 2
0 3
0 80
0 81
0 82
0 189
1 0
1 2
1 3
1 4
1 81
2 0
2 1
2 3
2 4
2 5
3 0
3 1
3 2
3 4
3 5
3 6
3 83
4 1
4 2
4 3
4 5
4 6
5 2
5 3
5 4
5 6
5 7
6 3
6 4
6 5
6 7
6 8
7 5
7 6
7 8
7 9
8 6
8 7
8 9
8 10
9 7
9 8
9 10
9 11
10 8
10 9
10 11
10 12
11 9
11 10
11 12
11 13
11 63
11 64
12 10
12 11
12 13
12 14
12 64
13 11
13 12
13 14
13 15
14 12
14 13
14 15
14 16
15 13
15 14
15 16
15 17
16 14
16 15
16 17
16 18
17 15
17 16
17 18
17 19
18 16
18 17
18 19
18 20
19 17
19 18
19 20
19 21
20 18
20 19
20 21
20 22
21 19
21 20
21 22
21 23
22 20
22 21
22 23
22 24
23 21
23 22
23 24
23 25
24 22
24 23
24 25
24 26
24 27
25 23
25 24
25 26
25 27
25 28
26 24
26 25
26 27
26 28
26 29
27 24
27 25
27 26
27 28
27 29
27 30
28 25
28 26
28 27
28 29
28 30
28 31
28 39
28 40
29 26
29 27
29 28
29 30
29 31
29 32
29 40
30 27
30 28
30 29
30 31
30 32
30 33
30 38
31 28
31 29
31 30
31 32
31 33
31 34
31 38
32 29
32 30
32 31
32 33
32 34
32 35
32 37
32 38
33 30
33 31
33 32
33 34
33 35
33 36
34 31
34 32
34 33
34 35
34 36
34 37
34 58
34 61
34 66
34 67
34 257
34 258
34 284
34 285
35 32
35 33
35 34
35 36
35 37
35 38
35 54
35 57
35 58
35 61
35 67
35 246
35 257
35 258
35 282
35 283
35 284
35 285
35 286
36 33
36 34
36 35
36 37
36 38
36 39
36 53
36 54
36 55
36 56
36 57
36 58
36 61
36 246
36 282
36 283
36 284
36 285
37 32
37 34
37 35
37 36
37 38
37 39
37 53
37 54
37 57
37 246
37 247
37 283
37 284
38 30
38 31
38 32
38 35
38 36
38 37
38 39
38 40
38 41
38 43
38 243
38 245
38 246
38 247
38 248
38 251
38 283
39 28
39 36
39 37
39 38
39 40
39 41
39 42
39 43
39 44
39 45
39 243
39 244
39 245
39 246
39 247
39 248
39 249
40 28
40 29
40 38
40 39
40 41
40 42
40 43
40 44
40 246
40 247
40 248
40 249
41 38
41 39
41 40
41 42
41 43
41 44
41 244
41 246
41 247
41 248
41 249
41 250
41 393
41 394
42 39
42 40
42 41
42 43
42 44
42 45
42 247
42 394
43 38
43 39
43 40
43 41
43 42
43 44
43 45
43 46
43 247
44 39
44 40
44 41
44 42
44 43
44 45
44 46
44 47
44 48
44 216
44 217
44 240
44 243
44 244
44 247
44 424
44 425
45 39
45 42
45 43
45 44
45 46
45 47
45 48
45 215
45 216
45 217
45 240
45 243
46 43
46 44
46 45
46 47
46 48
46 214
46 215
46 216
46 217
46 218
47 44
47 45
47 46
47 48
47 49
47 53
47 213
47 214
47 215
47 216
47 217
47 218
47 239
47 240
48 44
48 45
48 46
48 47
48 49
48 50
48 51
48 52
48 53
48 54
48 212
48 213
48 214
48 215
48 216
48 217
48 218
48 238
48 239
48 240
48 242
48 243
49 47
49 48
49 50
49 51
49 52
49 53
49 54
49 55
49 128
49 131
49 132
49 133
49 134
49 211
49 212
49 213
49 214
49 215
49 216
49 218
49 220
49 239
49 240
49 242
49 243
50 48
50 49
50 51
50 52
50 53
50 54
50 55
50 56
50 57
50 128
50 131
50 132
50 211
50 214
50 216
50 220
50 239
50 240
50 241
50 242
50 243
50 279
50 282
50 283
51 48
51 49
51 50
51 52
51 53
51 54
51 55
51 56
51 57
51 90
51 91
51 94
51 95
51 127
51 128
51 129
51 130
51 131
51 132
51 133
51 211
51 212
51 279
52 48
52 49
52 50
52 51
52 53
52 54
52 55
52 56
52 57
52 58
52 59
52 91
52 128
52 131
52 132
52 210
52 211
52 212
52 213
52 214
53 36
53 37
53 47
53 48
53 49
53 50
53 51
53 52
53 54
53 55
53 56
53 57
53 58
53 243
53 283
54 35
54 36
54 37
54 48
54 49
54 50
54 51
54 52
54 53
54 55
54 56
54 57
54 58
54 59
54 87
54 242
54 243
54 246
54 279
54 282
54 283
54 284
54 285
55 36
55 49
55 50
55 51
55 52
55 53
55 54
55 56
55 57
55 58
55 59
55 60
55 72
55 87
55 88
55 90
55 91
55 94
55 128
55 279
55 282
55 283
55 285
56 36
56 50
56 51
56 52
56 53
56 54
56 55
56 57
56 58
56 59
56 60
56 61
56 62
56 87
56 88
56 90
56 91
56 92
57 35
57 36
57 37
57 50
57 51
57 52
57 53
57 54
57 55
57 56
57 58
57 59
57 60
57 61
57 62
57 63
57 87
57 88
57 91
57 283
57 285
58 34
58 35
58 36
58 52
58 53
58 54
58 55
58 56
58 57
58 59
58 60
58 61
58 62
58 63
58 64
58 66
58 67
58 72
58 86
58 87
58 88
58 90
58 91
58 282
58 283
58 284
58 285
59 52
59 54
59 55
59 56
59 57
59 58
59 60
59 61
59 62
59 63
59 64
59 65
59 67
59 72
59 86
59 87
59 88
59 89
59 90
59 91
59 92
59 285
60 55
60 56
60 57
60 58
60 59
60 61
60 62
60 63
60 64
60 65
60 66
60 67
60 87
60 88
60 91
61 34
61 35
61 36
61 56
61 57
61 58
61 59
61 60
61 62
61 63
61 64
61 65
61 66
61 67
61 68
61 87
61 88
61 285
62 56
62 57
62 58
62 59
62 60
62 61
62 63
62 64
62 65
62 66
62 67
62 68
62 69
62 86
62 87
62 88
63 11
63 57
63 58
63 59
63 60
63 61
63 62
63 64
63 65
63 66
63 67
63 87
63 88
64 11
64 12
64 58
64 59
64 60
64 61
64 62
64 63
64 65
64 66
64 67
65 59
65 60
65 61
65 62
65 63
65 64
65 66
65 67
65 68
65 69
66 34
66 58
66 60
66 61
66 62
66 63
66 64
66 65
66 67
66 68
66 69
67 34
67 35
67 58
67 59
67 60
67 61
67 62
67 63
67 64
67 65
67 66
67 68
67 69
67 70
67 87
67 258
67 259
67 285
68 61
68 62
68 65
68 66
68 67
68 69
68 70
68 71
68 258
68 259
68 285
69 62
69 65
69 66
69 67
69 68
69 70
69 71
69 72
69 86
69 258
69 259
70 67
70 68
70 69
70 71
70 72
70 73
70 74
70 84
70 85
70 86
70 87
70 258
70 259
70 260
70 261
70 285
70 286
70 287
71 68
71 69
71 70
71 72
71 73
71 74
71 83
71 84
71 85
71 86
71 87
71 88
71 89
71 90
71 258
71 259
71 261
71 285
71 286
71 287
71 288
71 289
72 55
72 58
72 59
72 69
72 70
72 71
72 73
72 74
72 84
72 85
72 86
72 87
72 88
72 89
72 90
72 258
72 261
72 281
72 282
72 285
72 286
72 287
72 288
72 289
73 70
73 71
73 72
73 74
73 75
73 83
73 84
73 85
73 86
73 87
73 89
73 90
73 121
73 124
73 261
73 262
73 277
73 278
73 281
73 282
73 286
73 287
73 288
73 289
73 290
74 70
74 71
74 72
74 73
74 75
74 76
74 82
74 83
74 84
74 85
74 86
74 121
74 261
74 262
74 263
74 287
74 288
74 289
74 290
74 291
75 73
75 74
75 76
75 77
75 78
75 81
75 82
75 83
75 84
75 85
75 119
75 120
75 121
75 288
75 289
75 290
75 291
75 292
76 74
76 75
76 77
76 78
76 79
76 80
76 81
76 82
76 83
76 84
76 119
76 120
76 121
76 289
76 290
76 291
76 292
76 293
76 304
77 75
77 76
77 78
77 79
77 80
77 81
77 82
77 83
77 119
77 120
77 290
77 291
77 292
77 293
77 294
78 75
78 76
78 77
78 79
78 80
78 81
78 82
78 291
78 292
78 293
78 294
78 300
78 303
78 304
79 76
79 77
79 78
79 80
79 81
79 82
79 292
80 0
80 76
80 77
80 78
80 79
80 81
80 82
81 0
81 1
81 75
81 76
81 77
81 78
81 79
81 80
81 82
81 83
82 0
82 74
82 75
82 76
82 77
82 78
82 79
82 80
82 81
82 83
82 84
82 290
82 291
83 3
83 71
83 73
83 74
83 75
83 76
83 77
83 81
83 82
83 84
83 85
83 120
83 121
83 290
84 70
84 71
84 72
84 73
84 74
84 75
84 76
84 82
84 83
84 85
84 86
84 89
84 90
84 121
84 287
84 288
84 289
85 70
85 71
85 72
85 73
85 74
85 75
85 83
85 84
85 86
85 87
85 88
85 89
85 90
85 91
85 93
85 121
85 287
85 288
86 58
86 59
86 62
86 69
86 70
86 71
86 72
86 73
86 74
86 84
86 85
86 87
86 88
86 89
86 90
86 91
86 92
86 287
87 54
87 55
87 56
87 57
87 58
87 59
87 60
87 61
87 62
87 63
87 67
87 70
87 71
87 72
87 73
87 85
87 86
87 88
87 89
87 90
87 91
87 92
87 93
87 282
87 285
87 287
88 55
88 56
88 57
88 58
88 59
88 60
88 61
88 62
88 63
88 71
88 72
88 85
88 86
88 87
88 89
88 90
88 91
88 92
88 93
88 94
89 59
89 71
89 72
89 73
89 84
89 85
89 86
89 87
89 88
89 90
89 91
89 92
89 93
89 94
89 95
89 207
90 51
90 55
90 56
90 58
90 59
90 71
90 72
90 73
90 84
90 85
90 86
90 87
90 88
90 89
90 91
90 92
90 93
90 94
90 95
90 96
90 124
90 125
90 128
91 51
91 52
91 55
91 56
91 57
91 58
91 59
91 60
91 85
91 86
91 87
91 88
91 89
91 90
91 92
91 93
91 94
91 95
91 96
91 125
91 128
91 129
91 207
91 208
91 209
92 56
92 59
92 86
92 87
92 88
92 89
92 90
92 91
92 93
92 94
92 95
92 96
92 97
92 125
92 206
92 207
92 208
92 209
93 85
93 87
93 88
93 89
93 90
93 91
93 92
93 94
93 95
93 96
93 97
93 98
93 99
93 122
93 125
93 126
93 128
93 129
93 202
93 203
93 205
93 206
93 207
94 51
94 55
94 88
94 89
94 90
94 91
94 92
94 93
94 95
94 96
94 97
94 98
94 99
94 100
94 122
94 124
94 125
94 126
94 127
94 128
94 129
94 130
94 131
94 132
94 202
94 207
94 209
95 51
95 89
95 90
95 91
95 92
95 93
95 94
95 96
95 97
95 98
95 99
95 100
95 101
95 125
95 128
95 129
95 130
95 132
95 133
95 202
95 205
95 206
95 207
95 208
95 209
95 210
95 211
96 90
96 91
96 92
96 93
96 94
96 95
96 97
96 98
96 99
96 100
96 101
96 125
96 129
96 201
96 202
96 203
96 204
96 205
96 206
96 207
96 208
96 209
97 92
97 93
97 94
97 95
97 96
97 98
97 99
97 100
97 101
97 102
97 103
97 104
97 122
97 125
97 126
97 127
97 128
97 129
97 130
97 132
97 133
97 198
97 199
97 201
97 202
97 203
97 205
97 206
97 207
97 209
98 93
98 94
98 95
98 96
98 97
98 99
98 100
98 101
98 102
98 103
98 104
98 105
98 107
98 125
98 126
98 127
98 128
98 129
98 130
98 131
98 132
98 133
98 134
98 135
98 202
98 205
98 206
98 207
98 208
98 209
98 210
98 211
99 93
99 94
99 95
99 96
99 97
99 98
99 100
99 101
99 102
99 103
99 104
99 105
99 106
99 107
99 129
99 132
99 133
99 201
99 202
99 205
99 206
99 207
99 208
99 209
99 210
100 94
100 95
100 96
100 97
100 98
100 99
100 101
100 102
100 103
100 104
100 105
100 106
100 107
100 129
100 198
100 201
100 202
100 203
100 204
100 205
100 206
101 95
101 96
101 97
101 98
101 99
101 100
101 102
101 103
101 104
101 105
101 106
101 107
101 108
101 113
101 126
101 129
101 130
101 133
101 135
101 160
101 183
101 185
101 198
101 201
101 202
102 97
102 98
102 99
102 100
102 101
102 103
102 104
102 105
102 106
102 107
102 108
102 109
102 129
102 130
102 133
102 135
103 97
103 98
103 99
103 100
103 101
103 102
103 104
103 105
103 106
103 107
103 108
103 205
104 97
104 98
104 99
104 100
104 101
104 102
104 103
104 105
104 106
104 107
104 183
104 196
104 201
104 205
105 98
105 99
105 100
105 101
105 102
105 103
105 104
105 106
105 107
105 108
105 159
105 160
105 182
105 183
105 184
105 185
105 196
106 99
106 100
106 101
106 102
106 103
106 104
106 105
106 107
106 108
106 111
106 159
106 160
106 182
106 183
107 98
107 99
107 100
107 101
107 102
107 103
107 104
107 105
107 106
107 108
107 109
107 110
107 111
107 112
107 113
107 130
107 133
107 134
107 135
107 159
107 160
107 182
107 183
108 101
108 102
108 103
108 105
108 106
108 107
108 109
108 110
108 111
108 112
108 130
108 133
108 134
108 135
108 136
108 159
109 102
109 107
109 108
109 110
109 111
109 112
109 130
109 131
109 132
109 133
109 134
109 135
109 136
109 212
109 214
109 219
110 107
110 108
110 109
110 111
110 112
110 113
110 130
110 133
110 134
110 135
110 136
110 137
110 218
110 219
110 220
111 106
111 107
111 108
111 109
111 110
111 112
111 113
111 130
111 133
111 134
111 135
111 136
111 137
111 156
111 157
111 158
111 159
111 160
112 107
112 108
112 109
112 110
112 111
112 113
112 114
112 115
112 130
112 134
112 135
112 136
112 137
112 138
112 153
112 156
112 157
112 158
112 159
112 160
112 161
112 180
112 181
112 220
112 221
112 222
113 101
113 107
113 110
113 111
113 112
113 114
113 115
113 116
113 126
113 127
113 130
113 135
113 136
113 137
113 138
113 139
113 153
113 156
113 157
113 158
113 159
113 160
113 161
113 162
113 181
113 183
113 184
113 221
113 222
114 112
114 113
114 115
114 116
114 117
114 136
114 137
114 138
114 139
114 140
114 149
114 152
114 153
114 156
114 157
114 158
114 159
114 160
114 161
114 162
114 163
114 181
114 184
114 222
114 269
115 112
115 113
115 114
115 116
115 117
115 118
115 123
115 126
115 127
115 137
115 138
115 139
115 140
115 141
115 142
115 160
115 161
115 162
115 163
115 185
115 268
115 269
116 113
116 114
116 115
116 117
116 118
116 123
116 138
116 139
116 140
116 141
116 142
116 143
116 144
116 149
116 161
116 162
116 163
116 164
116 167
116 187
116 268
116 269
117 114
117 115
117 116
117 118
117 119
117 120
117 121
117 122
117 123
117 124
117 126
117 139
117 140
117 141
117 142
117 162
117 163
117 164
117 165
117 167
117 186
117 187
117 267
117 268
117 269
118 115
118 116
118 117
118 119
118 120
118 121
118 122
118 123
118 140
118 141
118 142
118 143
118 163
118 164
118 267
118 268
118 269
118 292
118 293
118 294
119 75
119 76
119 77
119 117
119 118
119 120
119 121
119 122
119 123
119 124
119 142
119 265
119 266
119 267
119 268
119 269
119 273
119 290
119 291
119 292
119 293
119 294
120 75
120 76
120 77
120 83
120 117
120 118
120 119
120 121
120 122
120 123
120 124
120 125
120 187
120 268
120 290
120 291
120 292
120 293
120 294
121 73
121 74
121 75
121 76
121 83
121 84
121 85
121 117
121 118
121 119
121 120
121 122
121 123
121 124
121 125
121 126
121 290
121 291
121 292
122 93
122 94
122 97
122 117
122 118
122 119
122 120
122 121
122 123
122 124
122 125
122 126
122 127
122 128
122 162
122 163
122 187
122 198
122 199
122 202
123 115
123 116
123 117
123 118
123 119
123 120
123 121
123 122
123 124
123 125
123 126
123 127
123 128
123 129
123 139
123 162
123 163
123 187
123 268
123 269
123 273
123 278
124 73
124 90
124 94
124 117
124 119
124 120
124 121
124 122
124 123
124 125
124 126
124 127
124 128
124 129
124 130
124 268
124 273
124 274
124 277
124 278
125 90
125 91
125 92
125 93
125 94
125 95
125 96
125 97
125 98
125 120
125 121
125 122
125 123
125 124
125 126
125 127
125 128
125 129
125 130
125 131
125 202
126 93
126 94
126 97
126 98
126 101
126 113
126 115
126 117
126 121
126 122
126 123
126 124
126 125
126 127
126 128
126 129
126 130
126 131
126 132
126 137
126 162
126 198
127 51
127 94
127 97
127 98
127 113
127 115
127 122
127 123
127 124
127 125
127 126
127 128
127 129
127 130
127 131
127 132
127 135
127 136
127 137
127 138
127 139
127 220
127 221
127 274
127 278
128 49
128 50
128 51
128 52
128 55
128 90
128 91
128 93
128 94
128 95
128 97
128 98
128 122
128 123
128 124
128 125
128 126
128 127
128 129
128 130
128 131
128 132
128 133
128 134
128 135
128 137
128 278
128 279
129 51
129 91
129 93
129 94
129 95
129 96
129 97
129 98
129 99
129 100
129 101
129 102
129 123
129 124
129 125
129 126
129 127
129 128
129 130
129 131
129 132
129 133
129 134
129 135
129 137
129 211
130 51
130 94
130 95
130 97
130 98
130 101
130 102
130 107
130 108
130 109
130 110
130 111
130 112
130 113
130 124
130 125
130 126
130 127
130 128
130 129
130 131
130 132
130 133
130 134
130 135
130 136
130 137
130 138
130 220
130 221
131 49
131 50
131 51
131 52
131 94
131 98
131 109
131 125
131 126
131 127
131 128
131 129
131 130
131 132
131 133
131 134
131 135
131 136
131 137
131 211
131 212
131 214
131 219
131 220
131 221
131 239
132 49
132 50
132 51
132 52
132 94
132 95
132 97
132 98
132 99
132 109
132 126
132 127
132 128
132 129
132 130
132 131
132 133
132 134
132 135
132 209
132 210
132 211
132 212
132 213
132 214
132 220
133 49
133 51
133 95
133 97
133 98
133 99
133 101
133 102
133 107
133 108
133 109
133 110
133 111
133 128
133 129
133 130
133 131
133 132
133 134
133 135
133 136
133 209
133 210
133 211
133 212
133 213
133 214
133 220
134 49
134 98
134 107
134 108
134 109
134 110
134 111
134 112
134 128
134 129
134 130
134 131
134 132
134 133
134 135
134 136
134 137
134 211
134 212
134 213
134 214
134 215
134 218
134 219
134 220
134 221
134 239
135 98
135 101
135 102
135 107
135 108
135 109
135 110
135 111
135 112
135 113
135 127
135 128
135 129
135 130
135 131
135 132
135 133
135 134
135 136
135 137
135 138
135 159
135 212
135 219
135 220
135 221
136 108
136 109
136 110
136 111
136 112
136 113
136 114
136 127
136 130
136 131
136 133
136 134
136 135
136 137
136 138
136 139
136 158
136 218
136 219
136 220
136 221
136 222
136 236
136 237
136 238
137 110
137 111
137 112
137 113
137 114
137 115
137 126
137 127
137 128
137 129
137 130
137 131
137 134
137 135
137 136
137 138
137 139
137 140
137 158
137 160
137 161
137 162
137 219
137 220
137 221
137 222
137 223
138 112
138 113
138 114
138 115
138 116
138 127
138 130
138 135
138 136
138 137
138 139
138 140
138 152
138 153
138 156
138 158
138 161
138 162
138 220
138 221
138 222
138 223
138 224
138 234
138 235
138 236
138 269
138 270
139 113
139 114
139 115
139 116
139 117
139 123
139 127
139 136
139 137
139 138
139 140
139 141
139 142
139 162
139 221
139 222
139 223
139 224
139 267
139 268
139 269
139 270
139 271
139 273
139 274
140 114
140 115
140 116
140 117
140 118
140 137
140 138
140 139
140 141
140 142
140 143
140 144
140 148
140 149
140 152
140 163
140 222
140 223
140 224
140 267
140 268
140 269
140 270
140 271
141 115
141 116
141 117
141 118
141 139
141 140
141 142
141 143
141 144
141 145
141 149
141 267
141 268
141 269
141 270
141 541
142 115
142 116
142 117
142 118
142 119
142 139
142 140
142 141
142 143
142 144
142 145
142 149
142 163
142 164
142 166
142 167
142 267
142 268
142 269
142 541
143 116
143 118
143 140
143 141
143 142
143 144
143 145
143 148
143 149
143 167
143 267
143 269
143 537
143 540
143 541
143 542
143 543
144 116
144 140
144 141
144 142
144 143
144 145
144 146
144 147
144 148
144 149
144 150
144 167
144 170
144 537
144 538
144 539
144 540
144 541
144 542
144 543
145 141
145 142
145 143
145 144
145 146
145 147
145 148
145 149
145 150
145 167
145 170
145 171
145 537
145 538
145 539
145 540
145 541
145 542
146 144
146 145
146 147
146 148
146 149
146 150
146 151
146 152
146 167
146 168
146 169
146 170
146 171
146 172
146 173
146 174
146 175
146 538
146 539
146 540
146 541
147 144
147 145
147 146
147 148
147 149
147 150
147 151
147 152
147 153
147 170
147 171
147 173
147 174
147 539
147 540
147 541
148 140
148 143
148 144
148 145
148 146
148 147
148 149
148 150
148 151
148 152
148 153
148 170
148 231
148 232
148 482
148 539
148 540
148 541
149 114
149 116
149 140
149 141
149 142
149 143
149 144
149 145
149 146
149 147
149 148
149 150
149 151
149 152
149 153
149 154
149 167
149 170
149 171
149 174
149 175
149 540
149 541
150 144
150 145
150 146
150 147
150 148
150 149
150 151
150 152
150 153
150 154
150 155
150 156
150 170
150 171
150 173
150 174
150 175
150 176
150 177
150 178
151 146
151 147
151 148
151 149
151 150
151 152
151 153
151 154
151 155
151 156
151 157
151 174
151 177
151 178
151 231
151 232
152 114
152 138
152 140
152 146
152 147
152 148
152 149
152 150
152 151
152 153
152 154
152 155
152 156
152 157
152 158
152 178
152 224
152 231
152 232
152 233
152 234
153 112
153 113
153 114
153 138
153 147
153 148
153 149
153 150
153 151
153 152
153 154
153 155
153 156
153 157
153 158
153 159
153 160
153 161
153 171
153 174
153 175
153 177
153 178
153 179
153 180
153 181
154 149
154 150
154 151
154 152
154 153
154 155
154 156
154 157
154 158
154 159
154 175
154 177
154 178
154 179
154 180
154 181
155 150
155 151
155 152
155 153
155 154
155 156
155 157
155 158
155 178
155 232
155 233
155 234
155 432
155 433
156 111
156 112
156 113
156 114
156 138
156 150
156 151
156 152
156 153
156 154
156 155
156 157
156 158
156 159
156 180
156 222
156 224
156 233
156 234
156 432
156 433
157 111
157 112
157 113
157 114
157 151
157 152
157 153
157 154
157 155
157 156
157 158
157 159
157 160
157 178
157 179
157 180
157 181
158 111
158 112
158 113
158 114
158 136
158 137
158 138
158 152
158 153
158 154
158 155
158 156
158 157
158 159
158 160
158 161
158 178
158 179
158 180
158 181
158 182
158 183
159 105
159 106
159 107
159 108
159 111
159 112
159 113
159 114
159 135
159 153
159 154
159 156
159 157
159 158
159 160
159 161
159 178
159 179
159 180
159 181
159 182
159 183
159 184
160 101
160 105
160 106
160 107
160 111
160 112
160 113
160 114
160 115
160 137
160 153
160 157
160 158
160 159
160 161
160 162
160 180
160 181
160 182
160 183
160 184
160 185
161 112
161 113
161 114
161 115
161 116
161 137
161 138
161 153
161 158
161 159
161 160
161 162
161 163
161 168
161 171
161 181
161 182
161 183
161 184
161 185
161 186
161 195
162 113
162 114
162 115
162 116
162 117
162 122
162 123
162 126
162 137
162 138
162 139
162 160
162 161
162 163
162 164
162 168
162 183
162 184
162 185
162 186
162 187
162 195
162 196
162 197
162 198
163 114
163 115
163 116
163 117
163 118
163 122
163 123
163 140
163 142
163 161
163 162
163 164
163 165
163 166
163 167
163 168
163 171
163 184
163 185
163 186
163 187
163 188
163 195
163 198
164 116
164 117
164 118
164 142
164 162
164 163
164 165
164 166
164 167
164 168
164 169
164 185
164 186
164 187
164 188
164 189
164 190
165 117
165 163
165 164
165 166
165 167
165 168
165 169
165 170
165 171
165 186
165 187
165 188
165 189
165 190
165 191
165 192
166 142
166 163
166 164
166 165
166 167
166 168
166 169
166 170
166 171
166 188
167 116
167 117
167 142
167 143
167 144
167 145
167 146
167 149
167 163
167 164
167 165
167 166
167 168
167 169
167 170
167 171
167 172
167 186
168 146
168 161
168 162
168 163
168 164
168 165
168 166
168 167
168 169
168 170
168 171
168 172
168 173
168 184
168 185
168 186
168 187
168 192
168 195
169 146
169 164
169 165
169 166
169 167
169 168
169 170
169 171
169 172
169 173
169 174
169 175
170 144
170 145
170 146
170 147
170 148
170 149
170 150
170 165
170 166
170 167
170 168
170 169
170 171
170 172
170 173
170 174
170 175
171 145
171 146
171 147
171 149
171 150
171 153
171 161
171 163
171 165
171 166
171 167
171 168
171 169
171 170
171 172
171 173
171 174
171 175
171 176
171 178
171 184
172 146
172 167
172 168
172 169
172 170
172 171
172 173
172 174
172 175
172 176
172 177
172 184
172 194
172 195
173 146
173 147
173 150
173 168
173 169
173 170
173 171
173 172
173 174
173 175
173 176
173 177
174 146
174 147
174 149
174 150
174 151
174 153
174 169
174 170
174 171
174 172
174 173
174 175
174 176
174 177
174 178
175 146
175 149
175 150
175 153
175 154
175 169
175 170
175 171
175 172
175 173
175 174
175 176
175 177
175 178
175 179
175 180
175 181
175 182
175 184
176 150
176 171
176 172
176 173
176 174
176 175
176 177
176 178
176 179
176 180
176 181
177 150
177 151
177 153
177 154
177 172
177 173
177 174
177 175
177 176
177 178
177 179
177 180
177 181
178 150
178 151
178 152
178 153
178 154
178 155
178 157
178 158
178 159
178 171
178 174
178 175
178 176
178 177
178 179
178 180
178 181
178 182
179 153
179 154
179 157
179 158
179 159
179 175
179 176
179 177
179 178
179 180
179 181
179 182
180 112
180 153
180 154
180 156
180 157
180 158
180 159
180 160
180 175
180 176
180 177
180 178
180 179
180 181
180 182
180 183
181 112
181 113
181 114
181 153
181 154
181 157
181 158
181 159
181 160
181 161
181 175
181 176
181 177
181 178
181 179
181 180
181 182
181 183
181 184
182 105
182 106
182 107
182 158
182 159
182 160
182 161
182 175
182 178
182 179
182 180
182 181
182 183
182 184
183 101
183 104
183 105
183 106
183 107
183 113
183 158
183 159
183 160
183 161
183 162
183 180
183 181
183 182
183 184
183 185
183 194
183 195
183 196
184 105
184 113
184 114
184 159
184 160
184 161
184 162
184 163
184 168
184 171
184 172
184 175
184 181
184 182
184 183
184 185
184 186
184 194
184 195
184 196
184 197
184 198
185 101
185 105
185 115
185 160
185 161
185 162
185 163
185 164
185 168
185 183
185 184
185 186
185 187
185 188
185 192
185 194
185 195
185 196
185 197
185 198
185 199
185 201
186 117
186 161
186 162
186 163
186 164
186 165
186 167
186 168
186 184
186 185
186 187
186 188
186 189
186 190
186 191
186 192
186 194
186 195
186 196
186 197
186 198
186 199
187 116
187 117
187 120
187 122
187 123
187 162
187 163
187 164
187 165
187 168
187 185
187 186
187 188
187 189
187 190
187 191
187 195
187 196
187 197
187 198
187 199
187 200
188 163
188 164
188 165
188 166
188 185
188 186
188 187
188 189
188 190
188 191
188 192
188 197
188 198
188 199
188 200
189 0
189 164
189 165
189 186
189 187
189 188
189 190
189 191
189 197
189 198
189 199
189 200
190 164
190 165
190 186
190 187
190 188
190 189
190 191
190 192
190 197
191 165
191 186
191 187
191 188
191 189
191 190
191 192
191 193
191 194
191 195
191 196
191 197
191 198
191 200
192 165
192 168
192 185
192 186
192 188
192 190
192 191
192 193
192 194
192 195
192 196
192 197
193 191
193 192
193 194
193 195
193 196
193 197
194 172
194 183
194 184
194 185
194 186
194 191
194 192
194 193
194 195
194 196
194 197
195 161
195 162
195 163
195 168
195 172
195 183
195 184
195 185
195 186
195 187
195 191
195 192
195 193
195 194
195 196
195 197
195 198
196 104
196 105
196 162
196 183
196 184
196 185
196 186
196 187
196 191
196 192
196 193
196 194
196 195
196 197
196 198
196 199
196 200
196 201
197 162
197 184
197 185
197 186
197 187
197 188
197 189
197 190
197 191
197 192
197 193
197 194
197 195
197 196
197 198
197 199
197 200
197 201
197 202
198 97
198 100
198 101
198 122
198 126
198 162
198 163
198 184
198 185
198 186
198 187
198 188
198 189
198 191
198 195
198 196
198 197
198 199
198 200
198 201
198 202
198 203
199 97
199 122
199 185
199 186
199 187
199 188
199 189
199 196
199 197
199 198
199 200
199 201
199 202
199 203
199 204
200 187
200 188
200 189
200 191
200 196
200 197
200 198
200 199
200 201
200 202
200 203
200 204
200 205
201 96
201 97
201 99
201 100
201 101
201 104
201 185
201 196
201 197
201 198
201 199
201 200
201 202
201 203
201 204
201 205
201 206
202 93
202 94
202 95
202 96
202 97
202 98
202 99
202 100
202 101
202 122
202 125
202 197
202 198
202 199
202 200
202 201
202 203
202 204
202 205
202 206
202 207
203 93
203 96
203 97
203 100
203 198
203 199
203 200
203 201
203 202
203 204
203 205
203 206
203 207
204 96
204 100
204 199
204 200
204 201
204 202
204 203
204 205
204 206
204 207
205 93
205 95
205 96
205 97
205 98
205 99
205 100
205 103
205 104
205 200
205 201
205 202
205 203
205 204
205 206
205 207
205 208
206 92
206 93
206 95
206 96
206 97
206 98
206 99
206 100
206 201
206 202
206 203
206 204
206 205
206 207
206 208
206 209
207 89
207 91
207 92
207 93
207 94
207 95
207 96
207 97
207 98
207 99
207 202
207 203
207 204
207 205
207 206
207 208
207 209
207 210
208 91
208 92
208 95
208 96
208 98
208 99
208 205
208 206
208 207
208 209
208 210
208 211
209 91
209 92
209 94
209 95
209 96
209 97
209 98
209 99
209 132
209 133
209 206
209 207
209 208
209 210
209 211
209 212
210 52
210 95
210 98
210 99
210 132
210 133
210 207
210 208
210 209
210 211
210 212
210 213
211 49
211 50
211 51
211 52
211 95
211 98
211 129
211 131
211 132
211 133
211 134
211 208
211 209
211 210
211 212
211 213
211 214
212 48
212 49
212 51
212 52
212 109
212 131
212 132
212 133
212 134
212 135
212 209
212 210
212 211
212 213
212 214
212 215
213 47
213 48
213 49
213 52
213 132
213 133
213 134
213 210
213 211
213 212
213 214
213 215
213 216
213 218
214 46
214 47
214 48
214 49
214 50
214 52
214 109
214 131
214 132
214 133
214 134
214 211
214 212
214 213
214 215
214 216
214 217
214 218
214 219
214 220
214 238
214 239
215 45
215 46
215 47
215 48
215 49
215 134
215 212
215 213
215 214
215 216
215 217
215 218
215 219
215 220
215 238
215 239
215 240
216 44
216 45
216 46
216 47
216 48
216 49
216 50
216 213
216 214
216 215
216 217
216 218
216 219
216 220
216 238
216 239
216 240
216 241
216 242
216 243
216 425
216 426
217 44
217 45
217 46
217 47
217 48
217 214
217 215
217 216
217 218
217 219
217 220
217 237
217 238
217 239
217 240
217 241
217 425
217 426
217 428
217 429
218 46
218 47
218 48
218 49
218 110
218 134
218 136
218 213
218 214
218 215
218 216
218 217
218 219
218 220
218 221
218 237
218 238
218 239
218 240
218 429
219 109
219 110
219 131
219 134
219 135
219 136
219 137
219 214
219 215
219 216
219 217
219 218
219 220
219 221
219 222
219 236
219 237
219 238
219 239
219 240
219 241
219 428
219 429
220 49
220 50
220 110
220 112
220 127
220 130
220 131
220 132
220 133
220 134
220 135
220 136
220 137
220 138
220 214
220 215
220 216
220 217
220 218
220 219
220 221
220 222
220 236
220 237
220 238
220 239
220 240
220 241
220 242
221 112
221 113
221 127
221 130
221 131
221 134
221 135
221 136
221 137
221 138
221 139
221 218
221 219
221 220
221 222
221 223
221 234
221 235
221 236
221 237
221 238
221 239
221 241
221 242
221 271
221 274
221 428
222 112
222 113
222 114
222 136
222 137
222 138
222 139
222 140
222 156
222 219
222 220
222 221
222 223
222 224
222 225
222 233
222 234
222 235
222 236
222 237
222 238
222 271
222 369
222 370
222 428
222 429
222 430
222 431
222 432
223 137
223 138
223 139
223 140
223 221
223 222
223 224
223 225
223 226
223 232
223 233
223 234
223 235
223 236
223 237
223 269
223 270
223 271
223 369
223 370
223 428
223 431
224 138
224 139
224 140
224 152
224 156
224 222
224 223
224 225
224 226
224 227
224 231
224 232
224 233
224 234
224 235
224 236
224 269
224 270
224 271
224 369
224 370
224 431
225 222
225 223
225 224
225 226
225 227
225 231
225 232
225 233
225 234
225 235
225 270
225 271
225 368
225 369
225 370
225 431
225 476
225 477
225 478
225 479
226 223
226 224
226 225
226 227
226 228
226 229
226 230
226 231
226 232
226 233
226 234
226 235
226 369
226 470
226 471
226 476
226 477
226 478
226 479
226 480
226 481
226 482
227 224
227 225
227 226
227 228
227 229
227 230
227 231
227 232
227 233
227 437
227 468
227 469
227 470
227 471
227 477
227 478
227 479
227 480
227 481
227 482
228 226
228 227
228 229
228 230
228 231
228 232
228 450
228 466
228 467
228 468
228 469
228 470
228 471
228 478
228 479
228 480
228 481
228 482
229 226
229 227
229 228
229 230
229 231
229 232
229 468
229 469
229 470
229 479
229 480
229 481
229 482
230 226
230 227
230 228
230 229
230 231
230 232
230 233
230 479
230 480
230 481
230 482
230 484
230 485
231 148
231 151
231 152
231 224
231 225
231 226
231 227
231 228
231 229
231 230
231 232
231 233
231 478
231 479
231 480
231 481
231 482
231 485
232 148
232 151
232 152
232 155
232 223
232 224
232 225
232 226
232 227
232 228
232 229
232 230
232 231
232 233
232 234
232 235
232 477
232 478
232 479
232 481
232 482
233 152
233 155
233 156
233 222
233 223
233 224
233 225
233 226
233 227
233 230
233 231
233 232
233 234
233 235
233 236
233 430
233 431
233 432
233 433
233 434
233 437
234 138
234 152
234 155
234 156
234 221
234 222
234 223
234 224
234 225
234 226
234 232
234 233
234 235
234 236
234 237
234 369
234 370
234 430
234 431
234 432
234 433
234 434
235 138
235 221
235 222
235 223
235 224
235 225
235 226
235 232
235 233
235 234
235 236
235 237
235 369
235 370
235 371
235 427
235 428
235 429
235 430
235 431
235 432
235 433
235 434
235 438
236 136
236 138
236 219
236 220
236 221
236 222
236 223
236 224
236 233
236 234
236 235
236 237
236 238
236 369
236 370
236 427
236 428
236 429
236 430
236 431
236 432
236 433
237 136
237 217
237 218
237 219
237 220
237 221
237 222
237 223
237 234
237 235
237 236
237 238
237 239
237 240
237 241
237 242
237 369
237 370
237 371
237 372
237 425
237 426
237 427
237 428
237 429
237 430
237 431
237 432
238 48
238 136
238 214
238 215
238 216
238 217
238 218
238 219
238 220
238 221
238 222
238 236
238 237
238 239
238 240
238 241
238 242
238 243
238 425
238 426
238 427
238 428
238 429
238 430
239 47
239 48
239 49
239 50
239 131
239 134
239 214
239 215
239 216
239 217
239 218
239 219
239 220
239 221
239 237
239 238
239 240
239 241
239 242
239 243
239 244
239 425
239 426
239 428
240 44
240 45
240 47
240 48
240 49
240 50
240 215
240 216
240 217
240 218
240 219
240 220
240 237
240 238
240 239
240 241
240 242
240 243
240 244
240 245
240 424
240 425
240 426
240 427
240 428
240 429
241 50
241 216
241 217
241 219
241 220
241 221
241 237
241 238
241 239
241 240
241 242
241 243
241 244
241 245
241 274
241 275
241 279
241 370
241 371
241 372
241 373
241 424
241 425
241 426
241 427
241 428
241 429
242 48
242 49
242 50
242 54
242 216
242 220
242 221
242 237
242 238
242 239
242 240
242 241
242 243
242 244
242 245
242 246
242 274
242 275
242 278
242 279
242 280
242 283
242 372
242 425
242 426
243 38
243 39
243 44
243 45
243 48
243 49
243 50
243 53
243 54
243 216
243 238
243 239
243 240
243 241
243 242
243 244
243 245
243 246
243 247
243 250
243 279
243 280
243 283
243 425
243 426
244 39
244 41
244 44
244 239
244 240
244 241
244 242
244 243
244 245
244 246
244 247
244 248
244 249
244 250
244 251
244 275
244 279
244 280
244 283
244 372
244 373
244 393
244 394
244 424
244 425
244 426
244 427
245 38
245 39
245 240
245 241
245 242
245 243
245 244
245 246
245 247
245 248
245 249
245 250
245 251
245 252
245 253
245 254
245 275
245 276
245 279
245 280
245 281
245 282
245 283
245 284
245 373
245 393
245 394
245 426
246 35
246 36
246 37
246 38
246 39
246 40
246 41
246 54
246 242
246 243
246 244
246 245
246 247
246 248
246 249
246 250
246 251
246 279
246 280
246 283
246 284
247 37
247 38
247 39
247 40
247 41
247 42
247 43
247 44
247 243
247 244
247 245
247 246
247 248
247 249
247 250
247 251
247 252
247 393
247 394
248 38
248 39
248 40
248 41
248 244
248 245
248 246
248 247
248 249
248 250
248 251
248 252
248 253
248 393
248 394
249 39
249 40
249 41
249 244
249 245
249 246
249 247
249 248
249 250
249 251
249 252
249 253
249 392
249 393
249 394
250 41
250 243
250 244
250 245
250 246
250 247
250 248
250 249
250 251
250 252
250 253
250 254
250 255
250 280
250 373
250 392
250 393
250 394
251 38
251 244
251 245
251 246
251 247
251 248
251 249
251 250
251 252
251 253
251 254
251 255
251 256
251 280
251 283
251 284
251 393
252 245
252 247
252 248
252 249
252 250
252 251
252 253
252 254
252 255
252 256
252 378
252 379
252 392
252 393
253 245
253 248
253 249
253 250
253 251
253 252
253 254
253 255
253 256
253 376
253 377
253 378
253 379
253 380
253 381
253 392
253 393
254 245
254 250
254 251
254 252
254 253
254 255
254 256
254 257
254 280
254 281
254 284
254 312
254 338
254 340
254 363
254 376
254 377
254 378
254 379
255 250
255 251
255 252
255 253
255 254
255 256
255 257
255 260
255 284
255 378
255 379
256 251
256 252
256 253
256 254
256 255
256 257
256 258
256 259
256 260
256 261
256 262
256 280
256 281
256 282
256 283
256 284
256 285
256 286
256 311
256 312
257 34
257 35
257 254
257 255
257 256
257 258
257 259
257 260
257 261
257 262
257 281
257 284
257 285
257 286
257 287
257 311
258 34
258 35
258 67
258 68
258 69
258 70
258 71
258 72
258 256
258 257
258 259
258 260
258 261
258 281
258 282
258 283
258 284
258 285
258 286
258 287
259 67
259 68
259 69
259 70
259 71
259 256
259 257
259 258
259 260
259 261
259 262
259 284
259 285
259 286
259 287
259 311
260 70
260 255
260 256
260 257
260 258
260 259
260 261
260 262
260 263
260 281
260 284
260 285
260 286
260 287
260 288
260 289
260 309
260 310
260 311
260 312
260 335
260 336
260 337
261 70
261 71
261 72
261 73
261 74
261 256
261 257
261 258
261 259
261 260
261 262
261 263
261 281
261 285
261 286
261 287
261 288
261 289
261 308
261 309
261 310
261 311
261 312
261 313
261 335
261 336
262 73
262 74
262 256
262 257
262 259
262 260
262 261
262 263
262 264
262 265
262 276
262 277
262 280
262 281
262 282
262 286
262 287
262 288
262 289
262 290
262 309
262 310
262 311
262 312
262 313
262 314
262 336
262 338
263 74
263 260
263 261
263 262
263 264
263 265
263 266
263 276
263 277
263 281
263 287
263 288
263 289
263 290
263 291
263 304
263 305
263 309
263 310
263 311
263 312
263 313
263 314
263 315
263 339
264 262
264 263
264 265
264 266
264 267
264 272
264 273
264 275
264 276
264 277
264 278
264 281
264 288
264 289
264 290
264 291
264 312
264 313
264 314
264 315
264 316
264 339
264 340
264 341
265 119
265 262
265 263
265 264
265 266
265 267
265 268
265 272
265 273
265 276
265 277
265 289
265 290
265 291
265 292
265 293
265 301
265 313
265 314
265 315
265 316
265 319
265 341
266 119
266 263
266 264
266 265
266 267
266 268
266 269
266 270
266 271
266 272
266 273
266 274
266 276
266 277
266 290
266 314
266 315
266 316
266 475
267 117
267 118
267 119
267 139
267 140
267 141
267 142
267 143
267 264
267 265
267 266
267 268
267 269
267 270
267 271
267 272
267 273
267 475
267 476
268 115
268 116
268 117
268 118
268 119
268 120
268 123
268 124
268 139
268 140
268 141
268 142
268 265
268 266
268 267
268 269
268 270
268 271
268 272
268 273
268 274
268 277
269 114
269 115
269 116
269 117
269 118
269 119
269 123
269 138
269 139
269 140
269 141
269 142
269 143
269 223
269 224
269 266
269 267
269 268
269 270
269 271
269 272
269 273
269 274
270 138
270 139
270 140
270 141
270 223
270 224
270 225
270 266
270 267
270 268
270 269
270 271
270 272
270 273
270 274
270 275
270 368
270 369
270 475
270 476
270 477
271 139
271 140
271 221
271 222
271 223
271 224
271 225
271 266
271 267
271 268
271 269
271 270
271 272
271 273
271 274
271 275
271 276
271 277
271 367
271 368
271 369
271 370
271 371
271 372
271 373
272 264
272 265
272 266
272 267
272 268
272 269
272 270
272 271
272 273
272 274
272 275
272 276
272 277
272 278
272 279
272 314
272 315
272 342
272 343
272 367
272 368
272 369
272 372
272 373
273 119
273 123
273 124
273 139
273 264
273 265
273 266
273 267
273 268
273 269
273 270
273 271
273 272
273 274
273 275
273 276
273 277
273 278
273 279
274 124
274 127
274 139
274 221
274 241
274 242
274 266
274 268
274 269
274 270
274 271
274 272
274 273
274 275
274 276
274 277
274 278
274 279
274 280
274 372
275 241
275 242
275 244
275 245
275 264
275 270
275 271
275 272
275 273
275 274
275 276
275 277
275 278
275 279
275 280
275 281
275 282
275 372
275 373
276 245
276 262
276 263
276 264
276 265
276 266
276 271
276 272
276 273
276 274
276 275
276 277
276 278
276 279
276 280
276 281
276 282
276 288
276 314
276 372
276 373
277 73
277 124
277 262
277 263
277 264
277 265
277 266
277 268
277 271
277 272
277 273
277 274
277 275
277 276
277 278
277 279
277 280
277 281
277 282
277 287
277 288
277 289
277 290
277 314
278 73
278 123
278 124
278 127
278 128
278 242
278 264
278 272
278 273
278 274
278 275
278 276
278 277
278 279
278 280
278 281
278 282
278 283
278 287
278 288
279 50
279 51
279 54
279 55
279 128
279 241
279 242
279 243
279 244
279 245
279 246
279 272
279 273
279 274
279 275
279 276
279 277
279 278
279 280
279 281
279 282
279 283
279 284
279 285
279 288
280 242
280 243
280 244
280 245
280 246
280 250
280 251
280 254
280 256
280 262
280 274
280 275
280 276
280 277
280 278
280 279
280 281
280 282
280 283
280 284
280 285
280 286
280 288
281 72
281 73
281 245
281 254
281 256
281 257
281 258
281 260
281 261
281 262
281 263
281 264
281 275
281 276
281 277
281 278
281 279
281 280
281 282
281 283
281 284
281 285
281 286
281 287
281 288
281 289
281 312
282 35
282 36
282 50
282 54
282 55
282 58
282 72
282 73
282 87
282 245
282 256
282 258
282 262
282 275
282 276
282 277
282 278
282 279
282 280
282 281
282 283
282 284
282 285
282 286
282 287
282 288
283 35
283 36
283 37
283 38
283 50
283 53
283 54
283 55
283 57
283 58
283 242
283 243
283 244
283 245
283 246
283 251
283 256
283 258
283 278
283 279
283 280
283 281
283 282
283 284
283 285
283 286
284 34
284 35
284 36
284 37
284 54
284 58
284 245
284 246
284 251
284 254
284 255
284 256
284 257
284 258
284 259
284 260
284 279
284 280
284 281
284 282
284 283
284 285
284 286
284 287
285 34
285 35
285 36
285 54
285 55
285 57
285 58
285 59
285 61
285 67
285 68
285 70
285 71
285 72
285 87
285 256
285 257
285 258
285 259
285 260
285 261
285 279
285 280
285 281
285 282
285 283
285 284
285 286
285 287
285 288
286 35
286 70
286 71
286 72
286 73
286 256
286 257
286 258
286 259
286 260
286 261
286 262
286 280
286 281
286 282
286 283
286 284
286 285
286 287
286 288
286 289
287 70
287 71
287 72
287 73
287 74
287 84
287 85
287 86
287 87
287 257
287 258
287 259
287 260
287 261
287 262
287 263
287 277
287 278
287 281
287 282
287 284
287 285
287 286
287 288
287 289
287 290
287 310
287 311
288 71
288 72
288 73
288 74
288 75
288 84
288 85
288 260
288 261
288 262
288 263
288 264
288 276
288 277
288 278
288 279
288 280
288 281
288 282
288 285
288 286
288 287
288 289
288 290
288 310
288 312
289 71
289 72
289 73
289 74
289 75
289 76
289 84
289 260
289 261
289 262
289 263
289 264
289 265
289 277
289 281
289 286
289 287
289 288
289 290
289 291
289 308
289 309
289 310
289 312
289 313
290 73
290 74
290 75
290 76
290 77
290 82
290 83
290 119
290 120
290 121
290 262
290 263
290 264
290 265
290 266
290 277
290 287
290 288
290 289
290 291
290 292
290 293
291 74
291 75
291 76
291 77
291 78
291 82
291 119
291 120
291 121
291 263
291 264
291 265
291 289
291 290
291 292
291 293
291 294
291 300
291 301
291 304
292 75
292 76
292 77
292 78
292 79
292 118
292 119
292 120
292 121
292 265
292 290
292 291
292 293
292 294
292 295
292 296
293 76
293 77
293 78
293 118
293 119
293 120
293 265
293 290
293 291
293 292
293 294
293 295
293 296
293 297
293 300
293 301
294 77
294 78
294 118
294 119
294 120
294 291
294 292
294 293
294 295
294 296
294 297
295 292
295 293
295 294
295 296
295 297
295 298
295 300
296 292
296 293
296 294
296 295
296 297
296 298
296 299
296 300
296 301
296 319
297 293
297 294
297 295
297 296
297 298
297 299
297 300
297 301
297 302
297 319
297 322
297 323
298 295
298 296
298 297
298 299
298 300
298 301
298 302
298 303
298 304
298 319
298 320
298 321
298 322
298 323
298 324
298 325
298 326
299 296
299 297
299 298
299 300
299 301
299 302
299 303
299 304
299 305
299 322
299 323
299 326
299 327
300 78
300 291
300 293
300 295
300 296
300 297
300 298
300 299
300 301
300 302
300 303
300 304
300 305
300 306
301 265
301 291
301 293
301 296
301 297
301 298
301 299
301 300
301 302
301 303
301 304
301 305
301 306
301 307
301 319
301 323
302 297
302 298
302 299
302 300
302 301
302 303
302 304
302 305
302 306
302 307
302 323
302 326
302 331
302 333
303 78
303 298
303 299
303 300
303 301
303 302
303 304
303 305
303 306
303 307
303 308
303 333
304 76
304 78
304 263
304 291
304 298
304 299
304 300
304 301
304 302
304 303
304 305
304 306
304 307
304 308
304 309
304 310
304 333
305 263
305 299
305 300
305 301
305 302
305 303
305 304
305 306
305 307
305 308
305 309
305 310
305 311
305 312
305 313
305 332
305 333
305 334
305 335
305 336
306 300
306 301
306 302
306 303
306 304
306 305
306 307
306 308
306 309
306 310
306 331
306 332
306 333
306 334
306 335
306 336
307 301
307 302
307 303
307 304
307 305
307 306
307 308
307 309
307 310
307 333
307 334
307 335
308 261
308 289
308 303
308 304
308 305
308 306
308 307
308 309
308 310
308 311
308 333
308 334
308 335
308 336
309 260
309 261
309 262
309 263
309 289
309 304
309 305
309 306
309 307
309 308
309 310
309 311
309 312
309 333
309 334
309 335
309 336
310 260
310 261
310 262
310 263
310 287
310 288
310 289
310 304
310 305
310 306
310 307
310 308
310 309
310 311
310 312
310 313
310 333
310 334
310 335
310 336
310 337
310 338
311 256
311 257
311 259
311 260
311 261
311 262
311 263
311 287
311 305
311 308
311 309
311 310
311 312
311 313
311 333
311 334
311 335
311 336
311 337
311 338
311 339
312 254
312 256
312 260
312 261
312 262
312 263
312 264
312 281
312 288
312 289
312 305
312 309
312 310
312 311
312 313
312 314
312 335
312 336
312 337
312 338
312 339
312 340
313 261
313 262
313 263
313 264
313 265
313 289
313 305
313 310
313 311
313 312
313 314
313 315
313 336
313 337
313 338
313 339
313 340
313 341
313 362
314 262
314 263
314 264
314 265
314 266
314 272
314 276
314 277
314 312
314 313
314 315
314 316
314 317
314 319
314 320
314 338
314 339
314 340
314 341
314 342
314 362
314 363
314 364
314 365
315 263
315 264
315 265
315 266
315 272
315 313
315 314
315 316
315 317
315 318
315 319
315 320
315 339
315 340
315 341
315 342
315 343
315 362
315 475
316 264
316 265
316 266
316 314
316 315
316 317
316 318
316 319
316 320
316 321
316 340
316 341
316 342
316 343
316 344
316 345
316 346
316 364
316 365
316 474
316 475
316 476
316 506
317 314
317 315
317 316
317 318
317 319
317 320
317 321
317 322
317 340
317 341
317 342
317 343
317 344
317 345
317 346
317 347
317 350
317 351
317 362
317 364
317 474
317 475
317 505
317 506
317 507
318 315
318 316
318 317
318 319
318 320
318 321
318 322
318 323
318 324
318 341
318 342
318 343
318 344
318 345
318 346
318 347
318 350
318 473
318 474
318 475
318 504
318 505
318 506
318 507
318 508
319 265
319 296
319 297
319 298
319 301
319 314
319 315
319 316
319 317
319 318
319 320
319 321
319 322
319 323
319 324
319 325
319 341
319 474
319 475
319 505
319 506
320 298
320 314
320 315
320 316
320 317
320 318
320 319
320 321
320 322
320 323
320 324
320 325
320 339
320 340
320 341
320 346
320 350
320 351
320 353
320 354
320 362
320 505
321 298
321 316
321 317
321 318
321 319
321 320
321 322
321 323
321 324
321 325
321 326
321 346
321 347
321 349
321 350
321 351
321 353
321 354
321 504
321 505
321 506
321 507
322 297
322 298
322 299
322 317
322 318
322 319
322 320
322 321
322 323
322 324
322 325
322 326
322 505
322 506
323 297
323 298
323 299
323 301
323 302
323 318
323 319
323 320
323 321
323 322
323 324
323 325
323 326
323 327
323 328
323 354
324 298
324 318
324 319
324 320
324 321
324 322
324 323
324 325
324 326
324 327
324 328
324 329
324 350
324 353
324 354
324 357
324 358
325 298
325 319
325 320
325 321
325 322
325 323
325 324
325 326
325 327
325 328
325 505
326 298
326 299
326 302
326 321
326 322
326 323
326 324
326 325
326 327
326 328
326 329
327 299
327 323
327 324
327 325
327 326
327 328
327 329
327 330
328 323
328 324
328 325
328 326
328 327
328 329
328 330
328 331
328 357
329 324
329 326
329 327
329 328
329 330
329 331
329 356
329 357
329 358
330 327
330 328
330 329
330 331
330 332
330 354
330 355
330 356
330 357
330 358
330 359
331 302
331 306
331 328
331 329
331 330
331 332
331 333
331 334
331 354
331 356
331 357
331 358
331 359
332 305
332 306
332 330
332 331
332 333
332 334
332 335
332 336
332 357
332 358
332 359
332 360
333 302
333 303
333 304
333 305
333 306
333 307
333 308
333 309
333 310
333 311
333 331
333 332
333 334
333 335
333 336
333 337
333 358
333 359
333 360
334 305
334 306
334 307
334 308
334 309
334 310
334 311
334 331
334 332
334 333
334 335
334 336
334 337
335 260
335 261
335 305
335 306
335 307
335 308
335 309
335 310
335 311
335 312
335 332
335 333
335 334
335 336
335 337
335 338
336 260
336 261
336 262
336 305
336 306
336 308
336 309
336 310
336 311
336 312
336 313
336 332
336 333
336 334
336 335
336 337
336 338
336 339
336 358
336 360
337 260
337 310
337 311
337 312
337 313
337 333
337 334
337 335
337 336
337 338
337 339
337 359
337 360
337 361
338 254
338 262
338 310
338 311
338 312
338 313
338 314
338 335
338 336
338 337
338 339
338 340
338 360
338 361
338 362
338 363
338 378
338 379
339 263
339 264
339 311
339 312
339 313
339 314
339 315
339 320
339 336
339 337
339 338
339 340
339 341
339 354
339 360
339 361
339 362
339 363
339 364
339 378
340 254
340 264
340 312
340 313
340 314
340 315
340 316
340 317
340 320
340 338
340 339
340 341
340 342
340 361
340 362
340 363
340 364
340 365
340 376
340 377
340 378
341 264
341 265
341 313
341 314
341 315
341 316
341 317
341 318
341 319
341 320
341 339
341 340
341 342
341 343
341 344
341 345
341 346
341 362
341 363
341 364
341 365
341 366
341 376
341 377
341 388
342 272
342 314
342 315
342 316
342 317
342 318
342 340
342 341
342 343
342 344
342 345
342 346
342 362
342 363
342 364
342 365
342 366
342 367
342 368
342 373
342 376
342 388
342 475
343 272
343 315
343 316
343 317
343 318
343 341
343 342
343 344
343 345
343 346
343 364
343 365
343 366
343 367
343 368
343 472
343 473
343 474
343 475
343 476
343 477
344 316
344 317
344 318
344 341
344 342
344 343
344 345
344 346
344 347
344 364
344 365
344 366
344 367
344 388
344 463
344 472
344 473
344 474
344 475
344 476
344 477
344 506
344 507
344 508
345 316
345 317
345 318
345 341
345 342
345 343
345 344
345 346
345 347
345 348
345 364
345 365
345 366
345 386
345 387
345 388
345 462
345 463
345 464
345 465
345 472
345 475
345 507
345 508
346 316
346 317
346 318
346 320
346 321
346 341
346 342
346 343
346 344
346 345
346 347
346 348
346 349
346 350
346 351
346 362
346 363
346 364
346 365
346 385
346 386
346 387
346 388
346 507
347 317
347 318
347 321
347 344
347 345
347 346
347 348
347 349
347 350
347 351
347 352
347 353
347 385
347 386
347 387
347 507
348 345
348 346
348 347
348 349
348 350
348 351
348 352
348 353
348 354
348 384
348 385
348 386
348 387
349 321
349 346
349 347
349 348
349 350
349 351
349 352
349 353
349 354
349 355
349 385
350 317
350 318
350 320
350 321
350 324
350 346
350 347
350 348
350 349
350 351
350 352
350 353
350 354
350 355
350 356
350 361
350 362
351 317
351 320
351 321
351 346
351 347
351 348
351 349
351 350
351 352
351 353
351 354
351 355
351 356
351 360
351 361
351 362
351 363
351 364
351 383
351 385
351 386
352 347
352 348
352 349
352 350
352 351
352 353
352 354
352 355
352 356
352 357
352 359
352 360
352 361
352 362
352 385
353 320
353 321
353 324
353 347
353 348
353 349
353 350
353 351
353 352
353 354
353 355
353 356
353 357
353 358
353 359
353 360
353 361
354 320
354 321
354 323
354 324
354 330
354 331
354 339
354 348
354 349
354 350
354 351
354 352
354 353
354 355
354 356
354 357
354 358
354 359
354 360
354 361
354 362
355 330
355 349
355 350
355 351
355 352
355 353
355 354
355 356
355 357
355 358
355 359
355 360
355 361
355 362
356 329
356 330
356 331
356 350
356 351
356 352
356 353
356 354
356 355
356 357
356 358
356 359
356 360
356 361
357 324
357 328
357 329
357 330
357 331
357 332
357 352
357 353
357 354
357 355
357 356
357 358
357 359
357 360
358 324
358 329
358 330
358 331
358 332
358 333
358 336
358 353
358 354
358 355
358 356
358 357
358 359
358 360
358 361
359 330
359 331
359 332
359 333
359 337
359 352
359 353
359 354
359 355
359 356
359 357
359 358
359 360
359 361
360 332
360 333
360 336
360 337
360 338
360 339
360 351
360 352
360 353
360 354
360 355
360 356
360 357
360 358
360 359
360 361
360 362
360 363
361 337
361 338
361 339
361 340
361 350
361 351
361 352
361 353
361 354
361 355
361 356
361 358
361 359
361 360
361 362
361 363
361 364
361 378
361 379
361 383
362 313
362 314
362 315
362 317
362 320
362 338
362 339
362 340
362 341
362 342
362 346
362 350
362 351
362 352
362 354
362 355
362 360
362 361
362 363
362 364
362 365
362 377
362 378
362 379
362 383
363 254
363 314
363 338
363 339
363 340
363 341
363 342
363 346
363 351
363 360
363 361
363 362
363 364
363 365
363 376
363 377
363 378
363 379
363 381
363 383
363 388
363 389
364 314
364 316
364 317
364 339
364 340
364 341
364 342
364 343
364 344
364 345
364 346
364 351
364 361
364 362
364 363
364 365
364 366
364 375
364 376
364 377
364 378
364 383
364 385
364 386
364 387
364 388
364 389
365 314
365 316
365 340
365 341
365 342
365 343
365 344
365 345
365 346
365 362
365 363
365 364
365 366
365 367
365 372
365 373
365 374
365 375
365 376
365 377
365 378
365 387
365 388
365 389
365 390
365 392
366 341
366 342
366 343
366 344
366 345
366 364
366 365
366 367
366 368
366 371
366 372
366 373
366 374
366 375
366 376
366 377
366 387
366 388
366 389
366 390
366 391
366 392
366 461
366 463
367 271
367 272
367 342
367 343
367 344
367 365
367 366
367 368
367 369
367 370
367 371
367 372
367 373
367 374
367 375
367 376
367 388
367 449
368 225
368 270
368 271
368 272
368 342
368 343
368 366
368 367
368 369
368 370
368 371
368 372
368 373
368 374
368 449
368 477
369 222
369 223
369 224
369 225
369 226
369 234
369 235
369 236
369 237
369 270
369 271
369 272
369 367
369 368
369 370
369 371
369 372
369 373
369 427
369 428
369 477
370 222
370 223
370 224
370 225
370 234
370 235
370 236
370 237
370 241
370 271
370 367
370 368
370 369
370 371
370 372
370 373
370 426
370 427
370 428
370 429
370 430
370 431
370 447
370 449
371 235
371 237
371 241
371 271
371 366
371 367
371 368
371 369
371 370
371 372
371 373
371 374
371 395
371 417
371 424
371 425
371 426
371 427
371 428
371 429
371 447
371 449
372 237
372 241
372 242
372 244
372 271
372 272
372 274
372 275
372 276
372 365
372 366
372 367
372 368
372 369
372 370
372 371
372 373
372 374
372 375
372 426
372 427
372 428
373 241
373 244
373 245
373 250
373 271
373 272
373 275
373 276
373 342
373 365
373 366
373 367
373 368
373 369
373 370
373 371
373 372
373 374
373 375
373 376
373 391
373 392
373 393
373 394
373 395
373 426
373 427
374 365
374 366
374 367
374 368
374 371
374 372
374 373
374 375
374 376
374 388
374 389
374 390
374 391
374 392
374 393
374 394
374 395
374 396
374 397
374 415
374 416
374 417
374 426
374 427
374 449
375 364
375 365
375 366
375 367
375 372
375 373
375 374
375 376
375 377
375 378
375 387
375 388
375 389
375 390
375 391
375 392
375 393
375 395
375 396
375 397
375 460
375 461
376 253
376 254
376 340
376 341
376 342
376 363
376 364
376 365
376 366
376 367
376 373
376 374
376 375
376 377
376 378
376 379
376 381
376 383
376 387
376 388
376 389
376 390
376 391
376 392
376 460
376 461
377 253
377 254
377 340
377 341
377 362
377 363
377 364
377 365
377 366
377 375
377 376
377 378
377 379
377 380
377 381
377 382
377 383
377 384
377 387
377 388
377 389
377 390
377 391
377 392
377 460
378 252
378 253
378 254
378 255
378 338
378 339
378 340
378 361
378 362
378 363
378 364
378 365
378 375
378 376
378 377
378 379
378 380
378 381
378 382
378 383
378 389
378 390
378 392
379 252
379 253
379 254
379 255
379 338
379 361
379 362
379 363
379 376
379 377
379 378
379 380
379 381
379 382
379 383
380 253
380 377
380 378
380 379
380 381
380 382
380 383
381 253
381 363
381 376
381 377
381 378
381 379
381 380
381 382
381 383
381 384
381 389
381 390
382 377
382 378
382 379
382 380
382 381
382 383
382 384
382 385
382 389
383 351
383 361
383 362
383 363
383 364
383 376
383 377
383 378
383 379
383 380
383 381
383 382
383 384
383 385
383 386
383 387
383 388
383 389
383 460
384 348
384 377
384 381
384 382
384 383
384 385
384 386
384 387
384 388
384 389
384 460
384 461
384 462
385 346
385 347
385 348
385 349
385 351
385 352
385 364
385 382
385 383
385 384
385 386
385 387
385 388
385 389
385 462
386 345
386 346
386 347
386 348
386 351
386 364
386 383
386 384
386 385
386 387
386 388
386 389
386 460
386 461
386 462
386 463
386 464
387 345
387 346
387 347
387 348
387 364
387 365
387 366
387 375
387 376
387 377
387 383
387 384
387 385
387 386
387 388
387 389
387 390
387 453
387 454
387 455
387 456
387 460
387 461
387 462
387 463
387 464
388 341
388 342
388 344
388 345
388 346
388 363
388 364
388 365
388 366
388 367
388 374
388 375
388 376
388 377
388 383
388 384
388 385
388 386
388 387
388 389
388 390
388 391
388 460
388 461
388 462
388 463
389 363
389 364
389 365
389 366
389 374
389 375
389 376
389 377
389 378
389 381
389 382
389 383
389 384
389 385
389 386
389 387
389 388
389 390
389 391
389 392
389 455
389 458
389 459
389 460
389 461
389 462
389 463
390 365
390 366
390 374
390 375
390 376
390 377
390 378
390 381
390 387
390 388
390 389
390 391
390 392
390 393
390 396
390 397
390 455
390 456
390 458
390 459
390 460
390 461
390 462
391 366
391 373
391 374
391 375
391 376
391 377
391 388
391 389
391 390
391 392
391 393
391 394
391 395
391 396
391 397
391 398
391 417
391 459
391 460
391 461
392 249
392 250
392 252
392 253
392 365
392 366
392 373
392 374
392 375
392 376
392 377
392 378
392 389
392 390
392 391
392 393
392 394
392 395
392 396
392 397
393 41
393 244
393 245
393 247
393 248
393 249
393 250
393 251
393 252
393 253
393 373
393 374
393 375
393 390
393 391
393 392
393 394
393 395
393 396
393 397
393 424
393 426
394 41
394 42
394 244
394 245
394 247
394 248
394 249
394 250
394 373
394 374
394 391
394 392
394 393
394 395
394 396
394 397
394 417
394 418
394 423
394 424
394 425
394 426
394 427
395 371
395 373
395 374
395 375
395 391
395 392
395 393
395 394
395 396
395 397
395 398
395 416
395 417
395 418
395 419
395 423
395 424
395 425
395 426
395 427
396 374
396 375
396 390
396 391
396 392
396 393
396 394
396 395
396 397
396 398
396 416
396 417
396 418
396 419
396 424
396 446
397 374
397 375
397 390
397 391
397 392
397 393
397 394
397 395
397 396
397 398
397 399
397 400
397 406
397 415
397 416
397 417
397 418
397 419
397 446
397 447
397 455
397 459
397 461
398 391
398 395
398 396
398 397
398 399
398 400
398 401
398 404
398 405
398 406
398 407
398 408
398 409
398 413
398 414
398 415
398 416
398 417
398 418
398 446
398 448
398 453
398 454
398 455
398 459
398 461
399 397
399 398
399 400
399 401
399 404
399 405
399 406
399 407
399 408
399 409
399 410
399 411
399 412
399 413
399 414
399 415
399 416
399 417
399 446
399 448
399 451
399 452
399 453
399 454
399 455
399 456
399 461
400 397
400 398
400 399
400 401
400 402
400 403
400 404
400 405
400 406
400 407
400 408
400 411
400 412
400 413
400 414
400 415
400 416
400 417
400 443
400 444
400 446
400 448
400 452
400 453
400 454
401 398
401 399
401 400
401 402
401 403
401 404
401 405
401 406
401 407
401 411
401 412
401 413
401 414
401 415
401 416
401 443
401 448
402 400
402 401
402 403
402 404
402 405
402 406
402 413
402 414
402 443
402 444
402 448
403 400
403 401
403 402
403 404
403 405
403 406
403 442
403 443
403 444
403 445
403 446
404 398
404 399
404 400
404 401
404 402
404 403
404 405
404 406
404 407
404 413
404 414
404 415
404 416
404 418
404 442
404 443
404 444
404 445
404 446
404 447
404 448
405 398
405 399
405 400
405 401
405 402
405 403
405 404
405 406
405 407
405 408
405 413
405 416
405 443
405 444
405 445
405 446
406 397
406 398
406 399
406 400
406 401
406 402
406 403
406 404
406 405
406 407
406 408
406 409
406 411
406 413
406 414
406 415
406 416
406 446
407 398
407 399
407 400
407 401
407 404
407 405
407 406
407 408
407 409
407 410
407 411
407 412
407 413
407 414
407 454
407 455
408 398
408 399
408 400
408 405
408 406
408 407
408 409
408 410
408 411
408 412
408 413
408 454
408 455
408 456
408 457
409 398
409 399
409 406
409 407
409 408
409 410
409 411
409 412
409 454
409 455
409 456
409 457
409 458
409 459
409 460
409 461
410 399
410 407
410 408
410 409
410 411
410 412
410 413
410 453
410 454
410 455
410 456
410 457
410 459
410 460
410 461
410 462
411 399
411 400
411 401
411 406
411 407
411 408
411 409
411 410
411 412
411 413
411 414
411 453
411 454
411 455
411 456
412 399
412 400
412 401
412 407
412 408
412 409
412 410
412 411
412 413
412 414
412 415
412 452
412 453
412 454
412 455
412 462
412 463
412 464
413 398
413 399
413 400
413 401
413 402
413 404
413 405
413 406
413 407
413 408
413 410
413 411
413 412
413 414
413 415
413 416
413 451
413 452
413 453
413 454
413 455
413 464
413 467
414 398
414 399
414 400
414 401
414 402
414 404
414 406
414 407
414 411
414 412
414 413
414 415
414 416
414 417
414 443
414 447
414 448
414 449
414 450
414 451
414 452
414 453
414 454
414 463
414 464
414 465
414 466
414 467
415 374
415 397
415 398
415 399
415 400
415 401
415 404
415 406
415 412
415 413
415 414
415 416
415 417
415 446
415 447
415 448
415 449
415 450
415 451
415 452
415 453
415 454
415 455
415 461
415 462
415 463
415 464
415 466
415 467
416 374
416 395
416 396
416 397
416 398
416 399
416 400
416 401
416 404
416 405
416 406
416 413
416 414
416 415
416 417
416 418
416 419
416 441
416 442
416 443
416 444
416 445
416 446
416 447
416 448
416 449
416 450
416 451
416 452
416 453
417 371
417 374
417 391
417 394
417 395
417 396
417 397
417 398
417 399
417 400
417 414
417 415
417 416
417 418
417 419
417 420
417 423
417 424
417 427
417 442
417 443
417 445
417 446
417 447
417 448
417 449
418 394
418 395
418 396
418 397
418 398
418 404
418 416
418 417
418 419
418 420
418 421
418 422
418 423
418 424
418 442
418 443
418 444
418 445
418 446
418 447
418 448
419 395
419 396
419 397
419 416
419 417
419 418
419 420
419 421
419 422
419 423
419 424
419 425
419 427
419 442
419 443
419 444
419 445
419 446
419 447
419 448
420 417
420 418
420 419
420 421
420 422
420 423
420 424
420 444
420 445
420 446
420 447
421 418
421 419
421 420
421 422
421 423
421 424
421 445
421 446
422 418
422 419
422 420
422 421
422 423
422 424
422 425
422 445
423 394
423 395
423 417
423 418
423 419
423 420
423 421
423 422
423 424
423 425
423 426
423 427
423 428
423 429
423 445
423 446
423 447
424 44
424 240
424 241
424 244
424 371
424 393
424 394
424 395
424 396
424 417
424 418
424 419
424 420
424 421
424 422
424 423
424 425
424 426
424 427
424 428
424 429
425 44
425 216
425 217
425 237
425 238
425 239
425 240
425 241
425 242
425 243
425 244
425 371
425 394
425 395
425 419
425 422
425 423
425 424
425 426
425 427
425 428
425 429
426 216
426 217
426 237
426 238
426 239
426 240
426 241
426 242
426 243
426 244
426 245
426 370
426 371
426 372
426 373
426 374
426 393
426 394
426 395
426 423
426 424
426 425
426 427
426 428
426 429
427 235
427 236
427 237
427 238
427 240
427 241
427 244
427 369
427 370
427 371
427 372
427 373
427 374
427 394
427 395
427 417
427 419
427 423
427 424
427 425
427 426
427 428
427 429
427 430
427 447
428 217
428 219
428 221
428 222
428 223
428 235
428 236
428 237
428 238
428 239
428 240
428 241
428 369
428 370
428 371
428 372
428 423
428 424
428 425
428 426
428 427
428 429
428 430
428 431
428 438
429 217
429 218
429 219
429 222
429 235
429 236
429 237
429 238
429 240
429 241
429 370
429 371
429 423
429 424
429 425
429 426
429 427
429 428
429 430
429 431
429 432
429 438
430 222
430 233
430 234
430 235
430 236
430 237
430 238
430 370
430 427
430 428
430 429
430 431
430 432
430 433
430 434
430 435
430 436
430 437
430 438
430 439
430 441
431 222
431 223
431 224
431 225
431 233
431 234
431 235
431 236
431 237
431 370
431 428
431 429
431 430
431 432
431 433
431 434
431 435
431 436
431 437
431 438
431 439
432 155
432 156
432 222
432 233
432 234
432 235
432 236
432 237
432 429
432 430
432 431
432 433
432 434
432 435
432 437
432 438
433 155
433 156
433 233
433 234
433 235
433 236
433 430
433 431
433 432
433 434
433 435
433 436
433 437
433 438
434 233
434 234
434 235
434 430
434 431
434 432
434 433
434 435
434 436
434 437
434 438
434 439
435 430
435 431
435 432
435 433
435 434
435 436
435 437
435 438
435 439
435 440
436 430
436 431
436 433
436 434
436 435
436 437
436 438
436 439
436 440
436 441
437 227
437 233
437 430
437 431
437 432
437 433
437 434
437 435
437 436
437 438
437 439
437 440
437 441
437 442
438 235
438 428
438 429
438 430
438 431
438 432
438 433
438 434
438 435
438 436
438 437
438 439
438 440
438 441
438 442
438 447
439 430
439 431
439 434
439 435
439 436
439 437
439 438
439 440
439 441
439 442
439 443
439 447
440 435
440 436
440 437
440 438
440 439
440 441
440 442
440 443
440 447
440 448
441 416
441 430
441 436
441 437
441 438
441 439
441 440
441 442
441 443
441 444
441 446
441 447
441 448
441 449
441 450
442 403
442 404
442 416
442 417
442 418
442 419
442 437
442 438
442 439
442 440
442 441
442 443
442 444
442 445
442 446
442 447
442 448
442 449
443 400
443 401
443 402
443 403
443 404
443 405
443 414
443 416
443 417
443 418
443 419
443 439
443 440
443 441
443 442
443 444
443 445
443 446
443 447
443 448
444 400
444 402
444 403
444 404
444 405
444 416
444 418
444 419
444 420
444 441
444 442
444 443
444 445
444 446
444 447
444 448
445 403
445 404
445 405
445 416
445 417
445 418
445 419
445 420
445 421
445 422
445 423
445 442
445 443
445 444
445 446
445 447
445 448
446 396
446 397
446 398
446 399
446 400
446 403
446 404
446 405
446 406
446 415
446 416
446 417
446 418
446 419
446 420
446 421
446 423
446 441
446 442
446 443
446 444
446 445
446 447
446 448
446 449
447 370
447 371
447 397
447 404
447 414
447 415
447 416
447 417
447 418
447 419
447 420
447 423
447 427
447 438
447 439
447 440
447 441
447 442
447 443
447 444
447 445
447 446
447 448
447 449
447 450
448 398
448 399
448 400
448 401
448 402
448 404
448 414
448 415
448 416
448 417
448 418
448 419
448 440
448 441
448 442
448 443
448 444
448 445
448 446
448 447
448 449
448 450
448 451
448 452
449 367
449 368
449 370
449 371
449 374
449 414
449 415
449 416
449 417
449 441
449 442
449 446
449 447
449 448
449 450
449 451
449 452
449 466
449 467
450 228
450 414
450 415
450 416
450 441
450 447
450 448
450 449
450 451
450 452
450 465
450 466
450 467
450 468
450 469
450 470
451 399
451 413
451 414
451 415
451 416
451 448
451 449
451 450
451 452
451 453
451 463
451 464
451 465
451 466
451 467
451 468
451 470
452 399
452 400
452 412
452 413
452 414
452 415
452 416
452 448
452 449
452 450
452 451
452 453
452 454
452 461
452 462
452 463
452 464
452 465
452 466
452 467
452 468
453 387
453 398
453 399
453 400
453 410
453 411
453 412
453 413
453 414
453 415
453 416
453 451
453 452
453 454
453 455
453 461
453 462
453 463
453 464
453 465
453 466
453 467
454 387
454 398
454 399
454 400
454 407
454 408
454 409
454 410
454 411
454 412
454 413
454 414
454 415
454 452
454 453
454 455
454 456
454 459
454 460
454 461
454 462
454 463
454 464
455 387
455 389
455 390
455 397
455 398
455 399
455 407
455 408
455 409
455 410
455 411
455 412
455 413
455 415
455 453
455 454
455 456
455 457
455 458
455 459
455 460
455 461
455 462
455 463
456 387
456 390
456 399
456 408
456 409
456 410
456 411
456 454
456 455
456 457
456 458
456 459
456 460
456 461
456 462
457 408
457 409
457 410
457 455
457 456
457 458
457 459
457 460
457 461
458 389
458 390
458 409
458 455
458 456
458 457
458 459
458 460
458 461
459 389
459 390
459 391
459 397
459 398
459 409
459 410
459 454
459 455
459 456
459 457
459 458
459 460
459 461
459 462
460 375
460 376
460 377
460 383
460 384
460 386
460 387
460 388
460 389
460 390
460 391
460 409
460 410
460 454
460 455
460 456
460 457
460 458
460 459
460 461
460 462
461 366
461 375
461 376
461 384
461 386
461 387
461 388
461 389
461 390
461 391
461 397
461 398
461 399
461 409
461 410
461 415
461 452
461 453
461 454
461 455
461 456
461 457
461 458
461 459
461 460
461 462
461 463
461 464
462 345
462 384
462 385
462 386
462 387
462 388
462 389
462 390
462 410
462 412
462 415
462 452
462 453
462 454
462 455
462 456
462 459
462 460
462 461
462 463
462 464
462 465
463 344
463 345
463 366
463 386
463 387
463 388
463 389
463 412
463 414
463 415
463 451
463 452
463 453
463 454
463 455
463 461
463 462
463 464
463 465
463 466
464 345
464 386
464 387
464 412
464 413
464 414
464 415
464 451
464 452
464 453
464 454
464 461
464 462
464 463
464 465
464 466
464 467
465 345
465 414
465 450
465 451
465 452
465 453
465 462
465 463
465 464
465 466
465 467
465 468
465 470
465 471
465 472
466 228
466 414
466 415
466 449
466 450
466 451
466 452
466 453
466 463
466 464
466 465
466 467
466 468
466 469
466 470
466 471
466 472
467 228
467 413
467 414
467 415
467 449
467 450
467 451
467 452
467 453
467 464
467 465
467 466
467 468
467 469
467 470
467 566
468 227
468 228
468 229
468 450
468 451
468 452
468 465
468 466
468 467
468 469
468 470
468 471
468 479
468 565
468 566
469 227
469 228
469 229
469 450
469 466
469 467
469 468
469 470
469 471
469 478
469 479
469 480
469 481
469 498
469 499
469 500
469 565
469 566
469 569
470 226
470 227
470 228
470 229
470 450
470 451
470 465
470 466
470 467
470 468
470 469
470 471
470 472
470 473
470 476
470 477
470 478
470 479
470 480
470 481
470 498
470 499
470 500
471 226
471 227
471 228
471 465
471 466
471 468
471 469
471 470
471 472
471 473
471 474
471 475
471 476
471 477
471 478
471 479
471 480
471 498
471 499
471 500
471 501
471 508
471 509
471 510
471 511
471 544
472 343
472 344
472 345
472 465
472 466
472 470
472 471
472 473
472 474
472 475
472 476
472 477
472 478
472 479
472 500
472 501
472 506
472 507
472 508
472 509
472 510
473 318
473 343
473 344
473 470
473 471
473 472
473 474
473 475
473 476
473 477
473 478
473 500
473 501
473 502
473 503
473 506
473 507
473 508
473 509
473 510
473 543
473 544
474 316
474 317
474 318
474 319
474 343
474 344
474 471
474 472
474 473
474 475
474 476
474 477
474 505
474 506
474 507
474 508
474 509
474 543
475 266
475 267
475 270
475 315
475 316
475 317
475 318
475 319
475 342
475 343
475 344
475 345
475 471
475 472
475 473
475 474
475 476
475 477
475 478
475 506
475 507
475 508
475 543
476 225
476 226
476 267
476 270
476 316
476 343
476 344
476 470
476 471
476 472
476 473
476 474
476 475
476 477
476 478
476 479
476 543
476 544
477 225
477 226
477 227
477 232
477 270
477 343
477 344
477 368
477 369
477 470
477 471
477 472
477 473
477 474
477 475
477 476
477 478
477 479
477 480
477 543
477 544
478 225
478 226
478 227
478 228
478 231
478 232
478 469
478 470
478 471
478 472
478 473
478 475
478 476
478 477
478 479
478 480
478 481
478 482
478 483
478 499
478 500
478 509
478 510
478 543
478 544
478 545
479 225
479 226
479 227
479 228
479 229
479 230
479 231
479 232
479 468
479 469
479 470
479 471
479 472
479 476
479 477
479 478
479 480
479 481
479 482
479 483
479 484
479 498
479 499
479 510
479 544
480 226
480 227
480 228
480 229
480 230
480 231
480 469
480 470
480 471
480 477
480 478
480 479
480 481
480 482
480 483
480 484
480 485
480 486
480 496
480 497
480 498
480 499
480 500
480 510
480 511
480 512
480 544
480 546
480 565
481 226
481 227
481 228
481 229
481 230
481 231
481 232
481 469
481 470
481 478
481 479
481 480
481 482
481 483
481 484
481 485
481 486
481 487
481 496
481 497
481 498
481 499
482 148
482 226
482 227
482 228
482 229
482 230
482 231
482 232
482 478
482 479
482 480
482 481
482 483
482 484
482 485
482 486
482 487
482 498
482 536
482 540
482 541
482 544
482 545
483 478
483 479
483 480
483 481
483 482
483 484
483 485
483 486
483 487
483 488
483 496
483 497
483 498
483 499
483 510
483 511
483 512
483 536
483 539
483 540
483 541
483 544
483 545
483 546
484 230
484 479
484 480
484 481
484 482
484 483
484 485
484 486
484 487
484 488
484 489
484 493
484 495
484 496
484 497
484 498
484 499
484 512
484 513
484 514
484 536
484 545
484 546
485 230
485 231
485 480
485 481
485 482
485 483
485 484
485 486
485 487
485 488
485 489
485 490
485 495
485 496
485 497
485 536
485 540
486 480
486 481
486 482
486 483
486 484
486 485
486 487
486 488
486 489
486 490
486 493
486 496
486 532
486 535
486 536
486 537
486 538
486 539
486 540
486 544
486 545
487 481
487 482
487 483
487 484
487 485
487 486
487 488
487 489
487 490
487 491
487 492
487 493
487 494
487 495
487 496
487 497
487 498
487 512
487 514
487 532
487 533
487 535
487 536
487 539
487 545
487 546
488 483
488 484
488 485
488 486
488 487
488 489
488 490
488 491
488 492
488 493
488 494
488 495
488 496
488 514
488 532
488 536
489 484
489 485
489 486
489 487
489 488
489 490
489 491
489 492
489 493
489 494
489 532
489 535
489 536
489 539
490 485
490 486
490 487
490 488
490 489
490 491
490 492
490 493
490 494
490 531
490 532
490 535
490 536
491 487
491 488
491 489
491 490
491 492
491 493
491 494
491 516
491 517
491 519
491 520
491 532
492 487
492 488
492 489
492 490
492 491
492 493
492 494
492 495
492 514
492 515
492 516
492 517
492 518
492 519
492 520
492 521
492 523
492 528
492 531
492 532
493 484
493 486
493 487
493 488
493 489
493 490
493 491
493 492
493 494
493 495
493 496
493 514
493 515
493 516
493 517
493 518
493 520
493 532
493 551
494 487
494 488
494 489
494 490
494 491
494 492
494 493
494 495
494 496
494 514
494 515
494 516
494 517
494 518
494 520
495 484
495 485
495 487
495 488
495 492
495 493
495 494
495 496
495 497
495 513
495 514
495 515
495 516
495 517
495 552
495 553
495 554
495 555
495 563
496 480
496 481
496 483
496 484
496 485
496 486
496 487
496 488
496 493
496 494
496 495
496 497
496 498
496 512
496 513
496 514
496 515
496 516
496 550
496 551
496 552
496 554
496 555
496 563
497 480
497 481
497 483
497 484
497 485
497 487
497 495
497 496
497 498
497 499
497 511
497 512
497 513
497 514
497 515
497 555
497 556
497 563
497 564
497 565
497 568
498 469
498 470
498 471
498 479
498 480
498 481
498 482
498 483
498 484
498 487
498 496
498 497
498 499
498 500
498 501
498 510
498 511
498 512
498 513
498 514
498 546
498 548
498 549
498 563
498 565
498 568
498 569
499 469
499 470
499 471
499 478
499 479
499 480
499 481
499 483
499 484
499 497
499 498
499 500
499 501
499 508
499 509
499 510
499 511
499 512
499 513
499 546
499 548
499 565
499 566
499 567
499 568
499 569
499 570
499 572
500 469
500 470
500 471
500 472
500 473
500 478
500 480
500 498
500 499
500 501
500 502
500 503
500 507
500 508
500 509
500 510
500 511
500 512
500 546
500 548
500 565
500 568
500 569
500 572
500 573
501 471
501 472
501 473
501 498
501 499
501 500
501 502
501 503
501 506
501 507
501 508
501 509
501 510
501 511
501 512
501 546
501 547
501 548
501 568
501 569
501 570
501 571
501 572
501 573
502 473
502 500
502 501
502 503
502 504
502 505
502 506
502 507
502 508
502 509
502 510
502 511
502 569
502 572
502 573
503 473
503 500
503 501
503 502
503 504
503 505
503 506
503 507
503 508
503 509
503 510
503 547
503 548
504 318
504 321
504 502
504 503
504 505
504 506
504 507
504 508
504 509
505 317
505 318
505 319
505 320
505 321
505 322
505 325
505 474
505 502
505 503
505 504
505 506
505 507
505 508
505 509
506 316
506 317
506 318
506 319
506 321
506 322
506 344
506 472
506 473
506 474
506 475
506 501
506 502
506 503
506 504
506 505
506 507
506 508
506 509
507 317
507 318
507 321
507 344
507 345
507 346
507 347
507 472
507 473
507 474
507 475
507 500
507 501
507 502
507 503
507 504
507 505
507 506
507 508
507 509
508 318
508 344
508 345
508 471
508 472
508 473
508 474
508 475
508 499
508 500
508 501
508 502
508 503
508 504
508 505
508 506
508 507
508 509
508 510
508 511
508 547
509 471
509 472
509 473
509 474
509 478
509 499
509 500
509 501
509 502
509 503
509 504
509 505
509 506
509 507
509 508
509 510
509 511
509 512
509 543
509 544
509 545
509 546
509 547
509 548
510 471
510 472
510 473
510 478
510 479
510 480
510 483
510 498
510 499
510 500
510 501
510 502
510 503
510 508
510 509
510 511
510 512
510 543
510 544
510 545
510 546
510 547
510 548
510 549
511 471
511 480
511 483
511 497
511 498
511 499
511 500
511 501
511 502
511 508
511 509
511 510
511 512
511 513
511 514
511 544
511 545
511 546
511 547
511 548
511 549
511 550
511 568
511 569
511 572
512 480
512 483
512 484
512 487
512 496
512 497
512 498
512 499
512 500
512 501
512 509
512 510
512 511
512 513
512 514
512 515
512 533
512 545
512 546
512 547
512 548
512 549
512 550
512 551
512 552
512 568
513 484
513 495
513 496
513 497
513 498
513 499
513 511
513 512
513 514
513 515
513 516
513 546
513 548
513 549
513 550
513 551
513 552
513 553
513 554
513 555
513 565
513 568
514 484
514 487
514 488
514 492
514 493
514 494
514 495
514 496
514 497
514 498
514 511
514 512
514 513
514 515
514 516
514 517
514 529
514 549
514 550
514 551
514 552
514 553
514 554
514 555
515 492
515 493
515 494
515 495
515 496
515 497
515 512
515 513
515 514
515 516
515 517
515 518
515 520
515 521
515 550
515 551
515 552
515 553
515 554
515 555
516 491
516 492
516 493
516 494
516 495
516 496
516 513
516 514
516 515
516 517
516 518
516 519
516 520
516 521
516 522
516 523
516 551
516 552
516 553
516 554
517 491
517 492
517 493
517 494
517 495
517 514
517 515
517 516
517 518
517 519
517 520
517 521
518 492
518 493
518 494
518 515
518 516
518 517
518 519
518 520
518 521
518 522
519 491
519 492
519 516
519 517
519 518
519 520
519 521
519 522
519 523
520 491
520 492
520 493
520 494
520 515
520 516
520 517
520 518
520 519
520 521
520 522
520 523
520 524
520 525
520 528
521 492
521 515
521 516
521 517
521 518
521 519
521 520
521 522
521 523
521 524
521 525
521 551
521 553
522 516
522 518
522 519
522 520
522 521
522 523
522 524
522 525
523 492
523 516
523 519
523 520
523 521
523 522
523 524
523 525
523 526
523 527
523 528
524 520
524 521
524 522
524 523
524 525
524 526
524 527
524 528
524 529
525 520
525 521
525 522
525 523
525 524
525 526
525 527
525 528
525 529
525 530
525 531
525 549
525 550
525 551
526 523
526 524
526 525
526 527
526 528
526 529
526 530
526 531
526 549
527 523
527 524
527 525
527 526
527 528
527 529
527 530
527 531
527 532
527 533
528 492
528 520
528 523
528 524
528 525
528 526
528 527
528 529
528 530
528 531
528 532
528 533
528 534
528 549
529 514
529 524
529 525
529 526
529 527
529 528
529 530
529 531
529 532
529 533
529 534
529 535
529 546
529 547
529 548
529 549
529 550
529 551
530 525
530 526
530 527
530 528
530 529
530 531
530 532
530 533
530 534
530 535
530 546
530 547
530 549
531 490
531 492
531 525
531 526
531 527
531 528
531 529
531 530
531 532
531 533
531 534
531 535
531 536
531 537
532 486
532 487
532 488
532 489
532 490
532 491
532 492
532 493
532 527
532 528
532 529
532 530
532 531
532 533
532 534
532 535
532 536
532 537
532 538
532 545
532 546
532 549
533 487
533 512
533 527
533 528
533 529
533 530
533 531
533 532
533 534
533 535
533 536
533 537
533 538
533 542
533 544
533 545
533 546
533 547
533 548
533 549
534 528
534 529
534 530
534 531
534 532
534 533
534 535
534 536
534 537
534 538
534 539
534 542
534 545
534 546
535 486
535 487
535 489
535 490
535 529
535 530
535 531
535 532
535 533
535 534
535 536
535 537
535 538
535 539
535 540
535 542
535 545
536 482
536 483
536 484
536 485
536 486
536 487
536 488
536 489
536 490
536 531
536 532
536 533
536 534
536 535
536 537
536 538
536 539
536 540
536 541
536 542
536 543
536 544
536 545
536 546
537 143
537 144
537 145
537 486
537 531
537 532
537 533
537 534
537 535
537 536
537 538
537 539
537 540
537 541
537 542
537 543
537 544
537 545
537 546
538 144
538 145
538 146
538 486
538 532
538 533
538 534
538 535
538 536
538 537
538 539
538 540
538 541
538 542
538 545
539 144
539 145
539 146
539 147
539 148
539 483
539 486
539 487
539 489
539 534
539 535
539 536
539 537
539 538
539 540
539 541
539 542
539 545
540 143
540 144
540 145
540 146
540 147
540 148
540 149
540 482
540 483
540 485
540 486
540 535
540 536
540 537
540 538
540 539
540 541
540 542
540 543
540 544
540 545
541 141
541 142
541 143
541 144
541 145
541 146
541 147
541 148
541 149
541 482
541 483
541 536
541 537
541 538
541 539
541 540
541 542
541 543
541 544
541 545
542 143
542 144
542 145
542 533
542 534
542 535
542 536
542 537
542 538
542 539
542 540
542 541
542 543
542 544
542 545
542 546
543 143
543 144
543 473
543 474
543 475
543 476
543 477
543 478
543 509
543 510
543 536
543 537
543 540
543 541
543 542
543 544
543 545
543 546
543 547
544 471
544 473
544 476
544 477
544 478
544 479
544 480
544 482
544 483
544 486
544 509
544 510
544 511
544 533
544 536
544 537
544 540
544 541
544 542
544 543
544 545
544 546
544 547
545 478
545 482
545 483
545 484
545 486
545 487
545 509
545 510
545 511
545 512
545 532
545 533
545 534
545 535
545 536
545 537
545 538
545 539
545 540
545 541
545 542
545 543
545 544
545 546
545 547
545 548
546 480
546 483
546 484
546 487
546 498
546 499
546 500
546 501
546 509
546 510
546 511
546 512
546 513
546 529
546 530
546 532
546 533
546 534
546 536
546 537
546 542
546 543
546 544
546 545
546 547
546 548
546 549
546 550
547 501
547 503
547 508
547 509
547 510
547 511
547 512
547 529
547 530
547 533
547 543
547 544
547 545
547 546
547 548
547 549
548 498
548 499
548 500
548 501
548 503
548 509
548 510
548 511
548 512
548 513
548 529
548 533
548 545
548 546
548 547
548 549
548 550
549 498
549 510
549 511
549 512
549 513
549 514
549 525
549 526
549 528
549 529
549 530
549 532
549 533
549 546
549 547
549 548
549 550
549 551
549 552
550 496
550 511
550 512
550 513
550 514
550 515
550 525
550 529
550 546
550 548
550 549
550 551
550 552
551 493
551 496
551 512
551 513
551 514
551 515
551 516
551 521
551 525
551 529
551 549
551 550
551 552
551 553
551 554
552 495
552 496
552 512
552 513
552 514
552 515
552 516
552 549
552 550
552 551
552 553
552 554
552 555
553 495
553 513
553 514
553 515
553 516
553 521
553 551
553 552
553 554
553 555
554 495
554 496
554 513
554 514
554 515
554 516
554 551
554 552
554 553
554 555
554 556
554 557
555 495
555 496
555 497
555 513
555 514
555 515
555 552
555 553
555 554
555 556
555 557
555 558
555 561
555 562
555 563
555 564
555 565
555 567
555 568
556 497
556 554
556 555
556 557
556 558
556 559
556 561
556 562
556 563
556 564
556 565
556 566
556 567
556 568
557 554
557 555
557 556
557 558
557 559
557 560
557 561
557 562
557 563
557 564
557 565
557 567
558 555
558 556
558 557
558 559
558 560
558 561
558 562
558 563
558 564
559 556
559 557
559 558
559 560
559 561
559 562
559 563
560 557
560 558
560 559
560 561
560 562
560 563
561 555
561 556
561 557
561 558
561 559
561 560
561 562
561 563
561 564
562 555
562 556
562 557
562 558
562 559
562 560
562 561
562 563
562 564
562 565
563 495
563 496
563 497
563 498
563 555
563 556
563 557
563 558
563 559
563 560
563 561
563 562
563 564
563 565
563 566
563 567
563 568
564 497
564 555
564 556
564 557
564 558
564 561
564 562
564 563
564 565
564 566
564 567
564 568
564 569
565 468
565 469
565 480
565 497
565 498
565 499
565 500
565 513
565 555
565 556
565 557
565 562
565 563
565 564
565 566
565 567
565 568
565 569
565 570
565 571
566 467
566 468
566 469
566 499
566 556
566 563
566 564
566 565
566 567
566 568
566 569
566 570
566 571
566 572
567 499
567 555
567 556
567 557
567 563
567 564
567 565
567 566
567 568
567 569
567 570
567 571
567 572
567 575
567 576
568 497
568 498
568 499
568 500
568 501
568 511
568 512
568 513
568 555
568 556
568 563
568 564
568 565
568 566
568 567
568 569
568 570
568 571
568 572
568 573
569 469
569 498
569 499
569 500
569 501
569 502
569 511
569 564
569 565
569 566
569 567
569 568
569 570
569 571
569 572
569 573
569 574
569 575
569 576
570 499
570 501
570 565
570 566
570 567
570 568
570 569
570 571
570 572
570 573
570 574
570 575
570 576
571 501
571 565
571 566
571 567
571 568
571 569
571 570
571 572
571 573
571 574
571 575
571 576
572 499
572 500
572 501
572 502
572 511
572 566
572 567
572 568
572 569
572 570
572 571
572 573
572 574
572 575
572 576
573 500
573 501
573 502
573 568
573 569
573 570
573 571
573 572
573 574
573 575
573 576
574 569
574 570
574 571
574 572
574 573
574 575
574 576
575 567
575 569
575 570
575 571
575 572
575 573
575 574
575 576
576 567
576 569
576 570
576 571
576 572
576 573
576 574
576 575
