0 1
0 2
0 3
0 16
0 18
0 19
0 20
0 21
1 0
1 2
1 3
1 4
1 11
1 16
1 17
1 18
1 19
1 20
1 21
2 0
2 1
2 3
2 4
2 5
2 11
2 16
2 19
2 20
3 0
3 1
3 2
3 4
3 5
3 6
3 7
3 9
3 10
3 11
3 20
4 1
4 2
4 3
4 5
4 6
4 7
4 8
4 9
4 11
4 12
4 83
4 86
5 2
5 3
5 4
5 6
5 7
5 8
5 86
6 3
6 4
6 5
6 7
6 8
6 83
6 84
6 85
6 86
6 87
7 3
7 4
7 5
7 6
7 8
7 9
7 10
7 11
7 12
7 80
7 82
7 83
7 84
7 85
7 86
7 87
7 88
7 89
8 4
8 5
8 6
8 7
8 9
8 10
8 11
8 12
8 78
8 79
8 80
8 81
8 82
8 83
8 84
8 85
8 86
8 87
8 88
8 89
8 90
9 3
9 4
9 7
9 8
9 10
9 11
9 12
9 78
9 79
9 80
9 81
9 82
9 83
9 84
9 85
9 86
9 87
9 88
9 89
9 90
9 91
9 462
9 463
9 468
10 3
10 7
10 8
10 9
10 11
10 12
10 13
10 14
10 16
10 17
10 20
10 78
10 79
10 80
10 81
10 82
10 83
10 84
10 89
10 90
10 462
10 463
10 464
10 468
10 469
10 470
11 1
11 2
11 3
11 4
11 7
11 8
11 9
11 10
11 12
11 13
11 14
11 15
11 16
11 17
11 18
11 19
11 20
11 79
11 80
11 81
11 82
11 83
11 84
11 462
11 463
11 468
11 469
11 470
12 4
12 7
12 8
12 9
12 10
12 11
12 13
12 14
12 15
12 16
12 17
12 80
12 81
12 82
12 83
12 84
12 470
12 471
13 10
13 11
13 12
13 14
13 15
13 16
13 17
13 18
13 80
13 81
13 83
13 256
13 257
13 258
13 316
13 317
13 468
13 469
13 470
13 471
14 10
14 11
14 12
14 13
14 15
14 16
14 17
14 18
14 19
14 80
14 256
14 257
14 258
14 315
14 316
14 317
14 318
14 393
14 464
14 465
14 468
14 469
14 470
15 11
15 12
15 13
15 14
15 16
15 17
15 18
15 19
15 20
15 256
15 257
15 315
15 316
15 317
15 318
15 393
15 394
16 0
16 1
16 2
16 10
16 11
16 12
16 13
16 14
16 15
16 17
16 18
16 19
16 20
16 316
16 317
16 393
16 394
17 1
17 10
17 11
17 12
17 13
17 14
17 15
17 16
17 18
17 19
17 20
17 21
17 80
17 316
17 317
17 393
17 394
17 462
17 463
17 464
17 465
17 468
18 0
18 1
18 11
18 13
18 14
18 15
18 16
18 17
18 19
18 20
18 21
18 22
18 315
18 316
18 317
18 392
18 393
18 394
18 395
18 396
18 464
18 465
19 0
19 1
19 2
19 11
19 14
19 15
19 16
19 17
19 18
19 20
19 21
19 22
19 393
19 394
20 0
20 1
20 2
20 3
20 10
20 11
20 15
20 16
20 17
20 18
20 19
20 21
20 22
20 23
20 392
20 393
20 394
20 462
20 463
21 0
21 1
21 17
21 18
21 19
21 20
21 22
21 23
21 24
21 392
21 393
21 394
21 462
22 18
22 19
22 20
22 21
22 23
22 24
22 25
22 48
22 49
22 392
22 393
22 394
22 396
22 397
22 460
23 20
23 21
23 22
23 24
23 25
23 26
23 47
23 48
23 49
23 392
23 393
23 394
23 397
23 460
23 461
23 462
23 463
23 464
24 21
24 22
24 23
24 25
24 26
24 46
24 47
24 48
24 49
24 50
24 51
24 52
24 55
24 113
24 460
24 461
25 22
25 23
25 24
25 26
25 27
25 45
25 46
25 47
25 48
25 49
25 55
25 56
25 57
25 58
25 59
25 112
25 113
25 459
25 460
25 461
26 23
26 24
26 25
26 27
26 28
26 44
26 45
26 46
26 47
26 48
26 49
26 58
26 112
26 113
26 390
26 399
26 457
26 458
26 459
26 460
26 461
27 25
27 26
27 28
27 29
27 30
27 43
27 44
27 45
27 46
27 47
27 58
27 60
27 61
27 74
27 93
27 108
27 112
27 113
27 115
27 457
27 458
27 459
27 460
27 461
28 26
28 27
28 29
28 30
28 31
28 42
28 43
28 44
28 45
28 46
28 58
28 61
28 71
28 72
28 73
28 74
28 401
28 423
28 454
28 455
28 456
28 457
28 458
28 459
28 460
29 27
29 28
29 30
29 31
29 41
29 42
29 43
29 44
29 45
29 61
29 62
29 63
29 70
29 71
29 72
29 73
29 74
29 95
29 97
29 453
29 454
29 455
29 456
29 457
29 458
29 459
30 27
30 28
30 29
30 31
30 32
30 33
30 40
30 41
30 42
30 43
30 44
30 61
30 62
30 63
30 70
30 71
30 72
30 403
30 421
30 445
30 448
30 452
30 453
30 454
30 455
30 456
30 457
31 28
31 29
31 30
31 32
31 33
31 34
31 35
31 37
31 39
31 40
31 41
31 42
31 43
31 67
31 68
31 69
31 70
31 71
31 72
31 403
31 405
31 406
31 421
31 452
31 453
31 454
31 455
31 456
32 30
32 31
32 33
32 34
32 35
32 36
32 37
32 38
32 39
32 40
32 41
32 42
32 67
32 68
32 69
32 70
32 71
32 406
32 417
32 420
32 450
32 451
32 452
32 453
32 454
32 455
33 30
33 31
33 32
33 34
33 35
33 36
33 37
33 38
33 39
33 40
33 41
33 67
33 68
33 69
33 70
33 71
33 99
33 405
33 406
33 407
33 417
33 453
33 454
34 31
34 32
34 33
34 35
34 36
34 37
34 38
34 68
34 70
34 405
34 406
34 407
34 408
34 409
34 410
34 417
34 454
35 31
35 32
35 33
35 34
35 36
35 37
35 38
35 39
35 406
35 407
35 409
35 410
35 414
35 416
35 417
35 418
35 419
35 420
35 451
35 452
35 453
35 454
36 32
36 33
36 34
36 35
36 37
36 38
36 39
36 417
36 418
36 451
36 452
37 31
37 32
37 33
37 34
37 35
37 36
37 38
37 39
37 40
37 41
37 67
37 68
37 450
37 451
37 452
37 453
38 32
38 33
38 34
38 35
38 36
38 37
38 39
38 40
38 41
38 67
38 68
38 450
38 451
39 31
39 32
39 33
39 35
39 36
39 37
39 38
39 40
39 41
39 42
39 63
39 64
39 65
39 66
39 67
39 68
39 450
39 451
40 30
40 31
40 32
40 33
40 37
40 38
40 39
40 41
40 42
40 62
40 63
40 64
40 65
40 66
40 67
40 68
40 69
40 70
40 71
40 450
41 29
41 30
41 31
41 32
41 33
41 37
41 38
41 39
41 40
41 42
41 43
41 44
41 61
41 62
41 63
41 64
41 65
41 66
41 67
41 68
41 69
41 70
41 71
41 97
41 453
41 454
41 455
42 28
42 29
42 30
42 31
42 32
42 39
42 40
42 41
42 43
42 44
42 45
42 60
42 61
42 62
42 63
42 64
42 65
42 66
42 70
42 71
42 453
42 455
43 27
43 28
43 29
43 30
43 31
43 41
43 42
43 44
43 45
43 46
43 58
43 60
43 61
43 62
43 63
43 64
43 71
43 95
43 106
43 114
43 115
43 116
43 117
43 455
44 26
44 27
44 28
44 29
44 30
44 41
44 42
44 43
44 45
44 46
44 47
44 57
44 58
44 59
44 60
44 61
44 62
44 63
44 113
44 114
44 115
44 445
44 455
44 458
45 25
45 26
45 27
45 28
45 29
45 42
45 43
45 44
45 46
45 47
45 48
45 57
45 58
45 59
45 60
45 61
45 62
45 108
45 112
45 113
45 114
45 115
45 458
45 459
46 24
46 25
46 26
46 27
46 28
46 43
46 44
46 45
46 47
46 48
46 49
46 54
46 55
46 56
46 57
46 58
46 59
46 60
46 61
46 113
46 423
46 443
46 458
47 23
47 24
47 25
47 26
47 27
47 44
47 45
47 46
47 48
47 49
47 50
47 51
47 52
47 53
47 54
47 55
47 56
47 57
47 58
47 59
47 60
47 113
47 443
48 22
48 23
48 24
48 25
48 26
48 45
48 46
48 47
48 49
48 50
48 51
48 52
48 54
48 55
48 56
48 57
48 58
48 399
48 425
48 441
48 442
48 443
49 22
49 23
49 24
49 25
49 26
49 46
49 47
49 48
49 50
49 51
49 52
49 53
49 54
49 55
49 56
50 24
50 47
50 48
50 49
50 51
50 52
50 53
50 54
50 55
50 56
50 440
50 441
51 24
51 47
51 48
51 49
51 50
51 52
51 53
51 54
51 55
52 24
52 47
52 48
52 49
52 50
52 51
52 53
52 54
52 55
52 56
52 57
53 47
53 49
53 50
53 51
53 52
53 54
53 55
53 56
53 57
54 46
54 47
54 48
54 49
54 50
54 51
54 52
54 53
54 55
54 56
54 57
54 58
54 59
55 24
55 25
55 46
55 47
55 48
55 49
55 50
55 51
55 52
55 53
55 54
55 56
55 57
55 58
55 59
55 440
55 441
55 442
55 443
56 25
56 46
56 47
56 48
56 49
56 50
56 52
56 53
56 54
56 55
56 57
56 58
56 59
56 423
56 424
56 425
56 440
56 441
56 442
56 443
56 444
57 25
57 44
57 45
57 46
57 47
57 48
57 52
57 53
57 54
57 55
57 56
57 58
57 59
57 60
57 441
57 442
57 443
57 444
57 445
58 25
58 26
58 27
58 28
58 43
58 44
58 45
58 46
58 47
58 48
58 54
58 55
58 56
58 57
58 59
58 60
58 61
58 443
58 444
58 445
58 448
59 25
59 44
59 45
59 46
59 47
59 54
59 55
59 56
59 57
59 58
59 60
59 61
59 113
59 114
60 27
60 42
60 43
60 44
60 45
60 46
60 47
60 57
60 58
60 59
60 61
60 62
60 63
60 112
60 113
60 114
60 115
61 27
61 28
61 29
61 30
61 41
61 42
61 43
61 44
61 45
61 46
61 58
61 59
61 60
61 62
61 63
61 64
61 113
61 114
61 115
61 116
61 448
62 29
62 30
62 40
62 41
62 42
62 43
62 44
62 45
62 60
62 61
62 63
62 64
62 65
62 106
62 114
62 115
62 116
62 117
63 29
63 30
63 39
63 40
63 41
63 42
63 43
63 44
63 60
63 61
63 62
63 64
63 65
63 66
63 67
63 116
63 117
64 39
64 40
64 41
64 42
64 43
64 61
64 62
64 63
64 65
64 66
64 67
64 69
64 71
64 104
64 106
64 116
64 117
64 120
65 39
65 40
65 41
65 42
65 62
65 63
65 64
65 66
65 67
65 69
65 104
65 117
65 120
66 39
66 40
66 41
66 42
66 63
66 64
66 65
66 67
66 68
66 69
66 70
66 100
66 102
67 31
67 32
67 33
67 37
67 38
67 39
67 40
67 41
67 63
67 64
67 65
67 66
67 68
67 69
67 70
67 100
68 31
68 32
68 33
68 34
68 37
68 38
68 39
68 40
68 41
68 66
68 67
68 69
68 70
68 71
68 97
68 98
68 99
68 100
69 31
69 32
69 33
69 40
69 41
69 64
69 65
69 66
69 67
69 68
69 70
69 71
69 72
69 96
69 97
69 98
69 99
69 100
69 101
69 102
69 103
69 134
70 29
70 30
70 31
70 32
70 33
70 34
70 40
70 41
70 42
70 66
70 67
70 68
70 69
70 71
70 72
70 73
70 95
70 96
70 97
70 98
70 99
70 100
70 101
70 102
70 134
70 405
70 406
70 454
70 456
71 28
71 29
71 30
71 31
71 32
71 33
71 40
71 41
71 42
71 43
71 64
71 68
71 69
71 70
71 72
71 73
71 74
71 95
71 96
71 97
71 98
71 99
71 100
71 101
71 102
71 103
71 104
71 135
71 136
71 405
71 455
71 456
71 457
72 28
72 29
72 30
72 31
72 69
72 70
72 71
72 73
72 74
72 95
72 96
72 97
72 98
72 99
72 134
72 135
72 136
72 137
72 138
72 404
72 405
72 455
72 456
72 457
73 28
73 29
73 70
73 71
73 72
73 74
73 75
73 94
73 95
73 96
73 97
73 98
73 135
73 136
73 137
73 138
73 139
73 148
73 149
73 188
73 388
73 456
73 457
73 458
73 459
74 27
74 28
74 29
74 71
74 72
74 73
74 75
74 76
74 77
74 93
74 94
74 95
74 96
74 97
74 103
74 104
74 105
74 136
74 137
74 138
74 139
74 148
74 456
74 457
74 458
74 459
74 467
75 73
75 74
75 76
75 77
75 78
75 79
75 92
75 93
75 94
75 95
75 96
75 105
75 136
75 137
75 138
75 139
75 140
75 146
75 147
75 148
75 458
75 459
75 463
75 466
75 467
75 468
76 74
76 75
76 77
76 78
76 79
76 89
76 90
76 91
76 92
76 93
76 94
76 95
76 105
76 106
76 138
76 139
76 140
76 141
76 146
76 167
76 459
76 461
76 462
76 463
76 464
76 467
76 468
77 74
77 75
77 76
77 78
77 79
77 88
77 89
77 90
77 91
77 92
77 93
77 94
77 105
77 106
77 138
77 139
77 140
77 141
77 144
77 145
77 146
77 147
77 165
77 166
77 167
77 168
77 170
78 8
78 9
78 10
78 75
78 76
78 77
78 79
78 80
78 81
78 82
78 83
78 88
78 89
78 90
78 91
78 92
78 93
78 139
78 140
78 141
78 142
78 143
78 144
78 145
78 146
78 167
78 168
78 462
78 463
78 467
78 468
79 8
79 9
79 10
79 11
79 75
79 76
79 77
79 78
79 80
79 81
79 82
79 83
79 88
79 89
79 90
79 139
79 140
79 141
79 142
79 144
79 462
79 463
79 464
79 467
79 468
79 469
79 470
80 7
80 8
80 9
80 10
80 11
80 12
80 13
80 14
80 17
80 78
80 79
80 81
80 82
80 83
80 84
80 85
80 90
80 140
80 141
80 142
80 462
80 463
80 464
80 467
80 468
80 469
80 470
80 471
81 8
81 9
81 10
81 11
81 12
81 13
81 78
81 79
81 80
81 82
81 83
81 84
81 85
81 140
81 141
81 142
81 143
81 144
81 193
81 468
81 469
81 470
81 471
82 7
82 8
82 9
82 10
82 11
82 12
82 78
82 79
82 80
82 81
82 83
82 84
82 85
82 86
82 87
82 88
82 89
82 90
82 140
82 141
82 142
82 143
82 144
82 468
82 469
82 470
82 471
83 4
83 6
83 7
83 8
83 9
83 10
83 11
83 12
83 13
83 78
83 79
83 80
83 81
83 82
83 84
83 85
83 86
83 87
83 88
83 89
83 142
83 470
83 471
84 6
84 7
84 8
84 9
84 10
84 11
84 12
84 80
84 81
84 82
84 83
84 85
84 86
84 87
84 88
84 142
84 471
85 6
85 7
85 8
85 9
85 80
85 81
85 82
85 83
85 84
85 86
85 87
85 88
85 89
85 142
85 143
85 144
86 4
86 5
86 6
86 7
86 8
86 9
86 82
86 83
86 84
86 85
86 87
86 88
86 89
87 6
87 7
87 8
87 9
87 82
87 83
87 84
87 85
87 86
87 88
87 89
88 7
88 8
88 9
88 77
88 78
88 79
88 82
88 83
88 84
88 85
88 86
88 87
88 89
88 90
88 91
88 144
88 167
88 168
89 7
89 8
89 9
89 10
89 76
89 77
89 78
89 79
89 82
89 83
89 85
89 86
89 87
89 88
89 90
89 91
89 92
89 109
89 144
89 168
89 462
90 8
90 9
90 10
90 76
90 77
90 78
90 79
90 80
90 82
90 88
90 89
90 91
90 92
90 93
90 107
90 108
90 109
90 140
90 461
90 462
90 463
91 9
91 76
91 77
91 78
91 88
91 89
91 90
91 92
91 93
91 106
91 107
91 108
91 109
91 110
91 111
91 112
91 115
91 461
91 462
92 75
92 76
92 77
92 78
92 89
92 90
92 91
92 93
92 94
92 95
92 104
92 105
92 106
92 107
92 108
92 109
92 110
92 115
92 116
92 117
92 118
92 119
92 167
92 168
92 461
93 27
93 74
93 75
93 76
93 77
93 78
93 90
93 91
93 92
93 94
93 95
93 96
93 104
93 105
93 106
93 107
93 108
93 109
93 115
93 117
93 118
93 138
93 459
93 461
94 73
94 74
94 75
94 76
94 77
94 92
94 93
94 95
94 96
94 97
94 103
94 104
94 105
94 106
94 107
94 118
94 119
94 120
94 137
94 138
94 139
94 140
94 146
94 148
94 170
95 29
95 43
95 70
95 71
95 72
95 73
95 74
95 75
95 76
95 92
95 93
95 94
95 96
95 97
95 98
95 102
95 103
95 104
95 105
95 106
95 120
95 135
95 136
95 137
95 138
95 148
96 69
96 70
96 71
96 72
96 73
96 74
96 75
96 93
96 94
96 95
96 97
96 98
96 99
96 100
96 101
96 102
96 103
96 104
96 105
96 121
96 134
96 135
96 136
96 137
96 138
96 148
96 149
96 150
97 29
97 41
97 68
97 69
97 70
97 71
97 72
97 73
97 74
97 94
97 95
97 96
97 98
97 99
97 100
97 101
97 102
97 103
97 104
97 123
97 133
97 134
97 135
97 136
97 137
98 68
98 69
98 70
98 71
98 72
98 73
98 95
98 96
98 97
98 99
98 100
98 101
98 102
98 103
98 133
98 134
98 135
98 136
98 137
98 150
98 151
98 206
98 405
99 33
99 68
99 69
99 70
99 71
99 72
99 96
99 97
99 98
99 100
99 101
99 102
99 133
99 134
99 135
99 136
99 156
99 206
99 210
100 66
100 67
100 68
100 69
100 70
100 71
100 96
100 97
100 98
100 99
100 101
100 102
100 103
100 122
100 123
100 133
100 134
100 135
100 154
101 69
101 70
101 71
101 96
101 97
101 98
101 99
101 100
101 102
101 103
101 104
101 121
101 122
101 123
101 124
101 125
101 126
101 127
101 132
101 133
101 134
101 135
101 136
101 150
101 152
101 154
102 66
102 69
102 70
102 71
102 95
102 96
102 97
102 98
102 99
102 100
102 101
102 103
102 104
102 120
102 121
102 122
102 123
102 124
102 125
102 126
102 133
102 134
102 135
103 69
103 71
103 74
103 94
103 95
103 96
103 97
103 98
103 100
103 101
103 102
103 104
103 105
103 106
103 119
103 120
103 121
103 122
103 123
103 126
103 135
103 148
103 170
104 64
104 65
104 71
104 74
104 92
104 93
104 94
104 95
104 96
104 97
104 101
104 102
104 103
104 105
104 106
104 107
104 117
104 118
104 119
104 120
104 121
104 122
104 170
105 74
105 75
105 76
105 77
105 92
105 93
105 94
105 95
105 96
105 103
105 104
105 106
105 107
105 108
105 116
105 117
105 118
105 119
105 120
105 121
105 170
106 43
106 62
106 64
106 76
106 77
106 91
106 92
106 93
106 94
106 95
106 103
106 104
106 105
106 107
106 108
106 109
106 115
106 116
106 117
106 118
106 119
106 120
107 90
107 91
107 92
107 93
107 94
107 104
107 105
107 106
107 108
107 109
107 110
107 111
107 112
107 114
107 115
107 116
107 117
107 118
107 119
108 27
108 45
108 90
108 91
108 92
108 93
108 105
108 106
108 107
108 109
108 110
108 111
108 112
108 113
108 114
108 115
108 116
108 117
108 118
108 461
109 89
109 90
109 91
109 92
109 93
109 106
109 107
109 108
109 110
109 111
109 112
109 113
109 114
109 115
109 116
109 461
109 462
110 91
110 92
110 107
110 108
110 109
110 111
110 112
110 113
110 114
110 115
110 116
111 91
111 107
111 108
111 109
111 110
111 112
111 113
111 114
111 115
111 116
112 25
112 26
112 27
112 45
112 60
112 91
112 107
112 108
112 109
112 110
112 111
112 113
112 114
112 115
112 116
112 461
113 24
113 25
113 26
113 27
113 44
113 45
113 46
113 47
113 59
113 60
113 61
113 108
113 109
113 110
113 111
113 112
113 114
113 115
113 116
113 461
114 43
114 44
114 45
114 59
114 60
114 61
114 62
114 107
114 108
114 109
114 110
114 111
114 112
114 113
114 115
114 116
115 27
115 43
115 44
115 45
115 60
115 61
115 62
115 91
115 92
115 93
115 106
115 107
115 108
115 109
115 110
115 111
115 112
115 113
115 114
115 116
115 117
115 118
116 43
116 61
116 62
116 63
116 64
116 92
116 105
116 106
116 107
116 108
116 109
116 110
116 111
116 112
116 113
116 114
116 115
116 117
116 118
116 119
117 43
117 62
117 63
117 64
117 65
117 92
117 93
117 104
117 105
117 106
117 107
117 108
117 115
117 116
117 118
117 119
117 120
118 92
118 93
118 94
118 104
118 105
118 106
118 107
118 108
118 115
118 116
118 117
118 119
118 120
119 92
119 94
119 103
119 104
119 105
119 106
119 107
119 116
119 117
119 118
119 120
119 121
119 122
119 169
119 170
120 64
120 65
120 94
120 95
120 102
120 103
120 104
120 105
120 106
120 117
120 118
120 119
120 121
120 122
120 123
120 170
121 96
121 101
121 102
121 103
121 104
121 105
121 119
121 120
121 122
121 123
121 124
121 125
121 126
121 165
121 170
121 171
121 172
122 100
122 101
122 102
122 103
122 104
122 119
122 120
122 121
122 123
122 124
122 125
122 126
122 127
122 172
123 97
123 100
123 101
123 102
123 103
123 120
123 121
123 122
123 124
123 125
123 126
123 127
123 128
123 132
123 133
123 134
123 135
123 154
124 101
124 102
124 121
124 122
124 123
124 125
124 126
124 127
124 128
124 129
124 130
124 131
124 133
124 154
125 101
125 102
125 121
125 122
125 123
125 124
125 126
125 127
125 128
125 129
125 130
125 131
125 171
125 172
125 173
125 174
126 101
126 102
126 103
126 121
126 122
126 123
126 124
126 125
126 127
126 128
126 129
126 130
126 131
126 132
126 133
126 135
126 154
126 163
126 164
126 165
126 171
126 172
126 173
126 174
126 175
127 101
127 122
127 123
127 124
127 125
127 126
127 128
127 129
127 130
127 131
127 132
127 133
127 153
127 154
127 163
127 172
127 174
128 123
128 124
128 125
128 126
128 127
128 129
128 130
128 131
128 132
128 154
128 172
128 174
129 124
129 125
129 126
129 127
129 128
129 130
129 131
129 132
129 163
129 164
129 172
129 173
129 174
129 175
130 124
130 125
130 126
130 127
130 128
130 129
130 131
130 132
130 133
130 153
130 154
130 161
130 162
130 163
130 164
130 172
130 173
130 174
130 175
130 176
130 179
131 124
131 125
131 126
131 127
131 128
131 129
131 130
131 132
131 133
131 152
131 153
131 154
131 155
131 159
131 161
131 163
131 174
131 175
132 101
132 123
132 126
132 127
132 128
132 129
132 130
132 131
132 133
132 134
132 135
132 149
132 150
132 151
132 152
132 153
132 154
132 155
132 156
132 157
132 158
132 159
132 160
132 161
132 162
132 163
132 174
132 175
132 182
133 97
133 98
133 99
133 100
133 101
133 102
133 123
133 124
133 126
133 127
133 130
133 131
133 132
133 134
133 135
133 136
133 149
133 150
133 151
133 152
133 153
133 154
133 155
133 156
133 157
133 158
133 159
133 160
133 161
133 162
133 163
133 206
134 69
134 70
134 72
134 96
134 97
134 98
134 99
134 100
134 101
134 102
134 123
134 132
134 133
134 135
134 136
134 149
134 150
134 151
134 152
134 153
134 154
134 156
134 158
134 159
134 160
134 186
134 187
134 205
134 206
135 71
135 72
135 73
135 95
135 96
135 97
135 98
135 99
135 100
135 101
135 102
135 103
135 123
135 126
135 132
135 133
135 134
135 136
135 137
135 138
135 148
135 149
135 150
135 151
135 152
135 153
135 160
135 161
135 162
135 163
135 186
135 187
136 71
136 72
136 73
136 74
136 75
136 95
136 96
136 97
136 98
136 99
136 101
136 133
136 134
136 135
136 137
136 138
136 148
136 149
136 150
136 151
136 162
136 186
136 187
136 188
136 189
137 72
137 73
137 74
137 75
137 94
137 95
137 96
137 97
137 98
137 135
137 136
137 138
137 139
137 147
137 148
137 149
137 150
137 151
137 162
137 186
137 187
137 188
137 189
137 190
137 251
137 467
138 72
138 73
138 74
138 75
138 76
138 77
138 93
138 94
138 95
138 96
138 135
138 136
138 137
138 139
138 140
138 141
138 146
138 147
138 148
138 149
138 150
138 162
138 163
138 164
138 188
138 189
138 190
138 467
139 73
139 74
139 75
139 76
139 77
139 78
139 79
139 94
139 137
139 138
139 140
139 141
139 142
139 144
139 145
139 146
139 147
139 148
139 149
139 164
139 189
139 190
139 191
139 466
139 467
139 468
139 469
140 75
140 76
140 77
140 78
140 79
140 80
140 81
140 82
140 90
140 94
140 138
140 139
140 141
140 142
140 143
140 144
140 145
140 146
140 147
140 148
140 164
140 165
140 167
140 467
140 468
140 469
141 76
141 77
141 78
141 79
141 80
141 81
141 82
141 138
141 139
141 140
141 142
141 143
141 144
141 145
141 146
141 147
141 164
141 167
141 191
141 193
141 468
141 469
142 78
142 79
142 80
142 81
142 82
142 83
142 84
142 85
142 139
142 140
142 141
142 143
142 144
142 145
142 146
142 193
142 469
142 470
142 471
143 78
143 81
143 82
143 85
143 140
143 141
143 142
143 144
143 145
143 146
143 166
143 167
144 77
144 78
144 79
144 81
144 82
144 85
144 88
144 89
144 139
144 140
144 141
144 142
144 143
144 145
144 146
144 147
144 165
144 166
144 167
144 168
145 77
145 78
145 139
145 140
145 141
145 142
145 143
145 144
145 146
145 147
145 164
145 165
145 166
145 167
145 168
145 169
145 170
145 171
145 173
146 75
146 76
146 77
146 78
146 94
146 138
146 139
146 140
146 141
146 142
146 143
146 144
146 145
146 147
146 148
146 162
146 163
146 164
146 165
146 166
146 167
146 168
146 170
146 172
147 75
147 77
147 137
147 138
147 139
147 140
147 141
147 144
147 145
147 146
147 148
147 149
147 161
147 162
147 163
147 164
147 165
147 166
147 167
147 175
147 176
147 189
148 73
148 74
148 75
148 94
148 95
148 96
148 103
148 135
148 136
148 137
148 138
148 139
148 140
148 146
148 147
148 149
148 150
148 161
148 162
148 163
148 164
148 165
148 175
148 176
148 187
148 188
148 189
149 73
149 96
149 132
149 133
149 134
149 135
149 136
149 137
149 138
149 139
149 147
149 148
149 150
149 151
149 152
149 159
149 160
149 161
149 162
149 163
149 164
149 175
149 176
149 186
149 187
149 188
149 189
149 200
149 201
150 96
150 98
150 101
150 132
150 133
150 134
150 135
150 136
150 137
150 138
150 148
150 149
150 151
150 152
150 153
150 158
150 159
150 160
150 161
150 162
150 163
150 182
150 183
150 185
150 186
150 187
150 188
150 205
150 206
151 98
151 132
151 133
151 134
151 135
151 136
151 137
151 149
151 150
151 152
151 153
151 156
151 157
151 158
151 159
151 160
151 161
151 162
151 183
151 184
151 185
151 186
151 187
151 188
151 201
151 202
151 203
151 204
151 205
151 206
152 101
152 131
152 132
152 133
152 134
152 135
152 149
152 150
152 151
152 153
152 154
152 155
152 156
152 157
152 158
152 159
152 160
152 161
152 182
152 183
152 184
152 185
152 186
152 187
152 204
152 205
152 206
152 207
153 127
153 130
153 131
153 132
153 133
153 134
153 135
153 150
153 151
153 152
153 154
153 155
153 156
153 157
153 158
153 159
153 160
153 161
153 205
153 206
154 100
154 101
154 123
154 124
154 126
154 127
154 128
154 130
154 131
154 132
154 133
154 134
154 152
154 153
154 155
154 156
154 157
154 158
154 159
154 206
155 131
155 132
155 133
155 152
155 153
155 154
155 156
155 157
155 158
155 205
155 206
155 207
156 99
156 132
156 133
156 134
156 151
156 152
156 153
156 154
156 155
156 157
156 158
156 159
156 205
156 206
156 207
156 208
156 209
156 210
157 132
157 133
157 151
157 152
157 153
157 154
157 155
157 156
157 158
157 159
157 160
157 184
157 185
157 204
157 205
157 206
157 207
157 208
158 132
158 133
158 134
158 150
158 151
158 152
158 153
158 154
158 155
158 156
158 157
158 159
158 160
158 161
158 182
158 183
158 184
158 185
158 186
158 202
158 203
158 204
158 205
158 206
158 207
158 208
158 222
159 131
159 132
159 133
159 134
159 149
159 150
159 151
159 152
159 153
159 154
159 156
159 157
159 158
159 160
159 161
159 162
159 181
159 182
159 183
159 184
159 185
159 186
159 187
159 202
159 204
159 205
159 206
160 132
160 133
160 134
160 135
160 149
160 150
160 151
160 152
160 153
160 157
160 158
160 159
160 161
160 162
160 177
160 181
160 182
160 183
160 184
160 185
160 186
160 187
160 188
160 189
160 200
160 201
160 202
160 203
160 204
160 205
160 228
161 130
161 131
161 132
161 133
161 135
161 147
161 148
161 149
161 150
161 151
161 152
161 153
161 158
161 159
161 160
161 162
161 163
161 164
161 175
161 176
161 177
161 178
161 179
161 180
161 181
161 182
161 183
161 184
161 185
161 186
161 187
161 200
162 130
162 132
162 133
162 135
162 136
162 137
162 138
162 146
162 147
162 148
162 149
162 150
162 151
162 159
162 160
162 161
162 163
162 164
162 165
162 174
162 175
162 176
162 177
162 182
162 183
162 186
162 189
163 126
163 127
163 129
163 130
163 131
163 132
163 133
163 135
163 138
163 146
163 147
163 148
163 149
163 150
163 161
163 162
163 164
163 165
163 172
163 173
163 174
163 175
163 176
163 177
164 126
164 129
164 130
164 138
164 139
164 140
164 141
164 145
164 146
164 147
164 148
164 149
164 161
164 162
164 163
164 165
164 166
164 167
164 170
164 171
164 172
164 173
164 174
164 175
164 176
164 177
165 77
165 121
165 126
165 140
165 144
165 145
165 146
165 147
165 148
165 162
165 163
165 164
165 166
165 167
165 168
165 169
165 170
165 171
165 172
165 173
165 174
165 175
165 176
166 77
166 143
166 144
166 145
166 146
166 147
166 164
166 165
166 167
166 168
166 169
166 170
166 171
166 172
166 173
166 174
167 76
167 77
167 78
167 88
167 92
167 140
167 141
167 143
167 144
167 145
167 146
167 147
167 164
167 165
167 166
167 168
167 169
167 170
167 171
167 172
168 77
168 78
168 88
168 89
168 92
168 144
168 145
168 146
168 165
168 166
168 167
168 169
168 170
168 171
169 119
169 145
169 165
169 166
169 167
169 168
169 170
169 171
169 172
170 77
170 94
170 103
170 104
170 105
170 119
170 120
170 121
170 145
170 146
170 164
170 165
170 166
170 167
170 168
170 169
170 171
170 172
170 173
171 121
171 125
171 126
171 145
171 164
171 165
171 166
171 167
171 168
171 169
171 170
171 172
171 173
171 174
172 121
172 122
172 125
172 126
172 127
172 128
172 129
172 130
172 146
172 163
172 164
172 165
172 166
172 167
172 169
172 170
172 171
172 173
172 174
172 175
173 125
173 126
173 129
173 130
173 145
173 163
173 164
173 165
173 166
173 170
173 171
173 172
173 174
173 175
173 176
174 125
174 126
174 127
174 128
174 129
174 130
174 131
174 132
174 162
174 163
174 164
174 165
174 166
174 171
174 172
174 173
174 175
174 176
174 177
174 178
174 179
175 126
175 129
175 130
175 131
175 132
175 147
175 148
175 149
175 161
175 162
175 163
175 164
175 165
175 172
175 173
175 174
175 176
175 177
175 178
175 179
175 180
175 181
175 182
175 235
176 130
176 147
176 148
176 149
176 161
176 162
176 163
176 164
176 165
176 173
176 174
176 175
176 177
176 178
176 179
176 181
176 182
176 232
176 234
176 235
176 236
177 160
177 161
177 162
177 163
177 164
177 174
177 175
177 176
177 178
177 179
177 180
177 181
177 182
177 183
177 230
177 231
177 232
177 234
177 235
177 236
177 237
178 161
178 174
178 175
178 176
178 177
178 179
178 180
178 181
178 182
178 234
178 235
178 236
178 237
179 130
179 161
179 174
179 175
179 176
179 177
179 178
179 180
179 181
179 182
179 235
179 236
180 161
180 175
180 177
180 178
180 179
180 181
180 182
180 183
180 236
181 159
181 160
181 161
181 175
181 176
181 177
181 178
181 179
181 180
181 182
181 183
181 184
181 235
181 236
181 237
182 132
182 150
182 152
182 158
182 159
182 160
182 161
182 162
182 175
182 176
182 177
182 178
182 179
182 180
182 181
182 183
182 184
182 185
182 186
182 235
182 236
182 237
183 150
183 151
183 152
183 158
183 159
183 160
183 161
183 162
183 177
183 180
183 181
183 182
183 184
183 185
183 186
183 200
183 201
183 202
183 227
183 228
183 230
183 236
183 237
183 240
184 151
184 152
184 157
184 158
184 159
184 160
184 161
184 181
184 182
184 183
184 185
184 186
184 202
184 204
184 205
184 224
184 226
184 228
185 150
185 151
185 152
185 157
185 158
185 159
185 160
185 161
185 182
185 183
185 184
185 186
185 187
185 200
185 201
185 202
185 203
185 204
185 205
185 206
185 222
185 223
185 224
185 225
185 226
185 227
185 228
186 134
186 135
186 136
186 137
186 149
186 150
186 151
186 152
186 158
186 159
186 160
186 161
186 162
186 182
186 183
186 184
186 185
186 187
186 188
186 189
186 200
186 201
186 202
186 203
186 204
186 205
186 206
186 224
186 226
186 227
186 228
186 249
186 250
187 134
187 135
187 136
187 137
187 148
187 149
187 150
187 151
187 152
187 159
187 160
187 161
187 185
187 186
187 188
187 189
187 200
187 201
187 202
187 203
187 204
187 205
187 224
187 248
187 249
187 250
187 251
187 252
188 73
188 136
188 137
188 138
188 148
188 149
188 150
188 151
188 160
188 186
188 187
188 189
188 190
188 199
188 200
188 201
188 202
188 203
188 227
188 249
188 250
188 251
188 252
188 253
188 265
189 136
189 137
189 138
189 139
189 147
189 148
189 149
189 160
189 162
189 186
189 187
189 188
189 190
189 191
189 198
189 199
189 200
189 201
189 202
189 227
189 228
189 229
189 250
189 251
189 252
189 253
189 254
189 265
190 137
190 138
190 139
190 188
190 189
190 191
190 192
190 197
190 198
190 199
190 200
190 201
190 251
190 252
190 253
190 254
190 263
190 466
190 467
190 469
191 139
191 141
191 189
191 190
191 192
191 193
191 194
191 195
191 196
191 197
191 198
191 199
191 200
191 229
191 230
191 231
191 232
191 252
191 253
191 254
191 469
191 470
191 471
192 190
192 191
192 193
192 194
192 195
192 196
192 197
192 198
192 199
192 232
192 253
192 254
192 255
192 256
192 257
192 258
192 259
192 260
192 261
192 262
192 469
192 470
192 471
193 81
193 141
193 142
193 191
193 192
193 194
193 195
193 196
193 197
193 198
193 231
193 232
193 233
193 258
193 259
193 469
193 470
193 471
194 191
194 192
194 193
194 195
194 196
194 197
194 232
194 258
194 259
194 260
194 261
194 470
194 471
195 191
195 192
195 193
195 194
195 196
195 197
195 198
195 231
195 232
195 258
195 259
195 260
195 261
195 262
195 278
195 282
195 471
196 191
196 192
196 193
196 194
196 195
196 197
196 198
196 230
196 231
196 232
196 233
196 234
196 235
196 261
197 190
197 191
197 192
197 193
197 194
197 195
197 196
197 198
197 199
197 229
197 230
197 231
197 232
197 233
197 234
197 235
197 236
197 237
197 238
197 261
197 278
198 189
198 190
198 191
198 192
198 193
198 195
198 196
198 197
198 199
198 200
198 228
198 229
198 230
198 231
198 232
198 233
198 235
198 236
198 237
198 254
199 188
199 189
199 190
199 191
199 192
199 197
199 198
199 200
199 201
199 227
199 228
199 229
199 230
199 231
199 232
199 237
199 239
199 240
199 241
199 252
199 253
199 254
199 263
199 265
199 276
200 149
200 160
200 161
200 183
200 185
200 186
200 187
200 188
200 189
200 190
200 191
200 198
200 199
200 201
200 202
200 226
200 227
200 228
200 229
200 230
200 237
200 240
200 249
200 250
200 251
200 252
200 265
201 149
201 151
201 160
201 183
201 185
201 186
201 187
201 188
201 189
201 190
201 199
201 200
201 202
201 203
201 224
201 225
201 226
201 227
201 228
201 229
201 241
201 248
201 249
201 250
201 251
201 252
201 265
201 266
201 267
202 151
202 158
202 159
202 160
202 183
202 184
202 185
202 186
202 187
202 188
202 189
202 200
202 201
202 203
202 204
202 205
202 223
202 224
202 225
202 226
202 227
202 228
202 247
202 248
202 249
202 250
202 251
202 267
203 151
203 158
203 160
203 185
203 186
203 187
203 188
203 201
203 202
203 204
203 205
203 206
203 208
203 209
203 222
203 223
203 224
203 225
203 226
203 247
203 248
203 249
203 250
203 251
203 267
203 268
203 269
204 151
204 152
204 157
204 158
204 159
204 160
204 184
204 185
204 186
204 187
204 202
204 203
204 205
204 206
204 207
204 208
204 209
204 217
204 218
204 221
204 222
204 223
204 224
204 225
204 248
204 249
205 134
205 150
205 151
205 152
205 153
205 155
205 156
205 157
205 158
205 159
205 160
205 184
205 185
205 186
205 187
205 202
205 203
205 204
205 206
205 207
205 208
205 209
205 210
205 222
205 223
205 224
206 98
206 99
206 133
206 134
206 150
206 151
206 152
206 153
206 154
206 155
206 156
206 157
206 158
206 159
206 185
206 186
206 203
206 204
206 205
206 207
206 208
206 209
206 210
206 211
207 152
207 155
207 156
207 157
207 158
207 204
207 205
207 206
207 208
207 209
207 210
207 211
207 212
208 156
208 157
208 158
208 203
208 204
208 205
208 206
208 207
208 209
208 210
208 211
208 212
208 213
208 214
208 217
208 218
208 222
208 223
209 156
209 203
209 204
209 205
209 206
209 207
209 208
209 210
209 211
209 212
209 213
209 214
209 217
209 222
209 223
209 405
209 407
209 408
210 99
210 156
210 205
210 206
210 207
210 208
210 209
210 211
210 212
210 213
210 405
210 406
210 407
210 408
211 206
211 207
211 208
211 209
211 210
211 212
211 213
211 214
211 407
211 408
211 411
212 207
212 208
212 209
212 210
212 211
212 213
212 214
212 405
212 406
212 407
212 408
212 409
212 410
212 411
212 412
213 208
213 209
213 210
213 211
213 212
213 214
213 215
213 216
213 217
213 218
213 223
213 407
213 408
213 411
213 412
214 208
214 209
214 211
214 212
214 213
214 215
214 216
214 217
214 218
214 219
214 301
215 213
215 214
215 216
215 217
215 218
215 219
215 220
215 301
215 302
216 213
216 214
216 215
216 217
216 218
216 219
216 220
216 221
216 222
217 204
217 208
217 209
217 213
217 214
217 215
217 216
217 218
217 219
217 220
217 221
217 222
217 223
218 204
218 208
218 213
218 214
218 215
218 216
218 217
218 219
218 220
218 221
218 222
218 223
218 224
218 247
218 248
218 269
219 214
219 215
219 216
219 217
219 218
219 220
219 221
219 222
219 223
220 215
220 216
220 217
220 218
220 219
220 221
220 222
220 223
221 204
221 216
221 217
221 218
221 219
221 220
221 222
221 223
221 224
221 225
221 247
222 158
222 185
222 203
222 204
222 205
222 208
222 209
222 216
222 217
222 218
222 219
222 220
222 221
222 223
222 224
222 225
222 248
223 185
223 202
223 203
223 204
223 205
223 208
223 209
223 213
223 217
223 218
223 219
223 220
223 221
223 222
223 224
223 225
223 226
223 247
223 248
223 249
223 269
224 184
224 185
224 186
224 187
224 201
224 202
224 203
224 204
224 205
224 218
224 221
224 222
224 223
224 225
224 226
224 227
224 242
224 243
224 246
224 247
224 248
224 249
224 250
224 267
224 268
224 269
225 185
225 201
225 202
225 203
225 204
225 221
225 222
225 223
225 224
225 226
225 227
225 241
225 242
225 243
225 244
225 245
225 246
225 247
225 248
225 249
225 250
225 267
225 269
225 270
226 184
226 185
226 186
226 200
226 201
226 202
226 203
226 223
226 224
226 225
226 227
226 228
226 229
226 240
226 241
226 242
226 243
226 244
226 246
226 247
226 248
226 249
227 183
227 185
227 186
227 188
227 189
227 199
227 200
227 201
227 202
227 224
227 225
227 226
227 228
227 229
227 230
227 239
227 240
227 241
227 242
227 243
227 246
227 249
227 250
227 252
227 265
227 276
227 286
228 160
228 183
228 184
228 185
228 186
228 189
228 198
228 199
228 200
228 201
228 202
228 226
228 227
228 229
228 230
228 231
228 236
228 237
228 238
228 239
228 240
228 241
228 242
228 284
229 189
229 191
229 197
229 198
229 199
229 200
229 201
229 226
229 227
229 228
229 230
229 231
229 232
229 236
229 237
229 238
229 239
229 240
229 241
229 283
229 284
230 177
230 183
230 191
230 196
230 197
230 198
230 199
230 200
230 227
230 228
230 229
230 231
230 232
230 233
230 234
230 235
230 236
230 237
230 238
230 239
230 240
231 177
231 191
231 193
231 195
231 196
231 197
231 198
231 199
231 228
231 229
231 230
231 232
231 233
231 234
231 235
231 236
231 237
231 238
231 239
232 176
232 177
232 191
232 192
232 193
232 194
232 195
232 196
232 197
232 198
232 199
232 229
232 230
232 231
232 233
232 234
232 235
232 236
232 237
232 238
233 193
233 196
233 197
233 198
233 230
233 231
233 232
233 234
233 235
233 236
234 176
234 177
234 178
234 196
234 197
234 230
234 231
234 232
234 233
234 235
234 236
234 237
234 238
235 175
235 176
235 177
235 178
235 179
235 181
235 182
235 196
235 197
235 198
235 230
235 231
235 232
235 233
235 234
235 236
235 237
235 238
236 176
236 177
236 178
236 179
236 180
236 181
236 182
236 183
236 197
236 198
236 228
236 229
236 230
236 231
236 232
236 233
236 234
236 235
236 237
236 238
236 239
237 177
237 178
237 181
237 182
237 183
237 197
237 198
237 199
237 200
237 228
237 229
237 230
237 231
237 232
237 234
237 235
237 236
237 238
237 239
237 240
238 197
238 228
238 229
238 230
238 231
238 232
238 234
238 235
238 236
238 237
238 239
238 240
238 283
238 284
239 199
239 227
239 228
239 229
239 230
239 231
239 236
239 237
239 238
239 240
239 241
239 242
239 283
239 284
239 285
240 183
240 199
240 200
240 226
240 227
240 228
240 229
240 230
240 237
240 238
240 239
240 241
240 242
240 243
240 284
240 285
241 199
241 201
241 225
241 226
241 227
241 228
241 229
241 239
241 240
241 242
241 243
241 244
241 276
241 284
241 285
241 286
242 224
242 225
242 226
242 227
242 228
242 239
242 240
242 241
242 243
242 244
242 245
242 246
242 247
242 285
242 286
243 224
243 225
243 226
243 227
243 240
243 241
243 242
243 244
243 245
243 246
243 247
243 248
243 249
243 267
243 270
243 274
243 285
243 286
243 287
243 288
244 225
244 226
244 241
244 242
244 243
244 245
244 246
244 247
244 270
244 286
244 287
244 288
245 225
245 242
245 243
245 244
245 246
245 247
245 248
245 267
245 269
245 270
245 271
245 272
245 273
245 274
245 287
245 288
245 291
246 224
246 225
246 226
246 227
246 242
246 243
246 244
246 245
246 247
246 248
246 249
246 250
246 265
246 266
246 267
246 268
246 269
246 270
246 271
246 272
246 273
246 274
246 286
246 287
246 288
247 202
247 203
247 218
247 221
247 223
247 224
247 225
247 226
247 242
247 243
247 244
247 245
247 246
247 248
247 249
247 250
247 266
247 267
247 268
247 269
247 270
247 271
247 272
248 187
248 201
248 202
248 203
248 204
248 218
248 222
248 223
248 224
248 225
248 226
248 243
248 245
248 246
248 247
248 249
248 250
248 251
248 265
248 266
248 267
248 268
248 269
248 270
248 271
248 272
248 308
248 309
248 310
249 186
249 187
249 188
249 200
249 201
249 202
249 203
249 204
249 223
249 224
249 225
249 226
249 227
249 243
249 246
249 247
249 248
249 250
249 251
249 252
249 265
249 266
249 267
249 268
249 269
249 270
249 271
249 272
249 273
249 274
249 309
249 310
250 186
250 187
250 188
250 189
250 200
250 201
250 202
250 203
250 224
250 225
250 227
250 246
250 247
250 248
250 249
250 251
250 252
250 265
250 266
250 267
250 268
250 269
250 309
250 310
250 311
250 312
251 137
251 187
251 188
251 189
251 190
251 200
251 201
251 202
251 203
251 248
251 249
251 250
251 252
251 253
251 264
251 265
251 266
251 267
251 268
251 309
251 310
251 311
251 312
251 313
251 323
251 466
252 187
252 188
252 189
252 190
252 191
252 199
252 200
252 201
252 227
252 249
252 250
252 251
252 253
252 254
252 255
252 263
252 264
252 265
252 266
252 267
252 273
252 274
252 275
252 276
252 311
252 312
252 313
252 314
252 466
253 188
253 189
253 190
253 191
253 192
253 199
253 251
253 252
253 254
253 255
253 256
253 262
253 263
253 264
253 265
253 266
253 275
253 276
253 312
253 313
253 314
253 321
253 465
253 466
254 189
254 190
254 191
254 192
254 198
254 199
254 252
254 253
254 255
254 256
254 257
254 258
254 260
254 261
254 262
254 263
254 264
254 265
254 275
254 276
254 277
254 313
254 314
254 318
254 466
254 469
255 192
255 252
255 253
255 254
255 256
255 257
255 258
255 259
255 260
255 261
255 262
255 263
255 264
255 313
255 314
255 315
255 316
255 317
255 318
255 319
255 321
255 339
255 469
255 470
256 13
256 14
256 15
256 192
256 253
256 254
256 255
256 257
256 258
256 259
256 260
256 262
256 263
256 314
256 315
256 316
256 317
256 318
256 465
256 466
256 468
256 469
256 470
256 471
257 13
257 14
257 15
257 192
257 254
257 255
257 256
257 258
257 259
257 260
257 261
257 262
257 316
257 317
257 318
257 469
257 470
257 471
258 13
258 14
258 192
258 193
258 194
258 195
258 254
258 255
258 256
258 257
258 259
258 260
258 261
258 262
258 469
258 470
258 471
259 192
259 193
259 194
259 195
259 255
259 256
259 257
259 258
259 260
259 261
259 262
259 470
259 471
260 192
260 194
260 195
260 254
260 255
260 256
260 257
260 258
260 259
260 261
260 262
260 263
260 277
260 278
260 318
261 192
261 194
261 195
261 196
261 197
261 254
261 255
261 257
261 258
261 259
261 260
261 262
261 263
261 276
261 277
261 278
261 279
261 282
261 284
262 192
262 195
262 253
262 254
262 255
262 256
262 257
262 258
262 259
262 260
262 261
262 263
262 264
262 275
262 276
262 277
262 278
262 279
262 284
262 285
262 286
262 339
263 190
263 199
263 252
263 253
263 254
263 255
263 256
263 260
263 261
263 262
263 264
263 265
263 274
263 275
263 276
263 277
263 278
263 286
263 314
263 318
263 339
264 251
264 252
264 253
264 254
264 255
264 262
264 263
264 265
264 266
264 267
264 273
264 274
264 275
264 276
264 277
264 286
264 287
264 288
264 289
264 312
264 313
264 314
264 321
264 339
265 188
265 189
265 199
265 200
265 201
265 227
265 246
265 248
265 249
265 250
265 251
265 252
265 253
265 254
265 263
265 264
265 266
265 267
265 268
265 272
265 273
265 274
265 275
265 276
265 286
265 288
265 309
265 311
265 312
265 313
266 201
266 246
266 247
266 248
266 249
266 250
266 251
266 252
266 253
266 264
266 265
266 267
266 268
266 269
266 270
266 271
266 272
266 273
266 274
266 275
266 290
266 308
266 309
266 310
266 311
266 312
266 313
266 323
266 324
266 325
267 201
267 202
267 203
267 224
267 225
267 243
267 245
267 246
267 247
267 248
267 249
267 250
267 251
267 252
267 264
267 265
267 266
267 268
267 269
267 270
267 271
267 272
267 273
267 274
267 288
267 291
267 308
267 309
267 310
267 311
267 312
268 203
268 224
268 246
268 247
268 248
268 249
268 250
268 251
268 265
268 266
268 267
268 269
268 270
268 271
268 272
268 273
268 306
268 307
268 308
268 309
268 310
268 311
268 324
268 325
268 326
268 327
269 203
269 218
269 223
269 224
269 225
269 245
269 246
269 247
269 248
269 249
269 250
269 266
269 267
269 268
269 270
269 271
269 272
269 305
269 306
269 307
269 308
269 309
269 310
270 225
270 243
270 244
270 245
270 246
270 247
270 248
270 249
270 266
270 267
270 268
270 269
270 271
270 272
270 273
270 291
270 292
270 293
270 294
270 306
270 307
270 308
270 309
271 245
271 246
271 247
271 248
271 249
271 266
271 267
271 268
271 269
271 270
271 272
271 273
271 274
271 290
271 291
271 292
271 293
271 294
271 305
271 306
271 307
271 308
271 309
271 310
271 325
272 245
272 246
272 247
272 248
272 249
272 265
272 266
272 267
272 268
272 269
272 270
272 271
272 273
272 274
272 275
272 287
272 288
272 289
272 290
272 291
272 292
272 293
272 306
272 307
272 308
272 309
273 245
273 246
273 249
273 252
273 264
273 265
273 266
273 267
273 268
273 270
273 271
273 272
273 274
273 275
273 276
273 287
273 288
273 289
273 290
273 291
273 292
273 309
273 312
273 321
273 323
273 342
274 243
274 245
274 246
274 249
274 252
274 263
274 264
274 265
274 266
274 267
274 271
274 272
274 273
274 275
274 276
274 277
274 285
274 286
274 287
274 288
274 289
274 290
274 291
274 340
275 252
275 253
275 254
275 262
275 263
275 264
275 265
275 266
275 272
275 273
275 274
275 276
275 277
275 285
275 286
275 287
275 288
275 289
275 290
275 339
275 340
275 341
275 342
276 199
276 227
276 241
276 252
276 253
276 254
276 261
276 262
276 263
276 264
276 265
276 273
276 274
276 275
276 277
276 278
276 279
276 284
276 285
276 286
276 287
276 288
276 289
276 339
276 340
277 254
277 260
277 261
277 262
277 263
277 264
277 274
277 275
277 276
277 278
277 279
277 280
277 282
277 283
277 284
277 285
277 286
277 287
277 339
278 195
278 197
278 260
278 261
278 262
278 263
278 276
278 277
278 279
278 280
278 281
278 282
278 283
278 284
278 285
278 286
279 261
279 262
279 276
279 277
279 278
279 280
279 281
279 282
279 283
279 284
279 285
280 277
280 278
280 279
280 281
280 282
280 283
280 284
281 278
281 279
281 280
281 282
281 283
281 284
282 195
282 261
282 277
282 278
282 279
282 280
282 281
282 283
282 284
282 285
283 229
283 238
283 239
283 277
283 278
283 279
283 280
283 281
283 282
283 284
283 285
284 228
284 229
284 238
284 239
284 240
284 241
284 261
284 262
284 276
284 277
284 278
284 279
284 280
284 281
284 282
284 283
284 285
284 286
285 239
285 240
285 241
285 242
285 243
285 262
285 274
285 275
285 276
285 277
285 278
285 279
285 282
285 283
285 284
285 286
285 287
286 227
286 241
286 242
286 243
286 244
286 246
286 262
286 263
286 264
286 265
286 274
286 275
286 276
286 277
286 278
286 284
286 285
286 287
286 288
286 289
287 243
287 244
287 245
287 246
287 264
287 272
287 273
287 274
287 275
287 276
287 277
287 285
287 286
287 288
287 289
287 290
287 340
288 243
288 244
288 245
288 246
288 264
288 265
288 267
288 272
288 273
288 274
288 275
288 276
288 286
288 287
288 289
288 290
288 291
288 340
288 341
289 264
289 272
289 273
289 274
289 275
289 276
289 286
289 287
289 288
289 290
289 291
289 336
289 339
289 340
289 341
289 342
289 343
290 266
290 271
290 272
290 273
290 274
290 275
290 287
290 288
290 289
290 291
290 292
290 293
290 334
290 340
290 341
290 342
290 343
290 344
291 245
291 267
291 270
291 271
291 272
291 273
291 274
291 288
291 289
291 290
291 292
291 293
291 294
291 307
292 270
292 271
292 272
292 273
292 290
292 291
292 293
292 294
292 295
292 306
292 307
292 308
292 309
292 325
292 328
292 366
292 367
293 270
293 271
293 272
293 290
293 291
293 292
293 294
293 295
293 296
293 304
293 305
293 306
293 307
293 365
293 366
293 367
294 270
294 271
294 291
294 292
294 293
294 295
294 296
294 297
294 303
294 304
294 305
294 306
294 307
294 308
294 328
294 364
294 365
294 366
294 367
295 292
295 293
295 294
295 296
295 297
295 298
295 303
295 304
295 305
295 306
295 307
295 328
295 354
295 361
295 362
295 363
295 364
295 365
295 366
295 367
295 368
296 293
296 294
296 295
296 297
296 298
296 300
296 302
296 303
296 304
296 305
296 306
296 361
296 362
296 363
296 364
296 365
296 366
297 294
297 295
297 296
297 298
297 299
297 300
297 301
297 302
297 303
297 304
297 305
297 354
297 360
297 361
297 362
297 363
297 364
297 365
298 295
298 296
298 297
298 299
298 300
298 301
298 302
298 303
298 304
298 305
298 359
298 360
298 361
298 362
298 363
299 297
299 298
299 300
299 301
299 302
299 303
299 353
299 358
299 359
299 360
299 361
299 362
300 296
300 297
300 298
300 299
300 301
300 302
300 303
300 304
300 305
300 353
300 354
300 359
300 360
300 361
300 362
300 412
301 214
301 215
301 297
301 298
301 299
301 300
301 302
301 303
301 304
301 305
301 360
301 412
302 215
302 296
302 297
302 298
302 299
302 300
302 301
302 303
302 304
302 305
302 306
303 294
303 295
303 296
303 297
303 298
303 299
303 300
303 301
303 302
303 304
303 305
303 363
304 293
304 294
304 295
304 296
304 297
304 298
304 300
304 301
304 302
304 303
304 305
304 306
304 307
304 362
304 363
304 364
305 269
305 271
305 293
305 294
305 295
305 296
305 297
305 298
305 300
305 301
305 302
305 303
305 304
305 306
305 307
305 308
305 327
305 328
305 353
305 354
305 360
305 362
306 268
306 269
306 270
306 271
306 272
306 292
306 293
306 294
306 295
306 296
306 302
306 304
306 305
306 307
306 308
306 309
306 325
306 326
306 327
306 328
307 268
307 269
307 270
307 271
307 272
307 291
307 292
307 293
307 294
307 295
307 304
307 305
307 306
307 308
307 309
307 310
307 324
307 325
307 326
307 327
307 328
307 329
307 330
307 352
307 353
308 248
308 266
308 267
308 268
308 269
308 270
308 271
308 272
308 292
308 294
308 305
308 306
308 307
308 309
308 310
308 311
308 323
308 324
308 325
308 326
308 327
308 328
308 329
308 387
309 248
309 249
309 250
309 251
309 265
309 266
309 267
309 268
309 269
309 270
309 271
309 272
309 273
309 292
309 306
309 307
309 308
309 310
309 311
309 312
309 323
309 324
309 325
309 326
309 327
309 328
309 330
309 331
309 332
309 386
309 387
310 248
310 249
310 250
310 251
310 266
310 267
310 268
310 269
310 271
310 307
310 308
310 309
310 311
310 312
310 323
310 324
310 325
310 326
310 327
310 386
310 387
310 388
310 389
310 404
311 250
311 251
311 252
311 265
311 266
311 267
311 268
311 308
311 309
311 310
311 312
311 313
311 322
311 323
311 324
311 325
311 326
311 331
311 386
311 387
311 388
311 389
311 390
311 404
312 250
312 251
312 252
312 253
312 264
312 265
312 266
312 267
312 273
312 309
312 310
312 311
312 313
312 314
312 321
312 322
312 323
312 324
312 325
312 331
312 332
312 333
312 387
312 388
312 389
312 390
312 466
313 251
313 252
313 253
313 254
313 255
313 264
313 265
313 266
313 311
313 312
313 314
313 315
313 316
313 318
313 320
313 321
313 322
313 323
313 324
313 333
313 388
313 389
313 390
313 391
313 465
313 466
314 252
314 253
314 254
314 255
314 256
314 263
314 264
314 312
314 313
314 315
314 316
314 317
314 318
314 319
314 320
314 321
314 322
314 323
314 333
314 334
314 336
314 390
314 391
314 395
314 465
314 466
315 14
315 15
315 18
315 255
315 256
315 313
315 314
315 316
315 317
315 318
315 319
315 320
315 321
315 322
315 336
315 390
315 391
315 392
315 393
315 394
315 395
315 396
315 430
315 464
315 465
315 466
316 13
316 14
316 15
316 16
316 17
316 18
316 255
316 256
316 257
316 313
316 314
316 315
316 317
316 318
316 319
316 320
316 391
316 392
316 393
316 394
316 395
316 464
316 465
316 466
316 468
317 13
317 14
317 15
317 16
317 17
317 18
317 255
317 256
317 257
317 314
317 315
317 316
317 318
317 319
317 320
317 337
317 394
317 395
317 465
318 14
318 15
318 254
318 255
318 256
318 257
318 260
318 263
318 313
318 314
318 315
318 316
318 317
318 319
318 320
318 321
318 335
318 336
318 337
318 338
318 339
319 255
319 314
319 315
319 316
319 317
319 318
319 320
319 321
319 334
319 335
319 336
319 337
319 338
319 339
319 342
319 430
319 431
319 433
320 313
320 314
320 315
320 316
320 317
320 318
320 319
320 321
320 322
320 333
320 334
320 335
320 336
320 337
320 339
320 342
320 343
320 344
320 345
320 395
320 430
320 433
321 253
321 255
321 264
321 273
321 312
321 313
321 314
321 315
321 318
321 319
321 320
321 322
321 323
321 332
321 333
321 334
321 335
321 336
321 337
321 339
321 342
321 343
321 344
321 345
322 311
322 312
322 313
322 314
322 315
322 320
322 321
322 323
322 324
322 331
322 332
322 333
322 334
322 335
322 336
322 344
322 346
322 347
322 389
322 390
322 391
322 398
323 251
323 266
323 273
323 308
323 309
323 310
323 311
323 312
323 313
323 314
323 321
323 322
323 324
323 325
323 326
323 330
323 331
323 332
323 333
323 334
323 347
323 386
323 387
323 388
323 389
324 266
324 268
324 307
324 308
324 309
324 310
324 311
324 312
324 313
324 322
324 323
324 325
324 326
324 327
324 328
324 329
324 330
324 331
324 332
324 333
324 347
324 348
324 349
324 350
324 385
324 386
324 387
324 388
324 389
324 400
324 402
325 266
325 268
325 271
325 292
325 306
325 307
325 308
325 309
325 310
325 311
325 312
325 323
325 324
325 326
325 327
325 328
325 329
325 330
325 331
325 332
325 349
325 350
325 352
325 385
325 386
325 387
326 268
326 306
326 307
326 308
326 309
326 310
326 311
326 323
326 324
326 325
326 327
326 328
326 329
326 330
326 331
326 350
326 351
326 352
326 353
326 384
326 385
326 386
326 387
326 388
326 402
326 403
326 404
326 412
327 268
327 305
327 306
327 307
327 308
327 309
327 310
327 324
327 325
327 326
327 328
327 329
327 330
327 351
327 352
327 353
327 354
327 384
327 385
327 386
327 387
327 412
327 413
328 292
328 294
328 295
328 305
328 306
328 307
328 308
328 309
328 324
328 325
328 326
328 327
328 329
328 330
328 331
328 349
328 350
328 351
328 352
328 353
328 354
328 355
328 371
328 372
328 384
328 385
328 386
329 307
329 308
329 324
329 325
329 326
329 327
329 328
329 330
329 331
329 348
329 349
329 350
329 351
329 352
329 353
329 354
329 355
329 372
329 375
329 383
329 384
329 385
329 386
329 387
329 402
330 307
330 309
330 323
330 324
330 325
330 326
330 327
330 328
330 329
330 331
330 332
330 347
330 348
330 349
330 350
330 351
330 352
330 354
330 372
330 385
330 386
330 387
331 309
331 311
331 312
331 322
331 323
331 324
331 325
331 326
331 328
331 329
331 330
331 332
331 333
331 346
331 347
331 348
331 349
331 350
331 351
331 385
331 386
331 387
331 389
331 400
331 426
331 435
332 309
332 312
332 321
332 322
332 323
332 324
332 325
332 330
332 331
332 333
332 334
332 344
332 345
332 346
332 347
332 348
332 349
332 434
332 435
333 312
333 313
333 314
333 320
333 321
333 322
333 323
333 324
333 331
333 332
333 334
333 335
333 336
333 342
333 343
333 344
333 345
333 346
333 347
333 348
333 428
333 433
333 434
333 435
334 290
334 314
334 319
334 320
334 321
334 322
334 323
334 332
334 333
334 335
334 336
334 337
334 339
334 341
334 342
334 343
334 344
334 345
334 346
334 347
334 433
334 434
335 318
335 319
335 320
335 321
335 322
335 333
335 334
335 336
335 337
335 338
335 339
335 341
335 342
335 343
335 344
335 345
335 346
335 430
335 432
335 433
336 289
336 314
336 315
336 318
336 319
336 320
336 321
336 322
336 333
336 334
336 335
336 337
336 338
336 339
336 340
336 341
336 342
336 343
336 344
337 317
337 318
337 319
337 320
337 321
337 334
337 335
337 336
337 338
337 339
337 340
337 341
337 342
337 343
338 318
338 319
338 335
338 336
338 337
338 339
338 340
338 341
338 342
338 343
339 255
339 262
339 263
339 264
339 275
339 276
339 277
339 289
339 318
339 319
339 320
339 321
339 334
339 335
339 336
339 337
339 338
339 340
339 341
339 342
339 343
340 274
340 275
340 276
340 287
340 288
340 289
340 290
340 336
340 337
340 338
340 339
340 341
340 342
340 343
341 275
341 288
341 289
341 290
341 334
341 335
341 336
341 337
341 338
341 339
341 340
341 342
341 343
341 344
342 273
342 275
342 289
342 290
342 319
342 320
342 321
342 333
342 334
342 335
342 336
342 337
342 338
342 339
342 340
342 341
342 343
342 344
342 345
343 289
343 290
343 320
343 321
343 333
343 334
343 335
343 336
343 337
343 338
343 339
343 340
343 341
343 342
343 344
343 345
343 346
344 290
344 320
344 321
344 322
344 332
344 333
344 334
344 335
344 336
344 341
344 342
344 343
344 345
344 346
344 347
344 433
344 434
345 320
345 321
345 332
345 333
345 334
345 335
345 342
345 343
345 344
345 346
345 347
345 429
345 432
345 433
345 434
345 435
346 322
346 331
346 332
346 333
346 334
346 335
346 343
346 344
346 345
346 347
346 348
346 428
346 429
346 432
346 433
346 434
346 435
346 436
347 322
347 323
347 324
347 330
347 331
347 332
347 333
347 334
347 344
347 345
347 346
347 348
347 349
347 350
347 433
347 434
347 435
347 436
348 324
348 329
348 330
348 331
348 332
348 333
348 346
348 347
348 349
348 350
348 351
348 372
348 386
348 426
348 434
348 435
348 436
348 437
349 324
349 325
349 328
349 329
349 330
349 331
349 332
349 347
349 348
349 350
349 351
349 352
349 354
349 355
349 371
349 372
349 373
349 374
349 375
349 385
349 386
349 435
349 436
349 437
350 324
350 325
350 326
350 328
350 329
350 330
350 331
350 347
350 348
350 349
350 351
350 352
350 355
350 372
350 373
350 374
350 375
350 376
350 377
350 382
350 383
350 384
350 385
350 386
350 387
350 400
350 402
350 424
350 426
350 437
351 326
351 327
351 328
351 329
351 330
351 331
351 348
351 349
351 350
351 352
351 353
351 354
351 355
351 356
351 372
351 373
351 374
351 375
351 376
351 381
351 382
351 383
351 384
351 385
351 386
351 402
352 307
352 325
352 326
352 327
352 328
352 329
352 330
352 349
352 350
352 351
352 353
352 354
352 355
352 358
352 372
352 374
352 375
352 382
352 383
352 384
352 385
352 386
352 402
352 412
352 413
353 299
353 300
353 305
353 307
353 326
353 327
353 328
353 329
353 351
353 352
353 354
353 355
353 356
353 358
353 359
353 360
353 361
353 362
353 371
353 372
353 383
353 384
353 385
353 412
353 413
354 295
354 297
354 300
354 305
354 327
354 328
354 329
354 330
354 349
354 351
354 352
354 353
354 355
354 356
354 357
354 358
354 359
354 360
354 361
354 362
354 370
354 371
354 372
354 373
354 374
354 385
355 328
355 329
355 349
355 350
355 351
355 352
355 353
355 354
355 356
355 357
355 358
355 359
355 360
355 361
355 362
355 370
355 371
355 372
355 373
355 374
355 375
355 384
355 385
356 351
356 353
356 354
356 355
356 357
356 358
356 359
356 360
356 361
356 362
356 370
356 371
356 372
356 373
356 374
357 354
357 355
357 356
357 358
357 359
357 360
357 361
357 371
357 372
357 373
357 374
358 299
358 352
358 353
358 354
358 355
358 356
358 357
358 359
358 360
358 361
358 371
358 373
358 374
359 298
359 299
359 300
359 353
359 354
359 355
359 356
359 357
359 358
359 360
359 361
360 297
360 298
360 299
360 300
360 301
360 305
360 353
360 354
360 355
360 356
360 357
360 358
360 359
360 361
360 362
360 363
360 371
361 295
361 296
361 297
361 298
361 299
361 300
361 353
361 354
361 355
361 356
361 357
361 358
361 359
361 360
361 362
361 363
361 364
361 371
362 295
362 296
362 297
362 298
362 299
362 300
362 304
362 305
362 353
362 354
362 355
362 356
362 360
362 361
362 363
362 364
362 365
362 368
362 370
362 371
363 295
363 296
363 297
363 298
363 303
363 304
363 360
363 361
363 362
363 364
363 365
363 370
363 371
364 294
364 295
364 296
364 297
364 304
364 361
364 362
364 363
364 365
364 366
364 367
364 368
364 369
364 370
365 293
365 294
365 295
365 296
365 297
365 362
365 363
365 364
365 366
365 367
365 368
365 369
365 370
365 371
366 292
366 293
366 294
366 295
366 296
366 364
366 365
366 367
366 368
366 369
367 292
367 293
367 294
367 295
367 364
367 365
367 366
367 368
367 369
367 370
368 295
368 362
368 364
368 365
368 366
368 367
368 369
368 370
368 371
368 372
369 364
369 365
369 366
369 367
369 368
369 370
369 371
369 372
370 354
370 355
370 356
370 362
370 363
370 364
370 365
370 367
370 368
370 369
370 371
370 372
370 373
371 328
371 349
371 353
371 354
371 355
371 356
371 357
371 358
371 360
371 361
371 362
371 363
371 365
371 368
371 369
371 370
371 372
371 373
371 374
372 328
372 329
372 330
372 348
372 349
372 350
372 351
372 352
372 353
372 354
372 355
372 356
372 357
372 368
372 369
372 370
372 371
372 373
372 374
372 375
373 349
373 350
373 351
373 354
373 355
373 356
373 357
373 358
373 370
373 371
373 372
373 374
373 375
373 376
374 349
374 350
374 351
374 352
374 354
374 355
374 356
374 357
374 358
374 371
374 372
374 373
374 375
374 376
374 377
374 381
374 382
374 383
375 329
375 349
375 350
375 351
375 352
375 355
375 372
375 373
375 374
375 376
375 377
375 379
375 380
375 381
375 382
375 383
375 385
376 350
376 351
376 373
376 374
376 375
376 377
376 378
376 379
376 380
376 381
376 382
376 383
376 439
377 350
377 374
377 375
377 376
377 378
377 379
377 380
377 381
377 382
377 422
377 424
377 437
377 438
377 439
377 440
377 441
377 442
377 443
377 444
378 376
378 377
378 379
378 380
378 381
378 439
378 440
378 441
378 442
378 443
378 444
379 375
379 376
379 377
379 378
379 380
379 381
379 382
379 442
380 375
380 376
380 377
380 378
380 379
380 381
380 382
380 383
380 419
380 422
380 442
380 443
380 444
380 446
381 351
381 374
381 375
381 376
381 377
381 378
381 379
381 380
381 382
381 383
381 384
381 419
381 422
382 350
382 351
382 352
382 374
382 375
382 376
382 377
382 379
382 380
382 381
382 383
382 384
382 385
382 386
382 402
382 415
382 416
382 419
382 420
382 421
382 422
382 423
382 424
382 442
382 444
383 329
383 350
383 351
383 352
383 353
383 374
383 375
383 376
383 380
383 381
383 382
383 384
383 385
383 386
383 402
383 403
383 413
383 414
383 415
383 416
383 417
383 418
383 419
383 420
383 421
383 422
384 326
384 327
384 328
384 329
384 350
384 351
384 352
384 353
384 355
384 381
384 382
384 383
384 385
384 386
384 387
384 401
384 402
384 403
384 404
384 409
384 412
384 413
384 414
384 415
384 416
384 417
384 420
384 421
384 422
385 324
385 325
385 326
385 327
385 328
385 329
385 330
385 331
385 349
385 350
385 351
385 352
385 353
385 354
385 355
385 375
385 382
385 383
385 384
385 386
385 387
385 388
385 400
385 401
385 402
385 403
385 404
385 409
385 412
385 413
385 416
385 421
385 422
386 309
386 310
386 311
386 323
386 324
386 325
386 326
386 327
386 328
386 329
386 330
386 331
386 348
386 349
386 350
386 351
386 352
386 382
386 383
386 384
386 385
386 387
386 388
386 389
386 399
386 400
386 401
386 402
386 403
386 404
386 422
386 423
386 424
387 308
387 309
387 310
387 311
387 312
387 323
387 324
387 325
387 326
387 327
387 329
387 330
387 331
387 350
387 384
387 385
387 386
387 388
387 389
387 400
387 401
387 402
387 403
387 404
387 405
387 423
387 455
387 456
387 457
388 73
388 310
388 311
388 312
388 313
388 323
388 324
388 326
388 385
388 386
388 387
388 389
388 390
388 399
388 400
388 401
388 402
388 403
388 404
388 423
388 455
388 456
388 457
388 458
389 310
389 311
389 312
389 313
389 322
389 323
389 324
389 331
389 386
389 387
389 388
389 390
389 391
389 398
389 399
389 400
389 401
389 402
389 423
389 424
389 425
389 456
389 457
389 458
389 459
389 466
390 26
390 311
390 312
390 313
390 314
390 315
390 322
390 388
390 389
390 391
390 392
390 393
390 395
390 397
390 398
390 399
390 400
390 401
390 425
390 457
390 458
390 459
390 460
390 464
390 465
390 466
391 313
391 314
391 315
391 316
391 322
391 389
391 390
391 392
391 393
391 394
391 395
391 396
391 397
391 398
391 399
391 400
391 425
391 426
391 427
391 428
391 458
391 459
391 460
391 464
391 465
391 466
392 18
392 20
392 21
392 22
392 23
392 315
392 316
392 390
392 391
392 393
392 394
392 395
392 396
392 397
392 398
392 399
392 428
392 459
392 460
392 463
392 464
392 465
393 14
393 15
393 16
393 17
393 18
393 19
393 20
393 21
393 22
393 23
393 315
393 316
393 390
393 391
393 392
393 394
393 395
393 396
393 397
393 398
393 460
393 462
393 463
393 464
393 465
394 15
394 16
394 17
394 18
394 19
394 20
394 21
394 22
394 23
394 315
394 316
394 317
394 391
394 392
394 393
394 395
394 396
394 397
394 428
394 430
395 18
395 314
395 315
395 316
395 317
395 320
395 390
395 391
395 392
395 393
395 394
395 396
395 397
395 398
395 427
395 428
395 429
395 430
395 465
396 18
396 22
396 315
396 391
396 392
396 393
396 394
396 395
396 397
396 398
396 426
396 427
396 428
396 429
396 430
396 431
396 435
397 22
397 23
397 390
397 391
397 392
397 393
397 394
397 395
397 396
397 398
397 399
397 400
397 425
397 426
397 427
397 428
397 429
397 430
397 435
397 436
397 437
397 438
398 322
398 389
398 390
398 391
398 392
398 393
398 395
398 396
398 397
398 399
398 400
398 424
398 425
398 426
398 427
398 428
398 435
398 436
398 437
398 438
399 26
399 48
399 386
399 388
399 389
399 390
399 391
399 392
399 397
399 398
399 400
399 401
399 423
399 424
399 425
399 426
399 427
399 437
399 441
399 457
399 458
400 324
400 331
400 350
400 385
400 386
400 387
400 388
400 389
400 390
400 391
400 397
400 398
400 399
400 401
400 402
400 403
400 422
400 423
400 424
400 425
400 426
400 455
400 456
400 457
400 458
401 28
401 384
401 385
401 386
401 387
401 388
401 389
401 390
401 399
401 400
401 402
401 403
401 404
401 421
401 422
401 423
401 424
401 425
401 443
401 454
401 455
401 456
401 457
401 458
402 324
402 326
402 329
402 350
402 351
402 352
402 382
402 383
402 384
402 385
402 386
402 387
402 388
402 389
402 400
402 401
402 403
402 404
402 405
402 409
402 413
402 416
402 420
402 421
402 422
402 423
402 424
402 454
402 455
402 456
402 457
403 30
403 31
403 326
403 383
403 384
403 385
403 386
403 387
403 388
403 400
403 401
403 402
403 404
403 405
403 406
403 408
403 409
403 410
403 413
403 416
403 417
403 420
403 421
403 422
403 423
403 453
403 454
403 455
403 456
403 457
404 72
404 310
404 311
404 326
404 384
404 385
404 386
404 387
404 388
404 401
404 402
404 403
404 405
404 406
404 407
404 408
404 409
404 410
404 421
404 454
404 455
404 456
404 457
405 31
405 33
405 34
405 70
405 71
405 72
405 98
405 209
405 210
405 212
405 387
405 402
405 403
405 404
405 406
405 407
405 408
405 409
405 410
405 411
405 454
405 455
405 456
406 31
406 32
406 33
406 34
406 35
406 70
406 210
406 212
406 403
406 404
406 405
406 407
406 408
406 409
406 410
406 411
406 412
406 413
406 414
406 416
406 417
406 454
406 456
407 33
407 34
407 35
407 209
407 210
407 211
407 212
407 213
407 404
407 405
407 406
407 408
407 409
407 410
407 411
407 412
407 413
407 414
407 417
408 34
408 209
408 210
408 211
408 212
408 213
408 403
408 404
408 405
408 406
408 407
408 409
408 410
408 411
408 412
408 413
408 414
409 34
409 35
409 212
409 384
409 385
409 402
409 403
409 404
409 405
409 406
409 407
409 408
409 410
409 411
409 412
409 413
409 414
409 415
409 416
409 417
409 421
409 454
410 34
410 35
410 212
410 403
410 404
410 405
410 406
410 407
410 408
410 409
410 411
410 412
410 413
410 414
410 415
410 416
410 417
410 418
411 211
411 212
411 213
411 405
411 406
411 407
411 408
411 409
411 410
411 412
411 413
411 414
411 415
411 417
412 212
412 213
412 300
412 301
412 326
412 327
412 352
412 353
412 384
412 385
412 406
412 407
412 408
412 409
412 410
412 411
412 413
412 414
412 415
412 416
412 417
413 327
413 352
413 353
413 383
413 384
413 385
413 402
413 403
413 406
413 407
413 408
413 409
413 410
413 411
413 412
413 414
413 415
413 416
413 417
413 418
414 35
414 383
414 384
414 406
414 407
414 408
414 409
414 410
414 411
414 412
414 413
414 415
414 416
414 417
414 418
414 419
414 420
415 382
415 383
415 384
415 409
415 410
415 411
415 412
415 413
415 414
415 416
415 417
415 418
415 419
415 420
415 421
416 35
416 382
416 383
416 384
416 385
416 402
416 403
416 406
416 409
416 410
416 412
416 413
416 414
416 415
416 417
416 418
416 419
416 420
416 421
416 422
416 445
416 446
416 452
416 453
416 454
417 32
417 33
417 34
417 35
417 36
417 383
417 384
417 403
417 406
417 407
417 409
417 410
417 411
417 412
417 413
417 414
417 415
417 416
417 418
417 419
417 420
417 421
417 446
417 452
417 453
417 454
418 35
418 36
418 383
418 410
418 413
418 414
418 415
418 416
418 417
418 419
418 420
418 421
418 446
418 451
418 452
418 453
419 35
419 380
419 381
419 382
419 383
419 414
419 415
419 416
419 417
419 418
419 420
419 421
419 422
419 444
419 445
419 446
419 447
419 451
419 452
419 453
419 454
420 32
420 35
420 382
420 383
420 384
420 402
420 403
420 414
420 415
420 416
420 417
420 418
420 419
420 421
420 422
420 444
420 445
420 446
420 447
420 448
420 451
420 452
420 453
420 454
420 455
421 30
421 31
421 382
421 383
421 384
421 385
421 401
421 402
421 403
421 404
421 409
421 415
421 416
421 417
421 418
421 419
421 420
421 422
421 423
421 443
421 444
421 445
421 446
421 447
421 452
421 453
421 454
421 455
421 456
422 377
422 380
422 381
422 382
422 383
422 384
422 385
422 386
422 400
422 401
422 402
422 403
422 416
422 419
422 420
422 421
422 423
422 424
422 442
422 443
422 444
422 445
422 446
422 447
422 452
422 453
422 454
422 455
422 456
423 28
423 46
423 56
423 382
423 386
423 387
423 388
423 389
423 399
423 400
423 401
423 402
423 403
423 421
423 422
423 424
423 425
423 441
423 442
423 443
423 444
423 445
423 455
423 456
423 458
424 56
424 350
424 377
424 382
424 386
424 389
424 398
424 399
424 400
424 401
424 402
424 422
424 423
424 425
424 426
424 437
424 438
424 439
424 440
424 441
424 442
424 443
424 444
425 48
425 56
425 389
425 390
425 391
425 397
425 398
425 399
425 400
425 401
425 423
425 424
425 426
425 427
425 428
425 436
425 437
425 438
425 439
425 440
425 441
425 442
425 443
426 331
426 348
426 350
426 391
426 396
426 397
426 398
426 399
426 400
426 424
426 425
426 427
426 428
426 429
426 434
426 435
426 436
426 437
426 438
426 439
426 441
427 391
427 395
427 396
427 397
427 398
427 399
427 425
427 426
427 428
427 429
427 430
427 434
427 435
427 436
427 437
427 438
428 333
428 346
428 391
428 392
428 394
428 395
428 396
428 397
428 398
428 425
428 426
428 427
428 429
428 430
428 431
428 432
428 433
428 434
428 435
428 436
428 437
428 438
429 345
429 346
429 395
429 396
429 397
429 426
429 427
429 428
429 430
429 431
429 432
429 433
429 434
429 435
429 436
430 315
430 319
430 320
430 335
430 394
430 395
430 396
430 397
430 427
430 428
430 429
430 431
430 432
430 433
430 434
430 435
431 319
431 396
431 428
431 429
431 430
431 432
431 433
431 434
432 335
432 345
432 346
432 428
432 429
432 430
432 431
432 433
432 434
433 319
433 320
433 333
433 334
433 335
433 344
433 345
433 346
433 347
433 428
433 429
433 430
433 431
433 432
433 434
433 435
434 332
434 333
434 334
434 344
434 345
434 346
434 347
434 348
434 426
434 427
434 428
434 429
434 430
434 431
434 432
434 433
434 435
434 436
435 331
435 332
435 333
435 345
435 346
435 347
435 348
435 349
435 396
435 397
435 398
435 426
435 427
435 428
435 429
435 430
435 433
435 434
435 436
435 437
435 438
436 346
436 347
436 348
436 349
436 397
436 398
436 425
436 426
436 427
436 428
436 429
436 434
436 435
436 437
436 438
436 439
437 348
437 349
437 350
437 377
437 397
437 398
437 399
437 424
437 425
437 426
437 427
437 428
437 435
437 436
437 438
437 439
437 440
437 441
438 377
438 397
438 398
438 424
438 425
438 426
438 427
438 428
438 435
438 436
438 437
438 439
438 440
438 441
438 442
439 376
439 377
439 378
439 424
439 425
439 426
439 436
439 437
439 438
439 440
439 441
439 442
440 50
440 55
440 56
440 377
440 378
440 424
440 425
440 437
440 438
440 439
440 441
440 442
441 48
441 50
441 55
441 56
441 57
441 377
441 378
441 399
441 423
441 424
441 425
441 426
441 437
441 438
441 439
441 440
441 442
441 443
441 444
442 48
442 55
442 56
442 57
442 377
442 378
442 379
442 380
442 382
442 422
442 423
442 424
442 425
442 438
442 439
442 440
442 441
442 443
442 444
442 445
443 46
443 47
443 48
443 55
443 56
443 57
443 58
443 377
443 378
443 380
443 401
443 421
443 422
443 423
443 424
443 425
443 441
443 442
443 444
443 445
443 446
443 447
443 455
444 56
444 57
444 58
444 377
444 378
444 380
444 382
444 419
444 420
444 421
444 422
444 423
444 424
444 441
444 442
444 443
444 445
444 446
444 447
444 448
444 452
444 453
444 455
445 30
445 44
445 57
445 58
445 416
445 419
445 420
445 421
445 422
445 423
445 442
445 443
445 444
445 446
445 447
445 448
445 449
445 451
445 452
445 453
445 454
445 455
446 380
446 416
446 417
446 418
446 419
446 420
446 421
446 422
446 443
446 444
446 445
446 447
446 448
446 449
446 450
446 451
446 452
446 453
446 454
447 419
447 420
447 421
447 422
447 443
447 444
447 445
447 446
447 448
447 449
447 450
447 451
447 452
447 453
448 30
448 58
448 61
448 420
448 444
448 445
448 446
448 447
448 449
448 450
448 451
448 452
448 453
449 445
449 446
449 447
449 448
449 450
449 451
449 452
449 453
450 32
450 37
450 38
450 39
450 40
450 446
450 447
450 448
450 449
450 451
450 452
450 453
451 32
451 35
451 36
451 37
451 38
451 39
451 418
451 419
451 420
451 445
451 446
451 447
451 448
451 449
451 450
451 452
451 453
452 30
452 31
452 32
452 35
452 36
452 37
452 416
452 417
452 418
452 419
452 420
452 421
452 422
452 444
452 445
452 446
452 447
452 448
452 449
452 450
452 451
452 453
452 454
452 455
453 29
453 30
453 31
453 32
453 33
453 35
453 37
453 41
453 42
453 403
453 416
453 417
453 418
453 419
453 420
453 421
453 422
453 444
453 445
453 446
453 447
453 448
453 449
453 450
453 451
453 452
453 454
453 455
453 456
454 28
454 29
454 30
454 31
454 32
454 33
454 34
454 35
454 41
454 70
454 401
454 402
454 403
454 404
454 405
454 406
454 409
454 416
454 417
454 419
454 420
454 421
454 422
454 445
454 446
454 452
454 453
454 455
454 456
454 457
455 28
455 29
455 30
455 31
455 32
455 41
455 42
455 43
455 44
455 71
455 72
455 387
455 388
455 400
455 401
455 402
455 403
455 404
455 405
455 420
455 421
455 422
455 423
455 443
455 444
455 445
455 452
455 453
455 454
455 456
455 457
455 458
456 28
456 29
456 30
456 31
456 70
456 71
456 72
456 73
456 74
456 387
456 388
456 389
456 400
456 401
456 402
456 403
456 404
456 405
456 406
456 421
456 422
456 423
456 453
456 454
456 455
456 457
456 458
457 26
457 27
457 28
457 29
457 30
457 71
457 72
457 73
457 74
457 387
457 388
457 389
457 390
457 399
457 400
457 401
457 402
457 403
457 404
457 454
457 455
457 456
457 458
457 459
458 26
458 27
458 28
458 29
458 44
458 45
458 46
458 73
458 74
458 75
458 388
458 389
458 390
458 391
458 399
458 400
458 401
458 423
458 455
458 456
458 457
458 459
458 460
458 464
458 466
459 25
459 26
459 27
459 28
459 29
459 45
459 73
459 74
459 75
459 76
459 93
459 389
459 390
459 391
459 392
459 457
459 458
459 460
459 461
459 462
459 463
459 464
459 465
459 466
459 467
460 22
460 23
460 24
460 25
460 26
460 27
460 28
460 390
460 391
460 392
460 393
460 458
460 459
460 461
460 462
460 463
460 464
460 465
460 467
461 23
461 24
461 25
461 26
461 27
461 76
461 90
461 91
461 92
461 93
461 108
461 109
461 112
461 113
461 459
461 460
461 462
461 463
461 464
462 9
462 10
462 11
462 17
462 20
462 21
462 23
462 76
462 78
462 79
462 80
462 89
462 90
462 91
462 109
462 393
462 459
462 460
462 461
462 463
462 464
462 468
463 9
463 10
463 11
463 17
463 20
463 23
463 75
463 76
463 78
463 79
463 80
463 90
463 392
463 393
463 459
463 460
463 461
463 462
463 464
463 465
463 466
463 467
463 468
463 469
464 10
464 14
464 17
464 18
464 23
464 76
464 79
464 80
464 315
464 316
464 390
464 391
464 392
464 393
464 458
464 459
464 460
464 461
464 462
464 463
464 465
464 466
464 467
464 468
464 469
465 14
465 17
465 18
465 253
465 256
465 313
465 314
465 315
465 316
465 317
465 390
465 391
465 392
465 393
465 395
465 459
465 460
465 463
465 464
465 466
465 467
465 468
465 469
466 75
466 139
466 190
466 251
466 252
466 253
466 254
466 256
466 312
466 313
466 314
466 315
466 316
466 389
466 390
466 391
466 458
466 459
466 463
466 464
466 465
466 467
466 468
466 469
467 74
467 75
467 76
467 78
467 79
467 80
467 137
467 138
467 139
467 140
467 190
467 459
467 460
467 463
467 464
467 465
467 466
467 468
467 469
468 9
468 10
468 11
468 13
468 14
468 17
468 75
468 76
468 78
468 79
468 80
468 81
468 82
468 139
468 140
468 141
468 256
468 316
468 462
468 463
468 464
468 465
468 466
468 467
468 469
468 470
469 10
469 11
469 13
469 14
469 79
469 80
469 81
469 82
469 139
469 140
469 141
469 142
469 190
469 191
469 192
469 193
469 254
469 255
469 256
469 257
469 258
469 463
469 464
469 465
469 466
469 467
469 468
469 470
469 471
470 10
470 11
470 12
470 13
470 14
470 79
470 80
470 81
470 82
470 83
470 142
470 191
470 192
470 193
470 194
470 255
470 256
470 257
470 258
470 259
470 468
470 469
470 471
471 12
471 13
471 80
471 81
471 82
471 83
471 84
471 142
471 191
471 192
471 193
471 194
471 195
471 256
471 257
471 258
471 259
471 469
471 470
