0 1
0 2
0 3
0 39
1 0
1 2
1 3
1 4
1 5
2 0
2 1
2 3
2 4
2 5
2 42
2 43
2 46
3 0
3 1
3 2
3 4
3 5
3 43
3 46
3 47
3 48
4 1
4 2
4 3
4 5
4 6
4 7
4 42
4 43
4 44
4 45
4 46
4 47
4 48
4 49
4 50
4 51
5 1
5 2
5 3
5 4
5 6
5 7
5 8
5 43
5 44
5 46
5 47
5 48
5 49
6 4
6 5
6 7
6 8
6 9
6 43
6 44
6 46
6 47
6 48
6 49
6 50
6 51
7 4
7 5
7 6
7 8
7 9
7 10
7 11
7 12
7 40
7 43
7 44
7 45
7 46
7 47
7 48
7 49
7 51
7 52
8 5
8 6
8 7
8 9
8 10
8 11
8 12
8 13
8 43
8 44
8 47
8 52
9 6
9 7
9 8
9 10
9 11
9 12
9 13
9 14
9 40
9 43
9 44
9 47
9 52
9 55
9 56
10 7
10 8
10 9
10 11
10 12
10 13
10 14
10 15
10 16
11 7
11 8
11 9
11 10
11 12
11 13
11 14
11 15
11 16
12 7
12 8
12 9
12 10
12 11
12 13
12 14
12 15
12 16
12 17
12 37
12 40
12 41
12 43
12 44
13 8
13 9
13 10
13 11
13 12
13 14
13 15
13 16
13 17
13 18
13 19
13 20
13 37
13 40
13 41
13 44
13 55
13 56
13 59
13 60
14 9
14 10
14 11
14 12
14 13
14 15
14 16
14 17
14 18
14 19
14 20
15 10
15 11
15 12
15 13
15 14
15 16
15 17
15 18
15 19
15 20
15 33
15 37
15 40
16 10
16 11
16 12
16 13
16 14
16 15
16 17
16 18
16 19
16 20
16 21
16 22
16 33
16 34
16 36
16 37
16 38
16 40
16 41
16 56
16 60
17 12
17 13
17 14
17 15
17 16
17 18
17 19
17 20
17 21
17 22
17 23
17 37
17 59
17 60
17 63
18 13
18 14
18 15
18 16
18 17
18 19
18 20
18 21
18 22
18 23
18 29
19 13
19 14
19 15
19 16
19 17
19 18
19 20
19 21
19 22
19 23
19 24
19 25
19 27
19 28
19 29
19 30
19 33
19 34
19 37
19 100
20 13
20 14
20 15
20 16
20 17
20 18
20 19
20 21
20 22
20 23
20 24
20 25
20 26
20 27
20 29
20 34
20 37
20 60
20 63
20 64
20 96
20 97
20 99
20 100
20 103
21 16
21 17
21 18
21 19
21 20
21 22
21 23
21 24
21 25
21 26
21 27
21 63
21 64
21 67
21 96
21 100
22 16
22 17
22 18
22 19
22 20
22 21
22 23
22 24
22 25
22 26
22 27
22 28
22 29
22 96
23 17
23 18
23 19
23 20
23 21
23 22
23 24
23 25
23 26
23 27
23 28
23 29
23 34
23 92
23 93
23 95
23 96
23 97
23 98
23 99
23 100
23 103
24 19
24 20
24 21
24 22
24 23
24 25
24 26
24 27
24 64
24 67
24 89
24 92
24 93
24 94
24 95
24 96
24 97
24 98
24 99
24 100
25 19
25 20
25 21
25 22
25 23
25 24
25 26
25 27
25 28
25 67
25 89
25 92
25 93
25 95
25 96
25 97
26 20
26 21
26 22
26 23
26 24
26 25
26 27
26 28
26 29
26 91
26 92
26 93
26 95
26 96
26 99
27 19
27 20
27 21
27 22
27 23
27 24
27 25
27 26
27 28
27 29
27 30
27 92
27 96
28 19
28 22
28 23
28 25
28 26
28 27
28 29
28 30
28 31
29 18
29 19
29 20
29 22
29 23
29 26
29 27
29 28
29 30
29 31
29 32
29 33
29 34
30 19
30 27
30 28
30 29
30 31
30 32
30 33
30 34
30 35
31 28
31 29
31 30
31 32
31 33
31 34
31 35
31 36
31 37
32 29
32 30
32 31
32 33
32 34
32 35
32 36
32 37
33 15
33 16
33 19
33 29
33 30
33 31
33 32
33 34
33 35
33 36
33 37
33 38
33 39
34 16
34 19
34 20
34 23
34 29
34 30
34 31
34 32
34 33
34 35
34 36
34 37
34 38
34 39
34 40
34 103
35 30
35 31
35 32
35 33
35 34
35 36
35 37
35 38
35 39
35 40
35 103
36 16
36 31
36 32
36 33
36 34
36 35
36 37
36 38
36 39
36 40
36 41
36 42
37 12
37 13
37 15
37 16
37 17
37 19
37 20
37 31
37 32
37 33
37 34
37 35
37 36
37 38
37 39
37 40
37 41
37 42
37 43
37 103
37 104
38 16
38 33
38 34
38 35
38 36
38 37
38 39
38 40
38 41
38 42
38 43
38 102
38 103
38 104
38 105
38 106
38 107
39 0
39 33
39 34
39 35
39 36
39 37
39 38
39 40
39 41
39 42
39 43
39 44
39 45
39 103
39 106
40 7
40 9
40 12
40 13
40 15
40 16
40 34
40 35
40 36
40 37
40 38
40 39
40 41
40 42
40 43
40 44
40 45
40 46
41 12
41 13
41 16
41 36
41 37
41 38
41 39
41 40
41 42
41 43
41 44
41 45
41 46
41 47
41 52
41 53
41 56
41 103
41 104
41 105
41 106
41 107
42 2
42 4
42 36
42 37
42 38
42 39
42 40
42 41
42 43
42 44
42 45
42 46
42 47
42 53
42 104
42 105
42 106
42 107
42 110
43 2
43 3
43 4
43 5
43 6
43 7
43 8
43 9
43 12
43 37
43 38
43 39
43 40
43 41
43 42
43 44
43 45
43 46
43 47
43 48
43 51
43 52
43 53
44 4
44 5
44 6
44 7
44 8
44 9
44 12
44 13
44 39
44 40
44 41
44 42
44 43
44 45
44 46
44 47
44 48
44 50
44 51
44 52
44 53
44 54
44 55
44 56
44 107
45 4
45 7
45 39
45 40
45 41
45 42
45 43
45 44
45 46
45 47
45 48
45 50
45 51
45 52
45 53
45 54
45 55
45 56
45 106
45 107
45 110
45 111
46 2
46 3
46 4
46 5
46 6
46 7
46 40
46 41
46 42
46 43
46 44
46 45
46 47
46 48
46 49
46 50
46 51
46 52
46 53
46 110
47 3
47 4
47 5
47 6
47 7
47 8
47 9
47 41
47 42
47 43
47 44
47 45
47 46
47 48
47 49
47 50
47 51
47 52
47 53
48 3
48 4
48 5
48 6
48 7
48 43
48 44
48 45
48 46
48 47
48 49
48 50
48 51
48 52
49 4
49 5
49 6
49 7
49 46
49 47
49 48
49 50
49 51
49 52
50 4
50 6
50 44
50 45
50 46
50 47
50 48
50 49
50 51
50 52
50 53
51 4
51 6
51 7
51 43
51 44
51 45
51 46
51 47
51 48
51 49
51 50
51 52
51 53
51 54
51 55
51 56
51 111
52 7
52 8
52 9
52 41
52 43
52 44
52 45
52 46
52 47
52 48
52 49
52 50
52 51
52 53
52 54
52 55
52 56
52 57
52 111
53 41
53 42
53 43
53 44
53 45
53 46
53 47
53 50
53 51
53 52
53 54
53 55
53 56
53 57
53 58
53 106
53 107
53 108
53 110
53 111
53 112
54 44
54 45
54 51
54 52
54 53
54 55
54 56
54 57
54 58
54 59
54 60
54 107
54 111
54 112
55 9
55 13
55 44
55 45
55 51
55 52
55 53
55 54
55 56
55 57
55 58
55 59
55 60
55 61
56 9
56 13
56 16
56 41
56 44
56 45
56 51
56 52
56 53
56 54
56 55
56 57
56 58
56 59
56 60
56 61
56 107
57 52
57 53
57 54
57 55
57 56
57 58
57 59
57 60
57 61
57 62
57 63
57 104
57 107
57 108
57 111
57 112
57 135
57 136
57 137
57 138
57 141
58 53
58 54
58 55
58 56
58 57
58 59
58 60
58 61
58 62
58 63
58 64
59 13
59 17
59 54
59 55
59 56
59 57
59 58
59 60
59 61
59 62
59 63
59 64
59 65
60 13
60 16
60 17
60 20
60 54
60 55
60 56
60 57
60 58
60 59
60 61
60 62
60 63
60 64
60 65
60 138
60 141
60 142
61 55
61 56
61 57
61 58
61 59
61 60
61 62
61 63
61 64
61 65
61 66
61 67
61 138
61 141
61 142
61 145
62 57
62 58
62 59
62 60
62 61
62 63
62 64
62 65
62 66
62 67
62 68
63 17
63 20
63 21
63 57
63 58
63 59
63 60
63 61
63 62
63 64
63 65
63 66
63 67
63 68
63 69
64 20
64 21
64 24
64 58
64 59
64 60
64 61
64 62
64 63
64 65
64 66
64 67
64 68
64 69
64 70
64 97
64 138
64 141
64 142
64 143
64 145
64 146
65 59
65 60
65 61
65 62
65 63
65 64
65 66
65 67
65 68
65 69
65 70
65 141
65 142
65 144
65 145
65 146
65 148
65 149
66 61
66 62
66 63
66 64
66 65
66 67
66 68
66 69
66 70
66 71
66 72
66 145
66 149
67 21
67 24
67 25
67 61
67 62
67 63
67 64
67 65
67 66
67 68
67 69
67 70
67 71
67 72
67 93
67 145
67 146
68 62
68 63
68 64
68 65
68 66
68 67
68 69
68 70
68 71
68 72
68 73
68 74
68 89
68 93
68 142
68 145
68 146
68 147
68 148
68 149
68 150
69 63
69 64
69 65
69 66
69 67
69 68
69 70
69 71
69 72
69 73
69 74
69 145
69 146
69 149
69 150
70 64
70 65
70 66
70 67
70 68
70 69
70 71
70 72
70 73
70 74
70 75
70 149
70 150
71 66
71 67
71 68
71 69
71 70
71 72
71 73
71 74
71 75
71 76
71 85
71 86
71 89
71 90
71 93
71 146
71 149
71 150
72 66
72 67
72 68
72 69
72 70
72 71
72 73
72 74
72 75
72 76
72 77
72 86
72 89
72 146
72 149
72 150
72 151
72 153
72 154
73 68
73 69
73 70
73 71
73 72
73 74
73 75
73 76
73 77
73 78
73 150
74 68
74 69
74 70
74 71
74 72
74 73
74 75
74 76
74 77
74 78
74 79
74 82
74 85
74 86
74 89
75 70
75 71
75 72
75 73
75 74
75 76
75 77
75 78
75 79
75 80
75 81
75 82
75 83
75 84
75 85
75 86
75 87
75 88
75 89
75 150
75 154
76 71
76 72
76 73
76 74
76 75
76 77
76 78
76 79
76 80
76 81
76 82
76 85
76 86
76 154
77 72
77 73
77 74
77 75
77 76
77 78
77 79
77 80
77 81
77 82
78 73
78 74
78 75
78 76
78 77
78 79
78 80
78 81
78 82
78 83
78 84
78 85
78 86
79 74
79 75
79 76
79 77
79 78
79 80
79 81
79 82
79 83
79 85
80 75
80 76
80 77
80 78
80 79
80 81
80 82
80 83
80 84
80 85
80 161
81 75
81 76
81 77
81 78
81 79
81 80
81 82
81 83
81 84
81 85
81 86
81 87
82 74
82 75
82 76
82 77
82 78
82 79
82 80
82 81
82 83
82 84
82 85
82 86
82 87
82 88
82 154
82 157
82 158
82 161
83 75
83 78
83 79
83 80
83 81
83 82
83 84
83 85
83 86
83 87
83 88
83 157
83 158
83 159
83 161
83 162
83 176
83 179
83 180
83 182
83 183
84 75
84 78
84 80
84 81
84 82
84 83
84 85
84 86
84 87
84 88
84 89
84 90
84 176
84 178
84 179
84 180
84 182
84 183
85 71
85 74
85 75
85 76
85 78
85 79
85 80
85 81
85 82
85 83
85 84
85 86
85 87
85 88
85 89
85 90
85 91
85 179
86 71
86 72
86 74
86 75
86 76
86 78
86 81
86 82
86 83
86 84
86 85
86 87
86 88
86 89
86 90
86 91
86 92
86 150
86 151
86 154
86 158
86 179
86 182
86 183
86 186
87 75
87 81
87 82
87 83
87 84
87 85
87 86
87 88
87 89
87 90
87 91
87 92
87 93
87 178
87 179
87 180
87 181
87 182
87 183
87 184
87 185
87 186
88 75
88 82
88 83
88 84
88 85
88 86
88 87
88 89
88 90
88 91
88 92
88 93
88 179
88 182
88 183
89 24
89 25
89 68
89 71
89 72
89 74
89 75
89 84
89 85
89 86
89 87
89 88
89 90
89 91
89 92
89 93
89 94
89 95
90 71
90 84
90 85
90 86
90 87
90 88
90 89
90 91
90 92
90 93
90 94
90 95
90 96
90 146
90 150
90 182
90 183
90 186
91 26
91 85
91 86
91 87
91 88
91 89
91 90
91 92
91 93
91 94
91 95
91 96
91 97
91 182
91 183
91 186
92 23
92 24
92 25
92 26
92 27
92 86
92 87
92 88
92 89
92 90
92 91
92 93
92 94
92 95
92 96
92 97
93 23
93 24
93 25
93 26
93 67
93 68
93 71
93 87
93 88
93 89
93 90
93 91
93 92
93 94
93 95
93 96
93 97
93 98
93 99
93 100
93 142
93 143
93 146
94 24
94 89
94 90
94 91
94 92
94 93
94 95
94 96
94 97
94 98
94 99
94 100
94 139
94 142
94 143
94 146
94 186
94 189
94 190
95 23
95 24
95 25
95 26
95 89
95 90
95 91
95 92
95 93
95 94
95 96
95 97
95 98
95 99
95 100
95 101
95 139
96 20
96 21
96 22
96 23
96 24
96 25
96 26
96 27
96 90
96 91
96 92
96 93
96 94
96 95
96 97
96 98
96 99
96 100
96 101
96 102
96 139
96 142
97 20
97 23
97 24
97 25
97 64
97 91
97 92
97 93
97 94
97 95
97 96
97 98
97 99
97 100
97 101
97 102
97 103
97 138
97 139
97 140
97 141
97 142
97 143
98 23
98 24
98 93
98 94
98 95
98 96
98 97
98 99
98 100
98 101
98 102
98 103
98 104
98 138
98 139
98 140
98 142
98 143
99 20
99 23
99 24
99 26
99 93
99 94
99 95
99 96
99 97
99 98
99 100
99 101
99 102
99 103
99 104
99 105
99 139
100 19
100 20
100 21
100 23
100 24
100 93
100 94
100 95
100 96
100 97
100 98
100 99
100 101
100 102
100 103
100 104
100 105
100 138
100 139
100 142
101 95
101 96
101 97
101 98
101 99
101 100
101 102
101 103
101 104
101 105
101 106
101 107
101 108
101 137
101 138
101 139
101 140
101 141
101 142
102 38
102 96
102 97
102 98
102 99
102 100
102 101
102 103
102 104
102 105
102 106
102 108
102 138
102 139
103 20
103 23
103 34
103 35
103 37
103 38
103 39
103 41
103 97
103 98
103 99
103 100
103 101
103 102
103 104
103 105
103 106
103 107
103 108
103 138
104 37
104 38
104 41
104 42
104 57
104 98
104 99
104 100
104 101
104 102
104 103
104 105
104 106
104 107
104 108
104 109
104 137
104 138
104 139
105 38
105 41
105 42
105 99
105 100
105 101
105 102
105 103
105 104
105 106
105 107
105 108
105 109
105 110
105 111
105 112
105 137
105 138
105 139
106 38
106 39
106 41
106 42
106 45
106 53
106 101
106 102
106 103
106 104
106 105
106 107
106 108
106 109
106 110
106 111
106 112
107 38
107 41
107 42
107 44
107 45
107 53
107 54
107 56
107 57
107 101
107 103
107 104
107 105
107 106
107 108
107 109
107 110
107 111
107 112
107 113
107 114
107 137
107 138
108 53
108 57
108 101
108 102
108 103
108 104
108 105
108 106
108 107
108 109
108 110
108 111
108 112
108 113
108 114
108 115
108 116
108 135
108 136
108 137
108 138
108 139
109 104
109 105
109 106
109 107
109 108
109 110
109 111
109 112
109 113
109 114
109 115
109 137
110 42
110 45
110 46
110 53
110 105
110 106
110 107
110 108
110 109
110 111
110 112
110 113
110 114
110 115
111 45
111 51
111 52
111 53
111 54
111 57
111 105
111 106
111 107
111 108
111 109
111 110
111 112
111 113
111 114
111 115
111 116
111 135
111 137
112 53
112 54
112 57
112 105
112 106
112 107
112 108
112 109
112 110
112 111
112 113
112 114
112 115
112 116
112 117
112 134
112 135
112 136
112 137
112 138
113 107
113 108
113 109
113 110
113 111
113 112
113 114
113 115
113 116
113 117
113 118
113 135
113 136
113 137
114 107
114 108
114 109
114 110
114 111
114 112
114 113
114 115
114 116
114 117
114 118
114 135
115 108
115 109
115 110
115 111
115 112
115 113
115 114
115 116
115 117
115 118
115 134
115 135
115 136
116 108
116 111
116 112
116 113
116 114
116 115
116 117
116 118
116 119
116 121
116 134
116 135
116 136
116 137
117 112
117 113
117 114
117 115
117 116
117 118
117 119
117 120
117 121
117 122
117 123
117 126
117 127
117 134
117 135
118 113
118 114
118 115
118 116
118 117
118 119
118 120
118 121
118 122
118 123
118 127
119 116
119 117
119 118
119 120
119 121
119 122
119 123
119 124
120 117
120 118
120 119
120 121
120 122
120 123
120 124
120 125
120 126
121 116
121 117
121 118
121 119
121 120
121 122
121 123
121 124
121 125
121 126
121 127
122 117
122 118
122 119
122 120
122 121
122 123
122 124
122 125
122 126
122 127
122 128
122 134
123 117
123 118
123 119
123 120
123 121
123 122
123 124
123 125
123 126
123 127
124 119
124 120
124 121
124 122
124 123
124 125
124 126
124 127
125 120
125 121
125 122
125 123
125 124
125 126
125 127
125 128
125 129
126 117
126 120
126 121
126 122
126 123
126 124
126 125
126 127
126 128
126 129
127 117
127 118
127 121
127 122
127 123
127 124
127 125
127 126
127 128
127 129
127 130
127 131
127 132
128 122
128 125
128 126
128 127
128 129
128 130
128 131
128 132
129 125
129 126
129 127
129 128
129 130
129 131
129 132
130 127
130 128
130 129
130 131
130 132
130 133
131 127
131 128
131 129
131 130
131 132
131 133
131 134
131 135
132 127
132 128
132 129
132 130
132 131
132 133
132 134
132 135
133 130
133 131
133 132
133 134
133 135
133 136
134 112
134 115
134 116
134 117
134 122
134 131
134 132
134 133
134 135
134 136
134 137
135 57
135 108
135 111
135 112
135 113
135 114
135 115
135 116
135 117
135 131
135 132
135 133
135 134
135 136
135 137
135 138
135 140
135 141
136 57
136 108
136 112
136 113
136 115
136 116
136 133
136 134
136 135
136 137
136 138
136 139
136 140
136 141
136 142
136 144
136 193
137 57
137 101
137 104
137 105
137 107
137 108
137 109
137 111
137 112
137 113
137 116
137 134
137 135
137 136
137 138
137 139
137 140
137 141
137 142
137 143
137 193
138 57
138 60
138 61
138 64
138 97
138 98
138 100
138 101
138 102
138 103
138 104
138 105
138 107
138 108
138 112
138 135
138 136
138 137
138 139
138 140
138 141
138 142
138 143
138 144
139 94
139 95
139 96
139 97
139 98
139 99
139 100
139 101
139 102
139 104
139 105
139 108
139 136
139 137
139 138
139 140
139 141
139 142
139 143
139 144
139 145
139 193
140 97
140 98
140 101
140 135
140 136
140 137
140 138
140 139
140 141
140 142
140 143
140 144
140 145
140 146
140 190
140 191
140 192
140 193
140 194
141 57
141 60
141 61
141 64
141 65
141 97
141 101
141 135
141 136
141 137
141 138
141 139
141 140
141 142
141 143
141 144
141 145
141 146
141 147
141 190
141 193
142 60
142 61
142 64
142 65
142 68
142 93
142 94
142 96
142 97
142 98
142 100
142 101
142 136
142 137
142 138
142 139
142 140
142 141
142 143
142 144
142 145
142 146
142 147
142 190
143 64
143 93
143 94
143 97
143 98
143 137
143 138
143 139
143 140
143 141
143 142
143 144
143 145
143 146
143 147
143 148
143 186
143 189
143 190
143 191
143 192
143 193
144 65
144 136
144 138
144 139
144 140
144 141
144 142
144 143
144 145
144 146
144 147
144 148
144 149
144 150
144 151
144 190
144 191
144 193
145 61
145 64
145 65
145 66
145 67
145 68
145 69
145 139
145 140
145 141
145 142
145 143
145 144
145 146
145 147
145 148
145 149
145 150
145 151
145 190
146 64
146 65
146 67
146 68
146 69
146 71
146 72
146 90
146 93
146 94
146 140
146 141
146 142
146 143
146 144
146 145
146 147
146 148
146 149
146 150
146 151
146 152
146 186
146 190
147 68
147 141
147 142
147 143
147 144
147 145
147 146
147 148
147 149
147 150
147 151
147 152
147 153
147 154
147 155
147 186
147 187
147 189
147 190
147 191
147 201
148 65
148 68
148 143
148 144
148 145
148 146
148 147
148 149
148 150
148 151
148 152
148 153
148 154
148 190
149 65
149 66
149 68
149 69
149 70
149 71
149 72
149 144
149 145
149 146
149 147
149 148
149 150
149 151
149 152
149 153
149 154
150 68
150 69
150 70
150 71
150 72
150 73
150 75
150 86
150 90
150 144
150 145
150 146
150 147
150 148
150 149
150 151
150 152
150 153
150 154
150 155
151 72
151 86
151 144
151 145
151 146
151 147
151 148
151 149
151 150
151 152
151 153
151 154
151 155
151 156
151 157
151 158
151 183
151 186
151 187
151 190
151 205
152 146
152 147
152 148
152 149
152 150
152 151
152 153
152 154
152 155
152 156
152 158
152 205
153 72
153 147
153 148
153 149
153 150
153 151
153 152
153 154
153 155
153 156
153 157
153 158
154 72
154 75
154 76
154 82
154 86
154 147
154 148
154 149
154 150
154 151
154 152
154 153
154 155
154 156
154 157
154 158
154 159
155 147
155 150
155 151
155 152
155 153
155 154
155 156
155 157
155 158
155 159
155 160
155 161
155 187
155 205
155 206
156 151
156 152
156 153
156 154
156 155
156 157
156 158
156 159
156 160
156 161
156 205
156 206
157 82
157 83
157 151
157 153
157 154
157 155
157 156
157 158
157 159
157 160
157 161
157 162
158 82
158 83
158 86
158 151
158 152
158 153
158 154
158 155
158 156
158 157
158 159
158 160
158 161
158 162
158 163
158 164
158 180
158 183
158 184
158 206
159 83
159 154
159 155
159 156
159 157
159 158
159 160
159 161
159 162
159 163
159 164
159 165
159 183
159 184
159 205
159 206
159 207
159 209
159 210
160 155
160 156
160 157
160 158
160 159
160 161
160 162
160 163
160 164
160 165
160 206
160 209
160 210
161 80
161 82
161 83
161 155
161 156
161 157
161 158
161 159
161 160
161 162
161 163
161 164
161 165
161 166
161 167
161 180
162 83
162 157
162 158
162 159
162 160
162 161
162 163
162 164
162 165
162 166
162 167
162 168
162 175
162 179
162 180
162 181
162 183
162 184
162 206
162 210
163 158
163 159
163 160
163 161
163 162
163 164
163 165
163 166
163 167
163 168
163 169
163 180
163 206
163 209
163 210
163 213
163 214
164 158
164 159
164 160
164 161
164 162
164 163
164 165
164 166
164 167
164 168
164 169
164 170
164 175
164 213
165 159
165 160
165 161
165 162
165 163
165 164
165 166
165 167
165 168
165 169
165 170
165 171
165 173
165 174
165 175
165 176
165 177
165 180
166 161
166 162
166 163
166 164
166 165
166 167
166 168
166 169
166 170
166 171
166 172
166 173
166 174
166 175
166 177
166 180
166 210
166 214
166 248
166 252
167 161
167 162
167 163
167 164
167 165
167 166
167 168
167 169
167 170
167 171
167 172
167 173
167 175
167 213
167 214
167 217
168 162
168 163
168 164
168 165
168 166
168 167
168 169
168 170
168 171
168 172
168 173
168 174
168 175
169 163
169 164
169 165
169 166
169 167
169 168
169 170
169 171
169 172
169 173
169 174
169 175
169 176
169 177
169 248
170 164
170 165
170 166
170 167
170 168
170 169
170 171
170 172
170 173
170 174
170 217
170 241
170 244
170 245
170 248
171 165
171 166
171 167
171 168
171 169
171 170
171 172
171 173
171 174
172 166
172 167
172 168
172 169
172 170
172 171
172 173
172 174
172 175
173 165
173 166
173 167
173 168
173 169
173 170
173 171
173 172
173 174
173 175
173 176
174 165
174 166
174 168
174 169
174 170
174 171
174 172
174 173
174 175
174 176
174 177
175 162
175 164
175 165
175 166
175 167
175 168
175 169
175 172
175 173
175 174
175 176
175 177
175 178
175 179
175 180
176 83
176 84
176 165
176 169
176 173
176 174
176 175
176 177
176 178
176 179
176 180
176 181
177 165
177 166
177 169
177 174
177 175
177 176
177 178
177 179
177 180
177 181
177 182
177 248
177 251
177 252
178 84
178 87
178 175
178 176
178 177
178 179
178 180
178 181
178 182
178 183
178 184
178 251
178 252
179 83
179 84
179 85
179 86
179 87
179 88
179 162
179 175
179 176
179 177
179 178
179 180
179 181
179 182
179 183
179 184
179 185
179 252
180 83
180 84
180 87
180 158
180 161
180 162
180 163
180 165
180 166
180 175
180 176
180 177
180 178
180 179
180 181
180 182
180 183
180 184
180 185
180 186
180 251
180 252
180 253
181 87
181 162
181 176
181 177
181 178
181 179
181 180
181 182
181 183
181 184
181 185
181 186
181 250
181 251
181 252
181 253
181 254
182 83
182 84
182 86
182 87
182 88
182 90
182 91
182 177
182 178
182 179
182 180
182 181
182 183
182 184
182 185
182 186
182 187
182 188
182 189
182 252
182 253
183 83
183 84
183 86
183 87
183 88
183 90
183 91
183 151
183 158
183 159
183 162
183 178
183 179
183 180
183 181
183 182
183 184
183 185
183 186
183 187
183 188
183 189
183 252
184 87
184 158
184 159
184 162
184 178
184 179
184 180
184 181
184 182
184 183
184 185
184 186
184 187
184 188
184 189
184 202
184 206
184 207
184 252
184 253
184 254
185 87
185 179
185 180
185 181
185 182
185 183
185 184
185 186
185 187
185 188
185 189
185 190
185 202
185 252
185 253
185 254
186 86
186 87
186 90
186 91
186 94
186 143
186 146
186 147
186 151
186 180
186 181
186 182
186 183
186 184
186 185
186 187
186 188
186 189
186 190
186 191
186 192
186 202
187 147
187 151
187 155
187 182
187 183
187 184
187 185
187 186
187 188
187 189
187 190
187 191
187 192
187 199
187 200
187 201
187 202
187 203
187 205
187 206
188 182
188 183
188 184
188 185
188 186
188 187
188 189
188 190
188 191
188 192
188 193
188 198
188 199
188 200
188 201
188 202
188 203
188 206
188 253
188 254
189 94
189 143
189 147
189 182
189 183
189 184
189 185
189 186
189 187
189 188
189 190
189 191
189 192
189 193
189 194
189 198
189 199
189 201
189 202
190 94
190 140
190 141
190 142
190 143
190 144
190 145
190 146
190 147
190 148
190 151
190 185
190 186
190 187
190 188
190 189
190 191
190 192
190 193
190 194
190 198
190 199
190 201
190 202
191 140
191 143
191 144
191 147
191 186
191 187
191 188
191 189
191 190
191 192
191 193
191 194
191 195
191 197
191 198
191 199
191 200
191 201
191 202
192 140
192 143
192 186
192 187
192 188
192 189
192 190
192 191
192 193
192 194
192 195
192 196
192 197
192 198
192 199
192 200
192 201
193 136
193 137
193 139
193 140
193 141
193 143
193 144
193 188
193 189
193 190
193 191
193 192
193 194
193 195
193 196
193 197
193 198
194 140
194 189
194 190
194 191
194 192
194 193
194 195
194 196
194 197
194 198
194 199
194 200
195 191
195 192
195 193
195 194
195 196
195 197
195 198
195 199
196 192
196 193
196 194
196 195
196 197
196 198
196 199
196 200
197 191
197 192
197 193
197 194
197 195
197 196
197 198
197 199
197 200
197 201
198 188
198 189
198 190
198 191
198 192
198 193
198 194
198 195
198 196
198 197
198 199
198 200
198 201
198 202
198 203
199 187
199 188
199 189
199 190
199 191
199 192
199 194
199 195
199 196
199 197
199 198
199 200
199 201
199 202
199 203
199 204
199 207
199 254
199 256
200 187
200 188
200 191
200 192
200 194
200 196
200 197
200 198
200 199
200 201
200 202
200 203
200 204
200 205
200 206
200 207
201 147
201 187
201 188
201 189
201 190
201 191
201 192
201 197
201 198
201 199
201 200
201 202
201 203
201 204
201 205
201 206
201 207
202 184
202 185
202 186
202 187
202 188
202 189
202 190
202 191
202 198
202 199
202 200
202 201
202 203
202 204
202 205
202 206
202 207
202 208
202 254
203 187
203 188
203 198
203 199
203 200
203 201
203 202
203 204
203 205
203 206
203 207
203 208
203 209
203 210
203 254
203 256
203 257
204 199
204 200
204 201
204 202
204 203
204 205
204 206
204 207
204 208
204 209
204 210
205 151
205 152
205 155
205 156
205 159
205 187
205 200
205 201
205 202
205 203
205 204
205 206
205 207
205 208
205 209
205 210
206 155
206 156
206 158
206 159
206 160
206 162
206 163
206 184
206 187
206 188
206 200
206 201
206 202
206 203
206 204
206 205
206 207
206 208
206 209
206 210
206 211
206 253
207 159
207 184
207 199
207 200
207 201
207 202
207 203
207 204
207 205
207 206
207 208
207 209
207 210
207 211
207 212
207 253
207 254
207 256
207 257
207 260
207 261
208 202
208 203
208 204
208 205
208 206
208 207
208 209
208 210
208 211
208 212
208 213
208 214
208 257
208 260
208 261
209 159
209 160
209 163
209 203
209 204
209 205
209 206
209 207
209 208
209 210
209 211
209 212
209 213
209 214
209 215
210 159
210 160
210 162
210 163
210 166
210 203
210 204
210 205
210 206
210 207
210 208
210 209
210 211
210 212
210 213
210 214
210 215
210 257
210 261
211 206
211 207
211 208
211 209
211 210
211 212
211 213
211 214
211 215
211 216
211 217
211 257
211 260
211 261
211 262
211 263
211 264
211 265
212 207
212 208
212 209
212 210
212 211
212 213
212 214
212 215
212 216
212 217
212 261
212 264
213 163
213 164
213 167
213 208
213 209
213 210
213 211
213 212
213 214
213 215
213 216
213 217
213 218
213 219
214 163
214 166
214 167
214 208
214 209
214 210
214 211
214 212
214 213
214 215
214 216
214 217
214 218
214 219
214 220
214 245
214 261
214 262
214 264
214 265
214 268
215 209
215 210
215 211
215 212
215 213
215 214
215 216
215 217
215 218
215 219
215 220
215 221
215 261
215 263
215 264
215 265
215 266
215 267
215 268
215 269
216 211
216 212
216 213
216 214
216 215
216 217
216 218
216 219
216 220
216 221
216 222
216 264
216 265
216 268
217 167
217 170
217 211
217 212
217 213
217 214
217 215
217 216
217 218
217 219
217 220
217 221
217 222
217 265
217 268
218 213
218 214
218 215
218 216
218 217
218 219
218 220
218 221
218 222
218 223
218 224
218 238
218 241
218 264
218 265
218 266
218 267
218 268
218 269
219 213
219 214
219 215
219 216
219 217
219 218
219 220
219 221
219 222
219 223
219 224
219 225
219 264
219 265
219 267
219 268
219 269
219 270
219 272
219 273
220 214
220 215
220 216
220 217
220 218
220 219
220 221
220 222
220 223
220 224
220 225
220 268
220 269
221 215
221 216
221 217
221 218
221 219
221 220
221 222
221 223
221 224
221 225
221 226
221 238
221 241
221 268
221 269
222 216
222 217
222 218
222 219
222 220
222 221
222 223
222 224
222 225
222 226
222 227
222 234
222 237
222 238
222 265
222 268
222 269
222 270
222 272
222 273
223 218
223 219
223 220
223 221
223 222
223 224
223 225
223 226
223 227
223 228
223 268
223 269
223 273
224 218
224 219
224 220
224 221
224 222
224 223
224 225
224 226
224 227
224 228
224 229
225 219
225 220
225 221
225 222
225 223
225 224
225 226
225 227
225 228
225 229
225 230
225 231
225 233
225 234
225 235
225 237
225 238
225 269
226 221
226 222
226 223
226 224
226 225
226 227
226 228
226 229
226 230
226 231
226 233
226 234
226 235
226 269
226 273
226 276
227 222
227 223
227 224
227 225
227 226
227 228
227 229
227 230
227 234
228 223
228 224
228 225
228 226
228 227
228 229
228 230
228 233
228 234
229 224
229 225
229 226
229 227
229 228
229 230
229 231
229 232
229 233
229 234
229 235
229 237
230 225
230 226
230 227
230 228
230 229
230 231
230 232
230 233
230 234
230 235
230 280
231 225
231 226
231 229
231 230
231 232
231 233
231 234
231 235
231 236
231 237
231 276
231 277
231 279
231 280
231 281
231 284
231 292
231 296
232 229
232 230
232 231
232 233
232 234
232 235
232 236
232 237
232 277
232 280
232 284
232 289
232 291
232 292
232 293
232 295
232 296
233 225
233 226
233 228
233 229
233 230
233 231
233 232
233 234
233 235
233 236
233 237
233 238
233 239
233 292
234 222
234 225
234 226
234 227
234 228
234 229
234 230
234 231
234 232
234 233
234 235
234 236
234 237
234 238
234 239
234 240
234 269
234 277
234 295
235 225
235 226
235 229
235 230
235 231
235 232
235 233
235 234
235 236
235 237
235 238
235 239
235 240
235 241
235 269
235 270
235 277
235 292
235 293
235 294
235 295
235 296
235 298
235 299
236 231
236 232
236 233
236 234
236 235
236 237
236 238
236 239
236 240
236 241
236 291
236 292
236 295
236 296
236 299
237 222
237 225
237 229
237 231
237 232
237 233
237 234
237 235
237 236
237 238
237 239
237 240
237 241
237 242
237 243
238 218
238 221
238 222
238 225
238 233
238 234
238 235
238 236
238 237
238 239
238 240
238 241
238 242
238 243
238 244
238 265
238 266
238 269
238 270
238 295
238 299
239 233
239 234
239 235
239 236
239 237
239 238
239 240
239 241
239 242
239 243
239 244
239 245
239 266
239 269
239 295
239 296
239 298
239 299
240 234
240 235
240 236
240 237
240 238
240 239
240 241
240 242
240 243
240 244
240 245
240 246
241 170
241 218
241 221
241 235
241 236
241 237
241 238
241 239
241 240
241 242
241 243
241 244
241 245
241 246
241 247
241 262
241 265
241 269
242 237
242 238
242 239
242 240
242 241
242 243
242 244
242 245
242 246
242 247
242 248
242 261
242 262
242 263
242 265
242 266
242 269
242 299
243 237
243 238
243 239
243 240
243 241
243 242
243 244
243 245
243 246
243 247
243 248
243 249
243 262
244 170
244 238
244 239
244 240
244 241
244 242
244 243
244 245
244 246
244 247
244 248
244 249
245 170
245 214
245 239
245 240
245 241
245 242
245 243
245 244
245 246
245 247
245 248
245 249
245 250
245 251
245 258
245 261
245 262
245 265
246 240
246 241
246 242
246 243
246 244
246 245
246 247
246 248
246 249
246 250
246 251
246 258
246 259
246 261
246 262
247 241
247 242
247 243
247 244
247 245
247 246
247 248
247 249
247 250
247 251
247 252
247 258
248 166
248 169
248 170
248 177
248 242
248 243
248 244
248 245
248 246
248 247
248 249
248 250
248 251
248 252
248 253
248 258
249 243
249 244
249 245
249 246
249 247
249 248
249 250
249 251
249 252
249 253
249 254
249 255
249 257
249 258
249 259
249 261
249 262
250 181
250 245
250 246
250 247
250 248
250 249
250 251
250 252
250 253
250 254
250 255
250 257
250 258
251 177
251 178
251 180
251 181
251 245
251 246
251 247
251 248
251 249
251 250
251 252
251 253
251 254
252 166
252 177
252 178
252 179
252 180
252 181
252 182
252 183
252 184
252 185
252 247
252 248
252 249
252 250
252 251
252 253
252 254
252 255
253 180
253 181
253 182
253 184
253 185
253 188
253 206
253 207
253 248
253 249
253 250
253 251
253 252
253 254
253 255
253 256
253 257
253 258
253 261
254 181
254 184
254 185
254 188
254 199
254 202
254 203
254 207
254 249
254 250
254 251
254 252
254 253
254 255
254 256
254 257
254 258
255 249
255 250
255 252
255 253
255 254
255 256
255 257
255 258
255 259
255 260
256 199
256 203
256 207
256 253
256 254
256 255
256 257
256 258
256 259
256 260
256 261
257 203
257 207
257 208
257 210
257 211
257 249
257 250
257 253
257 254
257 255
257 256
257 258
257 259
257 260
257 261
257 262
257 263
258 245
258 246
258 247
258 248
258 249
258 250
258 253
258 254
258 255
258 256
258 257
258 259
258 260
258 261
258 262
258 263
259 246
259 249
259 255
259 256
259 257
259 258
259 260
259 261
259 262
259 263
259 264
259 265
260 207
260 208
260 211
260 255
260 256
260 257
260 258
260 259
260 261
260 262
260 263
260 264
260 265
260 266
261 207
261 208
261 210
261 211
261 212
261 214
261 215
261 242
261 245
261 246
261 249
261 253
261 256
261 257
261 258
261 259
261 260
261 262
261 263
261 264
261 265
261 266
261 267
262 211
262 214
262 241
262 242
262 243
262 245
262 246
262 249
262 257
262 258
262 259
262 260
262 261
262 263
262 264
262 265
262 266
262 267
262 302
263 211
263 215
263 242
263 257
263 258
263 259
263 260
263 261
263 262
263 264
263 265
263 266
263 267
263 268
263 269
263 270
263 271
263 302
263 303
264 211
264 212
264 214
264 215
264 216
264 218
264 219
264 259
264 260
264 261
264 262
264 263
264 265
264 266
264 267
264 268
264 269
264 270
264 271
265 211
265 214
265 215
265 216
265 217
265 218
265 219
265 222
265 238
265 241
265 242
265 245
265 259
265 260
265 261
265 262
265 263
265 264
265 266
265 267
265 268
265 269
265 270
265 271
266 215
266 218
266 238
266 239
266 242
266 260
266 261
266 262
266 263
266 264
266 265
266 267
266 268
266 269
266 270
266 271
266 272
266 299
266 300
266 302
266 303
267 215
267 218
267 219
267 261
267 262
267 263
267 264
267 265
267 266
267 268
267 269
267 270
267 271
267 272
267 273
267 274
267 302
267 303
268 214
268 215
268 216
268 217
268 218
268 219
268 220
268 221
268 222
268 223
268 263
268 264
268 265
268 266
268 267
268 269
268 270
268 271
268 272
268 273
268 274
269 215
269 218
269 219
269 220
269 221
269 222
269 223
269 225
269 226
269 234
269 235
269 238
269 239
269 241
269 242
269 263
269 264
269 265
269 266
269 267
269 268
269 270
269 271
269 272
269 273
269 274
269 299
270 219
270 222
270 235
270 238
270 263
270 264
270 265
270 266
270 267
270 268
270 269
270 271
270 272
270 273
270 274
270 275
270 276
270 277
270 296
270 299
270 300
270 302
270 303
270 306
271 263
271 264
271 265
271 266
271 267
271 268
271 269
271 270
271 272
271 273
271 274
271 275
271 276
271 277
271 299
271 300
271 302
271 303
271 304
271 305
271 306
272 219
272 222
272 266
272 267
272 268
272 269
272 270
272 271
272 273
272 274
272 275
272 276
273 219
273 222
273 223
273 226
273 267
273 268
273 269
273 270
273 271
273 272
273 274
273 275
273 276
273 277
273 278
274 267
274 268
274 269
274 270
274 271
274 272
274 273
274 275
274 276
274 277
274 278
274 279
274 299
274 300
274 303
274 305
274 306
274 309
275 270
275 271
275 272
275 273
275 274
275 276
275 277
275 278
275 279
275 280
275 281
275 306
276 226
276 231
276 270
276 271
276 272
276 273
276 274
276 275
276 277
276 278
276 279
276 280
276 281
277 231
277 232
277 234
277 235
277 270
277 271
277 273
277 274
277 275
277 276
277 278
277 279
277 280
277 281
277 282
277 284
277 296
277 299
277 300
277 306
277 309
277 310
278 273
278 274
278 275
278 276
278 277
278 279
278 280
278 281
278 282
278 283
278 284
278 296
278 300
278 306
278 307
278 309
278 310
278 313
279 231
279 274
279 275
279 276
279 277
279 278
279 280
279 281
279 282
279 283
279 284
279 309
280 230
280 231
280 232
280 275
280 276
280 277
280 278
280 279
280 281
280 282
280 283
280 284
280 285
280 286
280 296
281 231
281 275
281 276
281 277
281 278
281 279
281 280
281 282
281 283
281 284
281 285
281 286
281 287
281 292
281 293
281 296
281 297
281 309
281 310
281 311
281 313
281 314
282 277
282 278
282 279
282 280
282 281
282 283
282 284
282 285
282 286
282 287
282 288
282 309
282 310
282 312
282 313
282 314
282 316
282 317
283 278
283 279
283 280
283 281
283 282
283 284
283 285
283 286
283 287
283 288
283 289
283 313
284 231
284 232
284 277
284 278
284 279
284 280
284 281
284 282
284 283
284 285
284 286
284 287
284 288
284 289
284 290
284 291
284 292
284 293
284 296
284 310
284 313
284 314
285 280
285 281
285 282
285 283
285 284
285 286
285 287
285 288
285 289
285 290
285 292
285 293
285 310
285 313
285 314
285 316
285 317
285 318
286 280
286 281
286 282
286 283
286 284
286 285
286 287
286 288
286 289
286 313
286 314
286 316
286 317
286 318
286 320
286 321
287 281
287 282
287 283
287 284
287 285
287 286
287 288
287 289
287 290
287 293
288 282
288 283
288 284
288 285
288 286
288 287
288 289
288 290
288 291
288 292
288 293
288 317
288 352
289 232
289 283
289 284
289 285
289 286
289 287
289 288
289 290
289 291
289 292
289 293
289 294
289 356
290 284
290 285
290 287
290 288
290 289
290 291
290 292
290 293
290 294
290 295
290 296
290 352
290 353
290 355
290 356
290 357
291 232
291 236
291 284
291 288
291 289
291 290
291 292
291 293
291 294
291 295
291 296
291 297
291 356
292 231
292 232
292 233
292 235
292 236
292 281
292 284
292 285
292 288
292 289
292 290
292 291
292 293
292 294
292 295
292 296
292 297
292 298
292 356
293 232
293 235
293 281
293 284
293 285
293 287
293 288
293 289
293 290
293 291
293 292
293 294
293 295
293 296
293 297
293 298
293 299
293 310
293 352
293 353
293 356
293 357
294 235
294 289
294 290
294 291
294 292
294 293
294 295
294 296
294 297
294 298
294 299
294 300
294 353
294 355
294 356
294 357
294 358
295 232
295 234
295 235
295 236
295 238
295 239
295 290
295 291
295 292
295 293
295 294
295 296
295 297
295 298
295 299
295 300
295 356
295 357
296 231
296 232
296 235
296 236
296 239
296 270
296 277
296 278
296 280
296 281
296 284
296 290
296 291
296 292
296 293
296 294
296 295
296 297
296 298
296 299
296 300
296 301
296 306
296 307
296 310
296 356
296 357
297 281
297 291
297 292
297 293
297 294
297 295
297 296
297 298
297 299
297 300
297 301
297 302
297 306
297 307
297 310
297 311
297 356
297 357
297 358
297 360
298 235
298 239
298 292
298 293
298 294
298 295
298 296
298 297
298 299
298 300
298 301
298 302
298 303
298 307
298 356
298 357
298 358
299 235
299 236
299 238
299 239
299 242
299 266
299 269
299 270
299 271
299 274
299 277
299 293
299 294
299 295
299 296
299 297
299 298
299 300
299 301
299 302
299 303
299 306
299 307
300 266
300 270
300 271
300 274
300 277
300 278
300 294
300 295
300 296
300 297
300 298
300 299
300 301
300 302
300 303
300 304
300 305
300 306
300 307
300 308
300 309
300 310
301 296
301 297
301 298
301 299
301 300
301 302
301 303
301 304
301 305
301 306
301 307
301 308
302 262
302 263
302 266
302 267
302 270
302 271
302 297
302 298
302 299
302 300
302 301
302 303
302 304
302 305
302 306
302 307
303 263
303 266
303 267
303 270
303 271
303 274
303 298
303 299
303 300
303 301
303 302
303 304
303 305
303 306
303 307
304 271
304 300
304 301
304 302
304 303
304 305
304 306
304 307
304 308
305 271
305 274
305 300
305 301
305 302
305 303
305 304
305 306
305 307
305 308
305 309
306 270
306 271
306 274
306 275
306 277
306 278
306 296
306 297
306 299
306 300
306 301
306 302
306 303
306 304
306 305
306 307
306 308
306 309
306 310
306 311
307 278
307 296
307 297
307 298
307 299
307 300
307 301
307 302
307 303
307 304
307 305
307 306
307 308
307 309
307 310
307 311
307 312
307 362
307 363
308 300
308 301
308 304
308 305
308 306
308 307
308 309
308 310
308 311
308 312
308 313
308 362
308 363
309 274
309 277
309 278
309 279
309 281
309 282
309 300
309 305
309 306
309 307
309 308
309 310
309 311
309 312
309 313
309 314
309 315
310 277
310 278
310 281
310 282
310 284
310 285
310 293
310 296
310 297
310 300
310 306
310 307
310 308
310 309
310 311
310 312
310 313
310 314
310 315
310 316
310 363
311 281
311 297
311 306
311 307
311 308
311 309
311 310
311 312
311 313
311 314
311 315
311 316
311 317
311 362
311 363
311 364
311 365
311 366
311 367
312 282
312 307
312 308
312 309
312 310
312 311
312 313
312 314
312 315
312 316
312 317
312 318
312 363
312 366
312 367
312 370
313 278
313 281
313 282
313 283
313 284
313 285
313 286
313 308
313 309
313 310
313 311
313 312
313 314
313 315
313 316
313 317
313 318
313 319
313 366
314 281
314 282
314 284
314 285
314 286
314 309
314 310
314 311
314 312
314 313
314 315
314 316
314 317
314 318
314 319
314 320
314 349
314 353
314 363
314 366
314 367
314 370
315 309
315 310
315 311
315 312
315 313
315 314
315 316
315 317
315 318
315 319
315 320
315 363
315 364
315 365
315 366
315 367
315 368
315 369
315 370
315 371
315 373
316 282
316 285
316 286
316 310
316 311
316 312
316 313
316 314
316 315
316 317
316 318
316 319
316 320
316 321
316 322
316 366
316 367
316 369
316 370
317 282
317 285
317 286
317 288
317 311
317 312
317 313
317 314
317 315
317 316
317 318
317 319
317 320
317 321
317 322
317 323
317 367
317 370
318 285
318 286
318 312
318 313
318 314
318 315
318 316
318 317
318 319
318 320
318 321
318 322
318 323
318 324
318 345
318 346
318 348
318 349
318 366
318 367
318 368
318 369
318 370
318 371
318 373
318 374
319 313
319 314
319 315
319 316
319 317
319 318
319 320
319 321
319 322
319 323
319 324
319 325
319 345
319 366
319 367
319 369
319 370
319 371
319 372
319 373
319 374
319 375
320 286
320 314
320 315
320 316
320 317
320 318
320 319
320 321
320 322
320 323
320 324
320 325
320 370
320 374
321 286
321 316
321 317
321 318
321 319
321 320
321 322
321 323
321 324
321 325
321 326
321 342
321 345
321 370
321 371
321 374
322 316
322 317
322 318
322 319
322 320
322 321
322 323
322 324
322 325
322 326
322 327
322 341
322 342
322 343
322 344
322 345
322 346
322 370
322 371
322 373
322 374
322 375
323 317
323 318
323 319
323 320
323 321
323 322
323 324
323 325
323 326
323 327
323 328
323 341
323 342
323 345
323 370
323 371
323 373
323 374
323 375
323 377
324 318
324 319
324 320
324 321
324 322
324 323
324 325
324 326
324 327
324 328
324 329
324 341
324 374
325 319
325 320
325 321
325 322
325 323
325 324
325 326
325 327
325 328
325 329
325 337
325 338
325 340
325 341
325 342
325 344
325 345
325 374
326 321
326 322
326 323
326 324
326 325
326 327
326 328
326 329
326 330
326 334
326 337
326 338
326 339
326 340
326 341
326 342
326 345
326 374
326 375
326 377
327 322
327 323
327 324
327 325
327 326
327 328
327 329
327 330
327 338
327 374
327 377
328 323
328 324
328 325
328 326
328 327
328 329
328 330
328 334
328 337
328 338
329 324
329 325
329 326
329 327
329 328
329 330
329 331
329 332
329 333
329 334
329 335
329 336
329 337
329 338
329 341
330 326
330 327
330 328
330 329
330 331
330 332
330 333
330 334
330 337
331 329
331 330
331 332
331 333
331 334
331 335
331 337
332 329
332 330
332 331
332 333
332 334
332 335
332 336
332 337
333 329
333 330
333 331
333 332
333 334
333 335
333 336
333 337
333 338
333 389
333 393
334 326
334 328
334 329
334 330
334 331
334 332
334 333
334 335
334 336
334 337
334 338
334 339
334 389
334 390
334 392
334 393
335 329
335 331
335 332
335 333
335 334
335 336
335 337
335 338
335 339
335 340
335 385
335 386
335 388
335 389
335 390
335 391
335 392
335 393
335 394
335 395
335 396
336 329
336 332
336 333
336 334
336 335
336 337
336 338
336 339
336 340
336 341
336 389
336 390
336 392
336 393
336 394
336 396
336 397
337 325
337 326
337 328
337 329
337 330
337 331
337 332
337 333
337 334
337 335
337 336
337 338
337 339
337 340
337 341
337 342
337 343
337 389
337 393
338 325
338 326
338 327
338 328
338 329
338 333
338 334
338 335
338 336
338 337
338 339
338 340
338 341
338 342
338 343
338 344
338 375
338 386
338 389
338 390
338 393
338 420
339 326
339 334
339 335
339 336
339 337
339 338
339 340
339 341
339 342
339 343
339 344
339 375
339 386
339 389
339 390
339 393
339 394
339 413
339 416
339 417
339 419
339 420
339 421
340 325
340 326
340 335
340 336
340 337
340 338
340 339
340 341
340 342
340 343
340 344
340 345
340 346
340 413
340 416
340 417
340 420
341 322
341 323
341 324
341 325
341 326
341 329
341 336
341 337
341 338
341 339
341 340
341 342
341 343
341 344
341 345
341 346
341 347
342 321
342 322
342 323
342 325
342 326
342 337
342 338
342 339
342 340
342 341
342 343
342 344
342 345
342 346
342 347
342 348
342 371
342 374
342 375
342 417
342 419
342 420
343 322
343 337
343 338
343 339
343 340
343 341
343 342
343 344
343 345
343 346
343 347
343 348
343 349
343 371
343 416
343 417
343 419
343 420
344 322
344 325
344 338
344 339
344 340
344 341
344 342
344 343
344 345
344 346
344 347
344 348
344 349
344 350
345 318
345 319
345 321
345 322
345 323
345 325
345 326
345 340
345 341
345 342
345 343
345 344
345 346
345 347
345 348
345 349
345 350
345 367
345 371
346 318
346 322
346 340
346 341
346 342
346 343
346 344
346 345
346 347
346 348
346 349
346 350
346 351
346 352
346 367
346 368
346 370
346 371
346 419
346 420
347 341
347 342
347 343
347 344
347 345
347 346
347 348
347 349
347 350
347 351
347 352
348 318
348 342
348 343
348 344
348 345
348 346
348 347
348 349
348 350
348 351
348 352
348 353
349 314
349 318
349 343
349 344
349 345
349 346
349 347
349 348
349 350
349 351
349 352
349 353
349 354
349 355
349 363
349 364
349 367
350 344
350 345
350 346
350 347
350 348
350 349
350 351
350 352
350 353
350 354
350 355
350 357
350 359
350 363
350 364
350 367
350 368
351 346
351 347
351 348
351 349
351 350
351 352
351 353
351 354
351 355
351 356
351 357
351 359
352 288
352 290
352 293
352 346
352 347
352 348
352 349
352 350
352 351
352 353
352 354
352 355
352 356
352 357
352 358
352 359
353 290
353 293
353 294
353 314
353 348
353 349
353 350
353 351
353 352
353 354
353 355
353 356
353 357
353 358
353 359
353 360
353 361
353 363
353 364
353 367
354 349
354 350
354 351
354 352
354 353
354 355
354 356
354 357
354 358
354 359
354 360
354 361
354 363
354 364
355 290
355 294
355 349
355 350
355 351
355 352
355 353
355 354
355 356
355 357
355 358
355 359
356 289
356 290
356 291
356 292
356 293
356 294
356 295
356 296
356 297
356 298
356 351
356 352
356 353
356 354
356 355
356 357
356 358
356 359
356 360
357 290
357 293
357 294
357 295
357 296
357 297
357 298
357 350
357 351
357 352
357 353
357 354
357 355
357 356
357 358
357 359
357 360
357 361
357 363
357 364
358 294
358 297
358 298
358 352
358 353
358 354
358 355
358 356
358 357
358 359
358 360
358 361
358 363
359 350
359 351
359 352
359 353
359 354
359 355
359 356
359 357
359 358
359 360
359 361
359 362
359 363
359 364
360 297
360 353
360 354
360 356
360 357
360 358
360 359
360 361
360 362
360 363
360 364
360 365
361 353
361 354
361 357
361 358
361 359
361 360
361 362
361 363
361 364
361 365
361 366
361 367
362 307
362 308
362 311
362 359
362 360
362 361
362 363
362 364
362 365
362 366
362 367
362 368
363 307
363 308
363 310
363 311
363 312
363 314
363 315
363 349
363 350
363 353
363 354
363 357
363 358
363 359
363 360
363 361
363 362
363 364
363 365
363 366
363 367
363 368
363 369
364 311
364 315
364 349
364 350
364 353
364 354
364 357
364 359
364 360
364 361
364 362
364 363
364 365
364 366
364 367
364 368
364 369
364 370
365 311
365 315
365 360
365 361
365 362
365 363
365 364
365 366
365 367
365 368
365 369
365 370
365 371
366 311
366 312
366 313
366 314
366 315
366 316
366 318
366 319
366 361
366 362
366 363
366 364
366 365
366 367
366 368
366 369
366 370
366 371
366 372
367 311
367 312
367 314
367 315
367 316
367 317
367 318
367 319
367 345
367 346
367 349
367 350
367 353
367 361
367 362
367 363
367 364
367 365
367 366
367 368
367 369
367 370
367 371
367 372
367 373
368 315
368 318
368 346
368 350
368 362
368 363
368 364
368 365
368 366
368 367
368 369
368 370
368 371
368 372
368 373
368 374
368 422
368 423
369 315
369 316
369 318
369 319
369 363
369 364
369 365
369 366
369 367
369 368
369 370
369 371
369 372
369 373
369 374
369 423
370 312
370 314
370 315
370 316
370 317
370 318
370 319
370 320
370 321
370 322
370 323
370 346
370 364
370 365
370 366
370 367
370 368
370 369
370 371
370 372
370 373
370 374
370 375
370 376
370 423
371 315
371 318
371 319
371 321
371 322
371 323
371 342
371 343
371 345
371 346
371 365
371 366
371 367
371 368
371 369
371 370
371 372
371 373
371 374
371 375
371 376
371 377
371 420
371 422
371 423
371 424
372 319
372 366
372 367
372 368
372 369
372 370
372 371
372 373
372 374
372 375
372 376
372 377
372 420
372 421
372 422
372 423
372 424
372 425
373 315
373 318
373 319
373 322
373 323
373 367
373 368
373 369
373 370
373 371
373 372
373 374
373 375
373 376
373 377
373 378
373 423
373 424
373 425
374 318
374 319
374 320
374 321
374 322
374 323
374 324
374 325
374 326
374 327
374 342
374 368
374 369
374 370
374 371
374 372
374 373
374 375
374 376
374 377
374 378
374 386
374 423
374 424
375 319
375 322
375 323
375 326
375 338
375 339
375 342
375 370
375 371
375 372
375 373
375 374
375 376
375 377
375 378
375 384
375 385
375 386
375 387
375 420
375 421
375 422
375 423
375 424
375 425
376 370
376 371
376 372
376 373
376 374
376 375
376 377
376 378
376 383
376 384
376 385
376 386
376 387
376 423
376 424
376 425
376 426
377 323
377 326
377 327
377 371
377 372
377 373
377 374
377 375
377 376
377 378
377 379
377 380
377 382
377 383
377 384
377 385
377 386
378 373
378 374
378 375
378 376
378 377
378 379
378 380
378 381
378 382
378 383
378 384
378 385
378 386
379 377
379 378
379 380
379 381
379 382
379 383
379 384
380 377
380 378
380 379
380 381
380 382
380 383
381 378
381 379
381 380
381 382
381 383
381 384
382 377
382 378
382 379
382 380
382 381
382 383
382 384
382 385
383 376
383 377
383 378
383 379
383 380
383 381
383 382
383 384
383 385
383 386
383 668
384 375
384 376
384 377
384 378
384 379
384 381
384 382
384 383
384 385
384 386
384 387
384 388
384 389
384 424
384 425
384 426
384 429
385 335
385 375
385 376
385 377
385 378
385 382
385 383
385 384
385 386
385 387
385 388
385 389
385 390
385 429
385 430
386 335
386 338
386 339
386 374
386 375
386 376
386 377
386 378
386 383
386 384
386 385
386 387
386 388
386 389
386 390
386 391
386 392
386 420
386 421
386 423
386 424
386 425
386 426
386 427
386 429
386 430
387 375
387 376
387 384
387 385
387 386
387 388
387 389
387 390
387 391
387 392
387 393
387 421
387 423
387 424
387 425
387 426
387 427
387 428
387 429
387 430
387 431
387 432
387 433
387 434
388 335
388 384
388 385
388 386
388 387
388 389
388 390
388 391
388 392
388 393
388 426
388 427
388 429
388 430
388 431
388 432
388 433
388 434
388 664
389 333
389 334
389 335
389 336
389 337
389 338
389 339
389 384
389 385
389 386
389 387
389 388
389 390
389 391
389 392
389 393
389 394
389 395
389 430
389 433
390 334
390 335
390 336
390 338
390 339
390 385
390 386
390 387
390 388
390 389
390 391
390 392
390 393
390 394
390 395
390 396
390 417
390 418
390 420
390 421
390 424
390 430
390 433
390 434
391 335
391 386
391 387
391 388
391 389
391 390
391 392
391 393
391 394
391 395
391 396
391 421
391 429
391 430
391 431
391 432
391 433
391 434
391 435
391 436
391 437
391 438
392 334
392 335
392 336
392 386
392 387
392 388
392 389
392 390
392 391
392 393
392 394
392 395
392 396
392 397
392 398
392 430
392 433
392 434
392 437
393 333
393 334
393 335
393 336
393 337
393 338
393 339
393 387
393 388
393 389
393 390
393 391
393 392
393 394
393 395
393 396
393 397
393 398
393 414
393 417
393 434
394 335
394 336
394 339
394 389
394 390
394 391
394 392
394 393
394 395
394 396
394 397
394 398
394 399
394 410
394 413
394 414
394 417
394 418
394 434
394 437
394 438
394 456
395 335
395 389
395 390
395 391
395 392
395 393
395 394
395 396
395 397
395 398
395 399
395 402
395 433
395 434
395 436
395 437
395 438
395 440
395 441
395 446
395 447
395 453
396 335
396 336
396 390
396 391
396 392
396 393
396 394
396 395
396 397
396 398
396 399
396 400
396 401
396 402
396 437
396 447
396 448
397 336
397 392
397 393
397 394
397 395
397 396
397 398
397 399
397 400
397 401
397 402
397 403
397 405
397 409
397 410
397 411
397 413
397 414
397 447
397 448
397 452
398 392
398 393
398 394
398 395
398 396
398 397
398 399
398 400
398 401
398 402
398 407
398 410
398 411
398 414
398 438
398 441
398 446
398 447
398 448
398 449
398 450
398 452
398 453
398 456
399 394
399 395
399 396
399 397
399 398
399 400
399 401
399 402
399 403
399 438
399 441
399 445
399 446
399 447
399 448
399 449
399 453
400 396
400 397
400 398
400 399
400 401
400 402
400 403
400 441
400 445
400 446
400 447
400 448
400 449
401 396
401 397
401 398
401 399
401 400
401 402
401 403
401 404
401 446
401 447
401 448
402 395
402 396
402 397
402 398
402 399
402 400
402 401
402 403
402 404
402 405
402 406
402 410
402 447
402 448
403 397
403 399
403 400
403 401
403 402
403 404
403 405
403 406
403 448
404 401
404 402
404 403
404 405
404 406
404 407
404 409
405 397
405 402
405 403
405 404
405 406
405 407
405 408
405 409
405 410
405 411
406 402
406 403
406 404
406 405
406 407
406 408
406 409
406 410
406 411
406 412
407 398
407 404
407 405
407 406
407 408
407 409
407 410
407 411
407 412
407 413
407 448
407 449
407 451
407 452
408 405
408 406
408 407
408 409
408 410
408 411
408 412
408 413
408 414
408 452
409 397
409 404
409 405
409 406
409 407
409 408
409 410
409 411
409 412
409 413
409 414
409 415
410 394
410 397
410 398
410 402
410 405
410 406
410 407
410 408
410 409
410 411
410 412
410 413
410 414
410 415
410 416
410 452
411 397
411 398
411 405
411 406
411 407
411 408
411 409
411 410
411 412
411 413
411 414
411 415
411 416
411 417
411 452
411 455
411 456
412 406
412 407
412 408
412 409
412 410
412 411
412 413
412 414
412 415
412 416
412 417
413 339
413 340
413 394
413 397
413 407
413 408
413 409
413 410
413 411
413 412
413 414
413 415
413 416
413 417
413 418
414 393
414 394
414 397
414 398
414 408
414 409
414 410
414 411
414 412
414 413
414 415
414 416
414 417
414 418
414 419
414 452
414 455
414 456
414 459
415 409
415 410
415 411
415 412
415 413
415 414
415 416
415 417
415 418
415 419
415 420
415 421
415 456
415 459
416 339
416 340
416 343
416 410
416 411
416 412
416 413
416 414
416 415
416 417
416 418
416 419
416 420
416 421
417 339
417 340
417 342
417 343
417 390
417 393
417 394
417 411
417 412
417 413
417 414
417 415
417 416
417 418
417 419
417 420
417 421
417 422
418 390
418 394
418 413
418 414
418 415
418 416
418 417
418 419
418 420
418 421
418 422
418 423
418 456
418 459
418 460
418 462
418 463
419 339
419 342
419 343
419 346
419 414
419 415
419 416
419 417
419 418
419 420
419 421
419 422
419 423
419 424
419 463
420 338
420 339
420 340
420 342
420 343
420 346
420 371
420 372
420 375
420 386
420 390
420 415
420 416
420 417
420 418
420 419
420 421
420 422
420 423
420 424
421 339
421 372
421 375
421 386
421 387
421 390
421 391
421 415
421 416
421 417
421 418
421 419
421 420
421 422
421 423
421 424
421 425
421 426
421 427
421 430
421 460
421 463
422 368
422 371
422 372
422 375
422 417
422 418
422 419
422 420
422 421
422 423
422 424
422 425
422 427
422 460
422 463
422 464
423 368
423 369
423 370
423 371
423 372
423 373
423 374
423 375
423 376
423 386
423 387
423 418
423 419
423 420
423 421
423 422
423 424
423 425
423 426
423 427
424 371
424 372
424 373
424 374
424 375
424 376
424 384
424 386
424 387
424 390
424 419
424 420
424 421
424 422
424 423
424 425
424 426
424 427
424 428
424 429
424 430
424 709
424 710
424 711
425 372
425 373
425 375
425 376
425 384
425 386
425 387
425 421
425 422
425 423
425 424
425 426
425 427
425 428
425 429
425 430
425 707
425 708
425 709
425 710
425 711
425 712
426 376
426 384
426 386
426 387
426 388
426 421
426 423
426 424
426 425
426 427
426 428
426 429
426 430
426 431
426 707
426 708
426 709
426 710
426 711
426 712
427 386
427 387
427 388
427 421
427 422
427 423
427 424
427 425
427 426
427 428
427 429
427 430
427 431
427 432
427 464
427 468
427 707
427 708
427 709
427 710
427 711
428 387
428 424
428 425
428 426
428 427
428 429
428 430
428 431
428 432
428 433
428 434
428 468
428 668
428 671
428 672
428 674
428 675
428 708
428 709
428 710
428 711
429 384
429 385
429 386
429 387
429 388
429 391
429 424
429 425
429 426
429 427
429 428
429 430
429 431
429 432
429 433
429 434
429 435
429 667
429 668
429 670
429 671
429 672
429 675
429 709
429 710
430 385
430 386
430 387
430 388
430 389
430 390
430 391
430 392
430 421
430 424
430 425
430 426
430 427
430 428
430 429
430 431
430 432
430 433
430 434
430 435
430 671
430 709
431 387
431 388
431 391
431 426
431 427
431 428
431 429
431 430
431 432
431 433
431 434
431 435
431 436
431 437
431 460
431 468
431 469
431 471
431 472
431 671
431 709
432 387
432 388
432 391
432 427
432 428
432 429
432 430
432 431
432 433
432 434
432 435
432 436
432 437
432 438
432 472
432 517
432 667
432 668
432 670
432 671
433 387
433 388
433 389
433 390
433 391
433 392
433 395
433 428
433 429
433 430
433 431
433 432
433 434
433 435
433 436
433 437
433 438
433 439
433 517
433 664
433 667
433 668
433 671
434 387
434 388
434 390
434 391
434 392
434 393
434 394
434 395
434 428
434 429
434 430
434 431
434 432
434 433
434 435
434 436
434 437
434 438
434 439
434 440
434 472
435 391
435 429
435 430
435 431
435 432
435 433
435 434
435 436
435 437
435 438
435 439
435 440
435 441
435 469
435 471
435 472
435 475
435 515
435 516
435 517
435 518
436 391
436 395
436 431
436 432
436 433
436 434
436 435
436 437
436 438
436 439
436 440
436 441
436 472
436 516
436 517
436 518
436 659
436 667
437 391
437 392
437 394
437 395
437 396
437 431
437 432
437 433
437 434
437 435
437 436
437 438
437 439
437 440
437 441
437 442
437 517
437 657
437 659
438 391
438 394
438 395
438 398
438 399
438 432
438 433
438 434
438 435
438 436
438 437
438 439
438 440
438 441
438 442
438 443
438 444
438 446
438 447
438 453
438 472
438 475
438 476
438 516
438 517
439 433
439 434
439 435
439 436
439 437
439 438
439 440
439 441
439 442
439 443
439 444
439 445
439 472
439 475
439 476
439 515
439 516
439 517
439 518
440 395
440 434
440 435
440 436
440 437
440 438
440 439
440 441
440 442
440 443
440 444
440 445
440 446
440 447
440 517
440 518
440 558
440 656
440 657
441 395
441 398
441 399
441 400
441 435
441 436
441 437
441 438
441 439
441 440
441 442
441 443
441 444
441 445
441 446
441 447
441 448
441 453
442 437
442 438
442 439
442 440
442 441
442 443
442 444
442 445
442 446
442 447
442 450
442 453
442 475
442 476
442 478
442 479
443 438
443 439
443 440
443 441
443 442
443 444
443 445
443 446
443 447
443 475
443 479
443 509
443 511
443 558
443 559
443 560
444 438
444 439
444 440
444 441
444 442
444 443
444 445
444 446
444 447
444 558
444 559
444 560
445 399
445 400
445 439
445 440
445 441
445 442
445 443
445 444
445 446
445 447
445 448
445 449
445 450
446 395
446 398
446 399
446 400
446 401
446 438
446 440
446 441
446 442
446 443
446 444
446 445
446 447
446 448
446 449
447 395
447 396
447 397
447 398
447 399
447 400
447 401
447 402
447 438
447 440
447 441
447 442
447 443
447 444
447 445
447 446
447 448
447 449
447 450
447 451
447 452
447 453
448 396
448 397
448 398
448 399
448 400
448 401
448 402
448 403
448 407
448 441
448 445
448 446
448 447
448 449
448 450
448 451
448 452
448 453
449 398
449 399
449 400
449 407
449 445
449 446
449 447
449 448
449 450
449 451
449 452
449 453
449 454
450 398
450 442
450 445
450 447
450 448
450 449
450 451
450 452
450 453
450 454
450 455
450 456
450 476
450 479
450 480
451 407
451 447
451 448
451 449
451 450
451 452
451 453
451 454
451 455
451 456
451 457
452 397
452 398
452 407
452 408
452 410
452 411
452 414
452 447
452 448
452 449
452 450
452 451
452 453
452 454
452 455
452 456
452 457
452 458
453 395
453 398
453 399
453 438
453 441
453 442
453 447
453 448
453 449
453 450
453 451
453 452
453 454
453 455
453 456
453 457
453 458
453 459
453 472
453 473
453 476
454 449
454 450
454 451
454 452
454 453
454 455
454 456
454 457
454 458
454 459
454 460
454 472
454 473
454 476
454 477
455 411
455 414
455 450
455 451
455 452
455 453
455 454
455 456
455 457
455 458
455 459
455 460
455 461
456 394
456 398
456 411
456 414
456 415
456 418
456 450
456 451
456 452
456 453
456 454
456 455
456 457
456 458
456 459
456 460
456 461
456 462
457 451
457 452
457 453
457 454
457 455
457 456
457 458
457 459
457 460
457 461
457 462
457 463
457 466
457 468
457 469
457 470
457 472
457 473
457 476
458 452
458 453
458 454
458 455
458 456
458 457
458 459
458 460
458 461
458 462
458 463
458 465
458 466
458 469
458 473
459 414
459 415
459 418
459 453
459 454
459 455
459 456
459 457
459 458
459 460
459 461
459 462
459 463
459 464
459 465
459 469
460 418
460 421
460 422
460 431
460 454
460 455
460 456
460 457
460 458
460 459
460 461
460 462
460 463
460 464
460 465
460 466
460 468
460 469
460 472
461 455
461 456
461 457
461 458
461 459
461 460
461 462
461 463
461 464
461 465
461 466
461 467
461 468
461 469
461 470
461 472
461 473
462 418
462 456
462 457
462 458
462 459
462 460
462 461
462 463
462 464
462 465
462 466
462 469
463 418
463 419
463 421
463 422
463 457
463 458
463 459
463 460
463 461
463 462
463 464
463 465
463 466
463 468
463 469
463 708
464 422
464 427
464 459
464 460
464 461
464 462
464 463
464 465
464 466
464 467
464 468
464 469
464 708
464 709
465 458
465 459
465 460
465 461
465 462
465 463
465 464
465 466
465 467
465 468
465 469
465 470
465 708
466 457
466 458
466 460
466 461
466 462
466 463
466 464
466 465
466 467
466 468
466 469
466 470
466 471
466 472
466 473
467 461
467 464
467 465
467 466
467 468
467 469
467 470
467 471
467 472
468 427
468 428
468 431
468 457
468 460
468 461
468 463
468 464
468 465
468 466
468 467
468 469
468 470
468 471
468 472
468 473
468 708
468 709
469 431
469 435
469 457
469 458
469 459
469 460
469 461
469 462
469 463
469 464
469 465
469 466
469 467
469 468
469 470
469 471
469 472
469 473
469 474
469 475
470 457
470 461
470 465
470 466
470 467
470 468
470 469
470 471
470 472
470 473
470 474
470 475
470 515
471 431
471 435
471 466
471 467
471 468
471 469
471 470
471 472
471 473
471 474
471 475
471 476
471 477
471 512
471 514
471 515
471 516
471 517
472 431
472 432
472 434
472 435
472 436
472 438
472 439
472 453
472 454
472 457
472 460
472 461
472 466
472 467
472 468
472 469
472 470
472 471
472 473
472 474
472 475
472 476
472 477
472 478
472 515
472 516
473 453
473 454
473 457
473 458
473 461
473 466
473 468
473 469
473 470
473 471
473 472
473 474
473 475
473 476
473 477
473 478
473 515
474 469
474 470
474 471
474 472
474 473
474 475
474 476
474 477
474 478
474 479
474 511
474 512
474 514
474 515
474 516
475 435
475 438
475 439
475 442
475 443
475 469
475 470
475 471
475 472
475 473
475 474
475 476
475 477
475 478
475 479
475 480
475 511
475 512
475 513
475 514
475 515
475 516
475 517
476 438
476 439
476 442
476 450
476 453
476 454
476 457
476 471
476 472
476 473
476 474
476 475
476 477
476 478
476 479
476 480
476 481
477 454
477 471
477 472
477 473
477 474
477 475
477 476
477 478
477 479
477 480
477 481
477 482
477 511
478 442
478 472
478 473
478 474
478 475
478 476
478 477
478 479
478 480
478 481
478 482
478 483
478 484
478 509
478 510
478 511
478 512
478 515
478 516
479 442
479 443
479 450
479 474
479 475
479 476
479 477
479 478
479 480
479 481
479 482
479 483
479 484
479 485
479 508
479 509
479 510
479 511
480 450
480 475
480 476
480 477
480 478
480 479
480 481
480 482
480 483
480 484
480 485
480 509
481 476
481 477
481 478
481 479
481 480
481 482
481 483
481 484
481 485
481 486
481 509
481 510
481 511
482 477
482 478
482 479
482 480
482 481
482 483
482 484
482 485
482 486
482 487
482 488
482 507
482 508
482 509
482 510
482 511
483 478
483 479
483 480
483 481
483 482
483 484
483 485
483 486
483 487
483 488
483 489
483 507
483 508
483 509
483 510
484 478
484 479
484 480
484 481
484 482
484 483
484 485
484 486
484 487
484 488
484 489
484 490
485 479
485 480
485 481
485 482
485 483
485 484
485 486
485 487
485 488
485 489
485 490
485 491
485 507
485 508
485 509
485 510
485 543
486 481
486 482
486 483
486 484
486 485
486 487
486 488
486 489
486 490
486 491
486 492
486 506
486 507
486 508
486 509
486 510
486 539
487 482
487 483
487 484
487 485
487 486
487 488
487 489
487 490
487 491
487 492
487 507
488 482
488 483
488 484
488 485
488 486
488 487
488 489
488 490
488 491
488 492
488 493
488 494
488 542
489 483
489 484
489 485
489 486
489 487
489 488
489 490
489 491
489 492
489 493
489 494
489 495
489 506
489 507
489 508
489 538
489 539
489 542
489 543
490 484
490 485
490 486
490 487
490 488
490 489
490 491
490 492
490 493
490 494
490 495
490 506
490 507
490 539
491 485
491 486
491 487
491 488
491 489
491 490
491 492
491 493
491 494
491 495
491 496
492 486
492 487
492 488
492 489
492 490
492 491
492 493
492 494
492 495
492 496
492 500
492 538
492 539
492 542
493 488
493 489
493 490
493 491
493 492
493 494
493 495
493 496
493 497
493 498
493 499
493 500
493 501
493 502
493 538
493 539
493 542
494 488
494 489
494 490
494 491
494 492
494 493
494 495
494 496
494 497
494 498
494 499
494 500
494 501
495 489
495 490
495 491
495 492
495 493
495 494
495 496
495 497
495 498
495 499
495 500
496 491
496 492
496 493
496 494
496 495
496 497
496 498
496 499
496 500
497 493
497 494
497 495
497 496
497 498
497 499
497 500
498 493
498 494
498 495
498 496
498 497
498 499
498 500
498 501
499 493
499 494
499 495
499 496
499 497
499 498
499 500
499 501
499 502
500 492
500 493
500 494
500 495
500 496
500 497
500 498
500 499
500 501
500 502
500 503
500 534
500 535
500 538
501 493
501 494
501 498
501 499
501 500
501 502
501 503
501 504
501 505
501 534
501 535
502 493
502 499
502 500
502 501
502 503
502 504
502 505
502 506
502 531
502 532
502 533
502 534
502 535
502 536
502 538
503 500
503 501
503 502
503 504
503 505
503 506
503 531
503 532
503 534
503 535
504 501
504 502
504 503
504 505
504 506
504 507
504 531
504 532
504 534
504 535
504 561
504 562
505 501
505 502
505 503
505 504
505 506
505 507
505 532
505 535
505 561
505 562
506 486
506 489
506 490
506 502
506 503
506 504
506 505
506 507
506 508
506 532
506 535
506 536
506 539
506 561
507 482
507 483
507 485
507 486
507 487
507 489
507 490
507 504
507 505
507 506
507 508
507 509
507 535
507 539
507 561
508 479
508 482
508 483
508 485
508 486
508 489
508 506
508 507
508 509
508 510
508 511
508 536
508 539
508 559
509 443
509 478
509 479
509 480
509 481
509 482
509 483
509 485
509 486
509 507
509 508
509 510
509 511
509 512
509 559
510 478
510 479
510 481
510 482
510 483
510 485
510 486
510 508
510 509
510 511
510 512
510 513
510 543
510 552
510 553
510 554
511 443
511 474
511 475
511 477
511 478
511 479
511 481
511 482
511 508
511 509
511 510
511 512
511 513
511 514
511 515
511 516
511 518
511 552
511 553
512 471
512 474
512 475
512 478
512 509
512 510
512 511
512 513
512 514
512 515
512 516
512 552
513 475
513 510
513 511
513 512
513 514
513 515
513 516
513 517
513 518
513 519
513 520
513 552
513 553
514 471
514 474
514 475
514 511
514 512
514 513
514 515
514 516
514 517
514 518
515 435
515 439
515 470
515 471
515 472
515 473
515 474
515 475
515 478
515 511
515 512
515 513
515 514
515 516
515 517
515 518
516 435
516 436
516 438
516 439
516 471
516 472
516 474
516 475
516 478
516 511
516 512
516 513
516 514
516 515
516 517
516 518
516 519
517 432
517 433
517 435
517 436
517 437
517 438
517 439
517 440
517 471
517 475
517 513
517 514
517 515
517 516
517 518
517 519
517 520
517 667
518 435
518 436
518 439
518 440
518 511
518 513
518 514
518 515
518 516
518 517
518 519
518 520
518 521
518 555
518 558
519 513
519 516
519 517
519 518
519 520
519 521
519 522
519 555
519 666
519 667
520 513
520 517
520 518
520 519
520 521
520 522
520 523
520 524
520 553
520 555
521 518
521 519
521 520
521 522
521 523
521 524
521 555
521 557
522 519
522 520
522 521
522 523
522 524
522 525
523 520
523 521
523 522
523 524
523 525
523 526
523 553
523 554
523 555
524 520
524 521
524 522
524 523
524 525
524 526
524 527
524 555
524 556
524 557
524 603
524 604
524 605
524 608
525 522
525 523
525 524
525 526
525 527
525 528
525 602
525 603
525 604
525 605
526 523
526 524
526 525
526 527
526 528
526 529
526 554
526 555
526 556
526 557
526 578
526 579
526 582
526 599
526 601
526 602
526 603
526 604
526 605
527 524
527 525
527 526
527 528
527 529
527 530
527 533
527 556
527 579
527 582
527 599
527 600
527 601
527 602
527 603
527 604
528 525
528 526
528 527
528 529
528 530
528 531
528 532
528 533
528 536
528 556
528 578
528 579
528 581
528 582
528 601
528 602
528 603
529 526
529 527
529 528
529 530
529 531
529 532
529 533
529 534
529 578
529 579
529 581
529 582
529 583
529 585
529 586
529 601
529 602
530 527
530 528
530 529
530 531
530 532
530 533
530 534
530 535
530 582
530 585
531 502
531 503
531 504
531 528
531 529
531 530
531 532
531 533
531 534
531 535
531 536
531 582
531 585
532 502
532 503
532 504
532 505
532 506
532 528
532 529
532 530
532 531
532 533
532 534
532 535
532 536
532 537
532 578
532 582
533 502
533 527
533 528
533 529
533 530
533 531
533 532
533 534
533 535
533 536
533 537
533 538
533 539
534 500
534 501
534 502
534 503
534 504
534 529
534 530
534 531
534 532
534 533
534 535
534 536
534 537
534 538
534 539
535 500
535 501
535 502
535 503
535 504
535 505
535 506
535 507
535 530
535 531
535 532
535 533
535 534
535 536
535 537
535 538
535 539
535 540
535 541
536 502
536 506
536 508
536 528
536 531
536 532
536 533
536 534
536 535
536 537
536 538
536 539
536 540
536 541
536 542
536 554
537 532
537 533
537 534
537 535
537 536
537 538
537 539
537 540
537 541
537 542
537 543
538 489
538 492
538 493
538 500
538 502
538 533
538 534
538 535
538 536
538 537
538 539
538 540
538 541
538 542
538 543
539 486
539 489
539 490
539 492
539 493
539 506
539 507
539 508
539 533
539 534
539 535
539 536
539 537
539 538
539 540
539 541
539 542
539 543
539 544
539 545
540 535
540 536
540 537
540 538
540 539
540 541
540 542
540 543
540 544
540 545
540 546
540 551
540 552
541 535
541 536
541 537
541 538
541 539
541 540
541 542
541 543
541 544
541 545
541 546
542 488
542 489
542 492
542 493
542 536
542 537
542 538
542 539
542 540
542 541
542 543
542 544
542 545
542 546
542 547
543 485
543 489
543 510
543 537
543 538
543 539
543 540
543 541
543 542
543 544
543 545
543 546
543 547
543 548
543 550
543 551
543 552
544 539
544 540
544 541
544 542
544 543
544 545
544 546
544 547
544 548
544 549
544 550
544 551
544 552
545 539
545 540
545 541
545 542
545 543
545 544
545 546
545 547
545 548
546 540
546 541
546 542
546 543
546 544
546 545
546 547
546 548
546 550
547 542
547 543
547 544
547 545
547 546
547 548
547 549
547 550
547 551
548 543
548 544
548 545
548 546
548 547
548 549
548 550
548 551
549 544
549 547
549 548
549 550
549 551
550 543
550 544
550 546
550 547
550 548
550 549
550 551
550 552
551 540
551 543
551 544
551 547
551 548
551 549
551 550
551 552
551 553
552 510
552 511
552 512
552 513
552 540
552 543
552 544
552 550
552 551
552 553
552 554
552 555
553 510
553 511
553 513
553 520
553 523
553 551
553 552
553 554
553 555
553 556
554 510
554 523
554 526
554 536
554 552
554 553
554 555
554 556
554 557
554 558
554 559
555 518
555 519
555 520
555 521
555 523
555 524
555 526
555 552
555 553
555 554
555 556
555 557
555 558
555 559
555 578
556 524
556 526
556 527
556 528
556 553
556 554
556 555
556 557
556 558
556 559
556 560
556 577
556 578
556 579
557 521
557 524
557 526
557 554
557 555
557 556
557 558
557 559
557 560
557 577
557 578
557 579
557 580
557 608
557 656
558 440
558 443
558 444
558 518
558 554
558 555
558 556
558 557
558 559
558 560
558 577
558 578
558 579
558 656
559 443
559 444
559 508
559 509
559 554
559 555
559 556
559 557
559 558
559 560
559 561
559 576
559 577
559 578
559 579
559 581
560 443
560 444
560 556
560 557
560 558
560 559
560 561
560 562
560 563
560 575
560 576
560 577
560 578
560 579
560 580
560 581
561 504
561 505
561 506
561 507
561 559
561 560
561 562
561 563
561 573
561 574
561 575
561 576
561 577
561 578
561 580
561 581
561 651
562 504
562 505
562 560
562 561
562 563
562 564
562 565
562 573
562 574
562 575
562 576
562 577
562 578
562 581
562 649
562 650
562 651
563 560
563 561
563 562
563 564
563 565
563 566
563 572
563 573
563 574
563 575
563 576
563 577
563 580
563 581
563 584
563 585
563 649
564 562
564 563
564 565
564 566
564 567
564 571
564 572
564 573
564 574
564 575
564 648
564 649
565 562
565 563
565 564
565 566
565 567
565 568
565 569
565 570
565 571
565 572
565 573
565 574
565 584
566 563
566 564
566 565
566 567
566 568
566 569
566 570
566 571
566 572
566 573
567 564
567 565
567 566
567 568
567 569
567 570
567 571
567 572
567 588
567 639
567 640
567 641
567 642
567 643
568 565
568 566
568 567
568 569
568 570
568 571
568 572
568 640
568 641
568 642
568 643
568 644
569 565
569 566
569 567
569 568
569 570
569 571
569 572
569 641
569 642
569 643
569 644
570 565
570 566
570 567
570 568
570 569
570 571
570 572
570 573
570 643
570 644
570 645
570 648
571 564
571 565
571 566
571 567
571 568
571 569
571 570
571 572
571 573
571 648
571 649
572 563
572 564
572 565
572 566
572 567
572 568
572 569
572 570
572 571
572 573
572 574
572 643
572 644
572 645
572 647
572 648
572 649
572 650
573 561
573 562
573 563
573 564
573 565
573 566
573 570
573 571
573 572
573 574
573 575
573 576
573 647
573 648
573 649
573 650
573 651
574 561
574 562
574 563
574 564
574 565
574 572
574 573
574 575
574 576
574 577
574 581
574 647
574 648
574 649
574 650
574 651
574 652
575 560
575 561
575 562
575 563
575 564
575 573
575 574
575 576
575 577
575 578
575 580
575 581
575 649
575 650
575 651
575 652
575 653
576 559
576 560
576 561
576 562
576 563
576 573
576 574
576 575
576 577
576 578
576 579
576 580
576 581
576 582
576 584
576 616
576 650
576 651
576 652
576 653
576 654
577 556
577 557
577 558
577 559
577 560
577 561
577 562
577 563
577 574
577 575
577 576
577 578
577 579
577 580
577 581
577 582
577 612
577 651
577 652
577 653
577 654
578 526
578 528
578 529
578 532
578 555
578 556
578 557
578 558
578 559
578 560
578 561
578 562
578 575
578 576
578 577
578 579
578 580
578 581
578 582
578 583
578 584
579 526
579 527
579 528
579 529
579 556
579 557
579 558
579 559
579 560
579 576
579 577
579 578
579 580
579 581
579 582
579 583
579 584
579 602
579 604
579 608
579 609
579 611
579 612
579 613
580 557
580 560
580 561
580 563
580 575
580 576
580 577
580 578
580 579
580 581
580 582
580 583
580 584
580 585
580 609
580 611
580 612
580 613
580 615
580 616
580 652
580 654
581 528
581 529
581 559
581 560
581 561
581 562
581 563
581 574
581 575
581 576
581 577
581 578
581 579
581 580
581 582
581 583
581 584
581 585
581 586
581 612
582 526
582 527
582 528
582 529
582 530
582 531
582 532
582 576
582 577
582 578
582 579
582 580
582 581
582 583
582 584
582 585
582 586
582 587
582 598
582 601
582 602
582 604
582 612
583 529
583 578
583 579
583 580
583 581
583 582
583 584
583 585
583 586
583 587
583 588
583 593
583 595
583 597
583 598
583 599
583 601
583 602
583 609
583 612
583 613
583 616
583 622
584 563
584 565
584 576
584 578
584 579
584 580
584 581
584 582
584 583
584 585
584 586
584 587
584 588
584 598
584 613
584 616
584 621
584 622
584 639
585 529
585 530
585 531
585 563
585 580
585 581
585 582
585 583
585 584
585 586
585 587
585 588
585 589
585 590
586 529
586 581
586 582
586 583
586 584
586 585
586 587
586 588
586 589
586 590
586 591
586 592
586 593
586 597
586 598
586 601
586 602
587 582
587 583
587 584
587 585
587 586
587 588
587 589
587 590
587 591
587 592
587 593
587 598
587 622
587 637
587 638
587 639
588 567
588 583
588 584
588 585
588 586
588 587
588 589
588 590
588 591
588 592
588 639
589 585
589 586
589 587
589 588
589 590
589 591
589 592
589 593
590 585
590 586
590 587
590 588
590 589
590 591
590 592
590 593
590 638
590 639
591 586
591 587
591 588
591 589
591 590
591 592
591 593
591 622
591 637
591 638
591 639
591 640
591 641
592 586
592 587
592 588
592 589
592 590
592 591
592 593
592 594
592 622
592 623
592 624
592 625
592 636
592 637
592 638
592 639
593 583
593 586
593 587
593 589
593 590
593 591
593 592
593 594
593 595
593 596
593 597
593 598
593 635
593 636
593 637
593 638
593 639
594 592
594 593
594 595
594 596
594 597
594 598
594 599
594 600
594 624
594 625
594 632
594 633
594 634
594 635
594 636
594 637
594 638
595 583
595 593
595 594
595 596
595 597
595 598
595 599
595 600
595 601
595 606
595 609
595 610
595 613
595 631
595 632
595 633
595 634
595 635
595 636
595 637
596 593
596 594
596 595
596 597
596 598
596 599
596 600
596 601
596 602
596 603
596 606
596 632
596 633
596 634
596 635
596 636
597 583
597 586
597 593
597 594
597 595
597 596
597 598
597 599
597 600
597 601
597 602
597 603
597 633
597 636
598 582
598 583
598 584
598 586
598 587
598 593
598 594
598 595
598 596
598 597
598 599
598 600
598 601
598 602
598 603
598 604
598 609
598 613
598 636
598 637
599 526
599 527
599 583
599 594
599 595
599 596
599 597
599 598
599 600
599 601
599 602
599 603
599 604
599 605
599 606
599 609
599 610
599 633
600 527
600 594
600 595
600 596
600 597
600 598
600 599
600 601
600 602
600 603
600 604
600 605
601 526
601 527
601 528
601 529
601 582
601 583
601 586
601 595
601 596
601 597
601 598
601 599
601 600
601 602
601 603
601 604
602 525
602 526
602 527
602 528
602 529
602 579
602 582
602 583
602 586
602 596
602 597
602 598
602 599
602 600
602 601
602 603
602 604
602 605
602 609
603 524
603 525
603 526
603 527
603 528
603 596
603 597
603 598
603 599
603 600
603 601
603 602
603 604
603 605
603 606
603 609
604 524
604 525
604 526
604 527
604 579
604 582
604 598
604 599
604 600
604 601
604 602
604 603
604 605
604 606
604 607
604 608
604 609
604 610
604 612
605 524
605 525
605 526
605 599
605 600
605 602
605 603
605 604
605 606
605 607
605 608
605 609
605 610
606 595
606 596
606 599
606 603
606 604
606 605
606 607
606 608
606 609
606 610
606 611
606 612
606 632
606 633
607 604
607 605
607 606
607 608
607 609
607 610
607 611
607 612
608 524
608 557
608 579
608 604
608 605
608 606
608 607
608 609
608 610
608 611
608 612
608 613
608 614
609 579
609 580
609 583
609 595
609 598
609 599
609 602
609 603
609 604
609 605
609 606
609 607
609 608
609 610
609 611
609 612
609 613
609 614
609 615
610 595
610 599
610 604
610 605
610 606
610 607
610 608
610 609
610 611
610 612
610 613
610 614
610 615
610 630
610 631
610 632
610 633
611 579
611 580
611 606
611 607
611 608
611 609
611 610
611 612
611 613
611 614
611 615
611 616
611 617
611 631
611 654
611 655
612 577
612 579
612 580
612 581
612 582
612 583
612 604
612 606
612 607
612 608
612 609
612 610
612 611
612 613
612 614
612 615
612 616
612 617
612 654
612 655
613 579
613 580
613 583
613 584
613 595
613 598
613 608
613 609
613 610
613 611
613 612
613 614
613 615
613 616
613 617
613 618
613 621
613 622
613 623
613 624
613 631
613 637
614 608
614 609
614 610
614 611
614 612
614 613
614 615
614 616
614 617
614 618
614 619
614 620
614 622
614 624
614 629
614 630
614 631
614 654
615 580
615 609
615 610
615 611
615 612
615 613
615 614
615 616
615 617
615 618
615 619
615 620
615 621
615 622
615 652
615 653
615 654
615 655
616 576
616 580
616 583
616 584
616 611
616 612
616 613
616 614
616 615
616 617
616 618
616 619
616 620
616 621
616 622
616 623
616 652
616 653
616 654
617 611
617 612
617 613
617 614
617 615
617 616
617 618
617 619
617 620
617 621
617 622
617 623
617 624
617 637
617 640
618 613
618 614
618 615
618 616
618 617
618 619
618 620
618 621
618 622
618 623
618 652
619 614
619 615
619 616
619 617
619 618
619 620
619 621
619 622
619 623
619 643
619 644
619 645
619 652
619 653
620 614
620 615
620 616
620 617
620 618
620 619
620 621
620 622
620 623
620 624
620 639
620 640
620 642
620 643
620 644
620 645
621 584
621 613
621 615
621 616
621 617
621 618
621 619
621 620
621 622
621 623
621 638
621 639
621 640
621 641
621 642
621 643
621 644
622 583
622 584
622 587
622 591
622 592
622 613
622 614
622 615
622 616
622 617
622 618
622 619
622 620
622 621
622 623
622 624
622 625
622 637
622 638
622 639
622 640
622 641
622 643
623 592
623 613
623 616
623 617
623 618
623 619
623 620
623 621
623 622
623 624
623 625
623 626
623 636
623 637
623 638
623 639
623 640
623 641
624 592
624 594
624 613
624 614
624 617
624 620
624 622
624 623
624 625
624 626
624 627
624 628
624 629
624 630
624 631
624 635
624 636
624 637
624 638
624 639
624 640
625 592
625 594
625 622
625 623
625 624
625 626
625 627
625 628
625 635
625 636
625 637
625 638
626 623
626 624
626 625
626 627
626 628
626 629
626 630
626 631
626 632
626 634
626 635
626 636
626 637
627 624
627 625
627 626
627 628
627 629
627 630
628 624
628 625
628 626
628 627
628 629
628 630
628 631
628 632
628 635
629 614
629 624
629 626
629 627
629 628
629 630
629 631
629 632
630 610
630 614
630 624
630 626
630 627
630 628
630 629
630 631
630 632
630 635
631 595
631 610
631 611
631 613
631 614
631 624
631 626
631 628
631 629
631 630
631 632
631 633
631 634
631 635
631 636
631 637
632 594
632 595
632 596
632 606
632 610
632 626
632 628
632 629
632 630
632 631
632 633
632 634
632 635
632 636
633 594
633 595
633 596
633 597
633 599
633 606
633 610
633 631
633 632
633 634
633 635
633 636
634 594
634 595
634 596
634 626
634 631
634 632
634 633
634 635
634 636
634 637
635 593
635 594
635 595
635 596
635 624
635 625
635 626
635 628
635 630
635 631
635 632
635 633
635 634
635 636
635 637
636 592
636 593
636 594
636 595
636 596
636 597
636 598
636 623
636 624
636 625
636 626
636 631
636 632
636 633
636 634
636 635
636 637
636 638
637 587
637 591
637 592
637 593
637 594
637 595
637 598
637 613
637 617
637 622
637 623
637 624
637 625
637 626
637 631
637 634
637 635
637 636
637 638
637 639
637 640
638 587
638 590
638 591
638 592
638 593
638 594
638 621
638 622
638 623
638 624
638 625
638 636
638 637
638 639
638 640
638 641
639 567
639 584
639 587
639 588
639 590
639 591
639 592
639 593
639 620
639 621
639 622
639 623
639 624
639 637
639 638
639 640
639 641
639 642
639 643
640 567
640 568
640 591
640 617
640 620
640 621
640 622
640 623
640 624
640 637
640 638
640 639
640 641
640 642
640 643
640 644
641 567
641 568
641 569
641 591
641 621
641 622
641 623
641 638
641 639
641 640
641 642
641 643
641 644
642 567
642 568
642 569
642 620
642 621
642 639
642 640
642 641
642 643
642 644
643 567
643 568
643 569
643 570
643 572
643 619
643 620
643 621
643 622
643 639
643 640
643 641
643 642
643 644
643 645
644 568
644 569
644 570
644 572
644 619
644 620
644 621
644 640
644 641
644 642
644 643
644 645
644 646
644 647
644 648
645 570
645 572
645 619
645 620
645 643
645 644
645 646
645 647
645 648
645 649
645 650
646 644
646 645
646 647
646 648
646 649
646 650
647 572
647 573
647 574
647 644
647 645
647 646
647 648
647 649
647 650
647 651
648 564
648 570
648 571
648 572
648 573
648 574
648 644
648 645
648 646
648 647
648 649
648 650
649 562
649 563
649 564
649 571
649 572
649 573
649 574
649 575
649 645
649 646
649 647
649 648
649 650
649 651
650 562
650 572
650 573
650 574
650 575
650 576
650 645
650 646
650 647
650 648
650 649
650 651
650 652
650 653
651 561
651 562
651 573
651 574
651 575
651 576
651 577
651 647
651 649
651 650
651 652
651 653
651 654
652 574
652 575
652 576
652 577
652 580
652 615
652 616
652 618
652 619
652 650
652 651
652 653
652 654
652 655
653 575
653 576
653 577
653 615
653 616
653 619
653 650
653 651
653 652
653 654
653 655
653 656
653 657
654 576
654 577
654 580
654 611
654 612
654 614
654 615
654 616
654 651
654 652
654 653
654 655
654 656
654 657
654 658
655 611
655 612
655 615
655 652
655 653
655 654
655 656
655 657
655 658
655 659
655 660
656 440
656 557
656 558
656 653
656 654
656 655
656 657
656 658
656 659
656 660
657 437
657 440
657 653
657 654
657 655
657 656
657 658
657 659
657 660
658 654
658 655
658 656
658 657
658 659
658 660
658 661
658 663
659 436
659 437
659 655
659 656
659 657
659 658
659 660
659 661
659 662
659 663
659 664
660 655
660 656
660 657
660 658
660 659
660 661
660 662
660 663
660 664
660 665
660 666
661 658
661 659
661 660
661 662
661 663
661 664
661 665
661 666
661 667
662 659
662 660
662 661
662 663
662 664
662 665
662 666
662 667
662 668
663 658
663 659
663 660
663 661
663 662
663 664
663 665
663 666
663 667
663 668
663 669
664 388
664 433
664 659
664 660
664 661
664 662
664 663
664 665
664 666
664 667
664 668
664 669
664 670
665 660
665 661
665 662
665 663
665 664
665 666
665 667
665 668
665 669
665 670
665 671
666 519
666 660
666 661
666 662
666 663
666 664
666 665
666 667
666 668
666 669
666 670
666 671
666 672
667 429
667 432
667 433
667 436
667 517
667 519
667 661
667 662
667 663
667 664
667 665
667 666
667 668
667 669
667 670
667 671
667 672
668 383
668 428
668 429
668 432
668 433
668 662
668 663
668 664
668 665
668 666
668 667
668 669
668 670
668 671
668 672
668 673
668 674
669 663
669 664
669 665
669 666
669 667
669 668
669 670
669 671
669 672
669 673
669 674
669 675
670 429
670 432
670 664
670 665
670 666
670 667
670 668
670 669
670 671
670 672
670 673
670 674
670 675
670 676
671 428
671 429
671 430
671 431
671 432
671 433
671 665
671 666
671 667
671 668
671 669
671 670
671 672
671 673
671 674
671 675
671 676
671 677
672 428
672 429
672 666
672 667
672 668
672 669
672 670
672 671
672 673
672 674
672 675
672 676
672 677
672 678
672 716
673 668
673 669
673 670
673 671
673 672
673 674
673 675
673 676
673 677
673 678
673 679
674 428
674 668
674 669
674 670
674 671
674 672
674 673
674 675
674 676
674 677
674 678
674 679
674 680
675 428
675 429
675 669
675 670
675 671
675 672
675 673
675 674
675 676
675 677
675 678
675 679
675 680
675 681
675 706
675 709
675 710
675 711
675 712
675 716
675 717
675 720
676 670
676 671
676 672
676 673
676 674
676 675
676 677
676 678
676 679
676 680
676 681
676 682
676 712
676 716
676 717
676 719
676 720
676 723
677 671
677 672
677 673
677 674
677 675
677 676
677 678
677 679
677 680
677 681
677 682
677 720
678 672
678 673
678 674
678 675
678 676
678 677
678 679
678 680
678 681
678 682
678 683
678 684
678 706
678 720
679 673
679 674
679 675
679 676
679 677
679 678
679 680
679 681
679 682
679 683
679 684
679 685
679 702
679 703
679 705
679 706
679 712
679 716
679 717
679 719
679 720
679 721
680 674
680 675
680 676
680 677
680 678
680 679
680 681
680 682
680 683
680 684
680 685
680 702
680 717
680 719
680 720
680 721
680 722
680 723
680 724
680 729
681 675
681 676
681 677
681 678
681 679
681 680
681 682
681 683
681 684
681 685
681 686
681 687
681 720
681 724
682 676
682 677
682 678
682 679
682 680
682 681
682 683
682 684
682 685
682 686
682 687
682 688
682 701
682 702
682 703
682 705
682 706
683 678
683 679
683 680
683 681
683 682
683 684
683 685
683 686
683 687
683 688
683 698
683 699
683 701
683 702
683 705
683 717
683 720
683 721
683 724
683 729
683 730
683 742
684 678
684 679
684 680
684 681
684 682
684 683
684 685
684 686
684 687
684 688
684 689
684 691
684 721
684 724
684 729
684 730
684 742
684 743
684 744
685 679
685 680
685 681
685 682
685 683
685 684
685 686
685 687
685 688
685 689
685 690
685 691
685 702
685 742
686 681
686 682
686 683
686 684
686 685
686 687
686 688
686 689
686 690
686 691
686 692
686 693
686 698
686 701
686 702
686 705
686 742
687 681
687 682
687 683
687 684
687 685
687 686
687 688
687 689
687 690
687 691
687 692
687 693
687 698
687 729
687 730
687 740
687 741
687 742
687 743
687 744
688 682
688 683
688 684
688 685
688 686
688 687
688 689
688 690
688 691
688 692
688 729
688 730
688 741
688 742
688 743
688 744
689 684
689 685
689 686
689 687
689 688
689 690
689 691
689 692
689 693
689 742
690 685
690 686
690 687
690 688
690 689
690 691
690 692
690 693
690 698
690 740
690 741
690 742
691 684
691 685
691 686
691 687
691 688
691 689
691 690
691 692
691 693
691 730
691 740
691 741
691 742
691 743
691 744
692 686
692 687
692 688
692 689
692 690
692 691
692 693
692 694
692 695
692 698
692 730
692 731
692 732
692 733
692 739
692 740
692 741
692 742
692 743
693 686
693 687
693 689
693 690
693 691
693 692
693 694
693 695
693 696
693 697
693 698
693 699
693 732
693 733
693 738
693 739
693 740
693 741
693 742
694 692
694 693
694 695
694 696
694 697
694 698
694 699
694 732
694 733
694 736
694 737
694 738
694 739
694 740
694 741
695 692
695 693
695 694
695 696
695 697
695 698
695 699
695 700
695 718
695 721
695 732
695 737
695 738
695 739
695 740
696 693
696 694
696 695
696 697
696 698
696 699
696 700
696 701
696 702
696 738
696 739
697 693
697 694
697 695
697 696
697 698
697 699
697 700
697 701
697 702
697 703
697 738
697 739
698 683
698 686
698 687
698 690
698 692
698 693
698 694
698 695
698 696
698 697
698 699
698 700
698 701
698 702
698 703
698 704
698 717
698 721
698 739
698 740
699 683
699 693
699 694
699 695
699 696
699 697
699 698
699 700
699 701
699 702
699 703
699 704
699 712
699 713
699 714
699 717
699 718
699 721
700 695
700 696
700 697
700 698
700 699
700 701
700 702
700 703
700 704
700 705
700 706
700 714
701 682
701 683
701 686
701 696
701 697
701 698
701 699
701 700
701 702
701 703
701 704
701 705
701 706
702 679
702 680
702 682
702 683
702 685
702 686
702 696
702 697
702 698
702 699
702 700
702 701
702 703
702 704
702 705
702 706
702 707
702 712
702 714
702 717
703 679
703 682
703 697
703 698
703 699
703 700
703 701
703 702
703 704
703 705
703 706
703 707
703 708
703 710
703 711
703 712
703 713
703 714
703 717
704 698
704 699
704 700
704 701
704 702
704 703
704 705
704 706
704 707
704 708
704 711
704 712
705 679
705 682
705 683
705 686
705 700
705 701
705 702
705 703
705 704
705 706
705 707
705 708
705 709
705 710
705 711
706 675
706 678
706 679
706 682
706 700
706 701
706 702
706 703
706 704
706 705
706 707
706 708
706 709
706 710
706 711
706 712
707 425
707 426
707 427
707 702
707 703
707 704
707 705
707 706
707 708
707 709
707 710
707 711
707 712
708 425
708 426
708 427
708 428
708 463
708 464
708 465
708 468
708 703
708 704
708 705
708 706
708 707
708 709
708 710
708 711
709 424
709 425
709 426
709 427
709 428
709 429
709 430
709 431
709 464
709 468
709 675
709 705
709 706
709 707
709 708
709 710
709 711
709 712
710 424
710 425
710 426
710 427
710 428
710 429
710 675
710 703
710 705
710 706
710 707
710 708
710 709
710 711
710 712
710 713
711 424
711 425
711 426
711 427
711 428
711 675
711 703
711 704
711 705
711 706
711 707
711 708
711 709
711 710
711 712
711 713
711 714
712 425
712 426
712 675
712 676
712 679
712 699
712 702
712 703
712 704
712 706
712 707
712 709
712 710
712 711
712 713
712 714
712 715
712 716
712 717
713 699
713 703
713 710
713 711
713 712
713 714
713 715
713 716
713 717
713 718
714 699
714 700
714 702
714 703
714 711
714 712
714 713
714 715
714 716
714 717
714 718
714 719
714 720
715 712
715 713
715 714
715 716
715 717
715 718
715 719
715 720
715 721
716 672
716 675
716 676
716 679
716 712
716 713
716 714
716 715
716 717
716 718
716 719
716 720
716 721
716 722
717 675
717 676
717 679
717 680
717 683
717 698
717 699
717 702
717 703
717 712
717 713
717 714
717 715
717 716
717 718
717 719
717 720
717 721
717 722
717 723
718 695
718 699
718 713
718 714
718 715
718 716
718 717
718 719
718 720
718 721
718 722
718 723
718 724
719 676
719 679
719 680
719 714
719 715
719 716
719 717
719 718
719 720
719 721
719 722
719 723
719 724
719 725
720 675
720 676
720 677
720 678
720 679
720 680
720 681
720 683
720 714
720 715
720 716
720 717
720 718
720 719
720 721
720 722
720 723
720 724
720 725
720 726
721 679
721 680
721 683
721 684
721 695
721 698
721 699
721 715
721 716
721 717
721 718
721 719
721 720
721 722
721 723
721 724
721 725
721 726
721 727
721 729
721 730
721 731
721 740
722 680
722 716
722 717
722 718
722 719
722 720
722 721
722 723
722 724
722 725
722 726
722 727
722 728
722 730
722 731
723 676
723 680
723 717
723 718
723 719
723 720
723 721
723 722
723 724
723 725
723 726
723 727
723 728
723 729
723 730
724 680
724 681
724 683
724 684
724 718
724 719
724 720
724 721
724 722
724 723
724 725
724 726
724 727
724 728
724 729
724 730
724 731
725 719
725 720
725 721
725 722
725 723
725 724
725 726
725 727
725 728
725 729
725 730
725 731
725 732
725 740
725 741
725 742
725 743
726 720
726 721
726 722
726 723
726 724
726 725
726 727
726 728
726 729
726 730
726 731
727 721
727 722
727 723
727 724
727 725
727 726
727 728
727 729
727 730
727 731
727 744
728 722
728 723
728 724
728 725
728 726
728 727
728 729
728 730
728 731
728 742
728 743
728 744
729 680
729 683
729 684
729 687
729 688
729 721
729 723
729 724
729 725
729 726
729 727
729 728
729 730
729 731
729 741
729 742
729 743
729 744
730 683
730 684
730 687
730 688
730 691
730 692
730 721
730 722
730 723
730 724
730 725
730 726
730 727
730 728
730 729
730 731
730 732
730 733
730 740
730 741
730 742
730 743
730 744
731 692
731 721
731 722
731 724
731 725
731 726
731 727
731 728
731 729
731 730
731 732
731 733
731 734
731 737
731 739
731 740
731 741
731 742
731 743
731 744
732 692
732 693
732 694
732 695
732 725
732 730
732 731
732 733
732 734
732 735
732 736
732 737
732 738
732 739
732 740
732 741
732 742
732 743
733 692
733 693
733 694
733 730
733 731
733 732
733 734
733 735
733 736
733 737
733 738
733 739
733 740
733 741
733 742
734 731
734 732
734 733
734 735
734 736
734 737
734 739
734 740
734 741
735 732
735 733
735 734
735 736
735 737
735 738
735 739
735 740
736 694
736 732
736 733
736 734
736 735
736 737
736 738
736 739
736 740
737 694
737 695
737 731
737 732
737 733
737 734
737 735
737 736
737 738
737 739
737 740
738 693
738 694
738 695
738 696
738 697
738 732
738 733
738 735
738 736
738 737
738 739
738 740
739 692
739 693
739 694
739 695
739 696
739 697
739 698
739 731
739 732
739 733
739 734
739 735
739 736
739 737
739 738
739 740
739 741
740 687
740 690
740 691
740 692
740 693
740 694
740 695
740 698
740 721
740 725
740 730
740 731
740 732
740 733
740 734
740 735
740 736
740 737
740 738
740 739
740 741
740 742
740 743
741 687
741 688
741 690
741 691
741 692
741 693
741 694
741 725
741 729
741 730
741 731
741 732
741 733
741 734
741 739
741 740
741 742
741 743
741 744
742 683
742 684
742 685
742 686
742 687
742 688
742 689
742 690
742 691
742 692
742 693
742 725
742 728
742 729
742 730
742 731
742 732
742 733
742 740
742 741
742 743
742 744
743 684
743 687
743 688
743 691
743 692
743 725
743 728
743 729
743 730
743 731
743 732
743 740
743 741
743 742
743 744
744 684
744 687
744 688
744 691
744 727
744 728
744 729
744 730
744 731
744 741
744 742
744 743
