0 1
0 2
1 0
1 2
1 3
1 4
2 0
2 1
2 3
2 4
3 1
3 2
3 4
3 5
4 1
4 2
4 3
4 5
4 6
4 7
5 3
5 4
5 6
5 7
6 4
6 5
6 7
6 8
6 9
7 4
7 5
7 6
7 8
7 9
7 10
8 6
8 7
8 9
8 10
9 6
9 7
9 8
9 10
9 11
9 12
10 7
10 8
10 9
10 11
10 12
11 9
11 10
11 12
11 13
11 14
12 9
12 10
12 11
12 13
12 14
12 15
13 11
13 12
13 14
13 15
13 16
14 11
14 12
14 13
14 15
14 16
14 17
15 12
15 13
15 14
15 16
15 17
15 18
16 13
16 14
16 15
16 17
16 18
16 19
17 14
17 15
17 16
17 18
17 19
17 20
18 15
18 16
18 17
18 19
18 20
18 21
19 16
19 17
19 18
19 20
19 21
19 22
20 17
20 18
20 19
20 21
20 22
20 23
21 18
21 19
21 20
21 22
21 23
21 24
22 19
22 20
22 21
22 23
22 24
22 25
23 20
23 21
23 22
23 24
23 25
23 26
24 21
24 22
24 23
24 25
24 26
24 27
25 22
25 23
25 24
25 26
25 27
25 28
26 23
26 24
26 25
26 27
26 28
26 29
27 24
27 25
27 26
27 28
27 29
27 30
27 109
27 123
27 124
27 125
27 126
28 25
28 26
28 27
28 29
28 30
28 40
28 43
28 109
28 123
28 124
28 125
28 126
28 127
29 26
29 27
29 28
29 30
29 31
29 32
29 40
29 109
29 124
29 125
29 126
29 127
29 128
30 27
30 28
30 29
30 31
30 32
30 38
30 39
30 40
30 41
30 107
30 125
30 126
30 127
30 128
30 129
30 226
31 29
31 30
31 32
31 33
31 34
31 38
31 39
31 40
31 107
31 126
31 127
31 128
31 129
31 130
31 225
31 226
31 227
32 29
32 30
32 31
32 33
32 34
32 35
32 36
32 37
32 38
32 39
32 40
32 101
32 102
32 103
32 104
32 106
32 107
32 127
32 128
32 129
32 130
32 131
32 225
32 226
33 31
33 32
33 34
33 35
33 36
33 37
33 38
33 101
33 102
33 103
33 104
33 128
33 129
33 130
33 131
33 132
33 162
33 225
33 226
34 31
34 32
34 33
34 35
34 36
34 37
34 38
34 100
34 101
34 102
34 103
34 104
34 106
34 128
34 129
34 130
34 131
34 132
34 160
34 161
34 162
34 195
34 197
35 32
35 33
35 34
35 36
35 37
35 38
35 99
35 100
35 101
35 102
35 103
35 104
35 129
35 130
35 131
36 32
36 33
36 34
36 35
36 37
36 38
36 39
36 99
36 100
36 101
36 102
36 103
36 129
36 130
37 32
37 33
37 34
37 35
37 36
37 38
37 39
37 40
37 88
37 89
37 98
37 99
37 100
37 101
37 102
37 103
38 30
38 31
38 32
38 33
38 34
38 35
38 36
38 37
38 39
38 40
38 41
38 88
38 89
38 97
38 98
38 99
38 100
38 101
38 102
38 103
38 106
38 127
38 128
38 129
39 30
39 31
39 32
39 36
39 37
39 38
39 40
39 41
39 42
39 90
39 91
39 96
39 97
39 98
39 99
39 100
39 127
40 28
40 29
40 30
40 31
40 32
40 37
40 38
40 39
40 41
40 42
40 43
40 91
40 95
40 96
40 97
40 98
40 99
40 110
40 111
40 112
40 124
40 125
40 126
40 127
41 30
41 38
41 39
41 40
41 42
41 43
41 44
41 91
41 92
41 94
41 95
41 96
41 97
41 98
41 112
41 123
41 125
42 39
42 40
42 41
42 43
42 44
42 45
42 46
42 53
42 54
42 55
42 92
42 94
42 95
42 96
42 97
42 111
42 112
42 113
42 114
42 122
42 123
42 124
42 125
43 28
43 40
43 41
43 42
43 44
43 45
43 46
43 94
43 95
43 96
43 111
43 112
43 113
43 122
43 123
43 124
43 125
44 41
44 42
44 43
44 45
44 46
44 47
44 94
44 95
44 112
44 113
44 114
44 121
44 122
44 123
44 124
45 42
45 43
45 44
45 46
45 47
45 48
45 94
45 114
45 121
46 42
46 43
46 44
46 45
46 47
46 48
46 49
46 50
46 52
46 53
46 94
46 95
46 114
46 115
46 121
47 44
47 45
47 46
47 48
47 49
47 50
47 51
47 52
47 114
47 115
47 116
47 119
47 121
48 45
48 46
48 47
48 49
48 50
48 51
48 116
49 46
49 47
49 48
49 50
49 51
49 52
49 72
49 115
49 116
49 117
49 118
50 46
50 47
50 48
50 49
50 51
50 52
50 53
50 71
50 72
50 73
50 114
50 115
50 116
50 117
50 118
50 119
50 120
51 47
51 48
51 49
51 50
51 52
51 53
51 70
51 71
51 72
51 73
51 114
51 115
51 116
51 117
52 46
52 47
52 49
52 50
52 51
52 53
52 54
52 69
52 70
52 71
52 72
52 73
52 74
52 95
52 113
52 114
52 115
52 116
52 117
53 42
53 46
53 50
53 51
53 52
53 54
53 55
53 68
53 69
53 70
53 71
53 72
53 77
53 91
53 94
53 95
53 96
53 112
53 113
53 114
53 115
53 116
53 120
53 121
54 42
54 52
54 53
54 55
54 56
54 66
54 67
54 68
54 69
54 70
54 71
54 77
54 78
54 79
54 91
54 95
54 97
54 111
54 112
54 113
54 114
54 115
54 122
55 42
55 53
55 54
55 56
55 57
55 64
55 65
55 66
55 67
55 68
55 69
55 70
55 79
55 80
55 91
55 95
55 96
55 97
55 110
55 111
55 112
55 113
55 114
55 122
55 123
55 124
56 54
56 55
56 57
56 58
56 59
56 63
56 64
56 65
56 66
56 67
56 68
56 69
56 80
56 109
56 110
56 111
56 112
56 113
56 124
57 55
57 56
57 58
57 59
57 60
57 62
57 63
57 64
57 65
57 66
57 67
57 106
57 108
57 109
57 110
57 111
57 112
57 124
57 125
57 126
58 56
58 57
58 59
58 60
58 61
58 62
58 63
58 64
58 65
58 66
58 108
58 109
58 110
58 111
58 124
59 56
59 57
59 58
59 60
59 61
59 62
59 63
59 64
59 65
59 108
59 109
59 110
60 57
60 58
60 59
60 61
60 62
60 63
60 64
60 108
60 109
61 58
61 59
61 60
61 62
61 63
61 64
62 57
62 58
62 59
62 60
62 61
62 63
62 64
62 65
62 109
63 56
63 57
63 58
63 59
63 60
63 61
63 62
63 64
63 65
63 66
64 55
64 56
64 57
64 58
64 59
64 60
64 61
64 62
64 63
64 65
64 66
64 67
64 109
64 110
64 111
65 55
65 56
65 57
65 58
65 59
65 62
65 63
65 64
65 66
65 67
65 68
65 80
65 82
65 110
66 54
66 55
66 56
66 57
66 58
66 63
66 64
66 65
66 67
66 68
66 69
66 79
66 80
66 81
66 82
66 110
66 111
67 54
67 55
67 56
67 57
67 64
67 65
67 66
67 68
67 69
67 78
67 79
67 80
67 81
67 82
67 85
67 86
67 89
67 91
67 97
67 110
68 53
68 54
68 55
68 56
68 65
68 66
68 67
68 69
68 70
68 77
68 78
68 79
68 80
68 81
68 82
68 89
68 90
68 91
68 95
68 97
68 112
69 52
69 53
69 54
69 55
69 56
69 66
69 67
69 68
69 70
69 71
69 72
69 76
69 77
69 78
69 79
69 80
69 91
69 95
69 113
70 51
70 52
70 53
70 54
70 55
70 68
70 69
70 71
70 72
70 73
70 74
70 75
70 76
70 77
70 78
70 79
70 91
70 92
70 93
70 95
70 114
71 50
71 51
71 52
71 53
71 54
71 69
71 70
71 72
71 73
71 74
71 75
71 76
71 77
71 78
71 115
72 49
72 50
72 51
72 52
72 53
72 69
72 70
72 71
72 73
72 74
72 75
72 76
72 93
72 114
72 115
73 50
73 51
73 52
73 70
73 71
73 72
73 74
73 75
73 76
74 52
74 70
74 71
74 72
74 73
74 75
74 76
74 77
75 70
75 71
75 72
75 73
75 74
75 76
75 77
75 78
75 93
76 69
76 70
76 71
76 72
76 73
76 74
76 75
76 77
76 78
76 79
76 91
77 53
77 54
77 68
77 69
77 70
77 71
77 74
77 75
77 76
77 78
77 79
77 90
77 91
77 92
77 93
78 54
78 67
78 68
78 69
78 70
78 71
78 75
78 76
78 77
78 79
78 80
78 81
78 90
78 91
79 54
79 55
79 66
79 67
79 68
79 69
79 70
79 76
79 77
79 78
79 80
79 81
79 82
79 85
79 86
79 87
79 89
79 90
79 91
80 55
80 56
80 65
80 66
80 67
80 68
80 69
80 78
80 79
80 81
80 82
80 83
80 85
80 86
81 66
81 67
81 68
81 78
81 79
81 80
81 82
81 83
81 84
81 85
81 86
82 65
82 66
82 67
82 68
82 79
82 80
82 81
82 83
82 84
82 85
82 86
82 87
83 80
83 81
83 82
83 84
83 85
83 86
83 87
83 88
84 81
84 82
84 83
84 85
84 86
84 87
84 88
84 103
84 105
84 106
85 67
85 79
85 80
85 81
85 82
85 83
85 84
85 86
85 87
85 88
85 89
85 99
85 100
85 101
85 106
86 67
86 79
86 80
86 81
86 82
86 83
86 84
86 85
86 87
86 88
86 89
87 79
87 82
87 83
87 84
87 85
87 86
87 88
87 89
87 90
87 99
87 100
88 37
88 38
88 83
88 84
88 85
88 86
88 87
88 89
88 90
88 98
88 99
88 100
88 101
88 102
89 37
89 38
89 67
89 68
89 79
89 85
89 86
89 87
89 88
89 90
89 91
89 92
89 97
89 98
89 99
89 100
89 101
90 39
90 68
90 77
90 78
90 79
90 87
90 88
90 89
90 91
90 92
90 95
90 96
90 97
90 98
90 99
90 100
91 39
91 40
91 41
91 53
91 54
91 55
91 67
91 68
91 69
91 70
91 76
91 77
91 78
91 79
91 89
91 90
91 92
91 93
91 94
91 95
91 96
91 97
91 98
91 99
92 41
92 42
92 70
92 77
92 89
92 90
92 91
92 93
92 94
92 95
92 96
92 97
92 98
93 70
93 72
93 75
93 77
93 91
93 92
93 94
93 95
93 96
93 97
94 41
94 42
94 43
94 44
94 45
94 46
94 53
94 91
94 92
94 93
94 95
94 96
94 97
95 40
95 41
95 42
95 43
95 44
95 46
95 52
95 53
95 54
95 55
95 68
95 69
95 70
95 90
95 91
95 92
95 93
95 94
95 96
95 97
95 98
95 112
95 113
95 114
96 39
96 40
96 41
96 42
96 43
96 53
96 55
96 90
96 91
96 92
96 93
96 94
96 95
96 97
96 98
96 112
97 38
97 39
97 40
97 41
97 42
97 54
97 55
97 67
97 68
97 89
97 90
97 91
97 92
97 93
97 94
97 95
97 96
97 98
97 99
97 110
97 111
97 112
98 37
98 38
98 39
98 40
98 41
98 88
98 89
98 90
98 91
98 92
98 95
98 96
98 97
98 99
98 100
98 101
98 102
99 35
99 36
99 37
99 38
99 39
99 40
99 85
99 87
99 88
99 89
99 90
99 91
99 97
99 98
99 100
99 101
99 102
99 103
99 106
100 34
100 35
100 36
100 37
100 38
100 39
100 85
100 87
100 88
100 89
100 90
100 98
100 99
100 101
100 102
100 103
101 32
101 33
101 34
101 35
101 36
101 37
101 38
101 85
101 88
101 89
101 98
101 99
101 100
101 102
101 103
101 106
102 32
102 33
102 34
102 35
102 36
102 37
102 38
102 88
102 98
102 99
102 100
102 101
102 103
102 104
102 105
102 106
102 107
102 127
102 128
102 129
102 130
102 131
103 32
103 33
103 34
103 35
103 36
103 37
103 38
103 84
103 99
103 100
103 101
103 102
103 104
103 105
103 106
103 107
103 128
103 129
103 130
103 131
103 195
103 196
103 197
104 32
104 33
104 34
104 35
104 102
104 103
104 105
104 106
104 107
104 108
104 127
104 128
104 129
104 130
104 131
104 162
104 163
104 195
104 196
104 197
105 84
105 102
105 103
105 104
105 106
105 107
105 108
105 128
105 129
105 195
105 196
106 32
106 34
106 38
106 57
106 84
106 85
106 99
106 101
106 102
106 103
106 104
106 105
106 107
106 108
106 109
106 110
106 126
106 127
106 128
106 129
107 30
107 31
107 32
107 102
107 103
107 104
107 105
107 106
107 108
107 109
107 110
107 126
107 127
107 128
107 129
107 130
108 57
108 58
108 59
108 60
108 104
108 105
108 106
108 107
108 109
108 110
108 111
108 125
108 126
108 127
108 128
108 129
109 27
109 28
109 29
109 56
109 57
109 58
109 59
109 60
109 62
109 64
109 106
109 107
109 108
109 110
109 111
109 124
109 125
109 126
109 127
109 128
110 40
110 55
110 56
110 57
110 58
110 59
110 64
110 65
110 66
110 67
110 97
110 106
110 107
110 108
110 109
110 111
110 112
110 113
110 123
110 124
110 125
110 126
110 127
111 40
111 42
111 43
111 54
111 55
111 56
111 57
111 58
111 64
111 66
111 97
111 108
111 109
111 110
111 112
111 113
111 114
111 121
111 122
111 123
111 124
111 125
111 126
112 40
112 41
112 42
112 43
112 44
112 53
112 54
112 55
112 56
112 57
112 68
112 95
112 96
112 97
112 110
112 111
112 113
112 114
112 115
112 121
112 122
112 123
112 124
112 125
113 42
113 43
113 44
113 52
113 53
113 54
113 55
113 56
113 69
113 95
113 110
113 111
113 112
113 114
113 115
113 116
113 120
113 121
113 122
113 123
113 124
114 42
114 44
114 45
114 46
114 47
114 50
114 51
114 52
114 53
114 54
114 55
114 70
114 72
114 95
114 111
114 112
114 113
114 115
114 116
114 119
114 120
114 121
114 122
114 123
115 46
115 47
115 49
115 50
115 51
115 52
115 53
115 54
115 71
115 72
115 112
115 113
115 114
115 116
115 117
115 118
115 119
115 120
115 121
115 122
116 47
116 48
116 49
116 50
116 51
116 52
116 53
116 113
116 114
116 115
116 117
116 118
116 119
116 120
116 121
117 49
117 50
117 51
117 52
117 115
117 116
117 118
117 119
117 120
118 49
118 50
118 115
118 116
118 117
118 119
118 120
119 47
119 50
119 114
119 115
119 116
119 117
119 118
119 120
119 121
119 122
120 50
120 53
120 113
120 114
120 115
120 116
120 117
120 118
120 119
120 121
120 122
121 44
121 45
121 46
121 47
121 53
121 111
121 112
121 113
121 114
121 115
121 116
121 119
121 120
121 122
121 123
122 42
122 43
122 44
122 54
122 55
122 111
122 112
122 113
122 114
122 115
122 119
122 120
122 121
122 123
122 124
122 125
123 27
123 28
123 41
123 42
123 43
123 44
123 55
123 110
123 111
123 112
123 113
123 114
123 121
123 122
123 124
123 125
124 27
124 28
124 29
124 40
124 42
124 43
124 44
124 55
124 56
124 57
124 58
124 109
124 110
124 111
124 112
124 113
124 122
124 123
124 125
124 126
124 127
125 27
125 28
125 29
125 30
125 40
125 41
125 42
125 43
125 57
125 108
125 109
125 110
125 111
125 112
125 122
125 123
125 124
125 126
125 127
125 128
126 27
126 28
126 29
126 30
126 31
126 40
126 57
126 106
126 107
126 108
126 109
126 110
126 111
126 124
126 125
126 127
126 128
127 28
127 29
127 30
127 31
127 32
127 38
127 39
127 40
127 102
127 104
127 106
127 107
127 108
127 109
127 110
127 124
127 125
127 126
127 128
127 129
128 29
128 30
128 31
128 32
128 33
128 34
128 38
128 102
128 103
128 104
128 105
128 106
128 107
128 108
128 109
128 125
128 126
128 127
128 129
128 130
128 163
128 225
128 226
129 30
129 31
129 32
129 33
129 34
129 35
129 36
129 38
129 102
129 103
129 104
129 105
129 106
129 107
129 108
129 127
129 128
129 130
129 131
129 162
129 163
129 225
129 226
130 31
130 32
130 33
130 34
130 35
130 36
130 102
130 103
130 104
130 107
130 128
130 129
130 131
130 132
130 133
130 161
130 162
130 163
130 164
130 197
130 223
130 224
130 225
130 226
131 32
131 33
131 34
131 35
131 102
131 103
131 104
131 129
131 130
131 132
131 133
131 134
131 159
131 160
131 161
131 162
131 163
131 164
131 197
131 198
131 223
131 224
131 225
131 226
132 33
132 34
132 130
132 131
132 133
132 134
132 135
132 158
132 159
132 160
132 161
132 162
132 163
132 164
132 165
132 197
132 223
132 224
132 225
132 226
132 230
132 232
133 130
133 131
133 132
133 134
133 135
133 136
133 157
133 158
133 159
133 160
133 161
133 162
133 163
133 164
133 165
133 197
133 198
133 199
133 200
133 221
133 222
133 223
133 224
133 225
133 231
133 232
134 131
134 132
134 133
134 135
134 136
134 137
134 157
134 158
134 159
134 160
134 161
134 199
134 200
134 221
134 232
134 234
135 132
135 133
135 134
135 136
135 137
135 157
135 158
135 159
135 160
135 219
135 220
135 221
135 231
135 232
135 233
135 234
135 235
136 133
136 134
136 135
136 137
136 138
136 139
136 155
136 156
136 157
136 158
136 159
136 167
136 200
136 201
136 218
136 219
136 220
136 221
136 222
136 232
136 233
136 234
136 235
137 134
137 135
137 136
137 138
137 139
137 140
137 154
137 155
137 156
137 157
137 158
137 159
137 201
137 218
137 219
137 220
137 221
137 233
137 234
137 235
137 236
137 237
138 136
138 137
138 139
138 140
138 141
138 153
138 154
138 155
138 156
138 157
138 158
138 201
138 202
138 203
138 204
138 217
138 218
138 219
138 220
138 234
138 235
138 236
138 237
139 136
139 137
139 138
139 140
139 141
139 142
139 153
139 154
139 155
139 156
139 157
139 203
139 237
140 137
140 138
140 139
140 141
140 142
140 143
140 152
140 153
140 154
140 155
140 156
140 203
141 138
141 139
141 140
141 142
141 143
141 144
141 145
141 152
141 153
141 154
141 155
141 156
141 204
141 237
141 238
141 239
142 139
142 140
142 141
142 143
142 144
142 145
142 151
142 152
142 153
142 154
142 155
142 238
142 239
142 240
143 140
143 141
143 142
143 144
143 145
143 153
143 154
143 238
143 239
143 240
143 241
144 141
144 142
144 143
144 145
144 146
144 147
144 151
144 153
144 238
144 239
144 240
144 241
144 242
145 141
145 142
145 143
145 144
145 146
145 147
145 148
145 149
145 150
145 151
145 152
145 153
145 206
145 207
145 208
145 209
145 212
145 213
145 239
145 240
145 241
145 242
145 243
146 144
146 145
146 147
146 148
146 149
146 150
146 151
146 206
146 207
146 208
146 209
146 210
146 240
146 241
146 242
146 243
146 244
146 274
147 144
147 145
147 146
147 148
147 149
147 150
147 151
147 206
147 207
147 208
147 209
147 210
147 211
147 212
147 241
147 242
147 243
147 244
148 145
148 146
148 147
148 149
148 150
148 151
148 181
148 182
148 206
148 207
148 208
148 209
148 210
148 242
148 243
148 244
149 145
149 146
149 147
149 148
149 150
149 151
149 152
149 181
149 182
149 205
149 206
149 207
149 208
149 209
150 145
150 146
150 147
150 148
150 149
150 151
150 152
150 153
150 181
150 182
150 183
150 184
150 204
150 205
150 206
150 207
150 208
151 142
151 144
151 145
151 146
151 147
151 148
151 149
151 150
151 152
151 153
151 154
151 182
151 183
151 184
151 204
151 205
151 206
151 207
151 208
152 140
152 141
152 142
152 145
152 149
152 150
152 151
152 153
152 154
152 155
152 183
152 184
152 185
152 203
152 204
152 205
152 206
152 207
153 138
153 139
153 140
153 141
153 142
153 143
153 144
153 145
153 150
153 151
153 152
153 154
153 155
153 156
153 203
153 204
153 205
153 206
153 207
153 208
153 217
153 237
153 239
154 137
154 138
154 139
154 140
154 141
154 142
154 143
154 151
154 152
154 153
154 155
154 156
154 157
154 202
154 203
154 204
154 205
154 206
154 237
155 136
155 137
155 138
155 139
155 140
155 141
155 142
155 152
155 153
155 154
155 156
155 157
155 158
155 185
155 186
155 187
155 201
155 202
155 203
155 204
155 205
155 219
156 136
156 137
156 138
156 139
156 140
156 141
156 153
156 154
156 155
156 157
156 158
156 167
156 168
156 169
156 187
156 200
156 201
156 202
156 203
156 204
156 218
156 219
156 220
156 221
156 234
157 133
157 134
157 135
157 136
157 137
157 138
157 139
157 154
157 155
157 156
157 158
157 159
157 167
157 188
157 189
157 199
157 200
157 201
157 202
157 203
157 219
157 220
157 221
157 234
158 132
158 133
158 134
158 135
158 136
158 137
158 138
158 155
158 156
158 157
158 159
158 160
158 161
158 165
158 166
158 167
158 189
158 198
158 199
158 200
158 201
158 202
158 219
158 220
158 221
158 232
158 234
159 131
159 132
159 133
159 134
159 135
159 136
159 137
159 157
159 158
159 160
159 161
159 162
159 164
159 165
159 189
159 190
159 191
159 192
159 197
159 198
159 199
159 200
159 201
159 221
160 34
160 131
160 132
160 133
160 134
160 135
160 158
160 159
160 161
160 162
160 163
160 164
160 165
160 190
160 191
160 192
160 195
160 196
160 197
160 198
160 199
160 200
161 34
161 130
161 131
161 132
161 133
161 134
161 158
161 159
161 160
161 162
161 163
161 164
161 165
161 189
161 191
161 196
161 197
161 198
161 199
161 200
161 221
161 222
161 223
161 224
161 225
162 33
162 34
162 104
162 129
162 130
162 131
162 132
162 133
162 159
162 160
162 161
162 163
162 164
162 165
162 191
162 195
162 196
162 197
162 198
162 199
162 223
162 224
162 225
163 104
163 128
163 129
163 130
163 131
163 132
163 133
163 160
163 161
163 162
163 164
163 165
163 196
163 197
163 198
163 223
163 224
163 225
164 130
164 131
164 132
164 133
164 159
164 160
164 161
164 162
164 163
164 165
164 166
164 189
164 190
164 191
164 197
164 198
164 199
164 200
164 221
164 222
164 223
164 224
165 132
165 133
165 158
165 159
165 160
165 161
165 162
165 163
165 164
165 166
165 167
165 168
165 189
165 198
165 199
165 200
165 220
165 221
165 222
165 223
165 224
165 229
165 230
165 231
166 158
166 164
166 165
166 167
166 168
166 187
166 188
166 189
166 200
166 201
166 202
166 220
166 221
166 222
166 223
166 224
166 231
167 136
167 156
167 157
167 158
167 165
167 166
167 168
167 169
167 185
167 186
167 187
167 188
167 200
167 201
167 202
167 203
167 219
167 220
167 221
167 222
167 223
167 231
167 232
167 233
168 156
168 165
168 166
168 167
168 169
168 170
168 175
168 176
168 177
168 185
168 187
168 202
168 204
168 218
168 219
168 220
168 221
168 222
168 231
168 233
169 156
169 167
169 168
169 170
169 171
169 173
169 174
169 175
169 176
169 177
169 178
169 185
169 202
169 203
169 204
169 217
169 218
169 219
169 220
169 221
169 233
169 234
170 168
170 169
170 171
170 172
170 173
170 174
170 175
170 176
170 177
170 216
170 217
170 218
170 219
170 220
170 233
170 236
171 169
171 170
171 172
171 173
171 174
171 175
171 176
171 212
171 215
171 216
171 217
171 218
171 219
171 236
171 237
172 170
172 171
172 173
172 174
172 175
172 176
172 212
172 214
172 215
172 216
172 217
172 218
172 236
173 169
173 170
173 171
173 172
173 174
173 175
173 176
173 215
173 216
173 217
173 218
173 219
174 169
174 170
174 171
174 172
174 173
174 175
174 176
174 177
174 217
174 218
175 168
175 169
175 170
175 171
175 172
175 173
175 174
175 176
175 177
175 178
175 217
175 218
175 219
175 220
176 168
176 169
176 170
176 171
176 172
176 173
176 174
176 175
176 177
176 178
176 179
176 183
176 184
176 185
176 204
176 206
176 217
176 218
176 219
177 168
177 169
177 170
177 174
177 175
177 176
177 178
177 179
177 180
177 182
177 183
177 184
177 185
178 169
178 175
178 176
178 177
178 179
178 180
178 181
178 182
178 183
178 184
178 185
178 186
178 204
178 205
178 206
179 176
179 177
179 178
179 180
179 181
179 182
179 183
179 184
179 185
179 206
179 207
180 177
180 178
180 179
180 181
180 182
180 183
180 184
181 148
181 149
181 150
181 178
181 179
181 180
181 182
181 183
181 184
181 205
181 206
181 207
182 148
182 149
182 150
182 151
182 177
182 178
182 179
182 180
182 181
182 183
182 184
182 205
182 206
182 207
182 208
183 150
183 151
183 152
183 176
183 177
183 178
183 179
183 180
183 181
183 182
183 184
183 185
183 186
183 204
183 205
183 206
183 207
183 208
184 150
184 151
184 152
184 176
184 177
184 178
184 179
184 180
184 181
184 182
184 183
184 185
184 186
184 187
184 203
184 204
184 205
184 206
184 207
185 152
185 155
185 167
185 168
185 169
185 176
185 177
185 178
185 179
185 183
185 184
185 186
185 187
185 202
185 203
185 204
185 205
185 206
186 155
186 167
186 178
186 183
186 184
186 185
186 187
186 188
186 201
186 202
186 203
186 204
186 205
187 155
187 156
187 166
187 167
187 168
187 184
187 185
187 186
187 188
187 189
187 200
187 201
187 202
187 203
187 204
188 157
188 166
188 167
188 186
188 187
188 189
188 190
188 199
188 200
188 201
188 202
188 203
189 157
189 158
189 159
189 161
189 164
189 165
189 166
189 187
189 188
189 190
189 191
189 198
189 199
189 200
189 201
189 202
190 159
190 160
190 164
190 188
190 189
190 191
190 192
190 193
190 196
190 197
190 198
190 199
190 200
190 201
191 159
191 160
191 161
191 162
191 164
191 189
191 190
191 192
191 193
191 194
191 195
191 196
191 197
191 198
191 199
191 200
192 159
192 160
192 190
192 191
192 193
192 194
192 195
192 196
192 197
192 198
192 199
193 190
193 191
193 192
193 194
193 195
193 196
193 197
193 198
194 191
194 192
194 193
194 195
194 196
194 197
195 34
195 103
195 104
195 105
195 160
195 162
195 191
195 192
195 193
195 194
195 196
195 197
195 198
196 103
196 104
196 105
196 160
196 161
196 162
196 163
196 190
196 191
196 192
196 193
196 194
196 195
196 197
196 198
196 199
197 34
197 103
197 104
197 130
197 131
197 132
197 133
197 159
197 160
197 161
197 162
197 163
197 164
197 190
197 191
197 192
197 193
197 194
197 195
197 196
197 198
197 199
197 200
198 131
198 133
198 158
198 159
198 160
198 161
198 162
198 163
198 164
198 165
198 189
198 190
198 191
198 192
198 193
198 195
198 196
198 197
198 199
198 200
198 201
199 133
199 134
199 157
199 158
199 159
199 160
199 161
199 162
199 164
199 165
199 188
199 189
199 190
199 191
199 192
199 196
199 197
199 198
199 200
199 201
200 133
200 134
200 136
200 156
200 157
200 158
200 159
200 160
200 161
200 164
200 165
200 166
200 167
200 187
200 188
200 189
200 190
200 191
200 197
200 198
200 199
200 201
200 202
200 221
201 136
201 137
201 138
201 155
201 156
201 157
201 158
201 159
201 166
201 167
201 186
201 187
201 188
201 189
201 190
201 198
201 199
201 200
201 202
201 203
201 221
202 138
202 154
202 155
202 156
202 157
202 158
202 166
202 167
202 168
202 169
202 185
202 186
202 187
202 188
202 189
202 200
202 201
202 203
202 204
202 205
202 219
202 221
203 138
203 139
203 140
203 152
203 153
203 154
203 155
203 156
203 157
203 167
203 169
203 184
203 185
203 186
203 187
203 188
203 201
203 202
203 204
203 205
203 206
204 138
204 141
204 150
204 151
204 152
204 153
204 154
204 155
204 156
204 168
204 169
204 176
204 178
204 183
204 184
204 185
204 186
204 187
204 202
204 203
204 205
204 206
204 219
205 149
205 150
205 151
205 152
205 153
205 154
205 155
205 178
205 181
205 182
205 183
205 184
205 185
205 186
205 202
205 203
205 204
205 206
205 207
205 208
206 145
206 146
206 147
206 148
206 149
206 150
206 151
206 152
206 153
206 154
206 176
206 178
206 179
206 181
206 182
206 183
206 184
206 185
206 203
206 204
206 205
206 207
206 208
206 209
207 145
207 146
207 147
207 148
207 149
207 150
207 151
207 152
207 153
207 179
207 181
207 182
207 183
207 184
207 205
207 206
207 208
207 209
207 212
208 145
208 146
208 147
208 148
208 149
208 150
208 151
208 153
208 182
208 183
208 205
208 206
208 207
208 209
208 210
208 211
208 212
208 213
208 239
208 241
208 242
208 243
209 145
209 146
209 147
209 148
209 149
209 206
209 207
209 208
209 210
209 211
209 212
209 213
209 241
209 242
209 243
210 146
210 147
210 148
210 208
210 209
210 211
210 212
210 213
210 214
210 215
210 241
210 242
210 243
211 147
211 208
211 209
211 210
211 212
211 213
211 214
211 215
211 241
212 145
212 147
212 171
212 172
212 207
212 208
212 209
212 210
212 211
212 213
212 214
212 215
212 216
212 217
212 238
212 239
212 240
212 241
213 145
213 208
213 209
213 210
213 211
213 212
213 214
213 215
213 216
213 238
213 239
213 240
213 241
213 242
214 172
214 210
214 211
214 212
214 213
214 215
214 216
214 217
214 237
214 238
214 239
214 240
214 241
215 171
215 172
215 173
215 210
215 211
215 212
215 213
215 214
215 216
215 217
215 236
215 237
215 238
215 239
215 240
215 241
216 170
216 171
216 172
216 173
216 212
216 213
216 214
216 215
216 217
216 218
216 235
216 236
216 237
216 238
216 239
217 138
217 153
217 169
217 170
217 171
217 172
217 173
217 174
217 175
217 176
217 212
217 214
217 215
217 216
217 218
217 219
217 234
217 235
217 236
217 237
217 238
217 239
218 136
218 137
218 138
218 156
218 168
218 169
218 170
218 171
218 172
218 173
218 174
218 175
218 176
218 216
218 217
218 219
218 220
218 233
218 234
218 235
218 236
218 237
218 238
219 135
219 136
219 137
219 138
219 155
219 156
219 157
219 158
219 167
219 168
219 169
219 170
219 171
219 173
219 175
219 176
219 202
219 204
219 217
219 218
219 220
219 221
219 222
219 232
219 233
219 234
219 235
219 236
219 237
220 135
220 136
220 137
220 138
220 156
220 157
220 158
220 165
220 166
220 167
220 168
220 169
220 170
220 175
220 218
220 219
220 221
220 222
220 223
220 231
220 232
220 233
220 234
220 235
221 133
221 134
221 135
221 136
221 137
221 156
221 157
221 158
221 159
221 161
221 164
221 165
221 166
221 167
221 168
221 169
221 200
221 201
221 202
221 219
221 220
221 222
221 223
221 230
221 231
221 232
221 233
221 234
222 133
222 136
222 161
222 164
222 165
222 166
222 167
222 168
222 219
222 220
222 221
222 223
222 224
222 225
222 229
222 230
222 231
222 232
222 233
223 130
223 131
223 132
223 133
223 161
223 162
223 163
223 164
223 165
223 166
223 167
223 220
223 221
223 222
223 224
223 225
223 228
223 229
223 230
223 231
223 232
224 130
224 131
224 132
224 133
224 161
224 162
224 163
224 164
224 165
224 166
224 222
224 223
224 225
224 226
224 227
224 228
224 229
224 230
224 231
225 31
225 32
225 33
225 128
225 129
225 130
225 131
225 132
225 133
225 161
225 162
225 163
225 222
225 223
225 224
225 226
225 227
225 228
225 229
225 230
225 231
226 30
226 31
226 32
226 33
226 128
226 129
226 130
226 131
226 132
226 224
226 225
226 227
226 228
226 229
226 230
227 31
227 224
227 225
227 226
227 228
227 229
227 230
228 223
228 224
228 225
228 226
228 227
228 229
228 230
229 165
229 222
229 223
229 224
229 225
229 226
229 227
229 228
229 230
229 231
230 132
230 165
230 221
230 222
230 223
230 224
230 225
230 226
230 227
230 228
230 229
230 231
230 232
231 133
231 135
231 165
231 166
231 167
231 168
231 220
231 221
231 222
231 223
231 224
231 225
231 229
231 230
231 232
231 233
232 132
232 133
232 134
232 135
232 136
232 158
232 167
232 219
232 220
232 221
232 222
232 223
232 230
232 231
232 233
232 234
233 135
233 136
233 137
233 167
233 168
233 169
233 170
233 218
233 219
233 220
233 221
233 222
233 231
233 232
233 234
233 235
233 236
234 134
234 135
234 136
234 137
234 138
234 156
234 157
234 158
234 169
234 217
234 218
234 219
234 220
234 221
234 232
234 233
234 235
234 236
234 237
235 135
235 136
235 137
235 138
235 216
235 217
235 218
235 219
235 220
235 233
235 234
235 236
235 237
236 137
236 138
236 170
236 171
236 172
236 215
236 216
236 217
236 218
236 219
236 233
236 234
236 235
236 237
236 238
237 137
237 138
237 139
237 141
237 153
237 154
237 171
237 214
237 215
237 216
237 217
237 218
237 219
237 234
237 235
237 236
237 238
237 239
238 141
238 142
238 143
238 144
238 212
238 213
238 214
238 215
238 216
238 217
238 218
238 236
238 237
238 239
238 240
238 241
239 141
239 142
239 143
239 144
239 145
239 153
239 208
239 212
239 213
239 214
239 215
239 216
239 217
239 237
239 238
239 240
239 241
239 242
240 142
240 143
240 144
240 145
240 146
240 212
240 213
240 214
240 215
240 238
240 239
240 241
240 242
240 243
240 274
240 275
241 143
241 144
241 145
241 146
241 147
241 208
241 209
241 210
241 211
241 212
241 213
241 214
241 215
241 238
241 239
241 240
241 242
241 243
241 273
241 274
241 275
242 144
242 145
242 146
242 147
242 148
242 208
242 209
242 210
242 213
242 239
242 240
242 241
242 243
242 244
242 245
242 273
242 274
242 275
242 276
243 145
243 146
243 147
243 148
243 208
243 209
243 210
243 240
243 241
243 242
243 244
243 245
243 246
243 272
243 273
243 274
243 275
243 276
244 146
244 147
244 148
244 242
244 243
244 245
244 246
244 247
244 271
244 272
244 273
244 274
244 275
244 276
244 277
245 242
245 243
245 244
245 246
245 247
245 248
245 270
245 271
245 272
245 273
245 274
245 275
245 276
245 277
245 314
245 317
245 320
246 243
246 244
246 245
246 247
246 248
246 271
246 272
246 273
246 317
246 320
247 244
247 245
247 246
247 248
247 249
247 270
247 271
247 272
247 273
247 313
247 314
247 320
247 321
247 322
248 245
248 246
248 247
248 249
248 250
248 269
248 270
248 271
248 272
248 273
248 277
248 280
248 312
248 313
248 314
248 320
248 321
248 322
248 323
249 247
249 248
249 250
249 251
249 268
249 269
249 270
249 271
249 272
249 311
249 312
249 313
249 320
249 321
249 322
249 323
249 324
250 248
250 249
250 251
250 252
250 253
250 267
250 268
250 269
250 270
250 271
250 282
250 295
250 296
250 310
250 311
250 312
250 313
250 321
250 322
250 323
250 324
251 249
251 250
251 252
251 253
251 254
251 255
251 266
251 267
251 268
251 269
251 270
251 296
251 310
251 322
251 323
251 324
252 250
252 251
252 253
252 254
252 255
252 256
252 259
252 265
252 266
252 267
252 268
252 269
252 296
252 297
252 298
252 310
252 324
252 325
252 326
253 250
253 251
253 252
253 254
253 255
253 256
253 264
253 265
253 266
253 267
253 268
253 296
253 298
254 251
254 252
254 253
254 255
254 256
254 257
254 259
254 264
254 265
254 266
254 267
255 251
255 252
255 253
255 254
255 256
255 257
255 258
255 259
255 265
255 266
256 252
256 253
256 254
256 255
256 257
256 258
256 259
256 260
256 265
257 254
257 255
257 256
257 258
257 259
257 260
257 397
257 398
257 399
258 255
258 256
258 257
258 259
258 260
258 263
258 326
258 327
258 328
258 329
258 397
258 398
258 399
259 252
259 254
259 255
259 256
259 257
259 258
259 260
259 261
259 262
259 263
259 264
259 265
259 302
259 303
259 304
259 307
259 326
259 327
259 328
259 329
259 330
259 398
260 256
260 257
260 258
260 259
260 261
260 262
260 263
260 264
260 301
260 302
260 303
260 304
260 327
260 328
260 329
260 330
260 331
260 358
260 398
260 399
260 400
260 401
261 259
261 260
261 262
261 263
261 264
261 300
261 301
261 302
261 303
261 304
261 305
261 306
261 327
261 328
261 329
261 330
261 331
261 401
262 259
262 260
262 261
262 263
262 264
262 265
262 300
262 301
262 302
262 303
262 304
262 328
262 329
262 330
263 258
263 259
263 260
263 261
263 262
263 264
263 265
263 299
263 300
263 301
263 302
263 303
263 328
263 329
264 253
264 254
264 259
264 260
264 261
264 262
264 263
264 265
264 266
264 298
264 299
264 300
264 301
264 302
265 252
265 253
265 254
265 255
265 256
265 259
265 262
265 263
265 264
265 266
265 267
265 268
265 297
265 298
265 299
265 300
265 301
265 302
265 326
266 251
266 252
266 253
266 254
266 255
266 264
266 265
266 267
266 268
266 269
266 296
266 297
266 298
266 299
266 300
267 250
267 251
267 252
267 253
267 254
267 265
267 266
267 268
267 269
267 282
267 295
267 296
267 297
267 298
267 299
267 310
267 311
267 312
267 324
268 249
268 250
268 251
268 252
268 253
268 265
268 266
268 267
268 269
268 270
268 280
268 282
268 294
268 295
268 296
268 297
268 298
268 312
269 248
269 249
269 250
269 251
269 252
269 266
269 267
269 268
269 270
269 271
269 277
269 278
269 279
269 280
269 281
269 282
269 293
269 294
269 295
269 296
269 297
269 311
269 312
269 313
269 314
269 322
269 323
270 245
270 247
270 248
270 249
270 250
270 251
270 268
270 269
270 271
270 272
270 273
270 276
270 277
270 278
270 279
270 280
270 295
270 296
270 312
270 313
270 314
270 322
271 244
271 245
271 246
271 247
271 248
271 249
271 250
271 269
271 270
271 272
271 273
271 274
271 275
271 276
271 277
271 278
271 279
271 280
271 295
271 313
271 314
271 320
271 322
272 243
272 244
272 245
272 246
272 247
272 248
272 249
272 270
272 271
272 273
272 274
272 275
272 276
272 277
273 241
273 242
273 243
273 244
273 245
273 246
273 247
273 248
273 270
273 271
273 272
273 274
273 275
273 276
273 277
274 146
274 240
274 241
274 242
274 243
274 244
274 245
274 271
274 272
274 273
274 275
274 276
274 277
275 240
275 241
275 242
275 243
275 244
275 245
275 271
275 272
275 273
275 274
275 276
275 277
275 278
276 242
276 243
276 244
276 245
276 270
276 271
276 272
276 273
276 274
276 275
276 277
276 278
276 279
276 295
277 244
277 245
277 248
277 269
277 270
277 271
277 272
277 273
277 274
277 275
277 276
277 278
277 279
277 280
277 294
277 295
277 314
277 315
278 269
278 270
278 271
278 275
278 276
278 277
278 279
278 280
278 293
278 294
278 295
278 296
278 314
279 269
279 270
279 271
279 276
279 277
279 278
279 280
279 281
279 282
279 292
279 293
279 294
279 295
279 296
279 313
279 314
279 315
280 248
280 268
280 269
280 270
280 271
280 277
280 278
280 279
280 281
280 282
280 283
280 290
280 291
280 292
280 293
280 294
280 295
280 296
280 297
280 312
280 313
280 314
280 315
280 316
280 317
280 318
281 269
281 279
281 280
281 282
281 283
281 284
281 289
281 290
281 291
281 292
281 293
281 294
281 295
281 296
281 297
281 311
281 312
281 313
281 314
281 315
281 316
281 317
281 318
281 321
282 250
282 267
282 268
282 269
282 279
282 280
282 281
282 283
282 284
282 287
282 288
282 289
282 290
282 291
282 292
282 293
282 294
282 295
282 296
282 297
282 310
282 311
282 312
282 313
282 314
282 315
282 321
282 322
282 323
283 280
283 281
283 282
283 284
283 285
283 286
283 287
283 288
283 289
283 290
283 291
283 292
283 297
283 309
283 310
283 311
283 312
283 313
283 321
283 323
284 281
284 282
284 283
284 285
284 286
284 287
284 288
284 289
284 290
284 291
284 299
284 306
284 307
284 308
284 309
284 310
284 311
284 312
285 283
285 284
285 286
285 287
285 288
285 305
285 306
285 307
285 308
285 309
285 310
285 311
285 325
285 326
286 283
286 284
286 285
286 287
286 288
286 289
286 305
286 306
286 308
286 309
286 310
287 282
287 283
287 284
287 285
287 286
287 288
287 289
287 290
287 291
287 310
288 282
288 283
288 284
288 285
288 286
288 287
288 289
288 290
288 291
289 281
289 282
289 283
289 284
289 286
289 287
289 288
289 290
289 291
289 292
290 280
290 281
290 282
290 283
290 284
290 287
290 288
290 289
290 291
290 292
290 293
290 311
290 312
290 313
290 315
290 318
291 280
291 281
291 282
291 283
291 284
291 287
291 288
291 289
291 290
291 292
291 293
291 294
291 297
291 312
291 315
292 279
292 280
292 281
292 282
292 283
292 289
292 290
292 291
292 293
292 294
292 295
292 296
292 297
292 312
292 313
292 314
292 315
293 269
293 278
293 279
293 280
293 281
293 282
293 290
293 291
293 292
293 294
293 295
293 296
293 297
293 298
293 315
294 268
294 269
294 277
294 278
294 279
294 280
294 281
294 282
294 291
294 292
294 293
294 295
294 296
294 297
295 250
295 267
295 268
295 269
295 270
295 271
295 276
295 277
295 278
295 279
295 280
295 281
295 282
295 292
295 293
295 294
295 296
295 297
295 312
295 314
296 250
296 251
296 252
296 253
296 266
296 267
296 268
296 269
296 270
296 278
296 279
296 280
296 281
296 282
296 292
296 293
296 294
296 295
296 297
296 298
296 312
297 252
297 265
297 266
297 267
297 268
297 269
297 280
297 281
297 282
297 283
297 291
297 292
297 293
297 294
297 295
297 296
297 298
297 299
297 312
298 252
298 253
298 264
298 265
298 266
298 267
298 268
298 293
298 296
298 297
298 299
298 300
299 263
299 264
299 265
299 266
299 267
299 284
299 297
299 298
299 300
299 301
299 302
299 303
299 306
300 261
300 262
300 263
300 264
300 265
300 266
300 298
300 299
300 301
300 302
300 303
301 260
301 261
301 262
301 263
301 264
301 265
301 299
301 300
301 302
301 303
301 306
302 259
302 260
302 261
302 262
302 263
302 264
302 265
302 299
302 300
302 301
302 303
302 304
302 305
302 306
302 307
302 328
302 329
303 259
303 260
303 261
303 262
303 263
303 299
303 300
303 301
303 302
303 304
303 305
303 306
303 307
303 327
303 328
303 329
303 330
304 259
304 260
304 261
304 262
304 302
304 303
304 305
304 306
304 307
304 308
304 327
304 328
304 329
304 330
304 331
304 357
304 358
305 261
305 285
305 286
305 302
305 303
305 304
305 306
305 307
305 308
305 327
305 328
306 261
306 284
306 285
306 286
306 299
306 301
306 302
306 303
306 304
306 305
306 307
306 308
306 309
306 310
306 326
306 327
306 328
307 259
307 284
307 285
307 302
307 303
307 304
307 305
307 306
307 308
307 309
307 310
307 325
307 326
307 327
307 328
307 329
307 358
308 284
308 285
308 286
308 304
308 305
308 306
308 307
308 309
308 310
308 311
308 324
308 325
308 326
308 327
308 328
309 283
309 284
309 285
309 286
309 306
309 307
309 308
309 310
309 311
309 323
309 324
309 325
309 326
309 327
310 250
310 251
310 252
310 267
310 282
310 283
310 284
310 285
310 286
310 287
310 306
310 307
310 308
310 309
310 311
310 312
310 322
310 323
310 324
310 325
310 326
311 249
311 250
311 267
311 269
311 281
311 282
311 283
311 284
311 285
311 290
311 308
311 309
311 310
311 312
311 313
311 321
311 322
311 323
311 324
311 325
312 248
312 249
312 250
312 267
312 268
312 269
312 270
312 280
312 281
312 282
312 283
312 284
312 290
312 291
312 292
312 295
312 296
312 297
312 310
312 311
312 313
312 314
312 315
312 318
312 319
312 320
312 321
312 322
312 323
312 324
313 247
313 248
313 249
313 250
313 269
313 270
313 271
313 279
313 280
313 281
313 282
313 283
313 290
313 292
313 311
313 312
313 314
313 315
313 316
313 317
313 318
313 319
313 320
313 321
313 322
313 323
314 245
314 247
314 248
314 269
314 270
314 271
314 277
314 278
314 279
314 280
314 281
314 282
314 292
314 295
314 312
314 313
314 315
314 316
314 317
314 318
314 319
314 320
314 321
314 322
315 277
315 279
315 280
315 281
315 282
315 290
315 291
315 292
315 293
315 312
315 313
315 314
315 316
315 317
315 318
315 319
315 320
316 280
316 281
316 313
316 314
316 315
316 317
316 318
316 319
316 320
317 245
317 246
317 280
317 281
317 313
317 314
317 315
317 316
317 318
317 319
317 320
317 321
318 280
318 281
318 290
318 312
318 313
318 314
318 315
318 316
318 317
318 319
318 320
318 321
319 312
319 313
319 314
319 315
319 316
319 317
319 318
319 320
319 321
319 322
320 245
320 246
320 247
320 248
320 249
320 271
320 312
320 313
320 314
320 315
320 316
320 317
320 318
320 319
320 321
320 322
321 247
321 248
321 249
321 250
321 281
321 282
321 283
321 311
321 312
321 313
321 314
321 317
321 318
321 319
321 320
321 322
321 323
322 247
322 248
322 249
322 250
322 251
322 269
322 270
322 271
322 282
322 310
322 311
322 312
322 313
322 314
322 319
322 320
322 321
322 323
322 324
323 248
323 249
323 250
323 251
323 269
323 282
323 283
323 309
323 310
323 311
323 312
323 313
323 321
323 322
323 324
323 325
323 326
324 249
324 250
324 251
324 252
324 267
324 308
324 309
324 310
324 311
324 312
324 322
324 323
324 325
324 326
325 252
325 285
325 307
325 308
325 309
325 310
325 311
325 323
325 324
325 326
325 327
326 252
326 258
326 259
326 265
326 285
326 306
326 307
326 308
326 309
326 310
326 323
326 324
326 325
326 327
326 328
326 329
327 258
327 259
327 260
327 261
327 303
327 304
327 305
327 306
327 307
327 308
327 309
327 325
327 326
327 328
327 329
327 330
327 358
328 258
328 259
328 260
328 261
328 262
328 263
328 302
328 303
328 304
328 305
328 306
328 307
328 308
328 326
328 327
328 329
328 330
328 358
329 258
329 259
329 260
329 261
329 262
329 263
329 302
329 303
329 304
329 307
329 326
329 327
329 328
329 330
329 331
329 357
329 358
329 359
329 395
329 398
329 401
330 259
330 260
330 261
330 262
330 303
330 304
330 327
330 328
330 329
330 331
330 332
330 356
330 357
330 358
330 359
330 395
330 398
330 401
330 402
331 260
331 261
331 304
331 329
331 330
331 332
331 333
331 355
331 356
331 357
331 358
331 359
331 360
331 361
331 393
331 394
331 395
331 398
331 401
331 402
331 403
332 330
332 331
332 333
332 334
332 354
332 355
332 356
332 357
332 358
332 361
332 393
332 394
332 401
332 402
332 403
332 404
333 331
333 332
333 334
333 335
333 353
333 354
333 355
333 356
333 357
333 363
333 391
333 392
333 393
333 394
333 402
333 403
333 404
333 405
334 332
334 333
334 335
334 336
334 337
334 338
334 352
334 353
334 354
334 355
334 356
334 391
334 403
334 404
334 405
334 406
335 333
335 334
335 336
335 337
335 338
335 339
335 351
335 352
335 353
335 354
335 355
335 390
335 391
335 392
335 404
335 405
335 406
335 407
336 334
336 335
336 337
336 338
336 339
336 349
336 350
336 351
336 352
336 353
336 354
336 405
336 406
336 407
337 334
337 335
337 336
337 338
337 339
337 340
337 341
337 349
337 350
337 351
337 352
337 353
337 405
337 406
337 407
337 408
337 409
338 334
338 335
338 336
338 337
338 339
338 340
338 341
338 351
338 352
338 353
338 389
338 390
338 391
338 405
338 406
338 407
338 408
338 409
339 335
339 336
339 337
339 338
339 340
339 341
339 388
339 389
339 405
339 406
339 407
339 408
339 409
340 337
340 338
340 339
340 341
340 342
340 388
340 406
340 407
340 408
340 409
340 410
341 337
341 338
341 339
341 340
341 342
341 343
341 349
341 386
341 407
341 408
341 409
341 410
341 411
342 340
342 341
342 343
342 344
342 345
342 386
342 408
342 409
342 410
342 411
342 412
343 341
343 342
343 344
343 345
343 346
343 347
343 348
343 349
343 381
343 382
343 386
343 409
343 410
343 411
343 412
343 413
344 342
344 343
344 345
344 346
344 347
344 348
344 349
344 380
344 381
344 382
344 383
344 410
344 411
344 412
344 413
344 414
344 439
345 342
345 343
345 344
345 346
345 347
345 348
345 380
345 381
345 382
345 383
345 385
345 410
345 411
345 412
345 413
345 414
345 438
345 439
346 343
346 344
346 345
346 347
346 348
346 349
346 378
346 379
346 380
346 381
346 382
346 383
346 411
346 412
346 413
347 343
347 344
347 345
347 346
347 348
347 349
347 350
347 378
347 379
347 380
347 381
347 382
347 411
347 412
348 343
348 344
348 345
348 346
348 347
348 349
348 350
348 351
348 377
348 378
348 379
348 380
348 381
349 336
349 337
349 341
349 343
349 344
349 346
349 347
349 348
349 350
349 351
349 352
349 376
349 377
349 378
349 379
349 380
349 381
349 409
350 336
350 337
350 347
350 348
350 349
350 351
350 352
350 376
350 377
350 378
350 379
351 335
351 336
351 337
351 338
351 348
351 349
351 350
351 352
351 353
351 354
351 375
351 376
351 377
351 378
351 389
351 407
352 334
352 335
352 336
352 337
352 338
352 349
352 350
352 351
352 353
352 354
352 355
352 375
352 376
352 377
352 391
353 333
353 334
353 335
353 336
353 337
353 338
353 351
353 352
353 354
353 355
353 363
353 365
353 375
353 376
353 390
353 391
353 392
353 393
353 405
354 332
354 333
354 334
354 335
354 336
354 351
354 352
354 353
354 355
354 356
354 363
354 391
354 393
355 331
355 332
355 333
355 334
355 335
355 352
355 353
355 354
355 356
355 357
355 360
355 361
355 362
355 363
355 393
355 403
356 330
356 331
356 332
356 333
356 334
356 354
356 355
356 357
356 358
356 359
356 360
356 361
357 304
357 329
357 330
357 331
357 332
357 333
357 355
357 356
357 358
357 359
357 360
357 361
357 393
357 394
357 395
357 401
358 260
358 304
358 307
358 327
358 328
358 329
358 330
358 331
358 332
358 356
358 357
358 359
358 360
358 361
358 395
359 329
359 330
359 331
359 356
359 357
359 358
359 360
359 361
359 362
359 395
359 396
359 397
359 398
360 331
360 355
360 356
360 357
360 358
360 359
360 361
360 362
360 363
360 394
360 395
360 396
360 397
361 331
361 332
361 355
361 356
361 357
361 358
361 359
361 360
361 362
361 363
361 393
361 394
361 395
361 396
361 397
361 401
361 402
362 355
362 359
362 360
362 361
362 363
362 364
362 392
362 393
362 394
362 395
362 396
362 402
363 333
363 353
363 354
363 355
363 360
363 361
363 362
363 364
363 365
363 374
363 375
363 391
363 392
363 393
363 394
363 395
363 403
363 404
364 362
364 363
364 365
364 366
364 371
364 372
364 373
364 374
364 375
364 390
364 391
364 392
364 393
364 394
364 404
365 353
365 363
365 364
365 366
365 367
365 369
365 370
365 371
365 372
365 373
365 374
365 375
365 376
365 389
365 390
365 391
365 392
365 393
365 404
365 405
365 406
366 364
366 365
366 367
366 368
366 369
366 370
366 371
366 372
366 373
366 374
366 375
366 376
366 388
366 389
366 390
366 391
366 392
366 406
367 365
367 366
367 368
367 369
367 370
367 371
367 372
367 376
367 385
367 386
367 387
367 388
367 389
367 390
367 391
367 406
367 407
367 408
368 366
368 367
368 369
368 370
368 371
368 372
368 386
368 387
368 388
368 389
368 390
368 408
369 365
369 366
369 367
369 368
369 370
369 371
369 372
369 387
369 388
369 389
369 390
370 365
370 366
370 367
370 368
370 369
370 371
370 372
370 373
370 388
370 389
370 390
371 364
371 365
371 366
371 367
371 368
371 369
371 370
371 372
371 373
371 374
371 389
371 390
372 364
372 365
372 366
372 367
372 368
372 369
372 370
372 371
372 373
372 374
372 375
372 376
372 389
372 390
373 364
373 365
373 366
373 370
373 371
373 372
373 374
373 375
373 376
374 363
374 364
374 365
374 366
374 371
374 372
374 373
374 375
374 376
374 377
375 351
375 352
375 353
375 363
375 364
375 365
375 366
375 372
375 373
375 374
375 376
375 377
375 378
375 389
375 391
376 349
376 350
376 351
376 352
376 353
376 365
376 366
376 367
376 372
376 373
376 374
376 375
376 377
376 378
376 385
376 389
376 391
377 348
377 349
377 350
377 351
377 352
377 374
377 375
377 376
377 378
377 379
377 380
377 381
377 385
378 346
378 347
378 348
378 349
378 350
378 351
378 375
378 376
378 377
378 379
378 380
378 381
378 382
378 385
379 346
379 347
379 348
379 349
379 350
379 377
379 378
379 380
379 381
379 382
380 344
380 345
380 346
380 347
380 348
380 349
380 377
380 378
380 379
380 381
380 382
380 385
381 343
381 344
381 345
381 346
381 347
381 348
381 349
381 377
381 378
381 379
381 380
381 382
381 383
381 384
381 385
381 386
381 409
381 410
381 411
381 412
382 343
382 344
382 345
382 346
382 347
382 378
382 379
382 380
382 381
382 383
382 384
382 385
382 386
382 410
382 411
382 412
382 413
382 437
382 438
382 465
382 466
383 344
383 345
383 346
383 381
383 382
383 384
383 385
383 386
383 387
383 409
383 410
383 411
383 412
383 413
383 415
383 416
383 437
383 438
383 439
383 464
383 465
383 466
383 467
384 381
384 382
384 383
384 385
384 386
384 387
384 410
384 411
384 437
384 438
384 464
384 465
384 466
384 467
385 345
385 367
385 376
385 377
385 378
385 380
385 381
385 382
385 383
385 384
385 386
385 387
385 388
385 389
385 409
385 410
385 411
385 465
385 466
386 341
386 342
386 343
386 367
386 368
386 381
386 382
386 383
386 384
386 385
386 387
386 388
386 389
386 408
386 409
386 410
386 411
386 412
386 439
386 465
386 466
387 367
387 368
387 369
387 383
387 384
387 385
387 386
387 388
387 389
387 390
387 407
387 408
387 409
387 410
387 411
387 465
387 466
388 339
388 340
388 366
388 367
388 368
388 369
388 370
388 385
388 386
388 387
388 389
388 390
388 406
388 407
388 408
388 409
388 410
389 338
389 339
389 351
389 365
389 366
389 367
389 368
389 369
389 370
389 371
389 372
389 375
389 376
389 385
389 386
389 387
389 388
389 390
389 391
389 392
389 405
389 406
389 407
389 408
389 409
390 335
390 338
390 353
390 364
390 365
390 366
390 367
390 368
390 369
390 370
390 371
390 372
390 387
390 388
390 389
390 391
390 392
390 393
390 404
390 405
390 406
390 407
390 408
391 333
391 334
391 335
391 338
391 352
391 353
391 354
391 363
391 364
391 365
391 366
391 367
391 375
391 376
391 389
391 390
391 392
391 393
391 403
391 404
391 405
391 406
391 407
392 333
392 335
392 353
392 362
392 363
392 364
392 365
392 366
392 389
392 390
392 391
392 393
392 394
392 402
392 403
392 404
392 405
392 406
393 331
393 332
393 333
393 353
393 354
393 355
393 357
393 361
393 362
393 363
393 364
393 365
393 390
393 391
393 392
393 394
393 395
393 396
393 401
393 402
393 403
393 404
393 405
394 331
394 332
394 333
394 357
394 360
394 361
394 362
394 363
394 364
394 392
394 393
394 395
394 396
394 397
394 398
394 399
394 400
394 401
394 402
394 403
394 404
395 329
395 330
395 331
395 357
395 358
395 359
395 360
395 361
395 362
395 363
395 393
395 394
395 396
395 397
395 398
395 399
395 400
395 401
395 402
395 403
396 359
396 360
396 361
396 362
396 393
396 394
396 395
396 397
396 398
396 399
396 400
396 401
396 402
397 257
397 258
397 359
397 360
397 361
397 394
397 395
397 396
397 398
397 399
397 400
397 401
398 257
398 258
398 259
398 260
398 329
398 330
398 331
398 359
398 394
398 395
398 396
398 397
398 399
398 400
398 401
398 402
399 257
399 258
399 260
399 394
399 395
399 396
399 397
399 398
399 400
399 401
399 402
400 260
400 394
400 395
400 396
400 397
400 398
400 399
400 401
400 402
400 403
401 260
401 261
401 329
401 330
401 331
401 332
401 357
401 361
401 393
401 394
401 395
401 396
401 397
401 398
401 399
401 400
401 402
401 403
402 330
402 331
402 332
402 333
402 361
402 362
402 392
402 393
402 394
402 395
402 396
402 398
402 399
402 400
402 401
402 403
402 404
403 331
403 332
403 333
403 334
403 355
403 363
403 391
403 392
403 393
403 394
403 395
403 400
403 401
403 402
403 404
403 405
404 332
404 333
404 334
404 335
404 363
404 364
404 365
404 390
404 391
404 392
404 393
404 394
404 402
404 403
404 405
404 406
405 333
405 334
405 335
405 336
405 337
405 338
405 339
405 353
405 365
405 389
405 390
405 391
405 392
405 393
405 403
405 404
405 406
405 407
406 334
406 335
406 336
406 337
406 338
406 339
406 340
406 365
406 366
406 367
406 388
406 389
406 390
406 391
406 392
406 404
406 405
406 407
406 408
406 409
407 335
407 336
407 337
407 338
407 339
407 340
407 341
407 351
407 367
407 387
407 388
407 389
407 390
407 391
407 405
407 406
407 408
407 409
407 410
408 337
408 338
408 339
408 340
408 341
408 342
408 367
408 368
408 386
408 387
408 388
408 389
408 390
408 406
408 407
408 409
408 410
408 411
409 337
409 338
409 339
409 340
409 341
409 342
409 343
409 349
409 381
409 383
409 385
409 386
409 387
409 388
409 389
409 406
409 407
409 408
409 410
409 411
409 412
410 340
410 341
410 342
410 343
410 344
410 345
410 381
410 382
410 383
410 384
410 385
410 386
410 387
410 388
410 407
410 408
410 409
410 411
410 412
410 413
410 439
410 440
410 465
410 466
411 341
411 342
411 343
411 344
411 345
411 346
411 347
411 381
411 382
411 383
411 384
411 385
411 386
411 387
411 408
411 409
411 410
411 412
411 413
411 438
411 439
411 440
411 465
411 466
412 342
412 343
412 344
412 345
412 346
412 347
412 381
412 382
412 383
412 386
412 409
412 410
412 411
412 413
412 414
412 415
412 438
412 439
412 440
412 441
412 466
412 488
412 490
413 343
413 344
413 345
413 346
413 382
413 383
413 410
413 411
413 412
413 414
413 415
413 416
413 437
413 438
413 439
413 440
413 488
413 489
413 490
413 491
414 344
414 345
414 412
414 413
414 415
414 416
414 417
414 437
414 438
414 439
414 440
414 441
414 442
414 486
414 487
414 488
414 489
414 490
414 491
414 492
414 493
415 383
415 412
415 413
415 414
415 416
415 417
415 436
415 437
415 438
415 439
415 440
415 441
415 442
415 443
415 444
415 466
415 467
415 485
415 486
415 487
415 488
415 489
415 490
415 491
415 492
415 493
415 494
416 383
416 413
416 414
416 415
416 417
416 418
416 434
416 435
416 436
416 437
416 438
416 439
416 442
416 467
416 486
416 487
416 492
416 493
416 494
416 495
417 414
417 415
417 416
417 418
417 419
417 434
417 435
417 436
417 437
417 438
417 469
417 484
417 485
417 486
417 493
417 494
417 495
417 496
418 416
418 417
418 419
418 420
418 433
418 434
418 435
418 436
418 437
418 469
418 484
418 494
418 495
418 496
418 497
419 417
419 418
419 420
419 421
419 432
419 433
419 434
419 435
419 436
419 469
419 470
419 471
419 482
419 483
419 484
419 495
419 496
419 497
420 418
420 419
420 421
420 422
420 431
420 432
420 433
420 434
420 435
420 471
420 497
421 419
421 420
421 422
421 423
421 424
421 430
421 431
421 432
421 433
421 434
421 472
421 473
421 497
421 498
421 499
422 420
422 421
422 423
422 424
422 425
422 427
422 429
422 430
422 431
422 432
422 433
422 473
423 421
423 422
423 424
423 425
423 426
423 427
423 428
423 429
423 430
423 431
423 432
423 473
423 474
423 475
423 499
423 503
423 505
424 421
424 422
424 423
424 425
424 426
424 427
424 428
424 429
424 430
424 431
424 473
424 475
424 503
425 422
425 423
425 424
425 426
425 427
425 428
425 429
425 430
426 423
426 424
426 425
426 427
426 428
426 429
426 430
426 503
427 422
427 423
427 424
427 425
427 426
427 428
427 429
427 430
427 475
427 501
427 502
427 503
427 504
427 505
428 423
428 424
428 425
428 426
428 427
428 429
428 430
428 474
428 475
428 476
428 477
428 501
428 502
428 503
429 422
429 423
429 424
429 425
429 426
429 427
429 428
429 430
429 431
429 432
429 473
429 474
429 475
429 476
429 501
429 503
430 421
430 422
430 423
430 424
430 425
430 426
430 427
430 428
430 429
430 431
430 432
430 433
430 472
430 473
430 474
430 475
430 476
430 499
430 500
430 501
430 503
431 420
431 421
431 422
431 423
431 424
431 429
431 430
431 432
431 433
431 471
431 472
431 473
431 474
431 475
432 419
432 420
432 421
432 422
432 423
432 429
432 430
432 431
432 433
432 434
432 435
432 470
432 471
432 472
432 473
432 474
432 482
432 484
432 497
432 499
433 418
433 419
433 420
433 421
433 422
433 430
433 431
433 432
433 434
433 435
433 436
433 458
433 459
433 460
433 469
433 470
433 471
433 472
433 473
433 484
434 416
434 417
434 418
434 419
434 420
434 421
434 432
434 433
434 435
434 436
434 437
434 444
434 446
434 460
434 468
434 469
434 470
434 471
434 472
434 483
434 484
434 485
434 486
434 495
434 496
434 497
435 416
435 417
435 418
435 419
435 420
435 432
435 433
435 434
435 436
435 437
435 460
435 461
435 467
435 468
435 469
435 470
435 471
435 484
435 486
436 415
436 416
436 417
436 418
436 419
436 433
436 434
436 435
436 437
436 438
436 441
436 442
436 443
436 444
436 463
436 466
436 467
436 468
436 469
436 470
436 484
436 485
436 486
436 493
437 382
437 383
437 384
437 413
437 414
437 415
437 416
437 417
437 418
437 434
437 435
437 436
437 438
437 439
437 440
437 441
437 442
437 463
437 464
437 465
437 466
437 467
437 468
437 469
437 486
438 345
438 382
438 383
438 384
438 411
438 412
438 413
438 414
438 415
438 416
438 417
438 436
438 437
438 439
438 440
438 441
438 442
438 443
438 463
438 465
438 466
438 467
438 468
438 486
438 487
438 488
438 490
438 491
439 344
439 345
439 383
439 386
439 410
439 411
439 412
439 413
439 414
439 415
439 416
439 437
439 438
439 440
439 441
439 442
439 465
439 466
439 467
439 487
439 488
439 489
439 490
440 410
440 411
440 412
440 413
440 414
440 415
440 437
440 438
440 439
440 441
440 442
440 443
440 466
440 487
440 488
440 489
440 490
441 412
441 414
441 415
441 436
441 437
441 438
441 439
441 440
441 442
441 443
441 444
441 463
441 464
441 466
441 467
441 468
441 486
441 487
441 488
441 489
442 414
442 415
442 416
442 436
442 437
442 438
442 439
442 440
442 441
442 443
442 444
442 445
442 463
442 466
442 467
442 468
442 485
442 486
442 487
442 488
442 489
442 490
442 491
442 492
442 493
443 415
443 436
443 438
443 440
443 441
443 442
443 444
443 445
443 485
443 486
443 487
443 488
443 489
443 492
444 415
444 434
444 436
444 441
444 442
444 443
444 445
444 446
444 458
444 460
444 469
444 470
444 484
444 485
444 486
444 487
444 488
444 492
444 493
444 494
445 442
445 443
445 444
445 446
445 447
445 454
445 455
445 456
445 458
445 470
445 483
445 484
445 485
445 486
445 487
445 494
446 434
446 444
446 445
446 447
446 448
446 453
446 454
446 455
446 456
446 457
446 458
446 470
446 471
446 472
446 482
446 483
446 484
446 485
446 486
446 494
446 496
447 445
447 446
447 448
447 449
447 450
447 451
447 452
447 453
447 454
447 455
447 456
447 481
447 482
447 483
447 484
447 485
447 496
448 446
448 447
448 449
448 450
448 451
448 452
448 453
448 454
448 455
448 480
448 481
448 482
448 483
448 484
448 496
448 497
448 498
449 447
449 448
449 450
449 451
449 452
449 453
449 454
449 479
449 480
449 481
449 482
449 483
449 496
449 498
450 447
450 448
450 449
450 451
450 452
450 453
450 476
450 478
450 479
450 480
450 481
450 482
451 447
451 448
451 449
451 450
451 452
451 453
451 454
451 476
451 478
451 480
451 481
452 447
452 448
452 449
452 450
452 451
452 453
452 454
452 455
453 446
453 447
453 448
453 449
453 450
453 451
453 452
453 454
453 455
453 456
454 445
454 446
454 447
454 448
454 449
454 451
454 452
454 453
454 455
454 456
454 457
454 483
455 445
455 446
455 447
455 448
455 452
455 453
455 454
455 456
455 457
455 458
455 472
455 474
455 482
456 445
456 446
456 447
456 453
456 454
456 455
456 457
456 458
456 472
457 446
457 454
457 455
457 456
457 458
457 459
457 460
457 470
457 471
457 472
457 473
458 433
458 444
458 445
458 446
458 455
458 456
458 457
458 459
458 460
458 461
458 469
458 470
458 471
458 472
458 473
459 433
459 457
459 458
459 460
459 461
459 469
459 470
459 471
459 472
459 473
460 433
460 434
460 435
460 444
460 457
460 458
460 459
460 461
460 462
460 463
460 468
460 469
460 470
460 471
460 472
461 435
461 458
461 459
461 460
461 462
461 463
461 464
461 467
461 468
461 469
461 470
461 471
462 460
462 461
462 463
462 464
462 465
462 467
462 468
462 469
462 470
463 436
463 437
463 438
463 441
463 442
463 460
463 461
463 462
463 464
463 465
463 466
463 467
463 468
463 469
464 383
464 384
464 437
464 441
464 461
464 462
464 463
464 465
464 466
464 467
464 468
465 382
465 383
465 384
465 385
465 386
465 387
465 410
465 411
465 437
465 438
465 439
465 462
465 463
465 464
465 466
465 467
465 468
466 382
466 383
466 384
466 385
466 386
466 387
466 410
466 411
466 412
466 415
466 436
466 437
466 438
466 439
466 440
466 441
466 442
466 463
466 464
466 465
466 467
466 468
467 383
467 384
467 415
467 416
467 435
467 436
467 437
467 438
467 439
467 441
467 442
467 461
467 462
467 463
467 464
467 465
467 466
467 468
467 469
468 434
468 435
468 436
468 437
468 438
468 441
468 442
468 460
468 461
468 462
468 463
468 464
468 465
468 466
468 467
468 469
468 470
469 417
469 418
469 419
469 433
469 434
469 435
469 436
469 437
469 444
469 458
469 459
469 460
469 461
469 462
469 463
469 467
469 468
469 470
469 471
470 419
470 432
470 433
470 434
470 435
470 436
470 444
470 445
470 446
470 457
470 458
470 459
470 460
470 461
470 462
470 468
470 469
470 471
470 472
470 484
471 419
471 420
471 431
471 432
471 433
471 434
471 435
471 446
471 457
471 458
471 459
471 460
471 461
471 469
471 470
471 472
471 473
472 421
472 430
472 431
472 432
472 433
472 434
472 446
472 455
472 456
472 457
472 458
472 459
472 460
472 470
472 471
472 473
472 474
472 482
473 421
473 422
473 423
473 424
473 429
473 430
473 431
473 432
473 433
473 457
473 458
473 459
473 471
473 472
473 474
473 475
473 476
474 423
474 428
474 429
474 430
474 431
474 432
474 455
474 472
474 473
474 475
474 476
474 477
474 480
474 482
474 499
474 501
475 423
475 424
475 427
475 428
475 429
475 430
475 431
475 473
475 474
475 476
475 477
475 478
475 480
475 499
475 500
475 501
475 502
476 428
476 429
476 430
476 450
476 451
476 473
476 474
476 475
476 477
476 478
476 479
476 480
476 481
476 499
476 500
476 501
476 502
477 428
477 474
477 475
477 476
477 478
477 479
477 480
477 500
477 501
477 502
478 450
478 451
478 475
478 476
478 477
478 479
478 480
478 481
478 499
478 500
478 501
478 502
479 449
479 450
479 476
479 477
479 478
479 480
479 481
479 482
479 498
479 499
479 500
479 501
479 502
480 448
480 449
480 450
480 451
480 474
480 475
480 476
480 477
480 478
480 479
480 481
480 482
480 483
480 497
480 498
480 499
480 500
480 501
481 447
481 448
481 449
481 450
481 451
481 476
481 478
481 479
481 480
481 482
481 483
481 484
481 496
481 497
481 498
481 499
481 500
482 419
482 432
482 446
482 447
482 448
482 449
482 450
482 455
482 472
482 474
482 479
482 480
482 481
482 483
482 484
482 485
482 495
482 496
482 497
482 498
482 499
483 419
483 434
483 445
483 446
483 447
483 448
483 449
483 454
483 480
483 481
483 482
483 484
483 485
483 486
483 494
483 495
483 496
483 497
483 498
484 417
484 418
484 419
484 432
484 433
484 434
484 435
484 436
484 444
484 445
484 446
484 447
484 448
484 470
484 481
484 482
484 483
484 485
484 486
484 493
484 494
484 495
484 496
484 497
485 415
485 417
485 434
485 436
485 442
485 443
485 444
485 445
485 446
485 447
485 482
485 483
485 484
485 486
485 487
485 492
485 493
485 494
485 495
485 496
486 414
486 415
486 416
486 417
486 434
486 435
486 436
486 437
486 438
486 441
486 442
486 443
486 444
486 445
486 446
486 483
486 484
486 485
486 487
486 488
486 491
486 492
486 493
486 494
486 495
487 414
487 415
487 416
487 438
487 439
487 440
487 441
487 442
487 443
487 444
487 445
487 485
487 486
487 488
487 489
487 490
487 491
487 492
487 493
487 494
488 412
488 413
488 414
488 415
488 438
488 439
488 440
488 441
488 442
488 443
488 444
488 486
488 487
488 489
488 490
488 491
488 492
488 493
489 413
489 414
489 415
489 439
489 440
489 441
489 442
489 443
489 487
489 488
489 490
489 491
489 492
490 412
490 413
490 414
490 415
490 438
490 439
490 440
490 442
490 487
490 488
490 489
490 491
490 492
491 413
491 414
491 415
491 438
491 442
491 486
491 487
491 488
491 489
491 490
491 492
491 493
492 414
492 415
492 416
492 442
492 443
492 444
492 485
492 486
492 487
492 488
492 489
492 490
492 491
492 493
492 494
493 414
493 415
493 416
493 417
493 436
493 442
493 444
493 484
493 485
493 486
493 487
493 488
493 491
493 492
493 494
493 495
494 415
494 416
494 417
494 418
494 444
494 445
494 446
494 483
494 484
494 485
494 486
494 487
494 492
494 493
494 495
494 496
495 416
495 417
495 418
495 419
495 434
495 482
495 483
495 484
495 485
495 486
495 493
495 494
495 496
495 497
496 417
496 418
496 419
496 434
496 446
496 447
496 448
496 449
496 481
496 482
496 483
496 484
496 485
496 494
496 495
496 497
496 498
496 499
497 418
497 419
497 420
497 421
497 432
497 434
497 448
497 480
497 481
497 482
497 483
497 484
497 495
497 496
497 498
497 499
497 500
498 421
498 448
498 449
498 479
498 480
498 481
498 482
498 483
498 496
498 497
498 499
498 500
498 501
499 421
499 423
499 430
499 432
499 474
499 475
499 476
499 478
499 479
499 480
499 481
499 482
499 496
499 497
499 498
499 500
499 501
499 502
499 503
500 430
500 475
500 476
500 477
500 478
500 479
500 480
500 481
500 497
500 498
500 499
500 501
500 502
500 503
500 504
501 427
501 428
501 429
501 430
501 474
501 475
501 476
501 477
501 478
501 479
501 480
501 498
501 499
501 500
501 502
501 503
501 504
502 427
502 428
502 475
502 476
502 477
502 478
502 479
502 499
502 500
502 501
502 503
502 504
502 505
503 423
503 424
503 426
503 427
503 428
503 429
503 430
503 499
503 500
503 501
503 502
503 504
503 505
503 506
504 427
504 500
504 501
504 502
504 503
504 505
504 506
504 507
505 423
505 427
505 502
505 503
505 504
505 506
505 507
505 508
506 503
506 504
506 505
506 507
506 508
506 509
507 504
507 505
507 506
507 508
507 509
507 510
508 505
508 506
508 507
508 509
508 510
508 511
509 506
509 507
509 508
509 510
509 511
509 512
510 507
510 508
510 509
510 511
510 512
510 513
511 508
511 509
511 510
511 512
511 513
511 514
512 509
512 510
512 511
512 513
512 514
512 515
512 517
512 518
513 510
513 511
513 512
513 514
513 515
513 516
513 517
513 518
513 519
514 511
514 512
514 513
514 515
514 516
514 517
514 518
514 519
514 520
515 512
515 513
515 514
515 516
515 517
515 518
515 519
515 520
515 521
515 522
516 513
516 514
516 515
516 517
516 518
516 519
516 520
516 521
516 522
517 512
517 513
517 514
517 515
517 516
517 518
517 519
517 520
517 521
517 522
517 523
518 512
518 513
518 514
518 515
518 516
518 517
518 519
518 520
518 521
518 522
518 523
518 524
519 513
519 514
519 515
519 516
519 517
519 518
519 520
519 521
519 522
519 523
519 524
519 525
519 526
520 514
520 515
520 516
520 517
520 518
520 519
520 521
520 522
520 523
520 524
520 525
520 526
521 515
521 516
521 517
521 518
521 519
521 520
521 522
521 523
521 524
521 525
521 526
521 527
522 515
522 516
522 517
522 518
522 519
522 520
522 521
522 523
522 524
522 525
522 526
522 527
522 528
523 517
523 518
523 519
523 520
523 521
523 522
523 524
523 525
523 526
523 527
523 528
523 529
523 530
524 518
524 519
524 520
524 521
524 522
524 523
524 525
524 526
524 527
524 528
524 529
524 530
525 519
525 520
525 521
525 522
525 523
525 524
525 526
525 527
525 528
525 529
525 530
525 531
526 519
526 520
526 521
526 522
526 523
526 524
526 525
526 527
526 528
526 529
526 530
526 531
526 532
527 521
527 522
527 523
527 524
527 525
527 526
527 528
527 529
527 530
527 531
527 532
527 533
528 522
528 523
528 524
528 525
528 526
528 527
528 529
528 530
528 531
528 532
528 533
528 534
529 523
529 524
529 525
529 526
529 527
529 528
529 530
529 531
529 532
529 533
529 534
529 535
530 523
530 524
530 525
530 526
530 527
530 528
530 529
530 531
530 532
530 533
530 534
530 535
530 536
531 525
531 526
531 527
531 528
531 529
531 530
531 532
531 533
531 534
531 535
531 536
531 537
532 526
532 527
532 528
532 529
532 530
532 531
532 533
532 534
532 535
532 536
532 537
532 538
533 527
533 528
533 529
533 530
533 531
533 532
533 534
533 535
533 536
533 537
533 538
533 539
534 528
534 529
534 530
534 531
534 532
534 533
534 535
534 536
534 537
534 538
534 539
534 540
535 529
535 530
535 531
535 532
535 533
535 534
535 536
535 537
535 538
535 539
535 540
535 541
536 530
536 531
536 532
536 533
536 534
536 535
536 537
536 538
536 539
536 540
536 541
536 542
537 531
537 532
537 533
537 534
537 535
537 536
537 538
537 539
537 540
537 541
537 542
537 543
538 532
538 533
538 534
538 535
538 536
538 537
538 539
538 540
538 541
538 542
538 543
538 544
539 533
539 534
539 535
539 536
539 537
539 538
539 540
539 541
539 542
539 543
539 544
539 545
540 534
540 535
540 536
540 537
540 538
540 539
540 541
540 542
540 543
540 544
540 545
540 546
541 535
541 536
541 537
541 538
541 539
541 540
541 542
541 543
541 544
541 545
541 546
541 547
542 536
542 537
542 538
542 539
542 540
542 541
542 543
542 544
542 545
542 546
542 547
542 548
543 537
543 538
543 539
543 540
543 541
543 542
543 544
543 545
543 546
543 547
543 548
543 549
544 538
544 539
544 540
544 541
544 542
544 543
544 545
544 546
544 547
544 548
544 549
544 550
545 539
545 540
545 541
545 542
545 543
545 544
545 546
545 547
545 548
545 549
545 550
545 551
546 540
546 541
546 542
546 543
546 544
546 545
546 547
546 548
546 549
546 550
546 551
546 552
547 541
547 542
547 543
547 544
547 545
547 546
547 548
547 549
547 550
547 551
547 552
547 553
548 542
548 543
548 544
548 545
548 546
548 547
548 549
548 550
548 551
548 552
548 553
548 554
549 543
549 544
549 545
549 546
549 547
549 548
549 550
549 551
549 552
549 553
549 554
549 555
550 544
550 545
550 546
550 547
550 548
550 549
550 551
550 552
550 553
550 554
550 555
550 556
551 545
551 546
551 547
551 548
551 549
551 550
551 552
551 553
551 554
551 555
551 556
552 546
552 547
552 548
552 549
552 550
552 551
552 553
552 554
552 555
552 556
552 557
553 547
553 548
553 549
553 550
553 551
553 552
553 554
553 555
553 556
553 557
553 558
554 548
554 549
554 550
554 551
554 552
554 553
554 555
554 556
554 557
554 558
555 549
555 550
555 551
555 552
555 553
555 554
555 556
555 557
555 558
555 559
556 550
556 551
556 552
556 553
556 554
556 555
556 557
556 558
556 559
557 552
557 553
557 554
557 555
557 556
557 558
557 559
557 560
557 561
558 553
558 554
558 555
558 556
558 557
558 559
558 560
558 561
559 555
559 556
559 557
559 558
559 560
559 561
559 562
560 557
560 558
560 559
560 561
560 562
561 557
561 558
561 559
561 560
561 562
561 563
562 559
562 560
562 561
562 563
562 564
563 561
563 562
563 564
563 565
564 562
564 563
564 565
564 566
565 563
565 564
565 566
565 567
566 564
566 565
566 567
566 568
566 569
567 565
567 566
567 568
567 569
567 570
568 566
568 567
568 569
568 570
568 571
569 566
569 567
569 568
569 570
569 571
570 567
570 568
570 569
570 571
570 572
571 568
571 569
571 570
571 572
571 573
572 570
572 571
572 573
572 574
573 571
573 572
573 574
573 575
574 572
574 573
574 575
574 576
575 573
575 574
575 576
575 577
575 578
576 574
576 575
576 577
576 578
576 579
577 575
577 576
577 578
577 579
578 575
578 576
578 577
578 579
578 580
579 576
579 577
579 578
579 580
579 581
579 582
580 578
580 579
580 581
580 582
581 579
581 580
581 582
582 579
582 580
582 581
