0 1
0 2
0 3
1 0
1 2
1 3
1 4
2 0
2 1
2 3
2 4
2 5
3 0
3 1
3 2
3 4
3 5
3 6
4 1
4 2
4 3
4 5
4 6
4 7
5 2
5 3
5 4
5 6
5 7
5 8
6 3
6 4
6 5
6 7
6 8
6 9
7 4
7 5
7 6
7 8
7 9
7 10
8 5
8 6
8 7
8 9
8 10
8 11
9 6
9 7
9 8
9 10
9 11
9 12
10 7
10 8
10 9
10 11
10 12
10 13
11 8
11 9
11 10
11 12
11 13
11 14
12 9
12 10
12 11
12 13
12 14
12 15
13 10
13 11
13 12
13 14
13 15
13 16
14 11
14 12
14 13
14 15
14 16
14 17
15 12
15 13
15 14
15 16
15 17
15 18
16 13
16 14
16 15
16 17
16 18
16 19
17 14
17 15
17 16
17 18
17 19
17 20
18 15
18 16
18 17
18 19
18 20
18 21
19 16
19 17
19 18
19 20
19 21
19 22
20 17
20 18
20 19
20 21
20 22
20 23
21 18
21 19
21 20
21 22
21 23
21 24
22 19
22 20
22 21
22 23
22 24
22 25
23 20
23 21
23 22
23 24
23 25
23 26
24 21
24 22
24 23
24 25
24 26
24 27
25 22
25 23
25 24
25 26
25 27
25 28
26 23
26 24
26 25
26 27
26 28
26 29
27 24
27 25
27 26
27 28
27 29
27 30
28 25
28 26
28 27
28 29
28 30
28 31
29 26
29 27
29 28
29 30
29 31
29 32
30 27
30 28
30 29
30 31
30 32
30 33
31 28
31 29
31 30
31 32
31 33
31 34
32 29
32 30
32 31
32 33
32 34
32 35
33 30
33 31
33 32
33 34
33 35
33 36
34 31
34 32
34 33
34 35
34 36
34 37
35 32
35 33
35 34
35 36
35 37
35 38
36 33
36 34
36 35
36 37
36 38
36 39
37 34
37 35
37 36
37 38
37 39
37 40
38 35
38 36
38 37
38 39
38 40
38 41
38 42
39 36
39 37
39 38
39 40
39 41
39 42
39 43
40 37
40 38
40 39
40 41
40 42
40 43
40 178
41 38
41 39
41 40
41 42
41 43
41 44
42 38
42 39
42 40
42 41
42 43
42 44
42 45
43 39
43 40
43 41
43 42
43 44
43 45
43 46
43 47
43 48
44 41
44 42
44 43
44 45
44 46
44 47
44 48
44 49
44 103
44 104
45 42
45 43
45 44
45 46
45 47
45 48
45 49
45 50
46 43
46 44
46 45
46 47
46 48
46 49
46 50
46 51
46 103
46 104
46 105
47 43
47 44
47 45
47 46
47 48
47 49
47 50
47 51
47 52
47 53
47 100
47 102
47 103
47 104
47 105
48 43
48 44
48 45
48 46
48 47
48 49
48 50
48 51
48 52
48 53
48 54
48 100
48 103
49 44
49 45
49 46
49 47
49 48
49 50
49 51
49 52
49 53
49 54
49 55
49 100
50 45
50 46
50 47
50 48
50 49
50 51
50 52
50 53
50 54
50 55
50 56
50 99
50 100
50 102
50 103
50 104
50 105
50 106
50 107
50 161
50 165
51 46
51 47
51 48
51 49
51 50
51 52
51 53
51 54
51 55
51 56
51 57
51 96
51 97
51 99
51 100
51 101
51 102
51 103
51 104
51 105
52 47
52 48
52 49
52 50
52 51
52 53
52 54
52 55
52 56
52 57
52 58
52 100
53 47
53 48
53 49
53 50
53 51
53 52
53 54
53 55
53 56
53 57
53 58
53 59
53 96
53 97
53 100
53 158
53 161
54 48
54 49
54 50
54 51
54 52
54 53
54 55
54 56
54 57
54 58
54 59
54 60
54 93
54 95
54 96
54 97
54 98
54 99
54 100
54 101
54 107
54 158
55 49
55 50
55 51
55 52
55 53
55 54
55 56
55 57
55 58
55 59
55 60
55 61
55 93
55 94
55 96
55 97
55 98
55 99
55 100
55 101
56 50
56 51
56 52
56 53
56 54
56 55
56 57
56 58
56 59
56 60
56 61
56 62
56 93
56 96
56 97
56 100
57 51
57 52
57 53
57 54
57 55
57 56
57 58
57 59
57 60
57 61
57 62
57 63
57 92
57 93
57 96
57 97
57 154
57 155
57 157
57 158
58 52
58 53
58 54
58 55
58 56
58 57
58 59
58 60
58 61
58 62
58 63
58 64
58 89
58 90
58 91
58 92
58 93
58 94
58 95
58 96
58 97
58 98
58 99
58 100
58 154
58 158
59 53
59 54
59 55
59 56
59 57
59 58
59 60
59 61
59 62
59 63
59 64
59 65
59 93
59 94
59 96
59 97
60 54
60 55
60 56
60 57
60 58
60 59
60 61
60 62
60 63
60 64
60 65
60 66
60 93
60 150
60 151
60 154
61 55
61 56
61 57
61 58
61 59
61 60
61 62
61 63
61 64
61 65
61 66
61 86
61 89
61 90
61 91
61 92
61 93
61 94
61 96
61 150
61 151
61 152
61 154
61 155
62 56
62 57
62 58
62 59
62 60
62 61
62 63
62 64
62 65
62 66
62 67
62 68
62 86
62 87
62 89
62 90
62 91
62 92
62 93
62 94
62 151
63 57
63 58
63 59
63 60
63 61
63 62
63 64
63 65
63 66
63 67
63 68
63 69
63 86
63 90
63 93
64 58
64 59
64 60
64 61
64 62
64 63
64 65
64 66
64 67
64 68
64 69
64 70
64 86
64 89
64 90
64 147
64 148
64 150
64 151
64 154
65 59
65 60
65 61
65 62
65 63
65 64
65 66
65 67
65 68
65 69
65 70
65 71
65 72
65 82
65 83
65 84
65 85
65 86
65 87
65 88
65 89
65 90
65 93
65 147
65 148
65 150
65 151
65 276
66 60
66 61
66 62
66 63
66 64
66 65
66 67
66 68
66 69
66 70
66 71
66 72
66 83
66 86
66 87
66 89
66 90
67 62
67 63
67 64
67 65
67 66
67 68
67 69
67 70
67 71
67 72
67 73
67 82
67 83
67 86
67 144
67 147
68 62
68 63
68 64
68 65
68 66
68 67
68 69
68 70
68 71
68 72
68 73
68 74
68 79
68 80
68 81
68 82
68 83
68 84
68 85
68 86
68 87
68 143
68 144
68 147
68 148
68 151
68 276
69 63
69 64
69 65
69 66
69 67
69 68
69 70
69 71
69 72
69 73
69 74
69 76
69 79
69 80
69 81
69 82
69 83
69 84
69 85
69 86
69 87
69 276
69 277
69 279
69 280
70 64
70 65
70 66
70 67
70 68
70 69
70 71
70 72
70 73
70 74
70 75
70 76
70 79
70 82
70 83
70 86
70 279
70 280
71 65
71 66
71 67
71 68
71 69
71 70
71 72
71 73
71 74
71 75
71 76
71 78
71 79
71 80
71 82
71 83
71 143
71 144
72 65
72 66
72 67
72 68
72 69
72 70
72 71
72 73
72 74
72 75
72 76
72 77
72 78
72 79
72 80
72 81
72 82
72 83
72 84
72 85
72 86
72 144
72 276
72 277
72 279
72 280
73 67
73 68
73 69
73 70
73 71
73 72
73 74
73 75
73 76
73 77
73 78
73 79
73 80
73 82
73 83
73 276
73 277
73 278
73 279
73 280
73 281
73 282
73 283
73 284
74 68
74 69
74 70
74 71
74 72
74 73
74 75
74 76
74 77
74 78
74 79
74 280
74 283
75 70
75 71
75 72
75 73
75 74
75 76
75 77
75 78
75 79
75 80
75 82
75 280
76 69
76 70
76 71
76 72
76 73
76 74
76 75
76 77
76 78
76 79
76 80
76 81
76 82
76 83
76 277
76 278
76 279
76 280
76 281
76 283
77 72
77 73
77 74
77 75
77 76
77 78
77 79
77 80
77 81
77 280
78 71
78 72
78 73
78 74
78 75
78 76
78 77
78 79
78 80
78 81
78 82
78 128
78 131
78 140
79 68
79 69
79 70
79 71
79 72
79 73
79 74
79 75
79 76
79 77
79 78
79 80
79 81
79 82
79 83
79 84
79 128
79 131
79 140
79 144
79 277
80 68
80 69
80 71
80 72
80 73
80 75
80 76
80 77
80 78
80 79
80 81
80 82
80 83
80 84
80 85
80 124
80 127
80 128
80 276
80 277
80 278
80 279
80 280
81 68
81 69
81 72
81 76
81 77
81 78
81 79
81 80
81 82
81 83
81 84
81 85
81 86
81 87
81 120
81 121
81 123
81 124
81 125
81 126
81 127
81 128
81 131
81 144
81 148
81 273
81 276
81 277
82 65
82 67
82 68
82 69
82 70
82 71
82 72
82 73
82 75
82 76
82 78
82 79
82 80
82 81
82 83
82 84
82 85
82 86
82 87
82 121
82 124
82 125
82 127
82 128
82 144
82 145
82 147
82 148
82 151
82 273
82 276
82 277
83 65
83 66
83 67
83 68
83 69
83 70
83 71
83 72
83 73
83 76
83 79
83 80
83 81
83 82
83 84
83 85
83 86
83 87
83 88
83 124
83 272
83 273
83 274
83 275
83 276
83 277
83 278
83 279
83 280
84 65
84 68
84 69
84 72
84 79
84 80
84 81
84 82
84 83
84 85
84 86
84 87
84 88
84 89
84 120
84 121
84 123
84 124
84 269
84 270
84 271
84 272
84 273
84 274
84 275
84 276
84 277
84 278
84 279
85 65
85 68
85 69
85 72
85 80
85 81
85 82
85 83
85 84
85 86
85 87
85 88
85 89
85 90
85 117
85 118
85 119
85 120
85 121
85 122
85 123
85 124
85 125
85 147
85 148
85 151
85 152
85 269
85 270
85 272
85 273
85 274
85 276
85 277
86 61
86 62
86 63
86 64
86 65
86 66
86 67
86 68
86 69
86 70
86 72
86 81
86 82
86 83
86 84
86 85
86 87
86 88
86 89
86 90
86 117
86 120
86 121
86 124
86 147
86 148
86 151
86 269
86 272
86 273
86 275
86 276
86 277
87 62
87 65
87 66
87 68
87 69
87 81
87 82
87 83
87 84
87 85
87 86
87 88
87 89
87 90
87 91
87 92
87 117
87 120
87 121
87 268
87 269
87 270
87 271
87 272
87 273
87 274
87 275
87 276
87 277
87 278
87 279
87 312
88 65
88 83
88 84
88 85
88 86
88 87
88 89
88 90
88 91
88 92
88 93
88 113
88 114
88 116
88 117
88 118
88 119
88 120
88 121
88 151
88 268
88 269
88 270
88 271
88 272
88 273
88 274
88 275
88 276
88 277
88 315
89 58
89 61
89 62
89 64
89 65
89 66
89 84
89 85
89 86
89 87
89 88
89 90
89 91
89 92
89 93
89 94
89 95
89 113
89 114
89 116
89 117
89 118
89 120
89 121
89 151
89 152
89 154
89 155
89 268
89 269
89 270
89 272
89 273
89 276
90 58
90 61
90 62
90 63
90 64
90 65
90 66
90 85
90 86
90 87
90 88
90 89
90 91
90 92
90 93
90 94
90 95
90 96
90 117
90 268
90 269
90 272
90 273
90 276
90 315
90 316
90 319
91 58
91 61
91 62
91 87
91 88
91 89
91 90
91 92
91 93
91 94
91 95
91 96
91 97
91 113
91 114
91 117
91 265
91 268
91 269
91 270
91 271
91 272
91 315
91 316
91 318
91 319
91 320
92 57
92 58
92 61
92 62
92 87
92 88
92 89
92 90
92 91
92 93
92 94
92 95
92 96
92 97
92 98
92 110
92 113
92 114
92 115
92 116
92 117
92 118
92 155
92 158
92 265
92 268
92 269
92 319
93 54
93 55
93 56
93 57
93 58
93 59
93 60
93 61
93 62
93 63
93 65
93 88
93 89
93 90
93 91
93 92
93 94
93 95
93 96
93 97
93 98
93 99
93 114
93 155
94 55
94 58
94 59
94 61
94 62
94 89
94 90
94 91
94 92
94 93
94 95
94 96
94 97
94 98
94 99
94 316
94 319
94 320
94 323
95 54
95 58
95 89
95 90
95 91
95 92
95 93
95 94
95 96
95 97
95 98
95 99
95 100
95 101
95 106
95 107
95 110
95 113
95 114
95 319
95 320
95 322
95 323
96 51
96 53
96 54
96 55
96 56
96 57
96 58
96 59
96 61
96 90
96 91
96 92
96 93
96 94
96 95
96 97
96 98
96 99
96 100
96 101
96 106
96 107
96 110
96 114
96 158
97 51
97 53
97 54
97 55
97 56
97 57
97 58
97 59
97 91
97 92
97 93
97 94
97 95
97 96
97 98
97 99
97 100
97 101
97 102
98 54
98 55
98 58
98 92
98 93
98 94
98 95
98 96
98 97
98 99
98 100
98 101
98 102
98 106
98 107
98 323
98 327
99 50
99 51
99 54
99 55
99 58
99 93
99 94
99 95
99 96
99 97
99 98
99 100
99 101
99 102
99 103
99 104
99 105
99 106
99 107
99 109
99 110
99 323
99 327
100 47
100 48
100 49
100 50
100 51
100 52
100 53
100 54
100 55
100 56
100 58
100 95
100 96
100 97
100 98
100 99
100 101
100 102
100 103
100 104
100 105
100 106
100 107
101 51
101 54
101 55
101 95
101 96
101 97
101 98
101 99
101 100
101 102
101 103
101 104
102 47
102 50
102 51
102 97
102 98
102 99
102 100
102 101
102 103
102 104
102 105
102 106
102 327
103 44
103 46
103 47
103 48
103 50
103 51
103 99
103 100
103 101
103 102
103 104
103 105
103 106
104 44
104 46
104 47
104 50
104 51
104 99
104 100
104 101
104 102
104 103
104 105
104 106
104 107
104 330
104 334
105 46
105 47
105 50
105 51
105 99
105 100
105 102
105 103
105 104
105 106
105 107
105 108
105 109
105 162
105 165
105 166
105 168
105 169
105 330
106 50
106 95
106 96
106 98
106 99
106 100
106 102
106 103
106 104
106 105
106 107
106 108
106 109
106 110
106 111
106 162
106 165
106 166
106 326
106 327
106 329
106 330
107 50
107 54
107 95
107 96
107 98
107 99
107 100
107 104
107 105
107 106
107 108
107 109
107 110
107 111
107 114
107 158
107 159
107 161
107 162
107 163
107 164
107 165
107 166
107 326
108 105
108 106
108 107
108 109
108 110
108 111
108 112
108 113
108 114
108 159
108 161
108 162
108 163
108 164
108 165
108 166
108 167
108 169
109 99
109 105
109 106
109 107
109 108
109 110
109 111
109 112
109 113
109 114
109 162
109 165
109 166
109 258
109 261
109 262
109 265
109 322
109 323
109 325
109 326
109 327
109 329
109 330
110 92
110 95
110 96
110 99
110 106
110 107
110 108
110 109
110 111
110 112
110 113
110 114
110 115
110 159
110 162
110 261
110 262
110 265
110 322
110 323
110 326
111 106
111 107
111 108
111 109
111 110
111 112
111 113
111 114
111 115
111 116
111 117
111 158
111 159
111 160
111 161
111 162
111 163
111 166
111 262
111 265
112 108
112 109
112 110
112 111
112 113
112 114
112 115
112 116
112 117
112 118
112 159
112 162
112 261
112 262
112 263
112 264
112 265
112 266
113 88
113 89
113 91
113 92
113 95
113 108
113 109
113 110
113 111
113 112
113 114
113 115
113 116
113 117
113 118
113 119
113 159
113 261
113 262
113 263
113 264
113 265
113 266
113 267
113 268
113 269
113 319
113 322
114 88
114 89
114 91
114 92
114 93
114 95
114 96
114 107
114 108
114 109
114 110
114 111
114 112
114 113
114 115
114 116
114 117
114 118
114 119
114 120
114 155
114 156
114 157
114 158
114 159
114 160
114 162
114 265
114 266
114 269
115 92
115 110
115 111
115 112
115 113
115 114
115 116
115 117
115 118
115 119
115 120
115 121
115 155
115 156
115 158
115 159
115 160
115 162
115 265
115 266
115 269
116 88
116 89
116 92
116 111
116 112
116 113
116 114
116 115
116 117
116 118
116 119
116 120
116 121
116 122
116 155
116 159
116 265
116 266
116 267
116 268
116 269
116 270
117 85
117 86
117 87
117 88
117 89
117 90
117 91
117 92
117 111
117 112
117 113
117 114
117 115
117 116
117 118
117 119
117 120
117 121
117 122
117 123
117 151
117 152
117 155
117 156
117 159
117 265
117 266
117 267
117 268
117 269
117 270
117 272
117 273
118 85
118 88
118 89
118 92
118 112
118 113
118 114
118 115
118 116
118 117
118 119
118 120
118 121
118 122
118 123
118 124
118 151
118 152
118 153
118 154
118 155
118 156
118 157
118 158
118 159
118 269
119 85
119 88
119 113
119 114
119 115
119 116
119 117
119 118
119 120
119 121
119 122
119 123
119 124
119 125
119 152
119 155
119 156
119 269
119 270
120 81
120 84
120 85
120 86
120 87
120 88
120 89
120 114
120 115
120 116
120 117
120 118
120 119
120 121
120 122
120 123
120 124
120 125
120 126
120 152
120 269
120 270
120 273
121 81
121 82
121 84
121 85
121 86
121 87
121 88
121 89
121 115
121 116
121 117
121 118
121 119
121 120
121 122
121 123
121 124
121 125
121 126
121 127
121 148
121 149
121 151
121 152
121 153
121 155
121 156
121 269
121 273
122 85
122 116
122 117
122 118
122 119
122 120
122 121
122 123
122 124
122 125
122 126
122 127
122 128
122 148
122 149
122 151
122 152
122 153
122 155
122 156
123 81
123 84
123 85
123 117
123 118
123 119
123 120
123 121
123 122
123 124
123 125
123 126
123 127
123 128
123 129
124 80
124 81
124 82
124 83
124 84
124 85
124 86
124 118
124 119
124 120
124 121
124 122
124 123
124 125
124 126
124 127
124 128
124 129
124 130
124 148
124 152
124 273
125 81
125 82
125 85
125 119
125 120
125 121
125 122
125 123
125 124
125 126
125 127
125 128
125 129
125 130
125 131
125 144
125 145
125 148
125 149
125 151
125 152
126 81
126 120
126 121
126 122
126 123
126 124
126 125
126 127
126 128
126 129
126 130
126 131
126 132
127 80
127 81
127 82
127 121
127 122
127 123
127 124
127 125
127 126
127 128
127 129
127 130
127 131
127 132
128 78
128 79
128 80
128 81
128 82
128 122
128 123
128 124
128 125
128 126
128 127
128 129
128 130
128 131
128 132
128 133
128 141
128 144
128 145
128 148
129 123
129 124
129 125
129 126
129 127
129 128
129 130
129 131
129 132
129 133
129 134
129 135
129 145
130 124
130 125
130 126
130 127
130 128
130 129
130 131
130 132
130 133
130 134
130 135
131 78
131 79
131 81
131 125
131 126
131 127
131 128
131 129
131 130
131 132
131 133
131 134
131 135
131 136
131 137
132 126
132 127
132 128
132 129
132 130
132 131
132 133
132 134
132 135
132 136
132 137
132 138
132 141
133 128
133 129
133 130
133 131
133 132
133 134
133 135
133 136
133 137
134 129
134 130
134 131
134 132
134 133
134 135
134 136
134 137
135 129
135 130
135 131
135 132
135 133
135 134
135 136
135 137
135 138
136 131
136 132
136 133
136 134
136 135
136 137
136 138
136 139
136 141
137 131
137 132
137 133
137 134
137 135
137 136
137 138
137 139
137 140
137 141
138 132
138 135
138 136
138 137
138 139
138 140
138 141
138 142
139 136
139 137
139 138
139 140
139 141
139 142
139 143
140 78
140 79
140 137
140 138
140 139
140 141
140 142
140 143
140 144
140 145
141 128
141 132
141 136
141 137
141 138
141 139
141 140
141 142
141 143
141 144
141 145
141 146
142 138
142 139
142 140
142 141
142 143
142 144
142 145
142 146
142 147
143 68
143 71
143 139
143 140
143 141
143 142
143 144
143 145
143 146
143 147
143 148
143 149
144 67
144 68
144 71
144 72
144 79
144 81
144 82
144 125
144 128
144 140
144 141
144 142
144 143
144 145
144 146
144 147
144 148
144 149
144 150
145 82
145 125
145 128
145 129
145 140
145 141
145 142
145 143
145 144
145 146
145 147
145 148
145 149
145 150
145 151
146 141
146 142
146 143
146 144
146 145
146 147
146 148
146 149
146 150
146 151
146 152
147 64
147 65
147 67
147 68
147 82
147 85
147 86
147 142
147 143
147 144
147 145
147 146
147 148
147 149
147 150
147 151
147 152
147 153
148 64
148 65
148 68
148 81
148 82
148 85
148 86
148 121
148 122
148 124
148 125
148 128
148 143
148 144
148 145
148 146
148 147
148 149
148 150
148 151
148 152
148 153
148 154
149 121
149 122
149 125
149 143
149 144
149 145
149 146
149 147
149 148
149 150
149 151
149 152
149 153
149 154
149 155
150 60
150 61
150 64
150 65
150 144
150 145
150 146
150 147
150 148
150 149
150 151
150 152
150 153
150 154
150 155
150 156
151 60
151 61
151 62
151 64
151 65
151 68
151 82
151 85
151 86
151 88
151 89
151 117
151 118
151 121
151 122
151 125
151 145
151 146
151 147
151 148
151 149
151 150
151 152
151 153
151 154
151 155
151 156
151 157
152 61
152 85
152 89
152 117
152 118
152 119
152 120
152 121
152 122
152 124
152 125
152 146
152 147
152 148
152 149
152 150
152 151
152 153
152 154
152 155
152 156
152 157
152 158
153 118
153 121
153 122
153 147
153 148
153 149
153 150
153 151
153 152
153 154
153 155
153 156
153 157
153 158
153 159
154 57
154 58
154 60
154 61
154 64
154 89
154 118
154 148
154 149
154 150
154 151
154 152
154 153
154 155
154 156
154 157
154 158
154 159
155 57
155 61
155 89
155 92
155 93
155 114
155 115
155 116
155 117
155 118
155 119
155 121
155 122
155 149
155 150
155 151
155 152
155 153
155 154
155 156
155 157
155 158
155 159
155 160
155 161
156 114
156 115
156 117
156 118
156 119
156 121
156 122
156 150
156 151
156 152
156 153
156 154
156 155
156 157
156 158
156 159
156 160
156 161
156 162
157 57
157 114
157 118
157 151
157 152
157 153
157 154
157 155
157 156
157 158
157 159
157 160
157 161
157 162
157 163
158 53
158 54
158 57
158 58
158 92
158 96
158 107
158 111
158 114
158 115
158 118
158 152
158 153
158 154
158 155
158 156
158 157
158 159
158 160
158 161
158 162
158 163
158 164
159 107
159 108
159 110
159 111
159 112
159 113
159 114
159 115
159 116
159 117
159 118
159 153
159 154
159 155
159 156
159 157
159 158
159 160
159 161
159 162
159 163
159 164
159 165
160 111
160 114
160 115
160 155
160 156
160 157
160 158
160 159
160 161
160 162
160 163
160 164
160 165
161 50
161 53
161 107
161 108
161 111
161 155
161 156
161 157
161 158
161 159
161 160
161 162
161 163
161 164
161 165
161 166
162 105
162 106
162 107
162 108
162 109
162 110
162 111
162 112
162 114
162 115
162 156
162 157
162 158
162 159
162 160
162 161
162 163
162 164
162 165
162 166
162 167
163 107
163 108
163 111
163 157
163 158
163 159
163 160
163 161
163 162
163 164
163 165
163 166
163 167
163 168
164 107
164 108
164 158
164 159
164 160
164 161
164 162
164 163
164 165
164 166
164 167
164 168
164 169
165 50
165 105
165 106
165 107
165 108
165 109
165 159
165 160
165 161
165 162
165 163
165 164
165 166
165 167
165 168
165 169
165 170
166 105
166 106
166 107
166 108
166 109
166 111
166 161
166 162
166 163
166 164
166 165
166 167
166 168
166 169
166 170
166 171
167 108
167 162
167 163
167 164
167 165
167 166
167 168
167 169
167 170
167 171
167 172
168 105
168 163
168 164
168 165
168 166
168 167
168 169
168 170
168 171
168 172
168 173
169 105
169 108
169 164
169 165
169 166
169 167
169 168
169 170
169 171
169 172
169 173
169 174
170 165
170 166
170 167
170 168
170 169
170 171
170 172
170 173
170 174
171 166
171 167
171 168
171 169
171 170
171 172
171 173
171 174
171 175
172 167
172 168
172 169
172 170
172 171
172 173
172 174
172 175
172 176
173 168
173 169
173 170
173 171
173 172
173 174
173 175
173 176
173 337
174 169
174 170
174 171
174 172
174 173
174 175
174 176
174 177
175 171
175 172
175 173
175 174
175 176
175 177
176 172
176 173
176 174
176 175
176 177
176 178
176 179
176 341
177 174
177 175
177 176
177 178
177 179
177 338
177 341
177 342
178 40
178 176
178 177
178 179
178 180
178 338
178 341
178 342
179 176
179 177
179 178
179 180
179 181
179 182
179 338
179 341
179 342
180 178
180 179
180 181
180 182
180 183
180 338
180 342
181 179
181 180
181 182
181 183
181 184
181 338
181 339
181 342
182 179
182 180
182 181
182 183
182 184
182 185
182 338
183 180
183 181
183 182
183 184
183 185
183 186
184 181
184 182
184 183
184 185
184 186
184 187
184 335
184 338
185 182
185 183
185 184
185 186
185 187
185 188
185 335
186 183
186 184
186 185
186 187
186 188
186 189
186 331
186 332
186 335
187 184
187 185
187 186
187 188
187 189
187 190
187 328
187 329
187 331
187 332
187 335
188 185
188 186
188 187
188 189
188 190
188 191
188 252
188 328
188 331
188 332
189 186
189 187
189 188
189 190
189 191
189 192
189 193
189 194
189 248
189 249
189 250
189 251
189 252
189 253
189 257
189 324
189 325
189 327
189 328
189 329
189 331
189 332
190 187
190 188
190 189
190 191
190 192
190 193
190 194
190 195
190 248
190 249
190 252
190 321
190 324
190 325
190 327
190 328
191 188
191 189
191 190
191 192
191 193
191 194
191 195
191 196
191 197
191 245
191 246
191 247
191 248
191 249
191 250
191 251
191 252
191 324
192 189
192 190
192 191
192 193
192 194
192 195
192 196
192 197
192 246
192 249
192 250
193 189
193 190
193 191
193 192
193 194
193 195
193 196
193 197
193 198
193 249
193 320
193 321
193 324
194 189
194 190
194 191
194 192
194 193
194 195
194 196
194 197
194 198
194 199
194 242
194 245
194 246
194 247
194 248
194 249
194 250
194 317
194 318
194 320
194 321
194 324
194 325
195 190
195 191
195 192
195 193
195 194
195 196
195 197
195 198
195 199
195 200
195 201
195 242
195 243
195 245
195 246
195 247
195 248
195 249
195 250
196 191
196 192
196 193
196 194
196 195
196 197
196 198
196 199
196 200
196 201
196 245
196 246
196 249
196 317
197 191
197 192
197 193
197 194
197 195
197 196
197 198
197 199
197 200
197 201
197 202
197 242
197 245
197 246
197 313
197 314
197 316
197 317
197 318
197 320
197 321
198 193
198 194
198 195
198 196
198 197
198 199
198 200
198 201
198 202
198 203
198 204
198 239
198 241
198 242
198 243
198 244
198 245
198 246
198 247
198 248
198 249
198 314
198 317
198 318
198 321
199 194
199 195
199 196
199 197
199 198
199 200
199 201
199 202
199 203
199 204
199 205
199 242
199 243
199 245
199 246
200 195
200 196
200 197
200 198
200 199
200 201
200 202
200 203
200 204
200 205
200 242
200 313
200 314
200 317
201 195
201 196
201 197
201 198
201 199
201 200
201 202
201 203
201 204
201 205
201 206
201 207
201 235
201 236
201 238
201 239
201 240
201 241
201 242
201 243
201 245
201 246
201 310
201 313
201 314
201 315
201 317
201 318
202 197
202 198
202 199
202 200
202 201
202 203
202 204
202 205
202 206
202 207
202 208
202 235
202 236
202 238
202 239
202 240
202 241
202 242
202 243
202 246
202 314
203 198
203 199
203 200
203 201
203 202
203 204
203 205
203 206
203 207
203 208
203 239
203 242
204 198
204 199
204 200
204 201
204 202
204 203
204 205
204 206
204 207
204 208
204 209
204 210
204 232
204 235
204 236
204 238
204 239
204 242
204 310
204 311
204 313
204 314
205 199
205 200
205 201
205 202
205 203
205 204
205 206
205 207
205 208
205 209
205 210
205 211
205 232
205 233
205 234
205 235
205 236
205 237
205 238
205 239
205 240
205 242
205 310
205 314
206 201
206 202
206 203
206 204
206 205
206 207
206 208
206 209
206 210
206 211
206 212
206 232
206 235
206 236
206 239
207 201
207 202
207 203
207 204
207 205
207 206
207 208
207 209
207 210
207 211
207 212
207 213
207 232
207 235
207 236
207 310
208 202
208 203
208 204
208 205
208 206
208 207
208 209
208 210
208 211
208 212
208 213
208 214
208 228
208 229
208 231
208 232
208 233
208 234
208 235
208 236
208 237
208 239
208 307
208 310
209 204
209 205
209 206
209 207
209 208
209 210
209 211
209 212
209 213
209 214
209 215
209 229
209 232
209 233
209 234
209 235
209 236
209 237
209 239
210 204
210 205
210 206
210 207
210 208
210 209
210 211
210 212
210 213
210 214
210 215
210 232
210 236
211 205
211 206
211 207
211 208
211 209
211 210
211 212
211 213
211 214
211 215
211 216
211 217
211 228
211 229
211 231
211 232
211 233
211 303
211 307
212 206
212 207
212 208
212 209
212 210
212 211
212 213
212 214
212 215
212 216
212 217
212 225
212 226
212 228
212 229
212 230
212 231
212 232
212 233
212 234
212 235
212 236
213 207
213 208
213 209
213 210
213 211
213 212
213 214
213 215
213 216
213 217
213 218
213 229
213 232
213 233
214 208
214 209
214 210
214 211
214 212
214 213
214 215
214 216
214 217
214 218
214 219
214 225
214 229
215 209
215 210
215 211
215 212
215 213
215 214
215 216
215 217
215 218
215 219
215 222
215 224
215 225
215 226
215 227
215 228
215 229
215 230
215 232
216 211
216 212
216 213
216 214
216 215
216 217
216 218
216 219
216 220
216 225
216 226
216 228
216 229
216 230
217 211
217 212
217 213
217 214
217 215
217 216
217 218
217 219
217 220
217 225
218 213
218 214
218 215
218 216
218 217
218 219
218 220
218 221
218 222
218 225
219 214
219 215
219 216
219 217
219 218
219 220
219 221
219 222
219 223
219 224
219 225
219 226
219 229
220 216
220 217
220 218
220 219
220 221
220 222
220 223
220 225
221 218
221 219
221 220
221 222
221 223
221 224
221 225
222 215
222 218
222 219
222 220
222 221
222 223
222 224
222 225
222 226
222 297
222 300
223 219
223 220
223 221
223 222
223 224
223 225
223 226
223 227
224 215
224 219
224 221
224 222
224 223
224 225
224 226
224 227
224 228
224 229
224 300
225 212
225 214
225 215
225 216
225 217
225 218
225 219
225 220
225 221
225 222
225 223
225 224
225 226
225 227
225 228
225 229
225 230
225 231
225 300
226 212
226 215
226 216
226 219
226 222
226 223
226 224
226 225
226 227
226 228
226 229
226 230
226 231
226 232
227 215
227 223
227 224
227 225
227 226
227 228
227 229
227 230
227 231
227 232
227 278
227 304
228 208
228 211
228 212
228 215
228 216
228 224
228 225
228 226
228 227
228 229
228 230
228 231
228 232
228 233
228 234
228 300
228 303
228 304
228 307
229 208
229 209
229 211
229 212
229 213
229 214
229 215
229 216
229 219
229 224
229 225
229 226
229 227
229 228
229 230
229 231
229 232
229 233
229 234
230 212
230 215
230 216
230 225
230 226
230 227
230 228
230 229
230 231
230 232
230 233
230 234
230 235
230 236
230 274
231 208
231 211
231 212
231 225
231 226
231 227
231 228
231 229
231 230
231 232
231 233
231 234
231 235
231 236
231 237
231 271
231 274
231 275
231 278
231 304
231 307
231 308
231 310
231 311
232 204
232 205
232 206
232 207
232 208
232 209
232 210
232 211
232 212
232 213
232 215
232 226
232 227
232 228
232 229
232 230
232 231
232 233
232 234
232 235
232 236
232 237
232 307
232 310
232 311
233 205
233 208
233 209
233 211
233 212
233 213
233 228
233 229
233 230
233 231
233 232
233 234
233 235
233 236
233 237
233 238
234 205
234 208
234 209
234 212
234 228
234 229
234 230
234 231
234 232
234 233
234 235
234 236
234 237
234 238
234 239
234 267
234 270
234 271
234 274
234 311
235 201
235 202
235 204
235 205
235 206
235 207
235 208
235 209
235 212
235 230
235 231
235 232
235 233
235 234
235 236
235 237
235 238
235 239
235 271
235 274
235 307
235 310
235 311
235 314
235 315
236 201
236 202
236 204
236 205
236 206
236 207
236 208
236 209
236 210
236 212
236 230
236 231
236 232
236 233
236 234
236 235
236 237
236 238
236 239
236 240
237 205
237 208
237 209
237 231
237 232
237 233
237 234
237 235
237 236
237 238
237 239
237 240
237 241
237 267
238 201
238 202
238 204
238 205
238 233
238 234
238 235
238 236
238 237
238 239
238 240
238 241
238 242
238 243
238 263
238 264
238 267
238 268
238 271
238 314
238 315
238 318
239 198
239 201
239 202
239 203
239 204
239 205
239 206
239 208
239 209
239 234
239 235
239 236
239 237
239 238
239 240
239 241
239 242
239 243
239 244
239 245
239 374
240 201
240 202
240 205
240 236
240 237
240 238
240 239
240 241
240 242
240 243
240 244
240 245
240 246
240 260
240 263
240 373
240 374
240 375
241 198
241 201
241 202
241 237
241 238
241 239
241 240
241 242
241 243
241 244
241 245
241 246
241 247
241 259
241 260
241 261
241 262
241 263
241 264
241 267
241 318
241 321
241 374
242 194
242 195
242 197
242 198
242 199
242 200
242 201
242 202
242 203
242 204
242 205
242 238
242 239
242 240
242 241
242 243
242 244
242 245
242 246
242 247
242 248
242 260
242 264
242 314
242 317
242 318
242 321
243 195
243 198
243 199
243 201
243 202
243 238
243 239
243 240
243 241
243 242
243 244
243 245
243 246
243 247
243 248
243 249
243 370
243 374
244 198
244 239
244 240
244 241
244 242
244 243
244 245
244 246
244 247
244 248
244 249
244 256
244 257
244 259
244 260
244 263
244 264
244 370
244 371
244 374
245 191
245 194
245 195
245 196
245 197
245 198
245 199
245 201
245 239
245 240
245 241
245 242
245 243
245 244
245 246
245 247
245 248
245 249
245 250
245 252
245 256
245 257
245 259
245 260
245 261
245 263
245 264
245 318
245 321
245 325
246 191
246 192
246 194
246 195
246 196
246 197
246 198
246 199
246 201
246 202
246 240
246 241
246 242
246 243
246 244
246 245
246 247
246 248
246 249
246 250
246 251
246 252
247 191
247 194
247 195
247 198
247 241
247 242
247 243
247 244
247 245
247 246
247 248
247 249
247 250
247 251
247 252
247 253
247 256
247 367
247 370
248 189
248 190
248 191
248 194
248 195
248 198
248 242
248 243
248 244
248 245
248 246
248 247
248 249
248 250
248 251
248 252
248 253
248 254
248 255
248 256
248 257
248 259
248 260
248 325
249 189
249 190
249 191
249 192
249 193
249 194
249 195
249 196
249 198
249 243
249 244
249 245
249 246
249 247
249 248
249 250
249 251
249 252
249 253
249 256
249 257
250 189
250 191
250 192
250 194
250 195
250 245
250 246
250 247
250 248
250 249
250 251
250 252
250 253
251 189
251 191
251 246
251 247
251 248
251 249
251 250
251 252
251 253
251 256
251 363
251 367
252 188
252 189
252 190
252 191
252 245
252 246
252 247
252 248
252 249
252 250
252 251
252 253
252 254
252 255
252 256
252 257
253 189
253 247
253 248
253 249
253 250
253 251
253 252
253 254
253 255
253 256
253 257
253 258
254 248
254 252
254 253
254 255
254 256
254 257
254 258
254 259
254 329
254 332
255 248
255 252
255 253
255 254
255 256
255 257
255 258
255 259
255 260
255 261
256 244
256 245
256 247
256 248
256 249
256 251
256 252
256 253
256 254
256 255
256 257
256 258
256 259
256 260
256 261
256 262
256 325
257 189
257 244
257 245
257 248
257 249
257 252
257 253
257 254
257 255
257 256
257 258
257 259
257 260
257 261
257 262
257 263
257 321
257 322
257 324
257 325
257 326
257 328
257 329
258 109
258 253
258 254
258 255
258 256
258 257
258 259
258 260
258 261
258 262
258 263
258 264
258 322
258 325
258 326
258 329
259 241
259 244
259 245
259 248
259 254
259 255
259 256
259 257
259 258
259 260
259 261
259 262
259 263
259 264
259 265
259 325
260 240
260 241
260 242
260 244
260 245
260 248
260 255
260 256
260 257
260 258
260 259
260 261
260 262
260 263
260 264
260 265
260 266
260 318
260 321
260 322
260 325
260 326
261 109
261 110
261 112
261 113
261 241
261 245
261 255
261 256
261 257
261 258
261 259
261 260
261 262
261 263
261 264
261 265
261 266
261 318
261 319
261 321
261 322
261 323
261 324
261 325
261 326
261 329
262 109
262 110
262 111
262 112
262 113
262 241
262 256
262 257
262 258
262 259
262 260
262 261
262 263
262 264
262 265
262 266
262 267
262 322
263 112
263 113
263 238
263 240
263 241
263 244
263 245
263 257
263 258
263 259
263 260
263 261
263 262
263 264
263 265
263 266
263 267
263 268
263 318
263 321
263 322
264 112
264 113
264 238
264 241
264 242
264 244
264 245
264 258
264 259
264 260
264 261
264 262
264 263
264 265
264 266
264 267
264 268
264 269
264 270
264 315
264 317
264 318
264 319
264 320
264 321
264 322
264 323
264 325
265 91
265 92
265 109
265 110
265 111
265 112
265 113
265 114
265 115
265 116
265 117
265 259
265 260
265 261
265 262
265 263
265 264
265 266
265 267
265 268
265 269
265 270
265 318
265 319
265 320
265 321
265 322
265 323
266 112
266 113
266 114
266 115
266 116
266 117
266 260
266 261
266 262
266 263
266 264
266 265
266 267
266 268
266 269
266 270
266 271
266 318
266 319
266 322
267 113
267 116
267 117
267 234
267 237
267 238
267 241
267 262
267 263
267 264
267 265
267 266
267 268
267 269
267 270
267 271
267 272
267 273
267 314
267 315
267 318
267 319
267 322
268 87
268 88
268 89
268 90
268 91
268 92
268 113
268 116
268 117
268 238
268 263
268 264
268 265
268 266
268 267
268 269
268 270
268 271
268 272
268 273
268 274
268 311
268 312
268 314
268 315
268 316
268 317
268 318
268 319
268 320
268 321
268 322
269 84
269 85
269 86
269 87
269 88
269 89
269 90
269 91
269 92
269 113
269 114
269 115
269 116
269 117
269 118
269 119
269 120
269 121
269 264
269 265
269 266
269 267
269 268
269 270
269 271
269 272
269 273
269 274
269 275
269 315
269 316
269 318
269 319
270 84
270 85
270 87
270 88
270 89
270 91
270 116
270 117
270 119
270 120
270 234
270 264
270 265
270 266
270 267
270 268
270 269
270 271
270 272
270 273
270 274
270 275
270 276
270 311
270 315
271 84
271 87
271 88
271 91
271 231
271 234
271 235
271 238
271 266
271 267
271 268
271 269
271 270
271 272
271 273
271 274
271 275
271 276
271 277
271 308
271 310
271 311
271 312
271 313
271 314
271 315
271 316
271 318
271 319
272 83
272 84
272 85
272 86
272 87
272 88
272 89
272 90
272 91
272 117
272 267
272 268
272 269
272 270
272 271
272 273
272 274
272 275
272 276
272 277
272 278
272 308
272 311
272 312
272 313
272 314
272 315
272 316
272 319
273 81
273 82
273 83
273 84
273 85
273 86
273 87
273 88
273 89
273 90
273 117
273 120
273 121
273 124
273 267
273 268
273 269
273 270
273 271
273 272
273 274
273 275
273 276
273 277
273 278
273 279
273 311
273 312
273 315
274 83
274 84
274 85
274 87
274 88
274 230
274 231
274 234
274 235
274 268
274 269
274 270
274 271
274 272
274 273
274 275
274 276
274 277
274 278
274 279
274 307
274 308
274 311
274 312
274 315
275 83
275 84
275 86
275 87
275 88
275 231
275 269
275 270
275 271
275 272
275 273
275 274
275 276
275 277
275 278
275 279
275 280
275 281
275 304
275 305
275 307
275 308
275 309
275 310
275 311
275 312
275 313
275 314
275 315
276 65
276 68
276 69
276 72
276 73
276 80
276 81
276 82
276 83
276 84
276 85
276 86
276 87
276 88
276 89
276 90
276 270
276 271
276 272
276 273
276 274
276 275
276 277
276 278
276 279
276 280
276 308
276 311
276 312
277 69
277 72
277 73
277 76
277 79
277 80
277 81
277 82
277 83
277 84
277 85
277 86
277 87
277 88
277 271
277 272
277 273
277 274
277 275
277 276
277 278
277 279
277 280
277 281
277 308
278 73
278 76
278 80
278 83
278 84
278 87
278 227
278 231
278 272
278 273
278 274
278 275
278 276
278 277
278 279
278 280
278 281
278 282
278 304
278 305
278 306
278 307
278 308
278 309
278 311
278 312
279 69
279 70
279 72
279 73
279 76
279 80
279 83
279 84
279 87
279 273
279 274
279 275
279 276
279 277
279 278
279 280
279 281
279 282
279 283
279 284
279 304
279 305
279 308
279 309
280 69
280 70
280 72
280 73
280 74
280 75
280 76
280 77
280 80
280 83
280 275
280 276
280 277
280 278
280 279
280 281
280 282
280 283
280 284
280 285
280 286
280 301
280 304
280 305
280 308
281 73
281 76
281 275
281 277
281 278
281 279
281 280
281 282
281 283
281 284
281 285
281 286
281 287
281 300
281 301
281 302
281 303
281 304
281 305
281 306
281 307
281 308
282 73
282 278
282 279
282 280
282 281
282 283
282 284
282 285
282 286
282 287
282 288
282 301
282 302
282 304
282 305
282 308
283 73
283 74
283 76
283 279
283 280
283 281
283 282
283 284
283 285
283 286
283 287
283 288
283 289
283 301
283 305
284 73
284 279
284 280
284 281
284 282
284 283
284 285
284 286
284 287
284 288
284 289
284 290
284 298
284 301
284 302
284 304
284 305
285 280
285 281
285 282
285 283
285 284
285 286
285 287
285 288
285 289
285 290
285 294
285 298
285 301
285 302
285 304
285 305
286 280
286 281
286 282
286 283
286 284
286 285
286 287
286 288
286 289
286 290
286 291
287 281
287 282
287 283
287 284
287 285
287 286
287 288
287 289
287 290
287 291
287 292
287 294
288 282
288 283
288 284
288 285
288 286
288 287
288 289
288 290
288 291
288 292
288 293
288 294
288 295
288 297
288 298
288 301
289 283
289 284
289 285
289 286
289 287
289 288
289 290
289 291
289 292
289 293
289 294
290 284
290 285
290 286
290 287
290 288
290 289
290 291
290 292
290 293
290 294
291 286
291 287
291 288
291 289
291 290
291 292
291 293
291 294
291 295
292 287
292 288
292 289
292 290
292 291
292 293
292 294
292 295
293 288
293 289
293 290
293 291
293 292
293 294
293 295
293 296
294 285
294 287
294 288
294 289
294 290
294 291
294 292
294 293
294 295
294 296
294 297
294 298
295 288
295 291
295 292
295 293
295 294
295 296
295 297
295 298
296 293
296 294
296 295
296 297
296 298
296 299
296 300
297 222
297 288
297 294
297 295
297 296
297 298
297 299
297 300
297 301
297 302
298 284
298 285
298 288
298 294
298 295
298 296
298 297
298 299
298 300
298 301
298 302
298 303
299 296
299 297
299 298
299 300
299 301
299 302
299 303
299 304
300 222
300 224
300 225
300 228
300 281
300 296
300 297
300 298
300 299
300 301
300 302
300 303
300 304
300 305
300 306
301 280
301 281
301 282
301 283
301 284
301 285
301 288
301 297
301 298
301 299
301 300
301 302
301 303
301 304
301 305
301 306
301 307
302 281
302 282
302 284
302 285
302 297
302 298
302 299
302 300
302 301
302 303
302 304
302 305
302 306
302 307
302 308
303 211
303 228
303 281
303 298
303 299
303 300
303 301
303 302
303 304
303 305
303 306
303 307
303 308
303 309
304 227
304 228
304 231
304 275
304 278
304 279
304 280
304 281
304 282
304 284
304 285
304 299
304 300
304 301
304 302
304 303
304 305
304 306
304 307
304 308
304 309
304 310
305 275
305 278
305 279
305 280
305 281
305 282
305 283
305 284
305 285
305 300
305 301
305 302
305 303
305 304
305 306
305 307
305 308
305 309
305 310
305 311
306 278
306 281
306 300
306 301
306 302
306 303
306 304
306 305
306 307
306 308
306 309
306 310
306 311
306 312
307 208
307 211
307 228
307 231
307 232
307 235
307 274
307 275
307 278
307 281
307 301
307 302
307 303
307 304
307 305
307 306
307 308
307 309
307 310
307 311
307 312
307 313
308 231
308 271
308 272
308 274
308 275
308 276
308 277
308 278
308 279
308 280
308 281
308 282
308 302
308 303
308 304
308 305
308 306
308 307
308 309
308 310
308 311
308 312
308 313
308 314
309 275
309 278
309 279
309 303
309 304
309 305
309 306
309 307
309 308
309 310
309 311
309 312
309 313
309 314
309 315
310 201
310 204
310 205
310 207
310 208
310 231
310 232
310 235
310 271
310 275
310 304
310 305
310 306
310 307
310 308
310 309
310 311
310 312
310 313
310 314
310 315
310 316
311 204
311 231
311 232
311 234
311 235
311 268
311 270
311 271
311 272
311 273
311 274
311 275
311 276
311 278
311 305
311 306
311 307
311 308
311 309
311 310
311 312
311 313
311 314
311 315
311 316
311 317
312 87
312 268
312 271
312 272
312 273
312 274
312 275
312 276
312 278
312 306
312 307
312 308
312 309
312 310
312 311
312 313
312 314
312 315
312 316
312 317
312 318
313 197
313 200
313 201
313 204
313 271
313 272
313 275
313 307
313 308
313 309
313 310
313 311
313 312
313 314
313 315
313 316
313 317
313 318
313 319
314 197
314 198
314 200
314 201
314 202
314 204
314 205
314 235
314 238
314 242
314 267
314 268
314 271
314 272
314 275
314 308
314 309
314 310
314 311
314 312
314 313
314 315
314 316
314 317
314 318
314 319
314 320
315 88
315 90
315 91
315 201
315 235
315 238
315 264
315 267
315 268
315 269
315 270
315 271
315 272
315 273
315 274
315 275
315 309
315 310
315 311
315 312
315 313
315 314
315 316
315 317
315 318
315 319
315 320
315 321
316 90
316 91
316 94
316 197
316 268
316 269
316 271
316 272
316 310
316 311
316 312
316 313
316 314
316 315
316 317
316 318
316 319
316 320
316 321
316 322
317 194
317 196
317 197
317 198
317 200
317 201
317 242
317 264
317 268
317 311
317 312
317 313
317 314
317 315
317 316
317 318
317 319
317 320
317 321
317 322
317 323
318 91
318 194
318 197
318 198
318 201
318 238
318 241
318 242
318 245
318 260
318 261
318 263
318 264
318 265
318 266
318 267
318 268
318 269
318 271
318 312
318 313
318 314
318 315
318 316
318 317
318 319
318 320
318 321
318 322
318 323
318 324
319 90
319 91
319 92
319 94
319 95
319 113
319 261
319 264
319 265
319 266
319 267
319 268
319 269
319 271
319 272
319 313
319 314
319 315
319 316
319 317
319 318
319 320
319 321
319 322
319 323
319 324
320 91
320 94
320 95
320 193
320 194
320 197
320 264
320 265
320 268
320 314
320 315
320 316
320 317
320 318
320 319
320 321
320 322
320 323
320 324
320 325
320 326
321 190
321 193
321 194
321 197
321 198
321 241
321 242
321 245
321 257
321 260
321 261
321 263
321 264
321 265
321 268
321 315
321 316
321 317
321 318
321 319
321 320
321 322
321 323
321 324
321 325
321 326
321 327
322 95
322 109
322 110
322 113
322 257
322 258
322 260
322 261
322 262
322 263
322 264
322 265
322 266
322 267
322 268
322 316
322 317
322 318
322 319
322 320
322 321
322 323
322 324
322 325
322 326
322 327
323 94
323 95
323 98
323 99
323 109
323 110
323 261
323 264
323 265
323 317
323 318
323 319
323 320
323 321
323 322
323 324
323 325
323 326
323 327
323 328
323 329
324 189
324 190
324 191
324 193
324 194
324 257
324 261
324 318
324 319
324 320
324 321
324 322
324 323
324 325
324 326
324 327
324 328
324 329
324 330
325 109
325 189
325 190
325 194
325 245
325 248
325 256
325 257
325 258
325 259
325 260
325 261
325 264
325 320
325 321
325 322
325 323
325 324
325 326
325 327
325 328
325 329
325 330
325 331
326 106
326 107
326 109
326 110
326 257
326 258
326 260
326 261
326 320
326 321
326 322
326 323
326 324
326 325
326 327
326 328
326 329
326 330
326 331
326 332
327 98
327 99
327 102
327 106
327 109
327 189
327 190
327 321
327 322
327 323
327 324
327 325
327 326
327 328
327 329
327 330
327 331
327 332
328 187
328 188
328 189
328 190
328 257
328 323
328 324
328 325
328 326
328 327
328 329
328 330
328 331
328 332
328 333
328 334
329 106
329 109
329 187
329 189
329 254
329 257
329 258
329 261
329 323
329 324
329 325
329 326
329 327
329 328
329 330
329 331
329 332
329 333
329 334
329 335
330 104
330 105
330 106
330 109
330 324
330 325
330 326
330 327
330 328
330 329
330 331
330 332
330 333
330 334
330 335
330 336
331 186
331 187
331 188
331 189
331 325
331 326
331 327
331 328
331 329
331 330
331 332
331 333
331 334
331 335
331 336
331 337
332 186
332 187
332 188
332 189
332 254
332 326
332 327
332 328
332 329
332 330
332 331
332 333
332 334
332 335
332 336
332 337
332 338
333 328
333 329
333 330
333 331
333 332
333 334
333 335
333 336
333 337
333 338
333 339
334 104
334 328
334 329
334 330
334 331
334 332
334 333
334 335
334 336
334 337
334 338
334 339
335 184
335 185
335 186
335 187
335 329
335 330
335 331
335 332
335 333
335 334
335 336
335 337
335 338
335 339
335 340
336 330
336 331
336 332
336 333
336 334
336 335
336 337
336 338
336 339
336 340
336 341
337 173
337 331
337 332
337 333
337 334
337 335
337 336
337 338
337 339
337 340
337 341
337 342
338 177
338 178
338 179
338 180
338 181
338 182
338 184
338 332
338 333
338 334
338 335
338 336
338 337
338 339
338 340
338 341
338 342
338 343
339 181
339 333
339 334
339 335
339 336
339 337
339 338
339 340
339 341
339 342
339 343
340 335
340 336
340 337
340 338
340 339
340 341
340 342
340 343
340 344
341 176
341 177
341 178
341 179
341 336
341 337
341 338
341 339
341 340
341 342
341 343
341 344
342 177
342 178
342 179
342 180
342 181
342 337
342 338
342 339
342 340
342 341
342 343
342 344
342 345
342 346
343 338
343 339
343 340
343 341
343 342
343 344
343 345
343 346
343 347
344 340
344 341
344 342
344 343
344 345
344 346
344 347
345 342
345 343
345 344
345 346
345 347
345 348
346 342
346 343
346 344
346 345
346 347
346 348
346 349
347 343
347 344
347 345
347 346
347 348
347 349
347 350
348 345
348 346
348 347
348 349
348 350
348 351
349 346
349 347
349 348
349 350
349 351
349 352
350 347
350 348
350 349
350 351
350 352
350 353
351 348
351 349
351 350
351 352
351 353
351 354
352 349
352 350
352 351
352 353
352 354
352 355
353 350
353 351
353 352
353 354
353 355
353 356
354 351
354 352
354 353
354 355
354 356
354 357
355 352
355 353
355 354
355 356
355 357
355 358
356 353
356 354
356 355
356 357
356 358
356 359
357 354
357 355
357 356
357 358
357 359
357 360
358 355
358 356
358 357
358 359
358 360
358 361
359 356
359 357
359 358
359 360
359 361
359 362
360 357
360 358
360 359
360 361
360 362
360 363
361 358
361 359
361 360
361 362
361 363
361 364
361 365
361 366
362 359
362 360
362 361
362 363
362 364
362 365
362 366
362 367
363 251
363 360
363 361
363 362
363 364
363 365
363 366
363 367
363 368
364 361
364 362
364 363
364 365
364 366
364 367
364 368
364 369
364 370
365 361
365 362
365 363
365 364
365 366
365 367
365 368
365 369
365 370
366 361
366 362
366 363
366 364
366 365
366 367
366 368
366 369
366 370
366 371
367 247
367 251
367 362
367 363
367 364
367 365
367 366
367 368
367 369
367 370
367 371
367 372
367 373
368 363
368 364
368 365
368 366
368 367
368 369
368 370
368 371
368 372
368 373
368 374
369 364
369 365
369 366
369 367
369 368
369 370
369 371
369 372
369 373
369 374
370 243
370 244
370 247
370 364
370 365
370 366
370 367
370 368
370 369
370 371
370 372
370 373
370 374
370 375
370 376
371 244
371 366
371 367
371 368
371 369
371 370
371 372
371 373
371 374
371 375
371 376
372 367
372 368
372 369
372 370
372 371
372 373
372 374
372 375
372 376
373 240
373 367
373 368
373 369
373 370
373 371
373 372
373 374
373 375
373 376
374 239
374 240
374 241
374 243
374 244
374 368
374 369
374 370
374 371
374 372
374 373
374 375
374 376
375 240
375 370
375 371
375 372
375 373
375 374
375 376
376 370
376 371
376 372
376 373
376 374
376 375
