0 1
0 2
0 3
0 4
0 5
0 622
0 623
0 624
0 625
0 626
1 0
1 2
1 3
1 4
1 5
1 6
1 305
1 623
1 624
1 625
1 626
1 627
2 0
2 1
2 3
2 4
2 5
2 6
2 7
2 305
2 624
2 625
2 626
3 0
3 1
3 2
3 4
3 5
3 6
3 7
3 8
3 9
3 301
3 304
3 305
3 306
3 319
3 624
3 625
4 0
4 1
4 2
4 3
4 5
4 6
4 7
4 8
4 9
4 10
4 301
4 302
4 303
4 304
4 305
4 603
4 604
4 622
4 623
4 624
4 625
4 626
5 0
5 1
5 2
5 3
5 4
5 6
5 7
5 8
5 9
5 10
5 603
5 623
5 624
5 625
6 1
6 2
6 3
6 4
6 5
6 7
6 8
6 9
6 10
6 11
6 304
6 600
6 603
7 2
7 3
7 4
7 5
7 6
7 8
7 9
7 10
7 11
7 301
7 304
7 305
7 599
7 600
7 601
7 602
7 603
7 604
8 3
8 4
8 5
8 6
8 7
8 9
8 10
8 11
8 12
8 13
8 14
8 15
8 600
8 601
8 602
8 603
8 604
8 605
8 607
9 3
9 4
9 5
9 6
9 7
9 8
9 10
9 11
9 12
9 600
9 601
9 604
10 4
10 5
10 6
10 7
10 8
10 9
10 11
10 12
10 13
10 599
10 600
10 601
10 603
10 604
11 6
11 7
11 8
11 9
11 10
11 12
11 13
11 14
11 15
11 598
11 599
11 600
11 601
11 602
11 603
11 604
11 605
12 8
12 9
12 10
12 11
12 13
12 14
12 15
12 549
12 550
12 552
12 553
12 598
12 600
12 601
12 604
13 8
13 10
13 11
13 12
13 14
13 15
13 16
13 17
13 18
13 547
13 548
13 549
13 550
13 551
13 552
13 553
13 601
13 604
13 605
14 8
14 11
14 12
14 13
14 15
14 16
14 17
14 18
14 19
14 547
14 549
14 550
14 604
14 605
14 608
15 8
15 11
15 12
15 13
15 14
15 16
15 17
15 18
15 19
15 20
15 21
15 550
15 601
15 603
15 604
15 605
15 606
15 607
15 608
15 609
15 610
16 13
16 14
16 15
16 17
16 18
16 19
16 20
16 21
16 22
16 26
16 29
16 604
16 607
16 608
16 609
16 610
17 13
17 14
17 15
17 16
17 18
17 19
17 20
17 21
17 22
17 25
17 26
17 29
17 547
17 549
17 550
17 608
18 13
18 14
18 15
18 16
18 17
18 19
18 20
18 21
18 22
18 23
18 24
18 25
18 26
18 545
18 547
18 549
18 550
18 551
18 554
18 604
18 605
18 607
18 608
18 609
18 610
19 14
19 15
19 16
19 17
19 18
19 20
19 21
19 22
19 23
19 24
19 25
19 26
19 28
19 29
19 605
19 606
19 607
19 608
19 609
19 610
20 15
20 16
20 17
20 18
20 19
20 21
20 22
20 23
20 24
20 25
20 26
20 27
20 28
20 29
20 30
20 608
20 609
20 610
21 15
21 16
21 17
21 18
21 19
21 20
21 22
21 23
21 24
21 25
21 26
21 28
21 29
21 342
21 544
21 545
21 546
21 547
21 550
21 608
22 16
22 17
22 18
22 19
22 20
22 21
22 23
22 24
22 25
22 26
22 28
22 29
22 338
22 341
22 342
22 345
22 608
22 609
22 610
23 18
23 19
23 20
23 21
23 22
23 24
23 25
23 26
23 27
23 28
23 29
23 30
23 31
23 32
23 341
23 345
23 609
23 610
24 18
24 19
24 20
24 21
24 22
24 23
24 25
24 26
24 27
24 28
24 29
24 345
25 17
25 18
25 19
25 20
25 21
25 22
25 23
25 24
25 26
25 27
25 28
25 29
25 30
25 31
26 16
26 17
26 18
26 19
26 20
26 21
26 22
26 23
26 24
26 25
26 27
26 28
26 29
26 30
26 31
26 32
27 20
27 23
27 24
27 25
27 26
27 28
27 29
27 30
27 31
27 32
27 33
28 19
28 20
28 21
28 22
28 23
28 24
28 25
28 26
28 27
28 29
28 30
28 31
28 32
28 33
28 34
28 82
28 83
29 16
29 17
29 19
29 20
29 21
29 22
29 23
29 24
29 25
29 26
29 27
29 28
29 30
29 31
29 32
29 33
29 34
29 610
30 20
30 23
30 25
30 26
30 27
30 28
30 29
30 31
30 32
30 33
30 34
30 35
30 36
31 23
31 25
31 26
31 27
31 28
31 29
31 30
31 32
31 33
31 34
31 35
31 36
31 37
31 83
31 86
32 23
32 26
32 27
32 28
32 29
32 30
32 31
32 33
32 34
32 35
32 36
32 37
32 82
32 83
32 85
32 86
32 87
33 27
33 28
33 29
33 30
33 31
33 32
33 34
33 35
33 36
33 37
33 38
33 86
33 87
33 610
33 612
34 28
34 29
34 30
34 31
34 32
34 33
34 35
34 36
34 37
34 38
34 39
34 86
34 87
35 30
35 31
35 32
35 33
35 34
35 36
35 37
35 38
35 39
35 40
35 73
35 76
35 78
35 83
35 84
35 86
35 87
35 88
35 90
36 30
36 31
36 32
36 33
36 34
36 35
36 37
36 38
36 39
36 40
36 41
36 83
36 86
36 87
36 88
36 89
36 90
36 91
36 612
36 615
37 31
37 32
37 33
37 34
37 35
37 36
37 38
37 39
37 40
37 41
37 42
37 87
37 90
38 33
38 34
38 35
38 36
38 37
38 39
38 40
38 41
38 42
38 45
38 72
38 73
38 76
38 87
38 90
39 34
39 35
39 36
39 37
39 38
39 40
39 41
39 42
39 43
39 44
39 45
39 46
39 69
39 72
39 86
39 87
39 88
39 89
39 90
39 91
39 92
40 35
40 36
40 37
40 38
40 39
40 41
40 42
40 43
40 44
40 45
40 46
40 47
40 90
40 91
40 93
40 612
40 614
40 615
41 36
41 37
41 38
41 39
41 40
41 42
41 43
41 44
41 45
41 46
42 37
42 38
42 39
42 40
42 41
42 43
42 44
42 45
42 46
42 72
42 91
43 39
43 40
43 41
43 42
43 44
43 45
43 46
43 47
44 39
44 40
44 41
44 42
44 43
44 45
44 46
44 47
44 64
44 65
44 68
44 69
44 91
45 38
45 39
45 40
45 41
45 42
45 43
45 44
45 46
45 47
45 48
45 61
45 64
45 65
45 66
45 68
45 69
45 90
45 91
45 92
45 93
46 39
46 40
46 41
46 42
46 43
46 44
46 45
46 47
46 48
46 49
46 65
46 91
46 92
46 614
47 40
47 43
47 44
47 45
47 46
47 48
47 49
47 50
47 61
47 65
47 91
47 92
47 93
47 614
47 617
48 45
48 46
48 47
48 49
48 50
48 51
48 52
48 53
48 58
48 61
49 46
49 47
49 48
49 50
49 51
49 52
49 53
49 58
49 402
49 403
49 617
49 634
49 637
49 638
50 47
50 48
50 49
50 51
50 52
50 53
50 54
50 55
50 57
50 58
50 59
50 61
50 62
50 92
50 95
50 232
50 233
50 402
51 48
51 49
51 50
51 52
51 53
51 54
51 55
51 58
51 401
51 402
51 403
51 405
51 408
51 638
52 48
52 49
52 50
52 51
52 53
52 54
52 55
52 57
52 58
52 402
52 637
52 638
52 639
52 640
53 48
53 49
53 50
53 51
53 52
53 54
53 55
53 56
53 57
53 58
53 59
53 61
53 639
54 50
54 51
54 52
54 53
54 55
54 56
54 57
54 58
54 59
54 60
54 232
54 233
55 50
55 51
55 52
55 53
55 54
55 56
55 57
55 58
55 59
55 60
55 61
55 226
55 227
55 231
55 232
55 233
55 234
55 235
56 53
56 54
56 55
56 57
56 58
56 59
56 60
56 61
56 62
56 232
56 233
56 234
56 235
57 50
57 52
57 53
57 54
57 55
57 56
57 58
57 59
57 60
57 61
57 62
57 63
57 232
57 233
58 48
58 49
58 50
58 51
58 52
58 53
58 54
58 55
58 56
58 57
58 59
58 60
58 61
58 62
58 63
58 64
58 95
58 231
58 232
58 233
58 234
59 50
59 53
59 54
59 55
59 56
59 57
59 58
59 60
59 61
59 62
59 63
59 64
59 65
59 96
59 97
59 98
59 181
59 182
59 231
59 232
59 233
59 234
59 235
60 54
60 55
60 56
60 57
60 58
60 59
60 61
60 62
60 63
60 64
60 65
60 66
60 98
60 233
60 234
61 45
61 47
61 48
61 50
61 53
61 55
61 56
61 57
61 58
61 59
61 60
61 62
61 63
61 64
61 65
61 66
61 67
61 92
61 97
61 233
62 50
62 56
62 57
62 58
62 59
62 60
62 61
62 63
62 64
62 65
62 66
62 67
62 68
62 91
62 92
62 95
62 96
62 97
62 98
62 99
62 232
62 233
62 234
63 57
63 58
63 59
63 60
63 61
63 62
63 64
63 65
63 66
63 67
63 68
63 69
63 97
63 98
63 99
63 182
63 233
63 234
64 44
64 45
64 58
64 59
64 60
64 61
64 62
64 63
64 65
64 66
64 67
64 68
64 69
65 44
65 45
65 46
65 47
65 59
65 60
65 61
65 62
65 63
65 64
65 66
65 67
65 68
65 69
65 70
65 71
65 91
65 92
65 97
65 98
66 45
66 60
66 61
66 62
66 63
66 64
66 65
66 67
66 68
66 69
66 70
66 71
66 88
66 91
66 92
66 97
66 98
66 99
66 100
66 129
67 61
67 62
67 63
67 64
67 65
67 66
67 68
67 69
67 70
67 71
67 72
67 99
67 128
67 129
68 44
68 45
68 62
68 63
68 64
68 65
68 66
68 67
68 69
68 70
68 71
68 72
68 73
68 91
69 39
69 44
69 45
69 63
69 64
69 65
69 66
69 67
69 68
69 70
69 71
69 72
69 73
69 74
69 75
69 84
69 87
69 88
69 90
69 91
69 92
70 65
70 66
70 67
70 68
70 69
70 71
70 72
70 73
70 74
70 75
70 78
70 84
70 87
70 88
70 127
70 128
70 129
71 65
71 66
71 67
71 68
71 69
71 70
71 72
71 73
71 74
71 75
71 76
71 128
72 38
72 39
72 42
72 67
72 68
72 69
72 70
72 71
72 73
72 74
72 75
72 76
72 77
72 78
72 87
73 35
73 38
73 68
73 69
73 70
73 71
73 72
73 74
73 75
73 76
73 77
73 78
73 79
73 83
73 84
73 87
73 88
73 128
74 69
74 70
74 71
74 72
74 73
74 75
74 76
74 77
74 78
74 79
74 128
75 69
75 70
75 71
75 72
75 73
75 74
75 76
75 77
75 78
76 35
76 38
76 71
76 72
76 73
76 74
76 75
76 77
76 78
76 79
77 72
77 73
77 74
77 75
77 76
77 78
77 79
77 80
78 35
78 70
78 72
78 73
78 74
78 75
78 76
78 77
78 79
78 80
78 81
78 82
78 83
78 84
78 87
79 73
79 74
79 76
79 77
79 78
79 80
79 81
79 82
79 83
79 84
79 127
80 77
80 78
80 79
80 81
80 82
80 83
80 84
80 85
80 86
81 78
81 79
81 80
81 82
81 83
81 84
81 85
81 86
81 87
81 103
82 28
82 32
82 78
82 79
82 80
82 81
82 83
82 84
82 85
82 86
82 87
82 88
83 28
83 31
83 32
83 35
83 36
83 73
83 78
83 79
83 80
83 81
83 82
83 84
83 85
83 86
83 87
83 88
83 89
84 35
84 69
84 70
84 73
84 78
84 79
84 80
84 81
84 82
84 83
84 85
84 86
84 87
84 88
84 89
84 103
85 32
85 80
85 81
85 82
85 83
85 84
85 86
85 87
85 88
85 89
85 90
85 103
85 104
86 31
86 32
86 33
86 34
86 35
86 36
86 39
86 80
86 81
86 82
86 83
86 84
86 85
86 87
86 88
86 89
86 90
86 91
87 32
87 33
87 34
87 35
87 36
87 37
87 38
87 39
87 69
87 70
87 72
87 73
87 78
87 81
87 82
87 83
87 84
87 85
87 86
87 88
87 89
87 90
87 91
87 92
88 35
88 36
88 39
88 66
88 69
88 70
88 73
88 82
88 83
88 84
88 85
88 86
88 87
88 89
88 90
88 91
88 92
88 93
88 96
88 97
88 100
88 103
89 36
89 39
89 83
89 84
89 85
89 86
89 87
89 88
89 90
89 91
89 92
89 93
89 94
89 95
89 96
89 97
89 615
90 35
90 36
90 37
90 38
90 39
90 40
90 45
90 69
90 85
90 86
90 87
90 88
90 89
90 91
90 92
90 93
90 94
90 95
90 612
90 614
90 615
90 616
91 36
91 39
91 40
91 42
91 44
91 45
91 46
91 47
91 62
91 65
91 66
91 68
91 69
91 86
91 87
91 88
91 89
91 90
91 92
91 93
91 94
91 95
91 96
91 97
91 615
92 39
92 45
92 46
92 47
92 50
92 61
92 62
92 65
92 66
92 69
92 87
92 88
92 89
92 90
92 91
92 93
92 94
92 95
92 96
92 97
92 233
92 614
92 615
92 617
93 40
93 45
93 47
93 88
93 89
93 90
93 91
93 92
93 94
93 95
93 96
93 97
93 612
93 613
93 614
93 615
93 616
93 617
94 89
94 90
94 91
94 92
94 93
94 95
94 96
94 97
94 291
94 294
94 405
94 406
94 408
94 409
94 412
94 413
94 614
94 615
94 616
94 617
94 618
95 50
95 58
95 62
95 89
95 90
95 91
95 92
95 93
95 94
95 96
95 97
95 98
95 230
95 231
95 232
95 233
95 234
95 408
95 409
95 411
95 412
95 617
96 59
96 62
96 88
96 89
96 91
96 92
96 93
96 94
96 95
96 97
96 98
96 99
96 100
96 177
96 230
96 231
96 232
96 233
96 234
96 408
96 412
96 413
97 59
97 61
97 62
97 63
97 65
97 66
97 88
97 89
97 91
97 92
97 93
97 94
97 95
97 96
97 98
97 99
97 100
97 101
97 102
97 177
97 178
97 231
97 232
97 233
97 234
97 235
98 59
98 60
98 62
98 63
98 65
98 66
98 95
98 96
98 97
98 99
98 100
98 101
98 102
98 132
98 134
98 177
98 178
98 179
98 180
98 181
98 182
98 183
98 231
98 232
98 233
98 234
98 235
98 236
99 62
99 63
99 66
99 67
99 96
99 97
99 98
99 100
99 101
99 102
99 103
99 104
99 106
99 129
99 132
99 133
99 134
99 177
99 178
99 179
99 182
99 183
99 234
99 235
100 66
100 88
100 96
100 97
100 98
100 99
100 101
100 102
100 103
100 104
100 105
100 106
100 132
100 133
100 134
100 177
100 178
100 234
101 97
101 98
101 99
101 100
101 102
101 103
101 104
101 105
101 106
101 107
101 108
101 132
101 133
101 134
101 135
101 176
101 177
101 178
101 179
101 183
101 186
102 97
102 98
102 99
102 100
102 101
102 103
102 104
102 105
102 106
102 107
102 108
102 109
102 126
102 127
102 129
102 131
102 132
102 133
102 134
102 135
102 177
102 178
102 183
102 185
102 186
102 187
103 81
103 84
103 85
103 88
103 99
103 100
103 101
103 102
103 104
103 105
103 106
103 107
103 108
103 109
103 126
103 127
103 129
103 132
103 133
103 134
104 85
104 99
104 100
104 101
104 102
104 103
104 105
104 106
104 107
104 108
104 109
104 134
104 135
104 276
104 279
104 280
104 283
105 100
105 101
105 102
105 103
105 104
105 106
105 107
105 108
105 109
105 110
105 111
105 133
105 134
105 135
105 136
105 187
105 276
105 277
105 279
105 280
106 99
106 100
106 101
106 102
106 103
106 104
106 105
106 107
106 108
106 109
106 110
106 111
106 123
106 126
106 127
106 132
106 133
106 134
106 135
106 136
106 185
106 186
106 187
106 205
106 276
107 101
107 102
107 103
107 104
107 105
107 106
107 108
107 109
107 110
107 111
107 112
107 113
107 114
107 119
107 122
107 123
107 124
107 126
107 127
107 132
107 133
107 134
107 135
107 187
107 276
108 101
108 102
108 103
108 104
108 105
108 106
108 107
108 109
108 110
108 111
108 112
108 113
108 114
108 123
108 275
108 276
108 277
108 279
108 280
109 102
109 103
109 104
109 105
109 106
109 107
109 108
109 110
109 111
109 112
109 113
109 114
109 135
109 187
109 203
109 205
109 252
109 273
109 274
109 275
109 276
109 277
109 279
110 105
110 106
110 107
110 108
110 109
110 111
110 112
110 113
110 114
110 115
110 116
110 118
110 119
110 120
110 122
110 123
110 126
110 187
110 203
110 204
110 205
110 252
110 254
110 276
111 105
111 106
111 107
111 108
111 109
111 110
111 112
111 113
111 114
111 115
111 116
111 118
111 119
111 123
111 254
111 276
112 107
112 108
112 109
112 110
112 111
112 113
112 114
112 115
112 119
112 252
112 254
112 255
112 272
112 273
112 274
112 275
112 276
112 279
112 355
112 359
113 107
113 108
113 109
113 110
113 111
113 112
113 114
113 115
113 116
113 118
113 119
113 202
113 203
113 204
113 251
113 252
113 253
113 254
113 255
113 256
113 272
113 273
113 274
113 275
113 276
114 107
114 108
114 109
114 110
114 111
114 112
114 113
114 115
114 116
114 117
114 118
114 119
114 120
114 121
114 122
114 123
114 203
114 204
114 205
114 249
114 250
114 251
114 252
114 253
114 254
114 255
115 110
115 111
115 112
115 113
115 114
115 116
115 117
115 118
115 119
115 120
115 121
115 249
115 251
115 252
115 253
115 254
115 255
116 110
116 111
116 113
116 114
116 115
116 117
116 118
116 119
116 120
116 121
116 123
116 253
116 254
117 114
117 115
117 116
117 118
117 119
117 120
117 121
117 122
117 123
117 249
117 253
118 110
118 111
118 113
118 114
118 115
118 116
118 117
118 119
118 120
118 121
118 122
118 123
118 205
118 249
118 250
118 251
118 252
118 253
118 254
119 107
119 110
119 111
119 112
119 113
119 114
119 115
119 116
119 117
119 118
119 120
119 121
119 122
119 123
119 124
119 125
119 126
119 252
120 110
120 114
120 115
120 116
120 117
120 118
120 119
120 121
120 122
120 123
120 124
120 125
121 114
121 115
121 116
121 117
121 118
121 119
121 120
121 122
121 123
121 124
121 125
121 126
122 107
122 110
122 114
122 117
122 118
122 119
122 120
122 121
122 123
122 124
122 125
122 126
122 127
122 130
122 131
122 133
122 205
123 106
123 107
123 108
123 110
123 111
123 114
123 116
123 117
123 118
123 119
123 120
123 121
123 122
123 124
123 125
123 126
123 127
123 128
123 129
123 131
124 107
124 119
124 120
124 121
124 122
124 123
124 125
124 126
124 127
124 128
124 129
124 130
124 131
125 119
125 120
125 121
125 122
125 123
125 124
125 126
125 127
125 128
125 129
125 130
125 131
125 132
126 102
126 103
126 106
126 107
126 110
126 119
126 121
126 122
126 123
126 124
126 125
126 127
126 128
126 129
126 130
126 131
126 132
126 133
126 185
127 70
127 79
127 102
127 103
127 106
127 107
127 122
127 123
127 124
127 125
127 126
127 128
127 129
127 130
127 131
127 132
127 133
128 67
128 70
128 71
128 73
128 74
128 123
128 124
128 125
128 126
128 127
128 129
128 130
128 131
128 132
129 66
129 67
129 70
129 99
129 102
129 103
129 123
129 124
129 125
129 126
129 127
129 128
129 130
129 131
129 132
129 133
129 183
129 184
130 122
130 124
130 125
130 126
130 127
130 128
130 129
130 131
130 132
130 133
130 183
130 184
130 211
130 212
131 102
131 122
131 123
131 124
131 125
131 126
131 127
131 128
131 129
131 130
131 132
131 133
131 134
131 183
131 184
131 185
131 186
131 207
131 211
132 98
132 99
132 100
132 101
132 102
132 103
132 106
132 107
132 125
132 126
132 127
132 128
132 129
132 130
132 131
132 133
132 134
132 178
132 179
132 182
132 183
132 184
132 185
132 186
132 207
133 99
133 100
133 101
133 102
133 103
133 105
133 106
133 107
133 122
133 126
133 127
133 129
133 130
133 131
133 132
133 134
133 135
133 136
133 177
133 178
133 179
133 182
133 183
133 184
133 185
133 186
133 187
133 205
133 206
133 207
133 208
134 98
134 99
134 100
134 101
134 102
134 103
134 104
134 105
134 106
134 107
134 131
134 132
134 133
134 135
134 136
134 137
134 176
134 177
134 178
134 179
134 182
134 183
134 184
134 185
134 186
134 187
134 188
134 205
134 206
134 236
134 237
135 101
135 102
135 104
135 105
135 106
135 107
135 109
135 133
135 134
135 136
135 137
135 138
135 173
135 175
135 176
135 177
135 178
135 179
135 183
135 185
135 186
135 187
135 188
135 189
135 203
135 204
135 205
136 105
136 106
136 133
136 134
136 135
136 137
136 138
136 139
136 172
136 173
136 174
136 175
136 176
136 177
136 179
136 185
136 186
136 187
136 188
136 189
136 190
136 203
136 204
136 205
136 206
136 237
136 238
136 239
137 134
137 135
137 136
137 138
137 139
137 142
137 143
137 146
137 149
137 151
137 172
137 173
137 174
137 175
137 176
137 186
137 187
137 188
137 189
137 190
137 201
137 203
138 135
138 136
138 137
138 139
138 140
138 141
138 142
138 143
138 144
138 145
138 146
138 149
138 151
138 171
138 172
138 173
138 174
138 175
138 176
138 188
138 189
138 238
138 419
138 420
139 136
139 137
139 138
139 140
139 141
139 142
139 143
139 144
139 145
139 146
139 148
139 149
139 150
139 151
139 166
139 169
139 170
139 171
139 172
139 173
139 174
139 175
139 176
139 189
139 238
139 239
139 240
140 138
140 139
140 141
140 142
140 143
140 149
140 168
140 169
140 170
140 171
140 172
140 173
140 174
140 175
140 238
141 138
141 139
141 140
141 142
141 143
141 144
141 145
141 148
141 149
141 150
141 168
141 169
141 170
141 171
141 172
141 173
141 174
142 137
142 138
142 139
142 140
142 141
142 143
142 144
142 145
142 146
142 147
142 148
142 149
142 150
142 170
142 171
142 172
142 173
142 174
143 137
143 138
143 139
143 140
143 141
143 142
143 144
143 145
143 146
143 147
143 148
143 149
143 173
143 174
143 175
143 418
143 419
143 420
143 421
143 422
144 138
144 139
144 141
144 142
144 143
144 145
144 146
144 147
144 148
144 149
144 419
144 420
144 421
144 422
144 425
144 426
145 138
145 139
145 141
145 142
145 143
145 144
145 146
145 147
145 148
145 149
146 137
146 138
146 139
146 142
146 143
146 144
146 145
146 147
146 148
146 149
146 150
146 189
146 190
146 191
146 200
146 201
147 142
147 143
147 144
147 145
147 146
147 148
147 149
147 150
147 190
147 191
147 200
147 201
148 139
148 141
148 142
148 143
148 144
148 145
148 146
148 147
148 149
148 150
148 151
148 171
148 191
148 200
148 201
149 137
149 138
149 139
149 140
149 141
149 142
149 143
149 144
149 145
149 146
149 147
149 148
149 150
149 151
149 152
149 166
149 170
149 171
149 172
149 173
149 189
149 190
149 191
149 200
149 201
150 139
150 141
150 142
150 146
150 147
150 148
150 149
150 151
150 152
150 153
150 165
150 166
150 167
150 168
150 169
150 170
150 171
150 172
150 173
150 189
150 190
150 191
150 201
151 137
151 138
151 139
151 148
151 149
151 150
151 152
151 153
151 154
151 164
151 165
151 166
151 167
151 168
151 170
151 171
151 172
151 173
151 188
151 189
151 190
151 191
151 192
151 201
151 240
151 241
152 149
152 150
152 151
152 153
152 154
152 155
152 162
152 163
152 164
152 165
152 166
152 167
152 171
152 188
152 189
152 190
152 191
152 192
152 193
152 198
152 200
152 201
152 202
152 241
152 243
153 150
153 151
153 152
153 154
153 155
153 156
153 161
153 162
153 163
153 164
153 165
153 166
153 188
153 189
153 190
153 191
153 192
153 193
153 194
153 198
153 200
153 201
153 202
153 203
153 204
153 243
153 244
153 245
153 246
153 251
154 151
154 152
154 153
154 155
154 156
154 157
154 161
154 162
154 163
154 164
154 165
154 190
154 191
154 192
154 193
154 194
154 195
154 196
154 197
154 198
154 243
154 245
155 152
155 153
155 154
155 156
155 157
155 158
155 159
155 160
155 161
155 162
155 163
155 164
155 192
155 193
155 194
155 195
155 196
155 245
155 246
155 247
155 248
155 258
155 260
155 261
155 262
156 153
156 154
156 155
156 157
156 158
156 159
156 160
156 161
156 162
156 163
156 193
156 194
156 195
156 245
156 247
156 248
156 260
156 261
156 262
157 154
157 155
157 156
157 158
157 159
157 160
157 161
157 162
157 194
157 195
157 248
157 258
157 259
157 260
157 261
157 262
157 263
158 155
158 156
158 157
158 159
158 160
158 161
158 260
158 261
158 262
159 155
159 156
159 157
159 158
159 160
159 161
159 162
159 245
159 246
159 247
159 248
159 260
160 155
160 156
160 157
160 158
160 159
160 161
160 162
160 163
160 245
160 246
160 247
160 248
160 249
160 258
160 259
160 260
160 261
160 262
161 153
161 154
161 155
161 156
161 157
161 158
161 159
161 160
161 162
161 163
161 164
161 244
161 245
161 246
161 247
161 248
161 249
161 250
161 251
161 260
161 262
162 152
162 153
162 154
162 155
162 156
162 157
162 159
162 160
162 161
162 163
162 164
162 165
162 192
162 193
162 194
162 204
162 243
162 244
162 245
162 246
162 247
162 248
162 249
162 250
162 251
163 152
163 153
163 154
163 155
163 156
163 160
163 161
163 162
163 164
163 165
163 192
163 193
163 241
163 242
163 243
163 244
163 245
163 246
163 247
163 248
164 151
164 152
164 153
164 154
164 155
164 161
164 162
164 163
164 165
164 166
164 167
164 188
164 190
164 191
164 192
164 204
164 206
164 219
164 220
164 240
164 241
164 242
164 243
164 244
164 245
164 246
165 150
165 151
165 152
165 153
165 154
165 162
165 163
165 164
165 166
165 167
165 168
165 171
165 172
165 190
165 191
165 219
165 220
165 240
165 241
165 242
165 243
165 244
165 245
166 139
166 149
166 150
166 151
166 152
166 153
166 164
166 165
166 167
166 168
166 169
166 170
166 171
166 172
166 173
166 190
166 239
166 240
166 241
166 242
166 243
166 244
167 150
167 151
167 152
167 164
167 165
167 166
167 168
167 169
167 170
167 171
167 172
167 240
167 241
167 242
167 243
168 140
168 141
168 150
168 151
168 165
168 166
168 167
168 169
168 170
168 171
168 172
168 240
169 139
169 140
169 141
169 150
169 166
169 167
169 168
169 170
169 171
169 172
169 173
169 240
170 139
170 140
170 141
170 142
170 149
170 150
170 151
170 166
170 167
170 168
170 169
170 171
170 172
170 173
170 174
170 240
171 138
171 139
171 140
171 141
171 142
171 148
171 149
171 150
171 151
171 152
171 165
171 166
171 167
171 168
171 169
171 170
171 172
171 173
171 174
171 190
171 239
171 240
171 241
172 136
172 137
172 138
172 139
172 140
172 141
172 142
172 149
172 150
172 151
172 165
172 166
172 167
172 168
172 169
172 170
172 171
172 173
172 174
172 221
172 222
172 238
172 239
172 240
172 241
173 135
173 136
173 137
173 138
173 139
173 140
173 141
173 142
173 143
173 149
173 150
173 151
173 166
173 169
173 170
173 171
173 172
173 174
173 175
173 176
173 179
173 188
173 189
173 222
173 237
173 238
173 239
173 240
173 241
174 136
174 137
174 138
174 139
174 140
174 141
174 142
174 143
174 170
174 171
174 172
174 173
174 175
174 176
174 177
174 179
174 180
174 224
174 225
174 236
174 237
174 238
174 239
174 240
175 135
175 136
175 137
175 138
175 139
175 140
175 143
175 173
175 174
175 176
175 177
175 178
175 179
175 180
175 224
175 225
175 235
175 236
175 237
175 238
175 239
175 419
176 101
176 134
176 135
176 136
176 137
176 138
176 139
176 173
176 174
176 175
176 177
176 178
176 179
176 180
176 183
176 186
176 224
176 225
176 234
176 235
176 236
176 237
176 238
176 239
176 419
177 96
177 97
177 98
177 99
177 100
177 101
177 102
177 133
177 134
177 135
177 136
177 174
177 175
177 176
177 178
177 179
177 180
177 181
177 182
177 183
177 224
177 231
177 233
177 234
177 235
177 236
177 237
177 238
178 97
178 98
178 99
178 100
178 101
178 102
178 132
178 133
178 134
178 135
178 175
178 176
178 177
178 179
178 180
178 181
178 182
178 183
178 184
178 185
178 186
178 223
178 224
178 233
178 234
178 235
178 236
178 237
179 98
179 99
179 101
179 132
179 133
179 134
179 135
179 136
179 173
179 174
179 175
179 176
179 177
179 178
179 180
179 181
179 182
179 183
179 184
179 185
179 186
179 208
179 222
179 223
179 224
179 225
179 234
179 235
179 236
179 237
179 238
179 239
180 98
180 174
180 175
180 176
180 177
180 178
180 179
180 181
180 182
180 183
180 184
180 221
180 222
180 223
180 224
180 225
180 226
180 234
180 235
180 236
180 237
180 238
180 239
181 59
181 98
181 177
181 178
181 179
181 180
181 182
181 183
181 184
181 209
181 214
181 215
181 216
181 222
181 223
181 224
181 234
181 235
181 236
181 237
182 59
182 63
182 98
182 99
182 132
182 133
182 134
182 177
182 178
182 179
182 180
182 181
182 183
182 184
182 185
182 209
182 214
182 223
182 224
182 234
182 235
182 236
182 237
183 98
183 99
183 101
183 102
183 129
183 130
183 131
183 132
183 133
183 134
183 135
183 176
183 177
183 178
183 179
183 180
183 181
183 182
183 184
183 185
183 186
183 207
183 208
183 209
183 214
183 235
183 237
184 129
184 130
184 131
184 132
184 133
184 134
184 178
184 179
184 180
184 181
184 182
184 183
184 185
184 186
184 206
184 207
184 208
184 209
184 210
184 211
184 212
184 214
184 215
184 216
184 217
185 102
185 106
185 126
185 131
185 132
185 133
185 134
185 135
185 136
185 178
185 179
185 182
185 183
185 184
185 186
185 187
185 188
185 205
185 206
185 207
185 208
185 209
185 210
185 211
186 101
186 102
186 106
186 131
186 132
186 133
186 134
186 135
186 136
186 137
186 176
186 178
186 179
186 183
186 184
186 185
186 187
186 188
186 189
186 203
186 204
186 205
186 206
186 207
186 208
186 209
186 239
187 102
187 105
187 106
187 107
187 109
187 110
187 133
187 134
187 135
187 136
187 137
187 185
187 186
187 188
187 189
187 190
187 202
187 203
187 204
187 205
187 206
187 207
187 250
187 251
187 252
188 134
188 135
188 136
188 137
188 138
188 151
188 152
188 153
188 164
188 173
188 185
188 186
188 187
188 189
188 190
188 191
188 201
188 202
188 203
188 204
188 205
188 206
188 239
188 251
189 135
189 136
189 137
189 138
189 139
189 146
189 149
189 150
189 151
189 152
189 153
189 173
189 186
189 187
189 188
189 190
189 191
189 192
189 200
189 201
189 202
189 203
189 204
189 205
189 251
189 273
190 136
190 137
190 146
190 147
190 149
190 150
190 151
190 152
190 153
190 154
190 164
190 165
190 166
190 171
190 187
190 188
190 189
190 191
190 192
190 193
190 200
190 201
190 202
190 203
190 204
191 146
191 147
191 148
191 149
191 150
191 151
191 152
191 153
191 154
191 164
191 165
191 188
191 189
191 190
191 192
191 193
191 194
191 198
191 199
191 200
191 201
191 202
191 203
192 151
192 152
192 153
192 154
192 155
192 162
192 163
192 164
192 189
192 190
192 191
192 193
192 194
192 196
192 197
192 198
192 199
192 200
192 201
192 202
192 203
192 204
192 251
192 258
192 264
193 152
193 153
193 154
193 155
193 156
193 162
193 163
193 190
193 191
193 192
193 194
193 195
193 196
193 197
193 198
193 199
193 200
193 201
193 202
193 262
193 264
194 153
194 154
194 155
194 156
194 157
194 162
194 191
194 192
194 193
194 195
194 196
194 197
194 198
194 199
194 258
194 261
194 262
194 263
194 264
195 154
195 155
195 156
195 157
195 193
195 194
195 196
195 197
195 198
195 261
195 262
195 263
195 264
196 154
196 155
196 192
196 193
196 194
196 195
196 197
196 198
196 199
196 262
197 154
197 192
197 193
197 194
197 195
197 196
197 198
197 199
197 200
197 264
198 152
198 153
198 154
198 191
198 192
198 193
198 194
198 195
198 196
198 197
198 199
198 200
198 201
199 191
199 192
199 193
199 194
199 196
199 197
199 198
199 200
199 201
199 202
199 264
199 266
200 146
200 147
200 148
200 149
200 152
200 153
200 189
200 190
200 191
200 192
200 193
200 197
200 198
200 199
200 201
200 202
200 270
201 137
201 146
201 147
201 148
201 149
201 150
201 151
201 152
201 153
201 188
201 189
201 190
201 191
201 192
201 193
201 198
201 199
201 200
201 202
201 203
201 204
201 270
201 273
201 274
202 113
202 152
202 153
202 187
202 188
202 189
202 190
202 191
202 192
202 193
202 199
202 200
202 201
202 203
202 204
202 251
202 252
202 253
202 256
202 257
202 270
202 273
202 274
203 109
203 110
203 113
203 114
203 135
203 136
203 137
203 153
203 186
203 187
203 188
203 189
203 190
203 191
203 192
203 201
203 202
203 204
203 205
203 206
203 250
203 251
203 252
203 253
203 256
203 273
203 274
204 110
204 113
204 114
204 135
204 136
204 153
204 162
204 164
204 186
204 187
204 188
204 189
204 190
204 192
204 201
204 202
204 203
204 205
204 206
204 207
204 246
204 247
204 248
204 249
204 250
204 251
204 252
204 253
205 106
205 109
205 110
205 114
205 118
205 122
205 133
205 134
205 135
205 136
205 185
205 186
205 187
205 188
205 189
205 203
205 204
205 206
205 207
205 208
205 246
205 247
205 249
205 250
205 251
205 252
206 133
206 134
206 136
206 164
206 184
206 185
206 186
206 187
206 188
206 203
206 204
206 205
206 207
206 208
206 209
206 241
206 244
206 245
206 246
206 247
206 250
206 251
207 131
207 132
207 133
207 183
207 184
207 185
207 186
207 187
207 204
207 205
207 206
207 208
207 209
207 210
207 211
207 216
207 217
207 220
207 244
207 245
207 246
207 250
208 133
208 179
208 183
208 184
208 185
208 186
208 205
208 206
208 207
208 209
208 210
208 211
208 214
208 215
208 216
208 217
208 218
208 219
208 220
208 221
208 222
208 239
208 240
208 241
208 244
209 181
209 182
209 183
209 184
209 185
209 186
209 206
209 207
209 208
209 210
209 211
209 212
209 213
209 214
209 215
209 216
209 217
209 218
209 220
209 221
209 222
210 184
210 185
210 207
210 208
210 209
210 211
210 212
210 213
210 214
210 215
210 216
210 217
210 218
211 130
211 131
211 184
211 185
211 207
211 208
211 209
211 210
211 212
211 213
211 214
211 215
211 216
211 217
212 130
212 184
212 209
212 210
212 211
212 213
212 214
212 215
213 209
213 210
213 211
213 212
213 214
213 215
213 216
214 181
214 182
214 183
214 184
214 208
214 209
214 210
214 211
214 212
214 213
214 215
214 216
214 217
215 181
215 184
215 208
215 209
215 210
215 211
215 212
215 213
215 214
215 216
215 217
215 218
215 220
215 222
216 181
216 184
216 207
216 208
216 209
216 210
216 211
216 213
216 214
216 215
216 217
216 218
216 219
216 220
216 221
216 222
216 223
217 184
217 207
217 208
217 209
217 210
217 211
217 214
217 215
217 216
217 218
217 219
217 220
217 221
217 222
217 241
217 244
218 208
218 209
218 210
218 215
218 216
218 217
218 219
218 220
218 221
218 241
218 242
218 243
218 244
218 245
219 164
219 165
219 208
219 216
219 217
219 218
219 220
219 221
219 222
219 240
219 241
219 242
219 243
219 244
219 245
220 164
220 165
220 207
220 208
220 209
220 215
220 216
220 217
220 218
220 219
220 221
220 222
220 223
220 239
220 240
220 241
220 242
220 243
220 244
221 172
221 180
221 208
221 209
221 216
221 217
221 218
221 219
221 220
221 222
221 223
221 238
221 239
221 240
221 241
221 242
222 172
222 173
222 179
222 180
222 181
222 208
222 209
222 215
222 216
222 217
222 219
222 220
222 221
222 223
222 224
222 225
222 237
222 238
222 239
222 240
222 241
223 178
223 179
223 180
223 181
223 182
223 216
223 220
223 221
223 222
223 224
223 225
223 226
223 235
223 236
223 237
223 238
223 239
223 240
224 174
224 175
224 176
224 177
224 178
224 179
224 180
224 181
224 182
224 222
224 223
224 225
224 226
224 227
224 234
224 235
224 236
224 237
224 238
224 239
225 174
225 175
225 176
225 179
225 180
225 222
225 223
225 224
225 226
225 227
225 228
225 235
225 236
225 237
225 238
226 55
226 180
226 223
226 224
226 225
226 227
226 228
226 232
226 235
226 236
226 237
227 55
227 224
227 225
227 226
227 228
227 229
227 230
227 231
227 232
227 234
227 235
227 236
228 225
228 226
228 227
228 229
228 230
228 231
228 232
228 234
228 236
228 411
229 227
229 228
229 230
229 231
229 232
229 410
229 411
229 412
229 414
229 415
230 95
230 96
230 227
230 228
230 229
230 231
230 232
230 233
230 234
230 407
230 408
230 409
230 410
230 411
230 412
230 413
230 414
230 415
231 55
231 58
231 59
231 95
231 96
231 97
231 98
231 177
231 227
231 228
231 229
231 230
231 232
231 233
231 234
231 235
231 236
231 408
231 411
231 412
231 413
231 415
232 50
232 54
232 55
232 56
232 57
232 58
232 59
232 62
232 95
232 96
232 97
232 98
232 226
232 227
232 228
232 229
232 230
232 231
232 233
232 234
232 235
232 236
232 411
232 412
233 50
233 54
233 55
233 56
233 57
233 58
233 59
233 60
233 61
233 62
233 63
233 92
233 95
233 96
233 97
233 98
233 177
233 178
233 230
233 231
233 232
233 234
233 235
233 236
234 55
234 56
234 58
234 59
234 60
234 62
234 63
234 95
234 96
234 97
234 98
234 99
234 100
234 176
234 177
234 178
234 179
234 180
234 181
234 182
234 224
234 227
234 228
234 230
234 231
234 232
234 233
234 235
234 236
234 237
235 55
235 56
235 59
235 97
235 98
235 99
235 175
235 176
235 177
235 178
235 179
235 180
235 181
235 182
235 183
235 223
235 224
235 225
235 226
235 227
235 231
235 232
235 233
235 234
235 236
235 237
235 238
236 98
236 134
236 174
236 175
236 176
236 177
236 178
236 179
236 180
236 181
236 182
236 223
236 224
236 225
236 226
236 227
236 228
236 231
236 232
236 233
236 234
236 235
236 237
236 238
237 134
237 136
237 173
237 174
237 175
237 176
237 177
237 178
237 179
237 180
237 181
237 182
237 183
237 222
237 223
237 224
237 225
237 226
237 234
237 235
237 236
237 238
237 239
238 136
238 138
238 139
238 140
238 172
238 173
238 174
238 175
238 176
238 177
238 179
238 180
238 221
238 222
238 223
238 224
238 225
238 235
238 236
238 237
238 239
238 240
239 136
239 139
239 166
239 171
239 172
239 173
239 174
239 175
239 176
239 179
239 180
239 186
239 188
239 208
239 220
239 221
239 222
239 223
239 224
239 237
239 238
239 240
239 241
239 242
240 139
240 151
240 164
240 165
240 166
240 167
240 168
240 169
240 170
240 171
240 172
240 173
240 174
240 208
240 219
240 220
240 221
240 222
240 223
240 238
240 239
240 241
240 242
240 243
240 244
241 151
241 152
241 163
241 164
241 165
241 166
241 167
241 171
241 172
241 173
241 206
241 208
241 217
241 218
241 219
241 220
241 221
241 222
241 239
241 240
241 242
241 243
241 244
241 245
242 163
242 164
242 165
242 166
242 167
242 218
242 219
242 220
242 221
242 239
242 240
242 241
242 243
242 244
242 245
243 152
243 153
243 154
243 162
243 163
243 164
243 165
243 166
243 167
243 218
243 219
243 220
243 240
243 241
243 242
243 244
243 245
243 246
244 153
244 161
244 162
244 163
244 164
244 165
244 166
244 206
244 207
244 208
244 217
244 218
244 219
244 220
244 240
244 241
244 242
244 243
244 245
244 246
245 153
245 154
245 155
245 156
245 159
245 160
245 161
245 162
245 163
245 164
245 165
245 206
245 207
245 218
245 219
245 241
245 242
245 243
245 244
245 246
245 247
245 248
246 153
246 155
246 159
246 160
246 161
246 162
246 163
246 164
246 204
246 205
246 206
246 207
246 243
246 244
246 245
246 247
246 248
246 249
246 250
246 251
247 155
247 156
247 159
247 160
247 161
247 162
247 163
247 204
247 205
247 206
247 245
247 246
247 248
247 249
247 250
247 251
248 155
248 156
248 157
248 159
248 160
248 161
248 162
248 163
248 204
248 245
248 246
248 247
248 249
248 250
248 251
248 252
248 253
248 257
248 258
248 259
248 260
248 262
249 114
249 115
249 117
249 118
249 160
249 161
249 162
249 204
249 205
249 246
249 247
249 248
249 250
249 251
249 252
249 253
249 257
249 258
249 259
249 260
250 114
250 118
250 161
250 162
250 187
250 203
250 204
250 205
250 206
250 207
250 246
250 247
250 248
250 249
250 251
250 252
250 253
251 113
251 114
251 115
251 118
251 153
251 161
251 162
251 187
251 188
251 189
251 192
251 202
251 203
251 204
251 205
251 206
251 246
251 247
251 248
251 249
251 250
251 252
251 253
251 254
251 256
251 257
251 258
252 109
252 110
252 112
252 113
252 114
252 115
252 118
252 119
252 187
252 202
252 203
252 204
252 205
252 248
252 249
252 250
252 251
252 253
252 254
252 255
252 256
252 257
252 258
252 273
253 113
253 114
253 115
253 116
253 117
253 118
253 202
253 203
253 204
253 248
253 249
253 250
253 251
253 252
253 254
253 255
253 256
253 257
253 258
253 265
253 267
254 110
254 111
254 112
254 113
254 114
254 115
254 116
254 118
254 251
254 252
254 253
254 255
254 256
254 257
254 267
254 272
254 273
255 112
255 113
255 114
255 115
255 252
255 253
255 254
255 256
255 257
255 265
255 266
255 267
255 268
255 269
255 270
255 272
255 273
256 113
256 202
256 203
256 251
256 252
256 253
256 254
256 255
256 257
256 258
256 264
256 265
256 266
256 267
256 268
256 269
256 270
256 272
256 273
257 202
257 248
257 249
257 251
257 252
257 253
257 254
257 255
257 256
257 258
257 259
257 260
257 262
257 263
257 264
257 265
257 266
257 267
258 155
258 157
258 160
258 192
258 194
258 248
258 249
258 251
258 252
258 253
258 256
258 257
258 259
258 260
258 261
258 262
258 263
258 264
258 265
258 266
259 157
259 160
259 248
259 249
259 257
259 258
259 260
259 261
259 262
259 263
259 264
259 265
260 155
260 156
260 157
260 158
260 159
260 160
260 161
260 248
260 249
260 257
260 258
260 259
260 261
260 262
260 263
260 264
261 155
261 156
261 157
261 158
261 160
261 194
261 195
261 258
261 259
261 260
261 262
261 263
261 264
262 155
262 156
262 157
262 158
262 160
262 161
262 193
262 194
262 195
262 196
262 248
262 257
262 258
262 259
262 260
262 261
262 263
262 264
262 265
263 157
263 194
263 195
263 257
263 258
263 259
263 260
263 261
263 262
263 264
263 265
263 266
264 192
264 193
264 194
264 195
264 197
264 199
264 256
264 257
264 258
264 259
264 260
264 261
264 262
264 263
264 265
264 266
264 267
265 253
265 255
265 256
265 257
265 258
265 259
265 262
265 263
265 264
265 266
265 267
265 268
266 199
266 255
266 256
266 257
266 258
266 263
266 264
266 265
266 267
266 268
266 269
266 270
267 253
267 254
267 255
267 256
267 257
267 264
267 265
267 266
267 268
267 269
267 270
267 271
267 272
267 273
268 255
268 256
268 265
268 266
268 267
268 269
268 270
268 271
268 272
268 361
268 363
269 255
269 256
269 266
269 267
269 268
269 270
269 271
269 272
269 273
269 363
270 200
270 201
270 202
270 255
270 256
270 266
270 267
270 268
270 269
270 271
270 272
270 273
270 274
271 267
271 268
271 269
271 270
271 272
271 273
271 274
271 275
271 363
271 366
271 367
271 370
272 112
272 113
272 254
272 255
272 256
272 267
272 268
272 269
272 270
272 271
272 273
272 274
272 275
272 276
272 278
272 358
272 363
272 366
273 109
273 112
273 113
273 189
273 201
273 202
273 203
273 252
273 254
273 255
273 256
273 267
273 269
273 270
273 271
273 272
273 274
273 275
273 276
273 277
274 109
274 112
274 113
274 201
274 202
274 203
274 270
274 271
274 272
274 273
274 275
274 276
274 277
274 278
274 279
274 370
275 108
275 109
275 112
275 113
275 271
275 272
275 273
275 274
275 276
275 277
275 278
275 279
275 280
275 355
275 366
275 370
276 104
276 105
276 106
276 107
276 108
276 109
276 110
276 111
276 112
276 113
276 272
276 273
276 274
276 275
276 277
276 278
276 279
276 280
276 281
277 105
277 108
277 109
277 273
277 274
277 275
277 276
277 278
277 279
277 280
277 281
277 282
277 370
277 373
277 374
277 420
277 421
278 272
278 274
278 275
278 276
278 277
278 279
278 280
278 281
278 282
278 283
278 351
278 366
278 369
278 370
278 371
278 372
278 373
278 374
278 377
278 420
279 104
279 105
279 108
279 109
279 112
279 274
279 275
279 276
279 277
279 278
279 280
279 281
279 282
279 283
279 284
279 347
279 348
279 351
279 352
279 355
279 369
279 370
279 373
280 104
280 105
280 108
280 275
280 276
280 277
280 278
280 279
280 281
280 282
280 283
280 284
280 285
280 348
280 373
280 377
280 420
281 276
281 277
281 278
281 279
281 280
281 282
281 283
281 284
281 285
281 286
281 287
281 347
281 348
281 351
281 370
281 372
281 373
281 374
281 375
281 376
281 377
281 378
281 416
281 419
281 420
281 421
282 277
282 278
282 279
282 280
282 281
282 283
282 284
282 285
282 286
282 287
282 343
282 344
282 345
282 346
282 347
282 348
282 349
282 350
282 351
282 352
282 369
282 370
282 372
282 373
282 374
282 376
282 377
283 104
283 278
283 279
283 280
283 281
283 282
283 284
283 285
283 286
283 287
283 288
283 344
283 345
283 347
283 348
283 351
283 373
283 377
284 279
284 280
284 281
284 282
284 283
284 285
284 286
284 287
284 288
284 289
284 290
284 344
284 347
284 348
284 373
284 376
284 377
284 378
284 380
284 381
284 416
284 420
285 280
285 281
285 282
285 283
285 284
285 286
285 287
285 288
285 289
285 290
285 340
285 341
285 342
285 343
285 344
285 345
285 346
285 347
285 348
285 373
285 374
285 375
285 376
285 377
285 378
285 379
285 380
285 381
285 384
285 416
286 281
286 282
286 283
286 284
286 285
286 287
286 288
286 289
286 290
286 291
286 292
286 337
286 340
286 341
286 342
286 343
286 344
286 345
286 346
286 347
286 348
286 377
286 380
286 381
287 281
287 282
287 283
287 284
287 285
287 286
287 288
287 289
287 290
287 291
287 292
287 293
287 340
287 341
287 344
287 377
287 380
287 381
287 384
287 413
287 416
288 283
288 284
288 285
288 286
288 287
288 289
288 290
288 291
288 292
288 293
288 336
288 337
288 340
288 341
288 344
288 377
288 378
288 379
288 380
288 381
288 382
288 383
288 384
288 385
288 388
288 413
288 414
288 416
289 284
289 285
289 286
289 287
289 288
289 290
289 291
289 292
289 293
289 294
289 334
289 336
289 337
289 338
289 339
289 340
289 341
289 342
289 343
289 344
289 380
289 381
289 383
289 384
290 284
290 285
290 286
290 287
290 288
290 289
290 291
290 292
290 293
290 294
290 295
290 296
290 337
290 338
290 340
290 341
290 344
290 384
290 609
290 611
291 94
291 286
291 287
291 288
291 289
291 290
291 292
291 293
291 294
291 295
291 296
291 297
291 337
291 381
291 384
291 385
291 387
291 388
291 406
291 409
291 410
291 412
291 413
291 616
292 286
292 287
292 288
292 289
292 290
292 291
292 293
292 294
292 295
292 296
292 297
292 298
292 333
292 334
292 336
292 337
292 338
292 340
292 341
292 380
292 381
292 383
292 384
292 385
292 386
292 387
292 388
292 389
292 391
292 409
292 410
292 413
293 287
293 288
293 289
293 290
293 291
293 292
293 294
293 295
293 296
293 297
293 298
293 299
293 333
293 334
293 335
293 336
293 337
293 338
293 340
293 341
293 384
293 387
293 388
293 605
293 606
293 607
293 609
293 611
294 94
294 289
294 290
294 291
294 292
294 293
294 295
294 296
294 297
294 298
294 299
294 300
294 334
294 337
294 388
294 391
294 405
294 406
294 409
294 606
294 609
294 610
294 611
294 615
294 616
294 617
294 618
294 621
295 290
295 291
295 292
295 293
295 294
295 296
295 297
295 298
295 299
295 300
295 330
295 333
295 334
295 337
295 384
295 387
295 388
295 389
295 390
295 391
295 392
295 404
295 405
295 406
295 407
295 409
295 410
295 606
295 616
295 618
295 621
296 290
296 291
296 292
296 293
296 294
296 295
296 297
296 298
296 299
296 300
296 301
296 302
296 330
296 331
296 332
296 333
296 334
296 335
296 336
296 337
296 387
296 388
296 390
296 391
296 392
296 394
296 406
296 602
296 603
296 605
296 606
296 621
297 291
297 292
297 293
297 294
297 295
297 296
297 298
297 299
297 300
297 301
297 302
297 303
297 330
297 334
297 391
297 602
297 603
297 604
297 605
297 606
297 607
297 608
297 609
297 610
297 611
297 616
297 618
297 620
297 621
297 622
297 623
298 292
298 293
298 294
298 295
298 296
298 297
298 299
298 300
298 301
298 302
298 303
298 391
298 392
298 395
298 399
298 404
298 405
298 406
298 606
298 611
298 613
298 616
298 617
298 618
298 619
298 620
298 621
298 622
298 623
299 293
299 294
299 295
299 296
299 297
299 298
299 300
299 301
299 302
299 303
299 304
299 321
299 326
299 329
299 330
299 388
299 390
299 391
299 392
299 393
299 394
299 395
299 396
299 399
299 404
299 406
299 606
299 620
299 621
300 294
300 295
300 296
300 297
300 298
300 299
300 301
300 302
300 303
300 304
300 305
300 306
300 320
300 321
300 326
300 327
300 330
300 331
300 334
300 391
300 394
300 395
300 602
300 603
300 605
300 606
300 620
300 621
301 3
301 4
301 7
301 296
301 297
301 298
301 299
301 300
301 302
301 303
301 304
301 305
301 306
301 321
301 602
301 603
301 604
301 606
301 607
301 620
301 621
301 622
301 623
301 624
301 625
301 627
302 4
302 296
302 297
302 298
302 299
302 300
302 301
302 303
302 304
302 305
302 306
302 307
302 319
302 320
302 321
302 394
302 395
302 398
302 399
302 404
302 603
302 619
302 620
302 621
302 622
302 623
302 625
302 626
302 627
303 4
303 297
303 298
303 299
303 300
303 301
303 302
303 304
303 305
303 306
303 307
303 308
303 319
303 320
303 321
303 322
303 323
303 326
303 327
303 330
303 394
303 395
303 603
303 620
303 621
304 3
304 4
304 6
304 7
304 299
304 300
304 301
304 302
304 303
304 305
304 306
304 307
304 318
304 319
304 320
304 321
304 322
304 599
304 602
304 603
304 625
305 1
305 2
305 3
305 4
305 7
305 300
305 301
305 302
305 303
305 304
305 306
305 307
305 308
305 318
305 319
305 320
305 321
305 620
305 624
305 625
305 626
305 627
305 628
306 3
306 300
306 301
306 302
306 303
306 304
306 305
306 307
306 308
306 317
306 318
306 319
306 320
306 321
306 395
306 620
306 625
306 627
306 628
307 302
307 303
307 304
307 305
307 306
307 308
307 309
307 310
307 316
307 317
307 318
307 319
307 320
307 321
307 322
308 303
308 305
308 306
308 307
308 309
308 310
308 311
308 316
308 317
308 318
308 319
308 320
309 307
309 308
309 310
309 311
309 312
309 313
309 315
309 316
309 317
309 318
309 319
309 320
309 323
310 307
310 308
310 309
310 311
310 312
310 313
310 314
310 315
310 316
310 317
310 318
310 319
310 320
311 308
311 309
311 310
311 312
311 313
311 314
311 315
311 316
311 317
311 318
311 322
311 323
312 309
312 310
312 311
312 313
312 314
312 315
312 316
312 317
312 318
313 309
313 310
313 311
313 312
313 314
313 315
313 316
313 317
314 310
314 311
314 312
314 313
314 315
314 316
314 317
315 309
315 310
315 311
315 312
315 313
315 314
315 316
315 317
315 318
316 307
316 308
316 309
316 310
316 311
316 312
316 313
316 314
316 315
316 317
316 318
316 319
317 306
317 307
317 308
317 309
317 310
317 311
317 312
317 313
317 314
317 315
317 316
317 318
317 319
317 320
318 304
318 305
318 306
318 307
318 308
318 309
318 310
318 311
318 312
318 315
318 316
318 317
318 319
318 320
318 321
318 322
318 323
319 3
319 302
319 303
319 304
319 305
319 306
319 307
319 308
319 309
319 310
319 316
319 317
319 318
319 320
319 321
319 322
319 323
320 300
320 302
320 303
320 304
320 305
320 306
320 307
320 308
320 309
320 310
320 317
320 318
320 319
320 321
320 322
320 323
320 324
320 325
320 326
320 327
320 394
320 395
321 299
321 300
321 301
321 302
321 303
321 304
321 305
321 306
321 307
321 318
321 319
321 320
321 322
321 323
321 324
321 325
321 326
321 327
321 328
321 330
321 394
321 599
321 600
321 602
322 303
322 304
322 307
322 311
322 318
322 319
322 320
322 321
322 323
322 324
322 325
322 326
322 327
322 595
322 596
322 599
322 600
323 303
323 309
323 311
323 318
323 319
323 320
323 321
323 322
323 324
323 325
323 326
323 327
323 328
323 596
324 320
324 321
324 322
324 323
324 325
324 326
324 327
324 328
324 329
324 330
324 331
324 592
324 593
324 595
324 596
324 599
325 320
325 321
325 322
325 323
325 324
325 326
325 327
325 328
325 329
325 330
325 394
325 592
325 595
326 299
326 300
326 303
326 320
326 321
326 322
326 323
326 324
326 325
326 327
326 328
326 329
326 330
326 331
326 391
326 394
326 395
326 595
327 300
327 303
327 320
327 321
327 322
327 323
327 324
327 325
327 326
327 328
327 329
327 330
327 331
327 332
327 333
327 334
327 394
327 592
327 594
327 595
327 596
327 598
327 599
327 602
328 321
328 323
328 324
328 325
328 326
328 327
328 329
328 330
328 331
328 332
328 333
328 564
328 591
328 592
328 594
328 595
328 596
329 299
329 324
329 325
329 326
329 327
329 328
329 330
329 331
329 332
329 333
329 334
329 387
329 390
329 391
329 393
329 394
330 295
330 296
330 297
330 299
330 300
330 303
330 321
330 324
330 325
330 326
330 327
330 328
330 329
330 331
330 332
330 333
330 334
330 335
330 336
330 387
330 388
330 390
330 391
330 394
330 595
330 602
331 296
331 300
331 324
331 326
331 327
331 328
331 329
331 330
331 332
331 333
331 334
331 335
331 336
331 337
331 557
331 560
331 561
331 564
331 591
331 594
331 595
331 596
331 598
331 599
331 602
332 296
332 327
332 328
332 329
332 330
332 331
332 333
332 334
332 335
332 336
332 337
332 387
332 557
332 558
332 559
332 560
332 561
332 562
332 563
332 564
332 565
332 591
332 594
332 595
333 292
333 293
333 295
333 296
333 327
333 328
333 329
333 330
333 331
333 332
333 334
333 335
333 336
333 337
333 338
333 339
333 383
333 384
333 386
333 387
333 388
333 390
333 391
333 557
333 560
333 561
333 564
334 289
334 292
334 293
334 294
334 295
334 296
334 297
334 300
334 327
334 329
334 330
334 331
334 332
334 333
334 335
334 336
334 337
334 338
334 339
334 340
334 387
334 557
334 560
334 561
334 598
334 602
334 605
334 606
335 293
335 296
335 330
335 331
335 332
335 333
335 334
335 336
335 337
335 338
335 339
335 340
335 538
335 554
335 555
335 556
335 557
335 558
335 559
335 560
335 561
335 562
335 564
335 598
335 605
336 288
336 289
336 292
336 293
336 296
336 330
336 331
336 332
336 333
336 334
336 335
336 337
336 338
336 339
336 340
336 341
336 380
336 383
336 384
336 387
336 534
336 535
336 538
336 557
336 558
336 560
336 561
336 562
336 564
336 565
337 286
337 288
337 289
337 290
337 291
337 292
337 293
337 294
337 295
337 296
337 331
337 332
337 333
337 334
337 335
337 336
337 338
337 339
337 340
337 341
337 342
337 343
337 380
337 383
337 384
337 387
337 557
337 561
337 606
337 609
338 22
338 289
338 290
338 292
338 293
338 333
338 334
338 335
338 336
338 337
338 339
338 340
338 341
338 342
338 343
338 344
338 538
338 554
338 557
338 558
338 561
338 605
338 606
338 609
339 289
339 333
339 334
339 335
339 336
339 337
339 338
339 340
339 341
339 342
339 343
339 344
339 380
339 534
339 535
339 536
339 537
339 538
339 539
339 541
339 554
339 557
339 558
339 561
339 562
340 285
340 286
340 287
340 288
340 289
340 290
340 292
340 293
340 334
340 335
340 336
340 337
340 338
340 339
340 341
340 342
340 343
340 344
340 345
340 346
340 376
340 380
340 383
340 384
340 534
340 535
340 537
340 538
341 22
341 23
341 285
341 286
341 287
341 288
341 289
341 290
341 292
341 293
341 336
341 337
341 338
341 339
341 340
341 342
341 343
341 344
341 345
341 346
341 347
341 538
341 609
342 21
342 22
342 285
342 286
342 289
342 337
342 338
342 339
342 340
342 341
342 343
342 344
342 345
342 346
342 347
342 534
342 537
342 538
342 539
342 540
342 541
343 282
343 285
343 286
343 289
343 337
343 338
343 339
343 340
343 341
343 342
343 344
343 345
343 346
343 347
343 348
343 349
343 376
343 380
343 533
343 534
343 535
343 536
343 537
343 538
343 541
344 282
344 283
344 284
344 285
344 286
344 287
344 288
344 289
344 290
344 338
344 339
344 340
344 341
344 342
344 343
344 345
344 346
344 347
344 348
344 349
344 350
344 376
344 377
344 380
344 534
345 22
345 23
345 24
345 282
345 283
345 285
345 286
345 340
345 341
345 342
345 343
345 344
345 346
345 347
345 348
345 349
345 350
346 282
346 285
346 286
346 340
346 341
346 342
346 343
346 344
346 345
346 347
346 348
346 349
346 350
346 351
346 537
346 541
347 279
347 281
347 282
347 283
347 284
347 285
347 286
347 341
347 342
347 343
347 344
347 345
347 346
347 348
347 349
347 350
347 351
347 352
347 369
347 372
347 373
347 376
347 377
348 279
348 280
348 281
348 282
348 283
348 284
348 285
348 286
348 343
348 344
348 345
348 346
348 347
348 349
348 350
348 351
348 352
348 353
348 373
349 282
349 343
349 344
349 345
349 346
349 347
349 348
349 350
349 351
349 352
349 353
349 354
349 355
350 282
350 344
350 345
350 346
350 347
350 348
350 349
350 351
350 352
350 353
350 354
350 355
350 365
350 369
350 372
350 373
351 278
351 279
351 281
351 282
351 283
351 346
351 347
351 348
351 349
351 350
351 352
351 353
351 354
351 355
351 356
351 366
351 369
351 370
351 372
351 373
352 279
352 282
352 347
352 348
352 349
352 350
352 351
352 353
352 354
352 355
352 356
352 357
352 358
353 348
353 349
353 350
353 351
353 352
353 354
353 355
353 356
353 357
353 358
354 349
354 350
354 351
354 352
354 353
354 355
354 356
354 357
354 358
354 359
354 360
354 362
354 363
354 364
354 365
354 366
354 369
355 112
355 275
355 279
355 349
355 350
355 351
355 352
355 353
355 354
355 356
355 357
355 358
355 359
355 360
355 361
355 362
355 363
355 365
355 366
355 369
356 351
356 352
356 353
356 354
356 355
356 357
356 358
356 359
356 360
356 361
356 362
357 352
357 353
357 354
357 355
357 356
357 358
357 359
357 360
357 361
357 362
357 363
357 364
357 365
357 366
358 272
358 352
358 353
358 354
358 355
358 356
358 357
358 359
358 360
358 361
358 362
358 363
358 364
358 365
358 366
359 112
359 354
359 355
359 356
359 357
359 358
359 360
359 361
359 362
359 363
360 354
360 355
360 356
360 357
360 358
360 359
360 361
360 362
360 363
361 268
361 355
361 356
361 357
361 358
361 359
361 360
361 362
361 363
361 364
362 354
362 355
362 356
362 357
362 358
362 359
362 360
362 361
362 363
362 364
362 365
362 366
363 268
363 269
363 271
363 272
363 354
363 355
363 357
363 358
363 359
363 360
363 361
363 362
363 364
363 365
363 366
363 367
364 354
364 357
364 358
364 361
364 362
364 363
364 365
364 366
364 367
364 368
364 369
365 350
365 354
365 355
365 357
365 358
365 362
365 363
365 364
365 366
365 367
365 368
365 369
365 370
365 448
365 449
366 271
366 272
366 275
366 278
366 351
366 354
366 355
366 357
366 358
366 362
366 363
366 364
366 365
366 367
366 368
366 369
366 370
366 371
366 372
367 271
367 363
367 364
367 365
367 366
367 368
367 369
367 370
367 371
367 372
367 430
367 433
368 364
368 365
368 366
368 367
368 369
368 370
368 371
368 372
368 373
368 374
368 430
368 433
368 434
368 437
368 448
368 449
368 450
368 451
369 278
369 279
369 282
369 347
369 350
369 351
369 354
369 355
369 364
369 365
369 366
369 367
369 368
369 370
369 371
369 372
369 373
369 374
369 375
369 449
369 450
370 271
370 274
370 275
370 277
370 278
370 279
370 281
370 282
370 351
370 365
370 366
370 367
370 368
370 369
370 371
370 372
370 373
370 374
370 375
370 426
370 429
370 430
370 433
371 278
371 366
371 367
371 368
371 369
371 370
371 372
371 373
371 374
371 375
371 376
371 377
371 426
371 427
371 428
371 429
371 430
371 431
371 432
371 433
371 434
371 526
371 530
372 278
372 281
372 282
372 347
372 350
372 351
372 366
372 367
372 368
372 369
372 370
372 371
372 373
372 374
372 375
372 376
372 377
372 378
372 426
372 427
372 429
372 430
372 433
372 450
372 451
372 526
372 529
372 530
372 533
373 277
373 278
373 279
373 280
373 281
373 282
373 283
373 284
373 285
373 347
373 348
373 350
373 351
373 368
373 369
373 370
373 371
373 372
373 374
373 375
373 376
373 377
373 378
373 379
373 426
373 429
373 430
373 530
374 277
374 278
374 281
374 282
374 285
374 368
374 369
374 370
374 371
374 372
374 373
374 375
374 376
374 377
374 378
374 379
374 420
374 421
374 422
374 423
374 424
374 425
374 426
374 427
374 428
374 429
374 430
374 431
374 526
374 530
375 281
375 285
375 369
375 370
375 371
375 372
375 373
375 374
375 376
375 377
375 378
375 379
375 380
375 423
375 424
375 425
375 426
375 427
375 428
375 429
375 430
375 431
375 523
375 526
375 527
375 529
375 530
375 531
375 533
376 281
376 282
376 284
376 285
376 340
376 343
376 344
376 347
376 371
376 372
376 373
376 374
376 375
376 377
376 378
376 379
376 380
376 381
376 382
376 423
376 426
376 427
376 430
376 526
376 527
376 529
376 530
376 531
376 533
376 534
377 278
377 280
377 281
377 282
377 283
377 284
377 285
377 286
377 287
377 288
377 344
377 347
377 371
377 372
377 373
377 374
377 375
377 376
377 378
377 379
377 380
377 381
377 382
377 416
377 417
377 420
377 421
377 422
377 423
377 426
377 427
377 530
378 281
378 284
378 285
378 288
378 372
378 373
378 374
378 375
378 376
378 377
378 379
378 380
378 381
378 382
378 383
378 416
378 417
378 418
378 420
378 421
378 422
378 423
378 424
378 425
378 426
378 427
378 430
378 526
378 527
378 530
379 285
379 288
379 373
379 374
379 375
379 376
379 377
379 378
379 380
379 381
379 382
379 383
379 384
379 417
379 423
379 424
379 426
379 427
379 526
379 527
379 528
379 529
379 530
379 531
379 534
380 284
380 285
380 286
380 287
380 288
380 289
380 292
380 336
380 337
380 339
380 340
380 343
380 344
380 375
380 376
380 377
380 378
380 379
380 381
380 382
380 383
380 384
380 385
380 416
380 417
380 423
380 530
380 531
380 534
381 284
381 285
381 286
381 287
381 288
381 289
381 291
381 292
381 376
381 377
381 378
381 379
381 380
381 382
381 383
381 384
381 385
381 386
381 387
381 413
381 414
381 415
381 416
381 417
381 418
381 423
382 288
382 376
382 377
382 378
382 379
382 380
382 381
382 383
382 384
382 385
382 386
382 387
382 414
382 416
382 417
382 418
382 423
383 288
383 289
383 292
383 333
383 336
383 337
383 340
383 378
383 379
383 380
383 381
383 382
383 384
383 385
383 386
383 387
383 388
383 417
384 285
384 287
384 288
384 289
384 290
384 291
384 292
384 293
384 295
384 333
384 336
384 337
384 340
384 379
384 380
384 381
384 382
384 383
384 385
384 386
384 387
384 388
384 389
384 390
384 410
384 413
384 414
384 416
384 417
385 288
385 291
385 292
385 380
385 381
385 382
385 383
385 384
385 386
385 387
385 388
385 389
385 390
385 409
385 410
385 411
385 412
385 413
385 414
385 415
385 416
385 417
386 292
386 333
386 381
386 382
386 383
386 384
386 385
386 387
386 388
386 389
386 390
386 391
386 392
386 410
386 414
387 291
387 292
387 293
387 295
387 296
387 329
387 330
387 332
387 333
387 334
387 336
387 337
387 381
387 382
387 383
387 384
387 385
387 386
387 388
387 389
387 390
387 391
387 392
387 393
387 410
388 288
388 291
388 292
388 293
388 294
388 295
388 296
388 299
388 330
388 333
388 383
388 384
388 385
388 386
388 387
388 389
388 390
388 391
388 392
388 393
388 394
388 406
388 407
388 409
388 410
388 411
388 413
388 414
389 292
389 295
389 384
389 385
389 386
389 387
389 388
389 390
389 391
389 392
389 393
389 394
389 395
389 399
389 400
389 406
389 407
389 409
389 410
389 411
389 414
390 295
390 296
390 299
390 329
390 330
390 333
390 384
390 385
390 386
390 387
390 388
390 389
390 391
390 392
390 393
390 394
390 395
391 292
391 294
391 295
391 296
391 297
391 298
391 299
391 300
391 326
391 329
391 330
391 333
391 386
391 387
391 388
391 389
391 390
391 392
391 393
391 394
391 395
391 396
391 399
391 406
391 410
392 295
392 296
392 298
392 299
392 386
392 387
392 388
392 389
392 390
392 391
392 393
392 394
392 395
392 396
392 397
392 398
392 399
392 400
392 401
392 404
392 405
392 406
392 407
392 409
392 410
393 299
393 329
393 387
393 388
393 389
393 390
393 391
393 392
393 394
393 395
393 396
393 397
393 398
393 399
393 400
393 406
394 296
394 299
394 300
394 302
394 303
394 320
394 321
394 325
394 326
394 327
394 329
394 330
394 388
394 389
394 390
394 391
394 392
394 393
394 395
394 396
394 397
394 398
394 399
395 298
395 299
395 300
395 302
395 303
395 306
395 320
395 326
395 389
395 390
395 391
395 392
395 393
395 394
395 396
395 397
395 398
395 399
395 400
395 401
395 404
395 406
395 620
396 299
396 391
396 392
396 393
396 394
396 395
396 397
396 398
396 399
396 400
396 401
397 392
397 393
397 394
397 395
397 396
397 398
397 399
397 400
397 401
397 404
398 302
398 392
398 393
398 394
398 395
398 396
398 397
398 399
398 400
398 401
398 402
398 403
398 404
398 406
398 619
398 620
398 631
399 298
399 299
399 302
399 389
399 391
399 392
399 393
399 394
399 395
399 396
399 397
399 398
399 400
399 401
399 402
399 403
399 404
399 405
399 406
399 407
399 618
399 620
400 389
400 392
400 393
400 395
400 396
400 397
400 398
400 399
400 401
400 402
400 403
400 404
400 405
400 406
400 407
401 51
401 392
401 395
401 396
401 397
401 398
401 399
401 400
401 402
401 403
401 404
401 405
401 406
401 407
401 408
401 618
401 619
401 631
401 635
402 49
402 50
402 51
402 52
402 398
402 399
402 400
402 401
402 403
402 404
402 405
402 406
402 407
402 408
402 409
402 617
402 618
402 619
403 49
403 51
403 398
403 399
403 400
403 401
403 402
403 404
403 405
403 406
403 407
403 408
403 617
403 618
403 619
403 620
403 630
403 631
403 634
403 635
404 295
404 298
404 299
404 302
404 392
404 395
404 397
404 398
404 399
404 400
404 401
404 402
404 403
404 405
404 406
404 407
404 408
404 409
404 616
404 617
404 618
404 619
404 620
404 621
404 622
404 627
404 631
405 51
405 94
405 294
405 295
405 298
405 392
405 399
405 400
405 401
405 402
405 403
405 404
405 406
405 407
405 408
405 409
405 410
405 615
405 616
405 617
405 618
405 619
405 620
405 621
406 94
406 291
406 294
406 295
406 296
406 298
406 299
406 388
406 389
406 391
406 392
406 393
406 395
406 398
406 399
406 400
406 401
406 402
406 403
406 404
406 405
406 407
406 408
406 409
406 410
406 411
406 412
406 616
406 617
406 618
406 620
406 621
407 230
407 295
407 388
407 389
407 392
407 399
407 400
407 401
407 402
407 403
407 404
407 405
407 406
407 408
407 409
407 410
407 411
407 412
407 413
408 51
408 94
408 95
408 96
408 230
408 231
408 401
408 402
408 403
408 404
408 405
408 406
408 407
408 409
408 410
408 411
408 412
408 413
408 616
408 617
408 618
409 94
409 95
409 230
409 291
409 292
409 294
409 295
409 385
409 388
409 389
409 392
409 402
409 404
409 405
409 406
409 407
409 408
409 410
409 411
409 412
409 413
409 414
409 616
409 617
410 229
410 230
410 291
410 292
410 295
410 384
410 385
410 386
410 387
410 388
410 389
410 391
410 392
410 405
410 406
410 407
410 408
410 409
410 411
410 412
410 413
410 414
410 415
411 95
411 228
411 229
411 230
411 231
411 232
411 385
411 388
411 389
411 406
411 407
411 408
411 409
411 410
411 412
411 413
411 414
411 415
411 416
412 94
412 95
412 96
412 229
412 230
412 231
412 232
412 291
412 385
412 406
412 407
412 408
412 409
412 410
412 411
412 413
412 414
412 415
412 416
413 94
413 96
413 230
413 231
413 287
413 288
413 291
413 292
413 381
413 384
413 385
413 388
413 407
413 408
413 409
413 410
413 411
413 412
413 414
413 415
413 416
413 417
414 229
414 230
414 288
414 381
414 382
414 384
414 385
414 386
414 388
414 389
414 409
414 410
414 411
414 412
414 413
414 415
414 416
414 417
414 418
414 419
415 229
415 230
415 231
415 381
415 385
415 410
415 411
415 412
415 413
415 414
415 416
415 417
415 418
415 419
415 420
415 422
416 281
416 284
416 285
416 287
416 288
416 377
416 378
416 380
416 381
416 382
416 384
416 385
416 411
416 412
416 413
416 414
416 415
416 417
416 418
416 419
416 420
416 421
416 422
416 423
417 377
417 378
417 379
417 380
417 381
417 382
417 383
417 384
417 385
417 413
417 414
417 415
417 416
417 418
417 419
417 420
417 421
417 422
417 423
417 424
417 426
418 143
418 378
418 381
418 382
418 414
418 415
418 416
418 417
418 419
418 420
418 421
418 422
418 423
418 424
418 425
418 426
419 138
419 143
419 144
419 175
419 176
419 281
419 414
419 415
419 416
419 417
419 418
419 420
419 421
419 422
419 423
420 138
420 143
420 144
420 277
420 278
420 280
420 281
420 284
420 374
420 377
420 378
420 415
420 416
420 417
420 418
420 419
420 421
420 422
420 423
420 426
421 143
421 144
421 277
421 281
421 374
421 377
421 378
421 416
421 417
421 418
421 419
421 420
421 422
421 423
421 424
421 425
421 426
421 427
421 429
422 143
422 144
422 374
422 377
422 378
422 415
422 416
422 417
422 418
422 419
422 420
422 421
422 423
422 424
422 425
422 426
422 427
423 374
423 375
423 376
423 377
423 378
423 379
423 380
423 381
423 382
423 416
423 417
423 418
423 419
423 420
423 421
423 422
423 424
423 425
423 426
423 427
423 428
423 429
423 523
424 374
424 375
424 378
424 379
424 417
424 418
424 421
424 422
424 423
424 425
424 426
424 427
424 428
424 429
424 430
424 519
424 520
424 522
424 523
424 526
424 527
425 144
425 374
425 375
425 378
425 418
425 421
425 422
425 423
425 424
425 426
425 427
425 428
425 429
425 430
425 431
425 519
425 523
426 144
426 370
426 371
426 372
426 373
426 374
426 375
426 376
426 377
426 378
426 379
426 417
426 418
426 420
426 421
426 422
426 423
426 424
426 425
426 427
426 428
426 429
426 430
426 431
426 432
426 523
426 526
427 371
427 372
427 374
427 375
427 376
427 377
427 378
427 379
427 421
427 422
427 423
427 424
427 425
427 426
427 428
427 429
427 430
427 431
427 432
427 519
427 520
427 522
427 523
427 524
427 525
427 526
427 527
427 529
427 530
428 371
428 374
428 375
428 423
428 424
428 425
428 426
428 427
428 429
428 430
428 431
428 432
428 433
428 434
428 515
428 516
428 519
428 520
428 521
428 522
428 523
428 524
428 525
428 526
429 370
429 371
429 372
429 373
429 374
429 375
429 421
429 423
429 424
429 425
429 426
429 427
429 428
429 430
429 431
429 432
429 433
429 434
429 522
429 523
429 526
430 367
430 368
430 370
430 371
430 372
430 373
430 374
430 375
430 376
430 378
430 424
430 425
430 426
430 427
430 428
430 429
430 431
430 432
430 433
430 434
430 435
430 522
430 523
430 525
430 526
430 527
430 529
430 530
431 371
431 374
431 375
431 425
431 426
431 427
431 428
431 429
431 430
431 432
431 433
431 434
431 435
431 436
431 437
431 494
431 497
431 498
431 519
431 521
431 522
431 523
431 524
431 525
431 526
431 527
431 529
432 371
432 426
432 427
432 428
432 429
432 430
432 431
432 433
432 434
432 435
432 436
432 437
432 438
432 515
432 522
432 526
433 367
433 368
433 370
433 371
433 372
433 428
433 429
433 430
433 431
433 432
433 434
433 435
433 436
433 437
433 438
433 439
433 451
433 526
434 368
434 371
434 428
434 429
434 430
434 431
434 432
434 433
434 435
434 436
434 437
434 438
434 439
434 440
434 451
434 454
434 491
434 494
434 495
434 497
434 498
434 522
434 525
434 526
434 529
435 430
435 431
435 432
435 433
435 434
435 436
435 437
435 438
435 439
435 440
435 441
435 494
435 495
435 497
435 498
435 499
435 501
435 522
435 525
435 526
436 431
436 432
436 433
436 434
436 435
436 437
436 438
436 439
436 440
436 441
436 442
436 447
436 498
437 368
437 431
437 432
437 433
437 434
437 435
437 436
437 438
437 439
437 440
437 441
437 442
437 443
437 445
437 446
437 447
437 448
437 451
437 452
437 454
437 455
437 494
438 432
438 433
438 434
438 435
438 436
438 437
438 439
438 440
438 441
438 442
438 443
438 445
438 446
438 447
438 451
438 452
438 454
438 455
438 457
438 491
438 494
438 495
438 498
439 433
439 434
439 435
439 436
439 437
439 438
439 440
439 441
439 442
439 443
439 444
439 445
439 454
439 495
439 498
440 434
440 435
440 436
440 437
440 438
440 439
440 441
440 442
440 443
440 444
440 445
440 446
440 447
440 454
440 455
441 435
441 436
441 437
441 438
441 439
441 440
441 442
441 443
441 444
441 445
441 446
441 447
441 452
441 454
441 455
441 456
441 457
441 459
442 436
442 437
442 438
442 439
442 440
442 441
442 443
442 444
442 445
442 446
442 454
442 455
442 457
442 458
442 459
442 460
443 437
443 438
443 439
443 440
443 441
443 442
443 444
443 445
443 446
443 459
443 460
444 439
444 440
444 441
444 442
444 443
444 445
444 446
444 447
444 455
444 459
444 460
444 461
445 437
445 438
445 439
445 440
445 441
445 442
445 443
445 444
445 446
445 447
445 455
446 437
446 438
446 440
446 441
446 442
446 443
446 444
446 445
446 447
446 448
446 451
446 452
446 453
446 454
446 455
446 456
447 436
447 437
447 438
447 440
447 441
447 444
447 445
447 446
447 448
447 449
447 450
447 451
447 452
447 453
447 454
447 455
448 365
448 368
448 437
448 446
448 447
448 449
448 450
448 451
448 452
448 453
448 454
448 455
449 365
449 368
449 369
449 447
449 448
449 450
449 451
449 452
449 453
450 368
450 369
450 372
450 447
450 448
450 449
450 451
450 452
450 453
450 454
450 529
450 530
450 532
450 533
450 536
451 368
451 372
451 433
451 434
451 437
451 438
451 446
451 447
451 448
451 449
451 450
451 452
451 453
451 454
451 455
451 487
451 490
451 491
451 529
451 533
452 437
452 438
452 441
452 446
452 447
452 448
452 449
452 450
452 451
452 453
452 454
452 455
452 456
452 487
452 491
453 446
453 447
453 448
453 449
453 450
453 451
453 452
453 454
453 455
453 456
453 457
453 484
453 487
453 488
453 490
453 491
453 529
454 434
454 437
454 438
454 439
454 440
454 441
454 442
454 446
454 447
454 448
454 450
454 451
454 452
454 453
454 455
454 456
454 457
454 458
454 459
454 487
454 488
454 490
454 491
454 492
454 494
454 495
455 437
455 438
455 440
455 441
455 442
455 444
455 445
455 446
455 447
455 448
455 451
455 452
455 453
455 454
455 456
455 457
455 458
455 459
455 491
456 441
456 446
456 452
456 453
456 454
456 455
456 457
456 458
456 459
456 487
456 488
456 491
457 438
457 441
457 442
457 453
457 454
457 455
457 456
457 458
457 459
457 460
457 488
457 491
457 492
457 495
458 442
458 454
458 455
458 456
458 457
458 459
458 460
458 461
458 462
458 463
459 441
459 442
459 443
459 444
459 454
459 455
459 456
459 457
459 458
459 460
459 461
459 462
460 442
460 443
460 444
460 457
460 458
460 459
460 461
460 462
460 463
460 464
461 444
461 458
461 459
461 460
461 462
461 463
461 464
462 458
462 459
462 460
462 461
462 463
462 464
462 465
463 458
463 460
463 461
463 462
463 464
463 465
463 466
464 460
464 461
464 462
464 463
464 465
464 466
464 467
465 462
465 463
465 464
465 466
465 467
465 468
465 469
466 463
466 464
466 465
466 467
466 468
466 469
467 464
467 465
467 466
467 468
467 469
467 470
468 465
468 466
468 467
468 469
468 470
468 471
469 465
469 466
469 467
469 468
469 470
469 471
469 472
470 467
470 468
470 469
470 471
470 472
470 473
470 577
470 578
471 468
471 469
471 470
471 472
471 473
471 474
471 485
471 576
471 577
471 578
471 579
471 580
472 469
472 470
472 471
472 473
472 474
472 475
472 481
472 484
472 485
472 578
472 579
473 470
473 471
473 472
473 474
473 475
473 476
473 481
473 485
473 578
473 579
473 580
473 583
474 471
474 472
474 473
474 475
474 476
474 477
474 478
474 480
474 481
474 482
474 483
474 484
474 485
474 578
474 579
474 580
474 583
475 472
475 473
475 474
475 476
475 477
475 478
475 479
475 480
475 481
475 482
475 485
475 583
475 587
476 473
476 474
476 475
476 477
476 478
476 479
476 480
476 481
476 482
476 485
476 559
476 562
476 563
476 583
476 584
476 586
476 587
476 590
476 591
477 474
477 475
477 476
477 478
477 479
477 480
477 481
477 482
477 555
477 556
477 559
477 560
477 563
477 587
477 590
478 474
478 475
478 476
478 477
478 479
478 480
478 481
478 482
478 483
478 484
478 539
478 555
478 558
478 559
479 475
479 476
479 477
479 478
479 480
479 481
479 482
479 483
479 484
479 485
479 535
479 536
479 538
479 539
479 540
479 542
479 555
479 556
479 558
479 559
479 562
479 563
480 474
480 475
480 476
480 477
480 478
480 479
480 481
480 482
480 483
480 484
480 485
480 486
480 535
480 536
480 539
480 540
481 472
481 473
481 474
481 475
481 476
481 477
481 478
481 479
481 480
481 482
481 483
481 484
481 485
481 486
481 487
481 539
482 474
482 475
482 476
482 477
482 478
482 479
482 480
482 481
482 483
482 484
482 485
482 486
482 487
482 488
482 532
482 535
482 536
482 539
482 558
482 559
482 562
482 563
482 566
483 474
483 478
483 479
483 480
483 481
483 482
483 484
483 485
483 486
483 487
483 488
483 489
483 531
483 532
483 533
483 534
483 535
483 536
483 537
483 538
483 539
483 540
483 562
484 453
484 472
484 474
484 478
484 479
484 480
484 481
484 482
484 483
484 485
484 486
484 487
484 488
484 489
484 490
484 532
484 535
484 536
484 578
485 471
485 472
485 473
485 474
485 475
485 476
485 479
485 480
485 481
485 482
485 483
485 484
485 486
485 487
485 488
485 489
485 490
485 491
485 532
485 562
485 566
485 573
485 576
485 578
485 579
486 480
486 481
486 482
486 483
486 484
486 485
486 487
486 488
486 489
486 490
486 491
486 492
486 528
486 529
486 530
486 531
486 532
486 533
486 534
486 535
486 536
486 562
486 565
486 566
486 572
486 573
486 578
487 451
487 452
487 453
487 454
487 456
487 481
487 482
487 483
487 484
487 485
487 486
487 488
487 489
487 490
487 491
487 492
487 528
487 529
487 531
487 532
487 533
487 535
487 536
488 453
488 454
488 456
488 457
488 482
488 483
488 484
488 485
488 486
488 487
488 489
488 490
488 491
488 492
488 493
488 494
488 528
488 529
488 532
488 573
488 576
488 577
488 578
489 483
489 484
489 485
489 486
489 487
489 488
489 490
489 491
489 492
489 493
489 494
489 495
489 525
489 528
489 529
489 531
489 532
489 566
489 569
489 572
489 573
489 574
489 575
489 576
489 577
489 578
490 451
490 453
490 454
490 484
490 485
490 486
490 487
490 488
490 489
490 491
490 492
490 493
490 494
490 495
490 496
490 524
490 525
490 526
490 527
490 528
490 529
490 530
490 531
490 532
490 533
490 572
490 573
490 576
491 434
491 438
491 451
491 452
491 453
491 454
491 455
491 456
491 457
491 485
491 486
491 487
491 488
491 489
491 490
491 492
491 493
491 494
491 495
491 496
491 525
491 528
491 529
491 532
491 576
492 454
492 457
492 486
492 487
492 488
492 489
492 490
492 491
492 493
492 494
492 495
492 496
492 497
492 498
492 525
492 528
492 572
492 573
492 575
492 576
492 577
492 578
493 488
493 489
493 490
493 491
493 492
493 494
493 495
493 496
493 497
493 498
493 499
493 521
493 522
493 523
493 524
493 525
493 526
493 527
493 528
493 529
493 572
493 575
493 576
494 431
494 434
494 435
494 437
494 438
494 454
494 488
494 489
494 490
494 491
494 492
494 493
494 495
494 496
494 497
494 498
494 499
494 500
494 521
494 522
494 523
494 524
494 525
494 526
494 528
494 529
495 434
495 435
495 438
495 439
495 454
495 457
495 489
495 490
495 491
495 492
495 493
495 494
495 496
495 497
495 498
495 499
495 500
495 501
495 525
496 490
496 491
496 492
496 493
496 494
496 495
496 497
496 498
496 499
496 500
496 501
496 502
496 521
496 522
496 524
496 525
497 431
497 434
497 435
497 492
497 493
497 494
497 495
497 496
497 498
497 499
497 500
497 501
497 502
497 503
497 515
497 518
497 519
497 520
497 521
497 522
497 523
497 524
497 525
497 526
498 431
498 434
498 435
498 436
498 438
498 439
498 492
498 493
498 494
498 495
498 496
498 497
498 499
498 500
498 501
498 502
498 503
498 515
498 518
498 521
498 522
498 525
499 435
499 493
499 494
499 495
499 496
499 497
499 498
499 500
499 501
499 502
499 503
499 504
499 505
499 518
500 494
500 495
500 496
500 497
500 498
500 499
500 501
500 502
500 503
500 504
500 505
500 506
500 514
500 515
500 517
500 518
500 521
500 522
501 435
501 495
501 496
501 497
501 498
501 499
501 500
501 502
501 503
501 504
501 505
501 506
501 511
501 513
501 514
501 515
501 516
501 517
501 518
501 519
501 521
501 522
502 496
502 497
502 498
502 499
502 500
502 501
502 503
502 504
502 505
502 506
502 507
502 509
502 511
502 514
502 515
502 518
503 497
503 498
503 499
503 500
503 501
503 502
503 504
503 505
503 506
503 507
503 508
503 509
503 514
503 518
504 499
504 500
504 501
504 502
504 503
504 505
504 506
504 507
504 508
504 509
504 510
504 511
504 513
504 514
504 515
504 516
504 517
504 518
505 499
505 500
505 501
505 502
505 503
505 504
505 506
505 507
505 508
505 509
505 510
505 511
505 512
505 513
505 514
505 515
506 500
506 501
506 502
506 503
506 504
506 505
506 507
506 508
506 509
506 510
506 511
506 514
507 502
507 503
507 504
507 505
507 506
507 508
507 509
507 510
507 514
508 503
508 504
508 505
508 506
508 507
508 509
508 510
508 511
508 513
508 514
509 502
509 503
509 504
509 505
509 506
509 507
509 508
509 510
509 511
509 512
509 513
509 514
509 515
509 517
510 504
510 505
510 506
510 507
510 508
510 509
510 511
510 512
510 513
510 514
510 515
510 516
511 501
511 502
511 504
511 505
511 506
511 508
511 509
511 510
511 512
511 513
511 514
511 515
511 516
511 517
512 505
512 509
512 510
512 511
512 513
512 514
512 515
512 516
512 517
513 501
513 504
513 505
513 508
513 509
513 510
513 511
513 512
513 514
513 515
513 516
513 517
513 518
513 519
514 500
514 501
514 502
514 503
514 504
514 505
514 506
514 507
514 508
514 509
514 510
514 511
514 512
514 513
514 515
514 516
514 517
514 518
514 519
515 428
515 432
515 497
515 498
515 500
515 501
515 502
515 504
515 505
515 509
515 510
515 511
515 512
515 513
515 514
515 516
515 517
515 518
515 519
515 520
515 521
515 522
516 428
516 501
516 504
516 510
516 511
516 512
516 513
516 514
516 515
516 517
516 518
516 519
516 520
516 522
517 500
517 501
517 504
517 509
517 511
517 512
517 513
517 514
517 515
517 516
517 518
517 519
517 520
517 521
517 522
518 497
518 498
518 499
518 500
518 501
518 502
518 503
518 504
518 513
518 514
518 515
518 516
518 517
518 519
518 520
518 521
518 522
518 523
519 424
519 425
519 427
519 428
519 431
519 497
519 501
519 513
519 514
519 515
519 516
519 517
519 518
519 520
519 521
519 522
519 523
519 524
519 525
520 424
520 427
520 428
520 497
520 515
520 516
520 517
520 518
520 519
520 521
520 522
520 523
520 524
520 525
521 428
521 431
521 493
521 494
521 496
521 497
521 498
521 500
521 501
521 515
521 517
521 518
521 519
521 520
521 522
521 523
521 524
521 525
521 526
521 527
522 424
522 427
522 428
522 429
522 430
522 431
522 432
522 434
522 435
522 493
522 494
522 496
522 497
522 498
522 500
522 501
522 515
522 516
522 517
522 518
522 519
522 520
522 521
522 523
522 524
522 525
522 526
522 527
522 528
523 375
523 423
523 424
523 425
523 426
523 427
523 428
523 429
523 430
523 431
523 493
523 494
523 497
523 518
523 519
523 520
523 521
523 522
523 524
523 525
523 526
523 527
523 528
523 529
524 427
524 428
524 431
524 490
524 493
524 494
524 496
524 497
524 519
524 520
524 521
524 522
524 523
524 525
524 526
524 527
524 528
524 529
524 530
525 427
525 428
525 430
525 431
525 434
525 435
525 489
525 490
525 491
525 492
525 493
525 494
525 495
525 496
525 497
525 498
525 519
525 520
525 521
525 522
525 523
525 524
525 526
525 527
525 528
525 529
525 530
525 531
526 371
526 372
526 374
526 375
526 376
526 378
526 379
526 424
526 426
526 427
526 428
526 429
526 430
526 431
526 432
526 433
526 434
526 435
526 490
526 493
526 494
526 497
526 521
526 522
526 523
526 524
526 525
526 527
526 528
526 529
526 530
526 531
526 532
527 375
527 376
527 378
527 379
527 424
527 427
527 430
527 431
527 490
527 493
527 521
527 522
527 523
527 524
527 525
527 526
527 528
527 529
527 530
527 531
527 532
527 533
528 379
528 486
528 487
528 488
528 489
528 490
528 491
528 492
528 493
528 494
528 522
528 523
528 524
528 525
528 526
528 527
528 529
528 530
528 531
528 532
528 533
528 569
528 572
529 372
529 375
529 376
529 379
529 427
529 430
529 431
529 434
529 450
529 451
529 453
529 486
529 487
529 488
529 489
529 490
529 491
529 493
529 494
529 523
529 524
529 525
529 526
529 527
529 528
529 530
529 531
529 532
529 533
529 534
530 371
530 372
530 373
530 374
530 375
530 376
530 377
530 378
530 379
530 380
530 427
530 430
530 450
530 486
530 490
530 524
530 525
530 526
530 527
530 528
530 529
530 531
530 532
530 533
530 534
530 535
530 536
531 375
531 376
531 379
531 380
531 483
531 486
531 487
531 489
531 490
531 525
531 526
531 527
531 528
531 529
531 530
531 532
531 533
531 534
531 535
531 536
531 562
531 565
532 450
532 482
532 483
532 484
532 485
532 486
532 487
532 488
532 489
532 490
532 491
532 526
532 527
532 528
532 529
532 530
532 531
532 533
532 534
532 535
532 536
532 537
532 538
532 562
533 343
533 372
533 375
533 376
533 450
533 451
533 483
533 486
533 487
533 490
533 527
533 528
533 529
533 530
533 531
533 532
533 534
533 535
533 536
533 537
533 538
533 539
534 336
534 339
534 340
534 342
534 343
534 344
534 376
534 379
534 380
534 483
534 486
534 529
534 530
534 531
534 532
534 533
534 535
534 536
534 537
534 538
534 539
534 540
534 561
534 562
535 336
535 339
535 340
535 343
535 479
535 480
535 482
535 483
535 484
535 486
535 487
535 530
535 531
535 532
535 533
535 534
535 536
535 537
535 538
535 539
535 540
535 541
535 558
535 559
535 561
535 562
535 565
536 339
536 343
536 450
536 479
536 480
536 482
536 483
536 484
536 486
536 487
536 530
536 531
536 532
536 533
536 534
536 535
536 537
536 538
536 539
536 540
536 541
536 558
536 562
537 339
537 340
537 342
537 343
537 346
537 483
537 532
537 533
537 534
537 535
537 536
537 538
537 539
537 540
537 541
537 542
538 335
538 336
538 338
538 339
538 340
538 341
538 342
538 343
538 479
538 483
538 532
538 533
538 534
538 535
538 536
538 537
538 539
538 540
538 541
538 542
538 543
538 554
538 555
538 557
538 558
538 559
538 561
538 562
539 339
539 342
539 478
539 479
539 480
539 481
539 482
539 483
539 533
539 534
539 535
539 536
539 537
539 538
539 540
539 541
539 542
539 543
539 544
539 554
539 555
539 558
539 559
539 562
540 342
540 479
540 480
540 483
540 534
540 535
540 536
540 537
540 538
540 539
540 541
540 542
540 543
540 544
540 545
541 339
541 342
541 343
541 346
541 535
541 536
541 537
541 538
541 539
541 540
541 542
541 543
541 544
541 545
541 551
541 554
541 555
541 558
542 479
542 537
542 538
542 539
542 540
542 541
542 543
542 544
542 545
542 546
542 550
542 551
542 552
542 554
542 555
542 558
543 538
543 539
543 540
543 541
543 542
543 544
543 545
543 546
543 551
543 555
544 21
544 539
544 540
544 541
544 542
544 543
544 545
544 546
544 547
544 551
545 18
545 21
545 540
545 541
545 542
545 543
545 544
545 546
545 547
545 548
545 549
545 550
545 551
545 552
545 554
546 21
546 542
546 543
546 544
546 545
546 547
546 548
546 549
546 550
546 551
547 13
547 14
547 17
547 18
547 21
547 544
547 545
547 546
547 548
547 549
547 550
547 551
547 552
548 13
548 545
548 546
548 547
548 549
548 550
548 551
548 552
548 553
548 554
549 12
549 13
549 14
549 17
549 18
549 545
549 546
549 547
549 548
549 550
549 551
549 552
549 553
549 554
549 555
550 12
550 13
550 14
550 15
550 17
550 18
550 21
550 542
550 545
550 546
550 547
550 548
550 549
550 551
550 552
550 553
550 554
550 555
550 556
550 605
551 13
551 18
551 541
551 542
551 543
551 544
551 545
551 546
551 547
551 548
551 549
551 550
551 552
551 553
551 554
551 555
551 556
551 557
552 12
552 13
552 542
552 545
552 547
552 548
552 549
552 550
552 551
552 553
552 554
552 555
552 556
552 557
552 558
553 12
553 13
553 548
553 549
553 550
553 551
553 552
553 554
553 555
553 556
553 557
553 558
553 559
553 597
553 598
553 601
553 602
553 605
554 18
554 335
554 338
554 339
554 538
554 539
554 541
554 542
554 545
554 548
554 549
554 550
554 551
554 552
554 553
554 555
554 556
554 557
554 558
554 559
554 560
554 598
554 605
555 335
555 477
555 478
555 479
555 538
555 539
555 541
555 542
555 543
555 549
555 550
555 551
555 552
555 553
555 554
555 556
555 557
555 558
555 559
555 560
555 561
556 335
556 477
556 479
556 550
556 551
556 552
556 553
556 554
556 555
556 557
556 558
556 559
556 560
556 561
556 562
556 591
556 594
556 595
556 597
556 598
557 331
557 332
557 333
557 334
557 335
557 336
557 337
557 338
557 339
557 538
557 551
557 552
557 553
557 554
557 555
557 556
557 558
557 559
557 560
557 561
557 562
557 563
557 594
557 595
557 597
557 598
557 605
558 332
558 335
558 336
558 338
558 339
558 478
558 479
558 482
558 535
558 536
558 538
558 539
558 541
558 542
558 552
558 553
558 554
558 555
558 556
558 557
558 559
558 560
558 561
558 562
558 563
558 564
559 332
559 335
559 476
559 477
559 478
559 479
559 482
559 535
559 538
559 539
559 553
559 554
559 555
559 556
559 557
559 558
559 560
559 561
559 562
559 563
559 564
559 565
559 587
559 590
559 591
559 594
560 331
560 332
560 333
560 334
560 335
560 336
560 477
560 554
560 555
560 556
560 557
560 558
560 559
560 561
560 562
560 563
560 564
560 565
560 566
560 587
560 590
560 591
560 592
560 593
560 594
560 595
560 598
561 331
561 332
561 333
561 334
561 335
561 336
561 337
561 338
561 339
561 534
561 535
561 538
561 555
561 556
561 557
561 558
561 559
561 560
561 562
561 563
561 564
561 565
561 566
561 591
562 332
562 335
562 336
562 339
562 476
562 479
562 482
562 483
562 485
562 486
562 531
562 532
562 534
562 535
562 536
562 538
562 539
562 556
562 557
562 558
562 559
562 560
562 561
562 563
562 564
562 565
562 566
562 567
562 587
562 591
563 332
563 476
563 477
563 479
563 482
563 557
563 558
563 559
563 560
563 561
563 562
563 564
563 565
563 566
563 567
563 568
563 569
563 570
563 584
563 586
563 587
563 588
563 589
563 590
563 591
563 594
564 328
564 331
564 332
564 333
564 335
564 336
564 558
564 559
564 560
564 561
564 562
564 563
564 565
564 566
564 567
564 568
564 569
564 570
564 587
564 588
564 590
564 591
564 592
565 332
565 336
565 486
565 531
565 535
565 559
565 560
565 561
565 562
565 563
565 564
565 566
565 567
565 568
565 569
565 570
565 587
566 482
566 485
566 486
566 489
566 560
566 561
566 562
566 563
566 564
566 565
566 567
566 568
566 569
566 570
566 571
566 572
566 573
566 579
566 584
566 587
566 588
567 562
567 563
567 564
567 565
567 566
567 568
567 569
567 570
567 571
567 573
567 584
567 585
567 587
567 588
567 591
568 563
568 564
568 565
568 566
568 567
568 569
568 570
568 571
568 572
568 588
569 489
569 528
569 563
569 564
569 565
569 566
569 567
569 568
569 570
569 571
569 572
569 573
569 574
570 563
570 564
570 565
570 566
570 567
570 568
570 569
570 571
570 572
570 573
570 574
570 575
570 576
570 578
570 579
570 580
570 581
570 584
570 587
571 566
571 567
571 568
571 569
571 570
571 572
571 573
571 574
571 575
571 576
571 577
571 579
571 581
571 584
572 486
572 489
572 490
572 492
572 493
572 528
572 566
572 568
572 569
572 570
572 571
572 573
572 574
572 575
572 576
572 577
572 578
572 579
573 485
573 486
573 488
573 489
573 490
573 492
573 566
573 567
573 569
573 570
573 571
573 572
573 574
573 575
573 576
573 577
573 578
573 579
573 580
573 581
573 584
574 489
574 569
574 570
574 571
574 572
574 573
574 575
574 576
574 577
574 578
574 579
574 580
574 581
574 583
574 584
575 489
575 492
575 493
575 570
575 571
575 572
575 573
575 574
575 576
575 577
575 578
575 579
575 580
576 471
576 485
576 488
576 489
576 490
576 491
576 492
576 493
576 570
576 571
576 572
576 573
576 574
576 575
576 577
576 578
576 579
576 580
577 470
577 471
577 488
577 489
577 492
577 571
577 572
577 573
577 574
577 575
577 576
577 578
577 579
577 580
577 581
578 470
578 471
578 472
578 473
578 474
578 484
578 485
578 486
578 488
578 489
578 492
578 570
578 572
578 573
578 574
578 575
578 576
578 577
578 579
578 580
578 583
579 471
579 472
579 473
579 474
579 485
579 566
579 570
579 571
579 572
579 573
579 574
579 575
579 576
579 577
579 578
579 580
579 581
579 582
579 583
579 584
579 587
580 471
580 473
580 474
580 570
580 573
580 574
580 575
580 576
580 577
580 578
580 579
580 581
580 582
580 583
580 584
580 585
580 586
581 570
581 571
581 573
581 574
581 577
581 579
581 580
581 582
581 583
581 584
581 585
581 586
581 587
582 579
582 580
582 581
582 583
582 584
582 585
582 586
582 587
582 588
583 473
583 474
583 475
583 476
583 574
583 578
583 579
583 580
583 581
583 582
583 584
583 585
583 586
583 587
583 588
583 589
584 476
584 563
584 566
584 567
584 570
584 571
584 573
584 574
584 579
584 580
584 581
584 582
584 583
584 585
584 586
584 587
584 588
584 589
584 590
585 567
585 580
585 581
585 582
585 583
585 584
585 586
585 587
585 588
585 589
585 590
586 476
586 563
586 580
586 581
586 582
586 583
586 584
586 585
586 587
586 588
586 589
586 590
586 591
587 475
587 476
587 477
587 559
587 560
587 562
587 563
587 564
587 565
587 566
587 567
587 570
587 579
587 581
587 582
587 583
587 584
587 585
587 586
587 588
587 589
587 590
587 591
587 592
587 593
588 563
588 564
588 566
588 567
588 568
588 582
588 583
588 584
588 585
588 586
588 587
588 589
588 590
588 591
588 592
588 593
589 563
589 583
589 584
589 585
589 586
589 587
589 588
589 590
589 591
589 592
589 593
589 594
590 476
590 477
590 559
590 560
590 563
590 564
590 584
590 585
590 586
590 587
590 588
590 589
590 591
590 592
590 593
590 594
590 595
590 596
591 328
591 331
591 332
591 476
591 556
591 559
591 560
591 561
591 562
591 563
591 564
591 567
591 586
591 587
591 588
591 589
591 590
591 592
591 593
591 594
591 595
591 596
591 597
592 324
592 325
592 327
592 328
592 560
592 564
592 587
592 588
592 589
592 590
592 591
592 593
592 594
592 595
592 596
592 597
593 324
593 560
593 587
593 588
593 589
593 590
593 591
593 592
593 594
593 595
593 596
593 597
593 598
594 327
594 328
594 331
594 332
594 556
594 557
594 559
594 560
594 563
594 589
594 590
594 591
594 592
594 593
594 595
594 596
594 597
594 598
594 599
595 322
595 324
595 325
595 326
595 327
595 328
595 330
595 331
595 332
595 556
595 557
595 560
595 590
595 591
595 592
595 593
595 594
595 596
595 597
595 598
595 599
595 600
595 602
596 322
596 323
596 324
596 327
596 328
596 331
596 590
596 591
596 592
596 593
596 594
596 595
596 597
596 598
596 599
596 600
596 601
597 553
597 556
597 557
597 591
597 592
597 593
597 594
597 595
597 596
597 598
597 599
597 600
597 601
597 602
598 11
598 12
598 327
598 331
598 334
598 335
598 553
598 554
598 556
598 557
598 560
598 593
598 594
598 595
598 596
598 597
598 599
598 600
598 601
598 602
598 603
598 605
599 7
599 10
599 11
599 304
599 321
599 322
599 324
599 327
599 331
599 594
599 595
599 596
599 597
599 598
599 600
599 601
599 602
599 603
599 604
600 6
600 7
600 8
600 9
600 10
600 11
600 12
600 321
600 322
600 595
600 596
600 597
600 598
600 599
600 601
600 602
600 603
600 604
600 605
601 7
601 8
601 9
601 10
601 11
601 12
601 13
601 15
601 553
601 596
601 597
601 598
601 599
601 600
601 602
601 603
601 604
601 605
601 606
601 607
602 7
602 8
602 11
602 296
602 297
602 300
602 301
602 304
602 321
602 327
602 330
602 331
602 334
602 553
602 595
602 597
602 598
602 599
602 600
602 601
602 603
602 604
602 605
602 606
602 607
603 4
603 5
603 6
603 7
603 8
603 10
603 11
603 15
603 296
603 297
603 300
603 301
603 302
603 303
603 304
603 598
603 599
603 600
603 601
603 602
603 604
603 605
603 606
603 607
603 608
603 623
604 4
604 7
604 8
604 9
604 10
604 11
604 12
604 13
604 14
604 15
604 16
604 18
604 297
604 301
604 599
604 600
604 601
604 602
604 603
604 605
604 606
604 607
604 608
604 609
605 8
605 11
605 13
605 14
605 15
605 18
605 19
605 293
605 296
605 297
605 300
605 334
605 335
605 338
605 550
605 553
605 554
605 557
605 598
605 600
605 601
605 602
605 603
605 604
605 606
605 607
605 608
605 609
605 610
606 15
606 19
606 293
606 294
606 295
606 296
606 297
606 298
606 299
606 300
606 301
606 334
606 337
606 338
606 601
606 602
606 603
606 604
606 605
606 607
606 608
606 609
606 610
606 611
606 621
607 8
607 15
607 16
607 18
607 19
607 293
607 297
607 301
607 601
607 602
607 603
607 604
607 605
607 606
607 608
607 609
607 610
607 611
607 612
607 623
608 14
608 15
608 16
608 17
608 18
608 19
608 20
608 21
608 22
608 297
608 603
608 604
608 605
608 606
608 607
608 609
608 610
608 611
609 15
609 16
609 18
609 19
609 20
609 22
609 23
609 290
609 293
609 294
609 297
609 337
609 338
609 341
609 604
609 605
609 606
609 607
609 608
609 610
609 611
609 612
610 15
610 16
610 18
610 19
610 20
610 22
610 23
610 29
610 33
610 294
610 297
610 605
610 606
610 607
610 608
610 609
610 611
610 612
610 613
610 615
611 290
611 293
611 294
611 297
611 298
611 606
611 607
611 608
611 609
611 610
611 612
611 613
611 614
611 615
611 616
611 621
611 622
611 623
612 33
612 36
612 40
612 90
612 93
612 607
612 609
612 610
612 611
612 613
612 614
612 615
612 616
612 617
612 618
612 621
612 622
612 623
613 93
613 298
613 610
613 611
613 612
613 614
613 615
613 616
613 617
613 618
613 619
613 620
613 621
613 622
613 623
613 624
614 40
614 46
614 47
614 90
614 92
614 93
614 94
614 611
614 612
614 613
614 615
614 616
614 617
614 618
614 619
614 621
614 622
615 36
615 40
615 89
615 90
615 91
615 92
615 93
615 94
615 294
615 405
615 610
615 611
615 612
615 613
615 614
615 616
615 617
615 618
616 90
616 93
616 94
616 291
616 294
616 295
616 297
616 298
616 404
616 405
616 406
616 408
616 409
616 611
616 612
616 613
616 614
616 615
616 617
616 618
616 619
616 620
616 621
616 622
616 623
617 47
617 49
617 92
617 93
617 94
617 95
617 294
617 298
617 402
617 403
617 404
617 405
617 406
617 408
617 409
617 612
617 613
617 614
617 615
617 616
617 618
617 619
617 620
617 621
617 622
618 94
618 294
618 295
618 297
618 298
618 399
618 401
618 402
618 403
618 404
618 405
618 406
618 408
618 612
618 613
618 614
618 615
618 616
618 617
618 619
618 620
618 621
618 622
618 627
618 630
618 631
619 298
619 302
619 398
619 401
619 402
619 403
619 404
619 405
619 613
619 614
619 616
619 617
619 618
619 620
619 621
619 622
619 623
619 624
619 625
619 626
619 627
619 628
619 629
619 630
619 631
619 632
619 633
619 634
620 297
620 298
620 299
620 300
620 301
620 302
620 303
620 305
620 306
620 395
620 398
620 399
620 403
620 404
620 405
620 406
620 613
620 616
620 617
620 618
620 619
620 621
620 622
620 623
620 624
620 625
620 626
620 627
620 628
620 630
620 631
621 294
621 295
621 296
621 297
621 298
621 299
621 300
621 301
621 302
621 303
621 404
621 405
621 406
621 606
621 611
621 612
621 613
621 614
621 616
621 617
621 618
621 619
621 620
621 622
621 623
621 624
621 625
621 626
621 627
622 0
622 4
622 297
622 298
622 301
622 302
622 404
622 611
622 612
622 613
622 614
622 616
622 617
622 618
622 619
622 620
622 621
622 623
622 624
622 625
622 626
622 627
622 630
623 0
623 1
623 4
623 5
623 297
623 298
623 301
623 302
623 603
623 607
623 611
623 612
623 613
623 616
623 619
623 620
623 621
623 622
623 624
623 625
623 626
623 627
624 0
624 1
624 2
624 3
624 4
624 5
624 301
624 305
624 613
624 619
624 620
624 621
624 622
624 623
624 625
624 626
624 627
625 0
625 1
625 2
625 3
625 4
625 5
625 301
625 302
625 304
625 305
625 306
625 619
625 620
625 621
625 622
625 623
625 624
625 626
625 627
625 628
625 629
625 630
626 0
626 1
626 2
626 4
626 302
626 305
626 619
626 620
626 621
626 622
626 623
626 624
626 625
626 627
626 628
626 629
626 630
626 631
627 1
627 301
627 302
627 305
627 306
627 404
627 618
627 619
627 620
627 621
627 622
627 623
627 624
627 625
627 626
627 628
627 629
627 630
627 631
627 632
628 305
628 306
628 619
628 620
628 625
628 626
628 627
628 629
628 630
628 631
628 632
628 633
628 634
629 619
629 625
629 626
629 627
629 628
629 630
629 631
629 632
629 633
629 634
629 635
630 403
630 618
630 619
630 620
630 622
630 625
630 626
630 627
630 628
630 629
630 631
630 632
630 633
630 634
630 635
630 636
631 398
631 401
631 403
631 404
631 618
631 619
631 620
631 626
631 627
631 628
631 629
631 630
631 632
631 633
631 634
631 635
631 636
632 619
632 627
632 628
632 629
632 630
632 631
632 633
632 634
632 635
632 636
632 637
633 619
633 628
633 629
633 630
633 631
633 632
633 634
633 635
633 636
633 637
633 638
634 49
634 403
634 619
634 628
634 629
634 630
634 631
634 632
634 633
634 635
634 636
634 637
634 638
635 401
635 403
635 629
635 630
635 631
635 632
635 633
635 634
635 636
635 637
635 638
635 639
635 640
635 641
636 630
636 631
636 632
636 633
636 634
636 635
636 637
636 638
636 639
636 640
636 641
636 642
637 49
637 52
637 632
637 633
637 634
637 635
637 636
637 638
637 639
637 640
637 641
637 642
638 49
638 51
638 52
638 633
638 634
638 635
638 636
638 637
638 639
638 640
638 641
638 642
639 52
639 53
639 635
639 636
639 637
639 638
639 640
639 641
639 642
639 643
640 52
640 635
640 636
640 637
640 638
640 639
640 641
640 642
640 643
640 644
640 645
640 646
640 647
641 635
641 636
641 637
641 638
641 639
641 640
641 642
641 643
641 644
641 645
641 646
642 636
642 637
642 638
642 639
642 640
642 641
642 643
642 644
642 645
642 646
643 639
643 640
643 641
643 642
643 644
643 645
643 646
643 647
644 640
644 641
644 642
644 643
644 645
644 646
644 647
645 640
645 641
645 642
645 643
645 644
645 646
645 647
645 648
645 649
645 650
646 640
646 641
646 642
646 643
646 644
646 645
646 647
646 648
646 649
646 650
647 640
647 643
647 644
647 645
647 646
647 648
647 649
647 650
647 651
648 645
648 646
648 647
648 649
648 650
648 651
648 652
648 653
649 645
649 646
649 647
649 648
649 650
649 651
649 652
649 653
649 654
650 645
650 646
650 647
650 648
650 649
650 651
650 652
650 653
650 654
650 655
651 647
651 648
651 649
651 650
651 652
651 653
651 654
651 655
651 656
652 648
652 649
652 650
652 651
652 653
652 654
652 655
652 656
652 657
653 648
653 649
653 650
653 651
653 652
653 654
653 655
653 656
653 657
653 658
654 649
654 650
654 651
654 652
654 653
654 655
654 656
654 657
654 658
655 650
655 651
655 652
655 653
655 654
655 656
655 657
655 658
655 659
656 651
656 652
656 653
656 654
656 655
656 657
656 658
656 659
657 652
657 653
657 654
657 655
657 656
657 658
657 659
658 653
658 654
658 655
658 656
658 657
658 659
659 655
659 656
659 657
659 658
