0 1
0 2
0 3
1 0
1 2
1 3
1 4
2 0
2 1
2 3
2 4
2 5
3 0
3 1
3 2
3 4
3 5
3 6
3 16
4 1
4 2
4 3
4 5
4 6
4 7
4 16
5 2
5 3
5 4
5 6
5 7
5 8
5 15
5 16
5 17
5 18
5 19
5 20
6 3
6 4
6 5
6 7
6 8
6 9
6 16
6 17
6 18
6 19
6 20
6 21
6 22
7 4
7 5
7 6
7 8
7 9
7 10
7 13
7 14
7 15
7 16
7 17
7 20
7 22
8 5
8 6
8 7
8 9
8 10
8 11
8 12
8 13
8 14
8 15
8 16
8 17
8 20
8 21
8 22
8 105
9 6
9 7
9 8
9 10
9 11
9 12
9 13
9 22
9 101
9 102
9 104
9 105
9 106
9 108
9 176
9 177
10 7
10 8
10 9
10 11
10 12
10 13
10 14
10 15
10 17
10 101
10 102
10 104
10 105
10 106
10 107
10 108
10 109
10 110
10 111
10 112
10 175
10 176
10 177
11 8
11 9
11 10
11 12
11 13
11 14
11 15
11 104
11 105
11 106
11 107
11 108
11 109
11 111
11 112
11 173
11 174
11 175
11 176
11 177
12 8
12 9
12 10
12 11
12 13
12 14
12 15
12 16
12 108
12 109
12 174
12 175
12 176
12 177
13 7
13 8
13 9
13 10
13 11
13 12
13 14
13 15
13 16
13 17
13 108
13 174
13 175
13 176
13 177
14 7
14 8
14 10
14 11
14 12
14 13
14 15
14 16
14 17
15 5
15 7
15 8
15 10
15 11
15 12
15 13
15 14
15 16
15 17
15 18
15 112
16 3
16 4
16 5
16 6
16 7
16 8
16 12
16 13
16 14
16 15
16 17
16 18
16 19
16 20
17 5
17 6
17 7
17 8
17 10
17 13
17 14
17 15
17 16
17 18
17 19
17 20
17 21
17 90
17 91
17 111
17 112
18 5
18 6
18 15
18 16
18 17
18 19
18 20
18 21
18 90
18 91
19 5
19 6
19 16
19 17
19 18
19 20
19 21
19 22
19 88
19 89
19 90
19 91
19 92
20 5
20 6
20 7
20 8
20 16
20 17
20 18
20 19
20 21
20 22
20 23
20 88
20 89
20 90
20 91
20 92
20 101
20 111
21 6
21 8
21 17
21 18
21 19
21 20
21 22
21 23
21 24
21 89
21 90
21 91
21 92
21 93
21 98
21 101
22 6
22 7
22 8
22 9
22 19
22 20
22 21
22 23
22 24
22 25
22 90
22 91
22 92
22 93
22 98
22 101
22 102
23 20
23 21
23 22
23 24
23 25
23 26
23 27
23 30
23 90
23 91
23 92
23 93
23 94
23 95
23 97
23 98
23 99
23 101
23 102
24 21
24 22
24 23
24 25
24 26
24 27
24 93
24 94
24 95
24 98
25 22
25 23
25 24
25 26
25 27
25 28
25 29
25 30
25 93
25 95
25 98
25 99
25 102
26 23
26 24
26 25
26 27
26 28
26 29
26 30
26 31
26 98
26 102
27 23
27 24
27 25
27 26
27 28
27 29
27 30
27 31
27 32
27 33
27 98
27 99
27 101
27 102
27 103
28 25
28 26
28 27
28 29
28 30
28 31
28 32
28 33
28 34
29 25
29 26
29 27
29 28
29 30
29 31
29 32
29 33
29 34
29 35
29 95
29 99
30 23
30 25
30 26
30 27
30 28
30 29
30 31
30 32
30 33
30 34
30 35
30 36
30 95
30 96
30 98
30 99
30 100
30 102
31 26
31 27
31 28
31 29
31 30
31 32
31 33
31 34
31 35
31 36
31 37
31 99
31 102
31 103
32 27
32 28
32 29
32 30
32 31
32 33
32 34
32 35
32 36
32 37
32 38
33 27
33 28
33 29
33 30
33 31
33 32
33 34
33 35
33 36
33 37
33 38
33 39
33 95
33 96
33 99
34 28
34 29
34 30
34 31
34 32
34 33
34 35
34 36
34 37
34 38
34 39
34 74
34 78
34 95
34 96
34 99
35 29
35 30
35 31
35 32
35 33
35 34
35 36
35 37
35 38
35 39
35 40
35 41
36 30
36 31
36 32
36 33
36 34
36 35
36 37
36 38
36 39
36 40
36 41
36 42
37 31
37 32
37 33
37 34
37 35
37 36
37 38
37 39
37 40
37 41
37 42
37 70
37 73
38 32
38 33
38 34
38 35
38 36
38 37
38 39
38 40
38 41
38 42
38 43
38 44
38 66
38 69
38 70
38 73
38 74
39 33
39 34
39 35
39 36
39 37
39 38
39 40
39 41
39 42
39 43
39 44
39 45
39 66
39 70
40 35
40 36
40 37
40 38
40 39
40 41
40 42
40 43
40 44
40 45
40 46
41 35
41 36
41 37
41 38
41 39
41 40
41 42
41 43
41 44
41 45
41 46
41 47
41 66
41 69
41 70
41 73
42 36
42 37
42 38
42 39
42 40
42 41
42 43
42 44
42 45
42 46
42 47
42 48
42 62
42 63
42 65
42 66
42 67
42 68
42 69
42 70
43 38
43 39
43 40
43 41
43 42
43 44
43 45
43 46
43 47
43 48
43 49
43 66
44 38
44 39
44 40
44 41
44 42
44 43
44 45
44 46
44 47
44 48
44 49
44 66
44 69
45 39
45 40
45 41
45 42
45 43
45 44
45 46
45 47
45 48
45 49
45 50
45 52
45 62
45 63
45 65
45 66
45 67
45 68
45 69
45 70
45 136
46 40
46 41
46 42
46 43
46 44
46 45
46 47
46 48
46 49
46 50
46 51
46 59
46 62
46 63
46 64
46 65
46 66
46 69
47 41
47 42
47 43
47 44
47 45
47 46
47 48
47 49
47 50
47 51
47 52
47 62
47 66
48 42
48 43
48 44
48 45
48 46
48 47
48 49
48 50
48 51
48 52
48 53
48 62
48 140
49 43
49 44
49 45
49 46
49 47
49 48
49 50
49 51
49 52
49 53
49 54
49 55
49 56
49 57
49 58
49 59
49 61
49 62
49 63
49 65
49 66
49 136
49 137
49 139
49 140
50 45
50 46
50 47
50 48
50 49
50 51
50 52
50 53
50 54
50 55
50 56
50 57
50 58
50 59
50 62
50 140
51 46
51 47
51 48
51 49
51 50
51 52
51 53
51 54
51 55
51 56
51 57
51 140
52 45
52 47
52 48
52 49
52 50
52 51
52 53
52 54
52 55
52 56
52 137
52 140
52 141
53 48
53 49
53 50
53 51
53 52
53 54
53 55
53 56
53 57
53 62
53 136
53 137
53 138
53 139
53 140
53 141
53 142
54 49
54 50
54 51
54 52
54 53
54 55
54 56
54 57
54 139
54 140
54 141
54 142
55 49
55 50
55 51
55 52
55 53
55 54
55 56
55 57
55 58
55 139
55 140
55 141
55 142
56 49
56 50
56 51
56 52
56 53
56 54
56 55
56 57
56 58
56 59
56 61
56 62
56 140
57 49
57 50
57 51
57 53
57 54
57 55
57 56
57 58
57 59
57 60
57 61
57 62
57 63
57 65
57 139
57 140
58 49
58 50
58 55
58 56
58 57
58 59
58 60
58 61
58 62
58 63
59 46
59 49
59 50
59 56
59 57
59 58
59 60
59 61
59 62
59 63
59 64
59 65
60 57
60 58
60 59
60 61
60 62
60 63
60 64
60 65
60 66
61 49
61 56
61 57
61 58
61 59
61 60
61 62
61 63
61 64
61 65
61 66
61 67
61 136
61 139
61 140
61 202
61 205
62 42
62 45
62 46
62 47
62 48
62 49
62 50
62 53
62 56
62 57
62 58
62 59
62 60
62 61
62 63
62 64
62 65
62 66
62 67
62 68
62 136
62 139
62 140
63 42
63 45
63 46
63 49
63 57
63 58
63 59
63 60
63 61
63 62
63 64
63 65
63 66
63 67
63 68
63 69
64 46
64 59
64 60
64 61
64 62
64 63
64 65
64 66
64 67
64 68
64 69
64 70
64 135
64 136
64 139
64 150
64 198
64 199
64 201
64 202
65 42
65 45
65 46
65 49
65 57
65 59
65 60
65 61
65 62
65 63
65 64
65 66
65 67
65 68
65 69
65 70
65 71
65 132
65 133
65 135
65 136
65 137
65 138
65 139
65 140
65 150
66 38
66 39
66 41
66 42
66 43
66 44
66 45
66 46
66 47
66 49
66 60
66 61
66 62
66 63
66 64
66 65
66 67
66 68
66 69
66 70
66 71
66 72
66 136
67 42
67 45
67 61
67 62
67 63
67 64
67 65
67 66
67 68
67 69
67 70
67 71
67 72
67 73
67 132
67 136
67 198
67 199
68 42
68 45
68 62
68 63
68 64
68 65
68 66
68 67
68 69
68 70
68 71
68 72
68 73
68 74
68 128
68 129
68 131
68 132
68 133
68 134
68 135
68 136
68 150
68 153
68 154
68 199
69 38
69 41
69 42
69 44
69 45
69 46
69 63
69 64
69 65
69 66
69 67
69 68
69 70
69 71
69 72
69 73
69 74
69 75
69 129
69 132
69 133
69 134
69 135
69 136
69 137
70 37
70 38
70 39
70 41
70 42
70 45
70 64
70 65
70 66
70 67
70 68
70 69
70 71
70 72
70 73
70 74
70 75
70 76
70 129
70 132
70 133
71 65
71 66
71 67
71 68
71 69
71 70
71 72
71 73
71 74
71 75
71 76
71 77
71 78
71 124
71 125
71 128
71 129
71 130
71 131
71 132
71 133
71 153
71 157
71 195
72 66
72 67
72 68
72 69
72 70
72 71
72 73
72 74
72 75
72 76
72 77
72 78
72 124
72 125
72 127
72 128
72 129
72 130
72 131
72 132
72 133
72 134
72 135
72 136
73 37
73 38
73 41
73 67
73 68
73 69
73 70
73 71
73 72
73 74
73 75
73 76
73 77
73 78
73 79
73 80
73 125
73 129
73 130
73 132
73 133
74 34
74 38
74 68
74 69
74 70
74 71
74 72
74 73
74 75
74 76
74 77
74 78
74 79
74 80
74 81
74 124
74 125
74 128
74 129
75 69
75 70
75 71
75 72
75 73
75 74
75 76
75 77
75 78
75 79
75 80
75 81
75 82
75 121
75 122
75 123
75 124
75 125
75 126
75 127
75 128
75 129
75 130
75 132
76 70
76 71
76 72
76 73
76 74
76 75
76 77
76 78
76 79
76 80
76 81
76 82
76 83
76 121
76 122
76 124
76 125
76 126
76 127
76 128
76 129
76 130
76 132
76 133
77 71
77 72
77 73
77 74
77 75
77 76
77 78
77 79
77 80
77 81
77 82
77 96
77 125
77 129
78 34
78 71
78 72
78 73
78 74
78 75
78 76
78 77
78 79
78 80
78 81
78 82
78 83
78 96
78 97
78 99
78 100
78 121
78 125
79 73
79 74
79 75
79 76
79 77
79 78
79 80
79 81
79 82
79 83
79 84
79 85
79 86
79 96
79 100
79 118
79 120
79 121
79 122
79 123
79 124
79 125
79 126
79 129
80 73
80 74
80 75
80 76
80 77
80 78
80 79
80 81
80 82
80 83
80 84
80 85
80 86
80 121
80 122
80 123
80 124
80 125
80 126
80 129
81 74
81 75
81 76
81 77
81 78
81 79
81 80
81 82
81 83
81 84
81 85
81 86
81 89
81 96
81 97
81 100
81 121
81 122
81 125
82 75
82 76
82 77
82 78
82 79
82 80
82 81
82 83
82 84
82 85
82 86
82 87
82 88
82 89
82 96
82 97
82 99
82 100
82 110
82 111
82 113
82 117
82 118
82 121
82 122
82 125
83 76
83 78
83 79
83 80
83 81
83 82
83 84
83 85
83 86
83 87
83 110
83 113
83 117
83 118
83 119
83 120
83 121
83 122
83 123
83 124
83 125
83 126
84 79
84 80
84 81
84 82
84 83
84 85
84 86
84 87
84 88
84 89
84 118
84 122
85 79
85 80
85 81
85 82
85 83
85 84
85 86
85 87
85 88
85 89
85 90
85 92
85 96
85 97
85 113
86 79
86 80
86 81
86 82
86 83
86 84
86 85
86 87
86 88
86 89
86 90
86 92
86 97
86 100
86 110
86 111
86 112
86 113
86 114
86 118
87 82
87 83
87 84
87 85
87 86
87 88
87 89
87 90
87 91
87 92
87 110
87 111
87 112
87 113
88 19
88 20
88 82
88 84
88 85
88 86
88 87
88 89
88 90
88 91
88 92
88 93
88 97
88 111
88 113
89 19
89 20
89 21
89 81
89 82
89 84
89 85
89 86
89 87
89 88
89 90
89 91
89 92
89 93
89 94
89 96
89 97
89 98
89 99
89 100
89 101
89 110
89 111
89 112
89 113
90 17
90 18
90 19
90 20
90 21
90 22
90 23
90 85
90 86
90 87
90 88
90 89
90 91
90 92
90 93
90 97
90 98
90 100
90 101
90 110
90 111
90 112
91 17
91 18
91 19
91 20
91 21
91 22
91 23
91 87
91 88
91 89
91 90
91 92
91 93
91 94
91 97
91 98
91 101
92 19
92 20
92 21
92 22
92 23
92 85
92 86
92 87
92 88
92 89
92 90
92 91
92 93
92 94
92 95
92 96
92 97
92 98
92 101
93 21
93 22
93 23
93 24
93 25
93 88
93 89
93 90
93 91
93 92
93 94
93 95
93 96
93 97
93 98
93 99
93 101
94 23
94 24
94 89
94 91
94 92
94 93
94 95
94 96
94 97
94 98
94 99
95 23
95 24
95 25
95 29
95 30
95 33
95 34
95 92
95 93
95 94
95 96
95 97
95 98
95 99
95 100
95 101
96 30
96 33
96 34
96 77
96 78
96 79
96 81
96 82
96 85
96 89
96 92
96 93
96 94
96 95
96 97
96 98
96 99
96 100
96 101
96 102
97 23
97 78
97 81
97 82
97 85
97 86
97 88
97 89
97 90
97 91
97 92
97 93
97 94
97 95
97 96
97 98
97 99
97 100
97 101
97 102
97 103
97 111
98 21
98 22
98 23
98 24
98 25
98 26
98 27
98 30
98 89
98 90
98 91
98 92
98 93
98 94
98 95
98 96
98 97
98 99
98 100
98 101
98 102
98 103
98 104
99 23
99 25
99 27
99 29
99 30
99 31
99 33
99 34
99 78
99 82
99 89
99 93
99 94
99 95
99 96
99 97
99 98
99 100
99 101
99 102
99 103
99 104
100 30
100 78
100 79
100 81
100 82
100 86
100 89
100 90
100 95
100 96
100 97
100 98
100 99
100 101
100 102
100 103
100 104
100 105
100 107
100 108
100 110
100 111
101 9
101 10
101 20
101 21
101 22
101 23
101 27
101 89
101 90
101 91
101 92
101 93
101 95
101 96
101 97
101 98
101 99
101 100
101 102
101 103
101 104
101 105
101 106
101 107
101 108
101 110
101 111
102 9
102 10
102 22
102 23
102 25
102 26
102 27
102 30
102 31
102 96
102 97
102 98
102 99
102 100
102 101
102 103
102 104
102 105
102 106
102 107
102 108
102 111
102 183
102 187
103 27
103 31
103 97
103 98
103 99
103 100
103 101
103 102
103 104
103 105
103 106
103 107
103 108
103 110
103 111
103 183
103 187
103 188
104 9
104 10
104 11
104 98
104 99
104 100
104 101
104 102
104 103
104 105
104 106
104 107
104 108
104 109
104 110
104 111
104 112
104 175
104 176
104 183
104 187
104 188
105 8
105 9
105 10
105 11
105 100
105 101
105 102
105 103
105 104
105 106
105 107
105 108
105 109
105 110
105 111
105 175
105 176
105 177
105 182
105 183
105 184
105 187
105 188
106 9
106 10
106 11
106 101
106 102
106 103
106 104
106 105
106 107
106 108
106 109
106 110
106 175
106 176
106 177
106 178
106 180
106 181
106 182
106 183
106 184
106 185
106 186
106 187
106 188
106 189
107 10
107 11
107 100
107 101
107 102
107 103
107 104
107 105
107 106
107 108
107 109
107 110
107 111
107 112
107 168
107 173
107 174
107 175
107 176
107 177
107 183
107 184
107 187
107 188
108 9
108 10
108 11
108 12
108 13
108 100
108 101
108 102
108 103
108 104
108 105
108 106
108 107
108 109
108 110
108 111
108 112
108 113
108 114
108 174
108 175
108 176
108 177
109 10
109 11
109 12
109 104
109 105
109 106
109 107
109 108
109 110
109 111
109 112
109 113
109 114
109 115
109 116
109 117
109 118
109 168
109 174
109 175
109 176
110 10
110 82
110 83
110 86
110 87
110 89
110 90
110 100
110 101
110 103
110 104
110 105
110 106
110 107
110 108
110 109
110 111
110 112
110 113
110 114
110 115
110 116
110 117
110 118
110 175
111 10
111 11
111 17
111 20
111 82
111 86
111 87
111 88
111 89
111 90
111 97
111 100
111 101
111 102
111 103
111 104
111 105
111 107
111 108
111 109
111 110
111 112
111 113
111 114
111 175
112 10
112 11
112 15
112 17
112 86
112 87
112 89
112 90
112 104
112 107
112 108
112 109
112 110
112 111
112 113
112 114
112 115
112 117
112 118
112 175
113 82
113 83
113 85
113 86
113 87
113 88
113 89
113 108
113 109
113 110
113 111
113 112
113 114
113 115
113 116
113 117
113 118
113 119
114 86
114 108
114 109
114 110
114 111
114 112
114 113
114 115
114 116
114 117
114 118
114 119
115 109
115 110
115 112
115 113
115 114
115 116
115 117
115 118
115 119
115 120
116 109
116 110
116 113
116 114
116 115
116 117
116 118
116 119
116 120
116 121
116 122
116 163
116 164
116 167
117 82
117 83
117 109
117 110
117 112
117 113
117 114
117 115
117 116
117 118
117 119
117 120
117 121
117 122
117 123
117 160
117 163
117 164
117 167
118 79
118 82
118 83
118 84
118 86
118 109
118 110
118 112
118 113
118 114
118 115
118 116
118 117
118 119
118 120
118 121
118 122
118 123
118 124
119 83
119 113
119 114
119 115
119 116
119 117
119 118
119 120
119 121
119 122
119 123
119 124
120 79
120 83
120 115
120 116
120 117
120 118
120 119
120 121
120 122
120 123
120 124
120 125
120 157
120 160
120 161
120 163
120 164
121 75
121 76
121 78
121 79
121 80
121 81
121 82
121 83
121 116
121 117
121 118
121 119
121 120
121 122
121 123
121 124
121 125
121 126
121 127
121 128
121 160
122 75
122 76
122 79
122 80
122 81
122 82
122 83
122 84
122 116
122 117
122 118
122 119
122 120
122 121
122 123
122 124
122 125
122 126
122 127
122 128
123 75
123 79
123 80
123 83
123 117
123 118
123 119
123 120
123 121
123 122
123 124
123 125
123 126
123 127
123 128
123 129
123 156
123 160
124 71
124 72
124 74
124 75
124 76
124 79
124 80
124 83
124 118
124 119
124 120
124 121
124 122
124 123
124 125
124 126
124 127
124 128
124 129
124 130
124 131
124 132
124 153
124 156
124 157
124 160
125 71
125 72
125 73
125 74
125 75
125 76
125 77
125 78
125 79
125 80
125 81
125 82
125 83
125 120
125 121
125 122
125 123
125 124
125 126
125 127
125 128
125 129
125 130
125 131
126 75
126 76
126 79
126 80
126 83
126 121
126 122
126 123
126 124
126 125
126 127
126 128
126 129
126 130
126 131
127 72
127 75
127 76
127 121
127 122
127 123
127 124
127 125
127 126
127 128
127 129
127 130
127 131
127 132
127 153
127 156
128 68
128 71
128 72
128 74
128 75
128 76
128 121
128 122
128 123
128 124
128 125
128 126
128 127
128 129
128 130
128 131
128 132
128 133
128 134
128 149
128 152
128 153
128 154
128 156
128 157
129 68
129 69
129 70
129 71
129 72
129 73
129 74
129 75
129 76
129 77
129 79
129 80
129 123
129 124
129 125
129 126
129 127
129 128
129 130
129 131
129 132
129 133
129 134
129 153
130 71
130 72
130 73
130 75
130 76
130 124
130 125
130 126
130 127
130 128
130 129
130 131
130 132
130 133
130 134
130 135
130 153
131 68
131 71
131 72
131 124
131 125
131 126
131 127
131 128
131 129
131 130
131 132
131 133
131 134
131 135
131 136
131 137
131 138
131 149
131 150
131 152
131 153
132 65
132 67
132 68
132 69
132 70
132 71
132 72
132 73
132 75
132 76
132 124
132 127
132 128
132 129
132 130
132 131
132 133
132 134
132 135
132 136
132 137
132 138
132 149
132 150
132 152
132 153
132 154
133 65
133 68
133 69
133 70
133 71
133 72
133 73
133 76
133 128
133 129
133 130
133 131
133 132
133 134
133 135
133 136
133 137
133 138
134 68
134 69
134 72
134 128
134 129
134 130
134 131
134 132
134 133
134 135
134 136
134 137
134 138
134 139
134 140
134 143
134 145
134 146
134 149
134 150
135 64
135 65
135 68
135 69
135 72
135 130
135 131
135 132
135 133
135 134
135 136
135 137
135 138
135 139
135 140
135 141
135 143
135 145
135 146
135 147
135 148
135 149
135 150
135 151
135 153
136 45
136 49
136 53
136 61
136 62
136 64
136 65
136 66
136 67
136 68
136 69
136 72
136 131
136 132
136 133
136 134
136 135
136 137
136 138
136 139
136 140
136 141
136 146
136 149
136 150
137 49
137 52
137 53
137 65
137 69
137 131
137 132
137 133
137 134
137 135
137 136
137 138
137 139
137 140
137 141
137 142
137 143
137 146
138 53
138 65
138 131
138 132
138 133
138 134
138 135
138 136
138 137
138 139
138 140
138 141
138 142
138 143
138 144
138 145
138 146
138 147
138 149
138 150
139 49
139 53
139 54
139 55
139 57
139 61
139 62
139 64
139 65
139 134
139 135
139 136
139 137
139 138
139 140
139 141
139 142
139 143
139 144
139 145
139 146
139 147
139 149
139 150
140 48
140 49
140 50
140 51
140 52
140 53
140 54
140 55
140 56
140 57
140 61
140 62
140 65
140 134
140 135
140 136
140 137
140 138
140 139
140 141
140 142
140 143
140 146
141 52
141 53
141 54
141 55
141 135
141 136
141 137
141 138
141 139
141 140
141 142
141 143
141 144
141 146
142 53
142 54
142 55
142 137
142 138
142 139
142 140
142 141
142 143
142 144
142 145
142 146
142 147
143 134
143 135
143 137
143 138
143 139
143 140
143 141
143 142
143 144
143 145
143 146
143 147
144 138
144 139
144 141
144 142
144 143
144 145
144 146
144 147
144 148
144 149
145 134
145 135
145 138
145 139
145 142
145 143
145 144
145 146
145 147
145 148
145 149
145 150
145 151
146 134
146 135
146 136
146 137
146 138
146 139
146 140
146 141
146 142
146 143
146 144
146 145
146 147
146 148
146 149
146 150
146 151
146 206
147 135
147 138
147 139
147 142
147 143
147 144
147 145
147 146
147 148
147 149
147 150
147 151
147 152
147 153
147 202
147 203
147 205
147 206
147 207
147 208
147 209
147 210
148 135
148 144
148 145
148 146
148 147
148 149
148 150
148 151
148 152
148 153
148 154
148 203
148 206
148 207
148 209
148 210
149 128
149 131
149 132
149 134
149 135
149 136
149 138
149 139
149 144
149 145
149 146
149 147
149 148
149 150
149 151
149 152
149 153
149 154
149 155
149 206
150 64
150 65
150 68
150 131
150 132
150 134
150 135
150 136
150 138
150 139
150 145
150 146
150 147
150 148
150 149
150 151
150 152
150 153
150 154
150 155
150 156
150 199
150 202
150 203
150 205
150 206
150 207
151 135
151 145
151 146
151 147
151 148
151 149
151 150
151 152
151 153
151 154
151 155
151 156
151 199
151 200
151 202
151 203
151 204
151 205
151 206
151 207
151 210
152 128
152 131
152 132
152 147
152 148
152 149
152 150
152 151
152 153
152 154
152 155
152 156
152 157
152 199
152 203
152 206
153 68
153 71
153 124
153 127
153 128
153 129
153 130
153 131
153 132
153 135
153 147
153 148
153 149
153 150
153 151
153 152
153 154
153 155
153 156
153 157
153 158
153 159
153 199
153 202
153 203
154 68
154 128
154 132
154 148
154 149
154 150
154 151
154 152
154 153
154 155
154 156
154 157
154 158
154 159
154 160
154 195
154 196
154 197
154 198
154 199
154 200
154 201
154 202
154 203
154 204
154 206
155 149
155 150
155 151
155 152
155 153
155 154
155 156
155 157
155 158
155 159
155 160
155 161
155 195
155 196
155 199
155 200
155 202
155 203
156 123
156 124
156 127
156 128
156 150
156 151
156 152
156 153
156 154
156 155
156 157
156 158
156 159
156 160
156 161
156 162
156 195
156 199
157 71
157 120
157 124
157 128
157 152
157 153
157 154
157 155
157 156
157 158
157 159
157 160
157 161
157 162
157 163
157 194
157 195
157 196
157 198
157 199
157 200
158 153
158 154
158 155
158 156
158 157
158 159
158 160
158 161
158 162
158 163
158 164
158 192
158 193
158 194
158 195
158 196
158 197
158 198
158 199
158 200
158 203
159 153
159 154
159 155
159 156
159 157
159 158
159 160
159 161
159 162
159 163
159 164
159 195
159 196
160 117
160 120
160 121
160 123
160 124
160 154
160 155
160 156
160 157
160 158
160 159
160 161
160 162
160 163
160 164
160 165
160 166
160 195
160 196
161 120
161 155
161 156
161 157
161 158
161 159
161 160
161 162
161 163
161 164
161 165
161 166
161 167
161 192
161 193
161 194
161 195
161 196
162 156
162 157
162 158
162 159
162 160
162 161
162 163
162 164
162 165
162 166
162 167
162 192
162 193
162 195
162 196
163 116
163 117
163 120
163 157
163 158
163 159
163 160
163 161
163 162
163 164
163 165
163 166
163 167
163 168
163 169
164 116
164 117
164 120
164 158
164 159
164 160
164 161
164 162
164 163
164 165
164 166
164 167
164 168
164 169
164 188
164 192
165 160
165 161
165 162
165 163
165 164
165 166
165 167
165 168
165 169
165 170
165 171
165 173
165 188
165 189
165 192
165 193
166 160
166 161
166 162
166 163
166 164
166 165
166 167
166 168
166 169
166 170
166 171
166 172
166 173
167 116
167 117
167 161
167 162
167 163
167 164
167 165
167 166
167 168
167 169
167 170
167 171
167 172
167 173
168 107
168 109
168 163
168 164
168 165
168 166
168 167
168 169
168 170
168 171
168 172
168 173
168 174
168 175
168 176
169 163
169 164
169 165
169 166
169 167
169 168
169 170
169 171
169 172
169 173
169 174
170 165
170 166
170 167
170 168
170 169
170 171
170 172
170 173
170 174
171 165
171 166
171 167
171 168
171 169
171 170
171 172
171 173
171 174
171 175
172 166
172 167
172 168
172 169
172 170
172 171
172 173
172 174
172 175
172 176
172 178
173 11
173 107
173 165
173 166
173 167
173 168
173 169
173 170
173 171
173 172
173 174
173 175
173 176
173 177
173 178
173 179
173 184
174 11
174 12
174 13
174 107
174 108
174 109
174 168
174 169
174 170
174 171
174 172
174 173
174 175
174 176
174 177
174 178
175 10
175 11
175 12
175 13
175 104
175 105
175 106
175 107
175 108
175 109
175 110
175 111
175 112
175 168
175 171
175 172
175 173
175 174
175 176
175 177
175 178
175 184
176 9
176 10
176 11
176 12
176 13
176 104
176 105
176 106
176 107
176 108
176 109
176 168
176 172
176 173
176 174
176 175
176 177
176 178
176 179
176 180
176 183
176 184
176 188
177 9
177 10
177 11
177 12
177 13
177 105
177 106
177 107
177 108
177 173
177 174
177 175
177 176
177 178
177 179
177 180
177 181
177 182
177 183
177 184
177 185
178 106
178 172
178 173
178 174
178 175
178 176
178 177
178 179
178 180
178 181
178 183
178 184
178 185
178 188
179 173
179 176
179 177
179 178
179 180
179 181
179 182
179 183
179 184
179 185
180 106
180 176
180 177
180 178
180 179
180 181
180 182
180 183
180 184
180 185
180 186
180 187
180 188
181 106
181 177
181 178
181 179
181 180
181 182
181 183
181 184
181 185
181 186
181 187
182 105
182 106
182 177
182 179
182 180
182 181
182 183
182 184
182 185
182 186
182 187
182 188
182 189
182 190
183 102
183 103
183 104
183 105
183 106
183 107
183 176
183 177
183 178
183 179
183 180
183 181
183 182
183 184
183 185
183 186
183 187
183 188
183 189
183 190
184 105
184 106
184 107
184 173
184 175
184 176
184 177
184 178
184 179
184 180
184 181
184 182
184 183
184 185
184 186
184 187
184 188
184 189
184 190
185 106
185 177
185 178
185 179
185 180
185 181
185 182
185 183
185 184
185 186
185 187
185 188
185 189
185 190
185 191
186 106
186 180
186 181
186 182
186 183
186 184
186 185
186 187
186 188
186 189
186 190
186 191
186 192
186 193
187 102
187 103
187 104
187 105
187 106
187 107
187 180
187 181
187 182
187 183
187 184
187 185
187 186
187 188
187 189
187 190
187 191
187 192
187 193
188 103
188 104
188 105
188 106
188 107
188 164
188 165
188 176
188 178
188 180
188 182
188 183
188 184
188 185
188 186
188 187
188 189
188 190
188 191
188 192
188 193
189 106
189 165
189 182
189 183
189 184
189 185
189 186
189 187
189 188
189 190
189 191
189 192
189 193
189 194
190 182
190 183
190 184
190 185
190 186
190 187
190 188
190 189
190 191
190 192
190 193
190 194
190 195
191 185
191 186
191 187
191 188
191 189
191 190
191 192
191 193
191 194
191 195
191 196
192 158
192 161
192 162
192 164
192 165
192 186
192 187
192 188
192 189
192 190
192 191
192 193
192 194
192 195
192 196
192 197
193 158
193 161
193 162
193 165
193 186
193 187
193 188
193 189
193 190
193 191
193 192
193 194
193 195
193 196
193 197
193 198
193 199
194 157
194 158
194 161
194 189
194 190
194 191
194 192
194 193
194 195
194 196
194 197
194 198
194 199
194 200
195 71
195 154
195 155
195 156
195 157
195 158
195 159
195 160
195 161
195 162
195 190
195 191
195 192
195 193
195 194
195 196
195 197
195 198
195 199
195 200
196 154
196 155
196 157
196 158
196 159
196 160
196 161
196 162
196 191
196 192
196 193
196 194
196 195
196 197
196 198
196 199
196 200
196 201
197 154
197 158
197 192
197 193
197 194
197 195
197 196
197 198
197 199
197 200
197 201
197 202
197 203
198 64
198 67
198 154
198 157
198 158
198 193
198 194
198 195
198 196
198 197
198 199
198 200
198 201
198 202
198 203
199 64
199 67
199 68
199 150
199 151
199 152
199 153
199 154
199 155
199 156
199 157
199 158
199 193
199 194
199 195
199 196
199 197
199 198
199 200
199 201
199 202
199 203
199 204
199 205
200 151
200 154
200 155
200 157
200 158
200 194
200 195
200 196
200 197
200 198
200 199
200 201
200 202
200 203
200 204
200 205
200 206
201 64
201 154
201 196
201 197
201 198
201 199
201 200
201 202
201 203
201 204
201 205
201 206
202 61
202 64
202 147
202 150
202 151
202 153
202 154
202 155
202 197
202 198
202 199
202 200
202 201
202 203
202 204
202 205
202 206
202 207
202 208
203 147
203 148
203 150
203 151
203 152
203 153
203 154
203 155
203 158
203 197
203 198
203 199
203 200
203 201
203 202
203 204
203 205
203 206
203 207
203 208
203 209
204 151
204 154
204 199
204 200
204 201
204 202
204 203
204 205
204 206
204 207
204 208
204 209
204 210
205 61
205 147
205 150
205 151
205 199
205 200
205 201
205 202
205 203
205 204
205 206
205 207
205 208
205 209
205 210
206 146
206 147
206 148
206 149
206 150
206 151
206 152
206 154
206 200
206 201
206 202
206 203
206 204
206 205
206 207
206 208
206 209
206 210
206 211
206 212
207 147
207 148
207 150
207 151
207 202
207 203
207 204
207 205
207 206
207 208
207 209
207 210
207 211
207 212
207 213
208 147
208 202
208 203
208 204
208 205
208 206
208 207
208 209
208 210
208 211
208 212
208 213
209 147
209 148
209 203
209 204
209 205
209 206
209 207
209 208
209 210
209 211
209 212
209 213
209 214
210 147
210 148
210 151
210 204
210 205
210 206
210 207
210 208
210 209
210 211
210 212
210 213
210 214
210 215
210 216
211 206
211 207
211 208
211 209
211 210
211 212
211 213
211 214
211 215
211 216
211 217
212 206
212 207
212 208
212 209
212 210
212 211
212 213
212 214
212 215
212 216
212 217
212 218
213 207
213 208
213 209
213 210
213 211
213 212
213 214
213 215
213 216
213 217
213 218
214 209
214 210
214 211
214 212
214 213
214 215
214 216
214 217
214 218
214 219
215 210
215 211
215 212
215 213
215 214
215 216
215 217
215 218
215 219
215 220
215 221
216 210
216 211
216 212
216 213
216 214
216 215
216 217
216 218
216 219
216 220
216 221
217 211
217 212
217 213
217 214
217 215
217 216
217 218
217 219
217 220
217 221
217 222
218 212
218 213
218 214
218 215
218 216
218 217
218 219
218 220
218 221
218 222
218 223
218 224
219 214
219 215
219 216
219 217
219 218
219 220
219 221
219 222
219 223
219 224
220 215
220 216
220 217
220 218
220 219
220 221
220 222
220 223
220 224
220 225
221 215
221 216
221 217
221 218
221 219
221 220
221 222
221 223
221 224
221 225
221 226
222 217
222 218
222 219
222 220
222 221
222 223
222 224
222 225
222 226
222 227
223 218
223 219
223 220
223 221
223 222
223 224
223 225
223 226
223 227
223 228
224 218
224 219
224 220
224 221
224 222
224 223
224 225
224 226
224 227
224 228
224 229
225 220
225 221
225 222
225 223
225 224
225 226
225 227
225 228
225 229
226 221
226 222
226 223
226 224
226 225
226 227
226 228
226 229
227 222
227 223
227 224
227 225
227 226
227 228
227 229
228 223
228 224
228 225
228 226
228 227
228 229
229 224
229 225
229 226
229 227
229 228
