0 1
0 2
1 0
1 2
1 3
2 0
2 1
2 3
2 4
3 1
3 2
3 4
3 5
4 2
4 3
4 5
4 6
5 3
5 4
5 6
5 7
6 4
6 5
6 7
6 8
6 9
7 5
7 6
7 8
7 9
7 10
8 6
8 7
8 9
8 10
8 11
9 6
9 7
9 8
9 10
9 11
9 12
10 7
10 8
10 9
10 11
10 12
10 13
11 8
11 9
11 10
11 12
11 13
11 14
12 9
12 10
12 11
12 13
12 14
12 15
13 10
13 11
13 12
13 14
13 15
13 16
14 11
14 12
14 13
14 15
14 16
14 17
15 12
15 13
15 14
15 16
15 17
15 18
16 13
16 14
16 15
16 17
16 18
16 19
17 14
17 15
17 16
17 18
17 19
17 20
18 15
18 16
18 17
18 19
18 20
18 21
19 16
19 17
19 18
19 20
19 21
19 22
20 17
20 18
20 19
20 21
20 22
20 23
20 24
21 18
21 19
21 20
21 22
21 23
21 24
21 25
21 26
22 19
22 20
22 21
22 23
22 24
22 25
22 26
22 27
23 20
23 21
23 22
23 24
23 25
23 26
23 27
23 28
23 29
24 20
24 21
24 22
24 23
24 25
24 26
24 27
24 28
24 29
24 30
25 21
25 22
25 23
25 24
25 26
25 27
25 28
25 29
25 30
25 31
26 21
26 22
26 23
26 24
26 25
26 27
26 28
26 29
26 30
26 31
26 32
27 22
27 23
27 24
27 25
27 26
27 28
27 29
27 30
27 31
27 32
27 33
27 34
28 23
28 24
28 25
28 26
28 27
28 29
28 30
28 31
28 32
28 33
28 34
29 23
29 24
29 25
29 26
29 27
29 28
29 30
29 31
29 32
29 33
29 34
30 24
30 25
30 26
30 27
30 28
30 29
30 31
30 32
30 33
30 34
30 35
31 25
31 26
31 27
31 28
31 29
31 30
31 32
31 33
31 34
31 35
31 36
32 26
32 27
32 28
32 29
32 30
32 31
32 33
32 34
32 35
32 36
33 27
33 28
33 29
33 30
33 31
33 32
33 34
33 35
33 36
33 37
34 27
34 28
34 29
34 30
34 31
34 32
34 33
34 35
34 36
34 37
35 30
35 31
35 32
35 33
35 34
35 36
35 37
35 38
35 96
35 97
35 98
36 31
36 32
36 33
36 34
36 35
36 37
36 38
36 39
36 60
36 61
36 62
36 97
36 98
37 33
37 34
37 35
37 36
37 38
37 39
37 56
37 57
37 59
37 60
37 61
37 62
37 63
37 97
37 98
37 99
37 251
38 35
38 36
38 37
38 39
38 40
38 56
38 60
38 61
38 62
38 63
38 64
38 94
38 95
38 96
38 97
38 98
38 99
38 100
39 36
39 37
39 38
39 40
39 41
39 42
39 53
39 56
39 61
39 62
39 63
39 64
39 65
39 93
39 94
39 95
39 96
39 97
39 98
39 99
39 100
39 101
39 136
39 138
39 139
39 250
40 38
40 39
40 41
40 42
40 43
40 44
40 53
40 61
40 62
40 63
40 64
40 65
40 66
40 77
40 78
40 79
40 80
40 93
40 94
40 95
40 96
40 97
40 98
40 99
40 100
40 101
40 102
40 136
40 139
41 39
41 40
41 42
41 43
41 44
41 45
41 49
41 50
41 52
41 53
41 56
41 63
41 64
41 65
41 66
41 67
41 79
41 93
41 94
41 99
41 100
41 101
41 102
41 103
41 104
41 140
42 39
42 40
42 41
42 43
42 44
42 45
42 46
42 49
42 64
42 65
42 66
42 67
42 68
42 80
42 84
42 90
42 93
42 94
42 100
42 101
42 102
42 103
42 104
42 105
42 127
42 141
43 40
43 41
43 42
43 44
43 45
43 46
43 47
43 48
43 49
43 50
43 65
43 66
43 67
43 68
43 69
43 71
43 84
43 101
43 102
43 103
43 104
43 105
43 106
44 40
44 41
44 42
44 43
44 45
44 46
44 47
44 48
44 49
44 50
44 51
44 52
44 53
44 54
44 63
44 64
44 65
44 66
44 67
44 68
44 69
44 70
44 71
44 72
44 79
44 101
44 102
44 103
44 104
45 41
45 42
45 43
45 44
45 46
45 47
45 48
45 49
45 50
45 51
45 52
45 53
45 65
45 66
45 67
45 68
45 69
45 70
45 71
45 72
45 79
45 103
45 104
46 42
46 43
46 44
46 45
46 47
46 48
46 49
46 50
46 51
46 52
46 67
46 68
46 69
46 71
46 103
46 104
46 105
46 106
46 107
46 206
46 207
46 208
47 43
47 44
47 45
47 46
47 48
47 49
47 50
47 51
47 52
47 103
47 202
47 203
47 204
47 205
47 206
47 207
47 208
47 209
47 239
48 43
48 44
48 45
48 46
48 47
48 49
48 50
48 51
48 52
48 53
48 103
48 104
48 142
48 202
48 203
48 204
48 206
48 207
48 239
48 240
48 242
48 243
49 41
49 42
49 43
49 44
49 45
49 46
49 47
49 48
49 50
49 51
49 52
49 53
49 54
49 55
49 65
49 66
49 67
49 71
49 101
49 102
49 103
49 104
49 142
49 239
49 243
50 41
50 43
50 44
50 45
50 46
50 47
50 48
50 49
50 51
50 52
50 53
50 54
50 55
50 56
50 65
50 71
50 72
50 206
50 243
51 44
51 45
51 46
51 47
51 48
51 49
51 50
51 52
51 53
51 54
51 55
51 56
51 204
51 205
51 206
51 239
51 240
51 242
51 243
51 244
52 41
52 44
52 45
52 46
52 47
52 48
52 49
52 50
52 51
52 53
52 54
52 55
52 56
52 57
52 58
52 63
52 101
52 103
52 239
52 240
52 242
52 243
52 244
52 246
52 247
53 39
53 40
53 41
53 44
53 45
53 48
53 49
53 50
53 51
53 52
53 54
53 55
53 56
53 57
53 58
53 59
53 61
53 62
53 63
53 64
53 65
53 72
53 77
53 101
53 243
54 44
54 49
54 50
54 51
54 52
54 53
54 55
54 56
54 57
54 58
54 59
54 61
54 63
54 74
54 77
54 243
55 49
55 50
55 51
55 52
55 53
55 54
55 56
55 57
55 58
55 59
55 60
55 61
55 240
55 243
55 244
55 247
56 37
56 38
56 39
56 41
56 50
56 51
56 52
56 53
56 54
56 55
56 57
56 58
56 59
56 60
56 61
56 62
56 63
56 243
56 244
56 247
57 37
57 52
57 53
57 54
57 55
57 56
57 58
57 59
57 60
57 61
57 62
57 63
57 76
57 77
58 52
58 53
58 54
58 55
58 56
58 57
58 59
58 60
58 61
59 37
59 53
59 54
59 55
59 56
59 57
59 58
59 60
59 61
59 62
59 247
60 36
60 37
60 38
60 55
60 56
60 57
60 58
60 59
60 61
60 62
60 63
61 36
61 37
61 38
61 39
61 40
61 53
61 54
61 55
61 56
61 57
61 58
61 59
61 60
61 62
61 63
61 64
61 76
61 77
62 36
62 37
62 38
62 39
62 40
62 53
62 56
62 57
62 59
62 60
62 61
62 63
62 64
62 76
62 77
62 78
62 97
63 37
63 38
63 39
63 40
63 41
63 44
63 52
63 53
63 54
63 56
63 57
63 60
63 61
63 62
63 64
63 65
63 66
63 76
63 77
63 78
63 79
63 93
63 97
63 99
63 100
64 38
64 39
64 40
64 41
64 42
64 44
64 53
64 61
64 62
64 63
64 65
64 66
64 76
64 77
64 78
64 79
64 80
64 92
64 93
64 94
64 95
64 97
64 100
65 39
65 40
65 41
65 42
65 43
65 44
65 45
65 49
65 50
65 53
65 63
65 64
65 66
65 67
65 70
65 71
65 72
65 77
65 78
65 79
65 80
65 81
65 93
65 94
65 100
65 101
66 40
66 41
66 42
66 43
66 44
66 45
66 49
66 63
66 64
66 65
66 67
66 68
66 69
66 70
66 71
66 78
66 79
66 80
66 81
66 82
66 83
66 84
66 89
66 90
66 92
66 93
66 94
66 102
66 104
67 41
67 42
67 43
67 44
67 45
67 46
67 49
67 65
67 66
67 68
67 69
67 70
67 71
67 79
67 80
67 81
67 82
67 83
67 84
67 89
67 90
67 93
67 103
67 104
68 42
68 43
68 44
68 45
68 46
68 66
68 67
68 69
68 70
68 71
68 80
68 81
68 82
68 83
68 84
68 104
69 43
69 44
69 45
69 46
69 66
69 67
69 68
69 70
69 71
69 72
69 79
69 80
69 81
69 82
69 83
70 44
70 45
70 65
70 66
70 67
70 68
70 69
70 71
70 72
70 73
70 79
70 80
70 81
70 82
71 43
71 44
71 45
71 46
71 49
71 50
71 65
71 66
71 67
71 68
71 69
71 70
71 72
71 73
71 74
71 79
71 81
72 44
72 45
72 50
72 53
72 65
72 69
72 70
72 71
72 73
72 74
72 75
72 76
72 77
72 78
72 79
73 70
73 71
73 72
73 74
73 75
73 76
73 77
73 78
73 79
74 54
74 71
74 72
74 73
74 75
74 76
74 77
74 78
74 79
75 72
75 73
75 74
75 76
75 77
75 78
75 79
76 57
76 61
76 62
76 63
76 64
76 72
76 73
76 74
76 75
76 77
76 78
76 79
77 40
77 53
77 54
77 57
77 61
77 62
77 63
77 64
77 65
77 72
77 73
77 74
77 75
77 76
77 78
77 79
77 80
78 40
78 62
78 63
78 64
78 65
78 66
78 72
78 73
78 74
78 75
78 76
78 77
78 79
78 80
78 93
79 40
79 41
79 44
79 45
79 63
79 64
79 65
79 66
79 67
79 69
79 70
79 71
79 72
79 73
79 74
79 75
79 76
79 77
79 78
79 80
79 81
79 82
79 93
80 40
80 42
80 64
80 65
80 66
80 67
80 68
80 69
80 70
80 77
80 78
80 79
80 81
80 82
80 83
80 89
80 90
80 91
80 92
80 93
80 94
81 65
81 66
81 67
81 68
81 69
81 70
81 71
81 79
81 80
81 82
81 83
81 84
81 89
81 90
81 93
82 66
82 67
82 68
82 69
82 70
82 79
82 80
82 81
82 83
82 84
82 85
82 86
82 87
82 88
82 89
82 90
82 93
83 66
83 67
83 68
83 69
83 80
83 81
83 82
83 84
83 85
83 86
83 87
83 88
83 89
83 90
83 119
83 123
84 42
84 43
84 66
84 67
84 68
84 81
84 82
84 83
84 85
84 86
84 87
84 88
84 89
84 90
84 91
84 104
84 118
84 119
84 120
84 122
84 123
84 124
84 125
84 126
84 127
85 82
85 83
85 84
85 86
85 87
85 88
85 89
85 90
85 118
85 119
85 120
85 121
85 122
85 123
85 124
85 125
85 126
85 127
86 82
86 83
86 84
86 85
86 87
86 88
86 89
86 90
86 91
86 123
86 126
86 127
86 130
87 82
87 83
87 84
87 85
87 86
87 88
87 89
87 90
87 91
87 92
87 123
87 126
87 127
87 129
87 130
87 131
88 82
88 83
88 84
88 85
88 86
88 87
88 89
88 90
88 91
88 92
88 93
88 130
89 66
89 67
89 80
89 81
89 82
89 83
89 84
89 85
89 86
89 87
89 88
89 90
89 91
89 92
89 93
89 94
90 42
90 66
90 67
90 80
90 81
90 82
90 83
90 84
90 85
90 86
90 87
90 88
90 89
90 91
90 92
90 93
90 94
90 95
90 123
90 126
90 127
90 130
90 131
90 134
91 80
91 84
91 86
91 87
91 88
91 89
91 90
91 92
91 93
91 94
91 95
91 96
91 126
91 127
91 129
91 130
91 131
91 133
91 134
92 64
92 66
92 80
92 87
92 88
92 89
92 90
92 91
92 93
92 94
92 95
92 96
92 97
92 130
92 134
93 39
93 40
93 41
93 42
93 63
93 64
93 65
93 66
93 67
93 78
93 79
93 80
93 81
93 82
93 88
93 89
93 90
93 91
93 92
93 94
93 95
93 96
93 97
93 100
93 130
93 131
93 134
94 38
94 39
94 40
94 41
94 42
94 64
94 65
94 66
94 80
94 89
94 90
94 91
94 92
94 93
94 95
94 96
94 97
94 98
94 99
94 100
94 127
94 130
94 131
94 132
94 133
94 134
94 135
94 136
95 38
95 39
95 40
95 64
95 90
95 91
95 92
95 93
95 94
95 96
95 97
95 98
95 130
95 131
95 133
95 134
95 135
95 136
96 35
96 38
96 39
96 40
96 91
96 92
96 93
96 94
96 95
96 97
96 98
96 99
96 134
96 135
96 136
97 35
97 36
97 37
97 38
97 39
97 40
97 62
97 63
97 64
97 92
97 93
97 94
97 95
97 96
97 98
97 99
97 100
97 131
97 134
97 135
97 136
97 137
97 138
98 35
98 36
98 37
98 38
98 39
98 40
98 94
98 95
98 96
98 97
98 99
98 100
98 131
98 134
98 135
98 136
98 137
98 138
98 139
98 192
98 250
99 37
99 38
99 39
99 40
99 41
99 63
99 94
99 96
99 97
99 98
99 100
99 101
99 102
99 131
99 135
99 136
99 137
99 138
99 139
99 140
99 192
99 193
99 194
99 250
99 251
100 38
100 39
100 40
100 41
100 42
100 63
100 64
100 65
100 93
100 94
100 97
100 98
100 99
100 101
100 102
100 103
100 127
100 128
100 131
100 136
100 137
100 138
100 139
100 140
100 141
100 194
100 250
101 39
101 40
101 41
101 42
101 43
101 44
101 49
101 52
101 53
101 65
101 99
101 100
101 102
101 103
101 104
101 138
101 139
101 140
101 141
101 142
101 196
101 246
101 247
101 250
102 40
102 41
102 42
102 43
102 44
102 49
102 66
102 99
102 100
102 101
102 103
102 104
102 105
102 120
102 124
102 127
102 139
102 140
102 141
102 142
102 143
102 182
102 196
103 41
103 42
103 43
103 44
103 45
103 46
103 47
103 48
103 49
103 52
103 67
103 100
103 101
103 102
103 104
103 105
103 120
103 140
103 141
103 142
103 143
103 197
104 41
104 42
104 43
104 44
104 45
104 46
104 48
104 49
104 66
104 67
104 68
104 84
104 101
104 102
104 103
104 105
104 106
104 107
104 119
104 120
104 123
104 124
104 141
104 142
104 143
105 42
105 43
105 46
105 102
105 103
105 104
105 106
105 107
105 108
105 115
105 116
105 117
105 118
105 119
105 120
105 121
105 123
105 124
105 142
105 143
105 171
105 174
105 175
105 178
106 43
106 46
106 104
106 105
106 107
106 108
106 109
106 110
106 111
106 112
106 113
106 115
106 116
106 117
106 118
106 119
106 120
106 171
107 46
107 104
107 105
107 106
107 108
107 109
107 110
107 111
107 112
107 116
107 171
107 208
107 209
108 105
108 106
108 107
108 109
108 110
108 111
108 112
108 116
108 169
108 170
108 171
108 172
108 209
109 106
109 107
109 108
109 110
109 111
109 112
109 171
109 209
110 106
110 107
110 108
110 109
110 111
110 112
110 113
110 115
110 116
110 170
110 171
111 106
111 107
111 108
111 109
111 110
111 112
111 113
111 114
111 115
111 116
111 169
111 170
111 171
111 320
112 106
112 107
112 108
112 109
112 110
112 111
112 113
112 114
112 115
112 116
112 117
112 170
112 171
113 106
113 110
113 111
113 112
113 114
113 115
113 116
113 117
113 118
113 169
113 170
113 171
113 173
113 174
114 111
114 112
114 113
114 115
114 116
114 117
114 118
114 119
114 120
114 170
115 105
115 106
115 110
115 111
115 112
115 113
115 114
115 116
115 117
115 118
115 119
115 120
115 121
115 122
115 171
115 174
116 105
116 106
116 107
116 108
116 110
116 111
116 112
116 113
116 114
116 115
116 117
116 118
116 119
116 120
116 121
116 122
116 123
116 170
116 171
116 172
116 173
116 174
116 175
117 105
117 106
117 112
117 113
117 114
117 115
117 116
117 118
117 119
117 120
117 121
117 122
117 123
117 124
117 170
117 171
117 173
117 174
117 175
117 177
117 178
118 84
118 85
118 105
118 106
118 113
118 114
118 115
118 116
118 117
118 119
118 120
118 121
118 122
118 123
118 124
118 125
118 174
119 83
119 84
119 85
119 104
119 105
119 106
119 114
119 115
119 116
119 117
119 118
119 120
119 121
119 122
119 123
119 124
119 125
119 126
119 174
119 178
120 84
120 85
120 102
120 103
120 104
120 105
120 106
120 114
120 115
120 116
120 117
120 118
120 119
120 121
120 122
120 123
120 124
120 125
120 143
120 171
120 173
120 174
120 175
120 176
120 177
120 178
120 179
120 181
121 85
121 105
121 115
121 116
121 117
121 118
121 119
121 120
121 122
121 123
121 124
121 125
121 126
121 127
121 173
121 174
121 175
121 176
121 177
121 178
121 179
121 180
121 181
121 182
122 84
122 85
122 115
122 116
122 117
122 118
122 119
122 120
122 121
122 123
122 124
122 125
122 126
122 127
122 174
122 177
122 178
122 181
123 83
123 84
123 85
123 86
123 87
123 90
123 104
123 105
123 116
123 117
123 118
123 119
123 120
123 121
123 122
123 124
123 125
123 126
123 127
123 128
123 178
124 84
124 85
124 102
124 104
124 105
124 117
124 118
124 119
124 120
124 121
124 122
124 123
124 125
124 126
124 127
124 128
124 129
124 130
124 141
124 177
124 178
124 179
124 181
124 182
125 84
125 85
125 118
125 119
125 120
125 121
125 122
125 123
125 124
125 126
125 127
125 128
125 129
125 130
125 131
125 178
125 181
125 182
125 185
126 84
126 85
126 86
126 87
126 90
126 91
126 119
126 121
126 122
126 123
126 124
126 125
126 127
126 128
126 129
126 130
126 131
127 42
127 84
127 85
127 86
127 87
127 90
127 91
127 94
127 100
127 102
127 121
127 122
127 123
127 124
127 125
127 126
127 128
127 129
127 130
127 131
127 132
127 133
127 139
127 182
128 100
128 123
128 124
128 125
128 126
128 127
128 129
128 130
128 131
128 132
128 133
128 136
128 139
128 181
128 182
128 185
128 186
128 192
128 194
129 87
129 91
129 124
129 125
129 126
129 127
129 128
129 130
129 131
129 132
129 133
129 134
129 185
130 86
130 87
130 88
130 90
130 91
130 92
130 93
130 94
130 95
130 124
130 125
130 126
130 127
130 128
130 129
130 131
130 132
130 133
130 134
130 135
130 136
131 87
131 90
131 91
131 93
131 94
131 95
131 97
131 98
131 99
131 100
131 125
131 126
131 127
131 128
131 129
131 130
131 132
131 133
131 134
131 135
131 136
131 137
131 138
131 139
131 192
132 94
132 127
132 128
132 129
132 130
132 131
132 133
132 134
132 135
132 136
132 137
132 138
132 139
132 185
132 187
132 190
132 191
132 192
133 91
133 94
133 95
133 127
133 128
133 129
133 130
133 131
133 132
133 134
133 135
133 136
134 90
134 91
134 92
134 93
134 94
134 95
134 96
134 97
134 98
134 129
134 130
134 131
134 132
134 133
134 135
134 136
134 137
135 94
135 95
135 96
135 97
135 98
135 99
135 130
135 131
135 132
135 133
135 134
135 136
135 137
135 138
135 190
135 191
135 192
136 39
136 40
136 94
136 95
136 96
136 97
136 98
136 99
136 100
136 128
136 130
136 131
136 132
136 133
136 134
136 135
136 137
136 138
136 139
136 191
136 192
136 193
137 97
137 98
137 99
137 100
137 131
137 132
137 134
137 135
137 136
137 138
137 139
137 187
137 188
137 190
137 191
137 192
137 193
137 194
137 253
137 254
138 39
138 97
138 98
138 99
138 100
138 101
138 131
138 132
138 135
138 136
138 137
138 139
138 140
138 141
138 186
138 191
138 192
138 193
138 194
138 195
138 249
138 250
138 251
138 253
138 254
138 260
139 39
139 40
139 98
139 99
139 100
139 101
139 102
139 127
139 128
139 131
139 132
139 136
139 137
139 138
139 140
139 141
139 142
139 182
139 183
139 185
139 186
139 192
139 193
139 194
139 195
139 196
139 249
139 250
139 253
139 260
140 41
140 99
140 100
140 101
140 102
140 103
140 138
140 139
140 141
140 142
140 143
140 182
140 183
140 193
140 194
140 195
140 196
140 197
140 246
140 247
140 249
140 250
140 253
140 260
140 263
141 42
141 100
141 101
141 102
141 103
141 104
141 124
141 138
141 139
141 140
141 142
141 143
141 144
141 178
141 179
141 182
141 183
141 194
141 195
141 196
141 197
141 198
141 246
141 263
142 48
142 49
142 101
142 102
142 103
142 104
142 105
142 139
142 140
142 141
142 143
142 144
142 175
142 178
142 179
142 195
142 196
142 197
142 198
142 199
142 242
142 243
142 246
142 263
143 102
143 103
143 104
143 105
143 120
143 140
143 141
143 142
143 144
143 145
143 146
143 147
143 172
143 175
143 176
143 178
143 179
143 180
143 182
143 195
143 196
143 197
143 198
143 199
143 200
143 263
143 264
143 265
144 141
144 142
144 143
144 145
144 146
144 147
144 148
144 149
144 171
144 172
144 175
144 176
144 179
144 196
144 197
144 198
144 199
144 200
144 201
144 202
144 263
144 264
144 265
144 266
145 143
145 144
145 146
145 147
145 148
145 149
145 157
145 158
145 159
145 163
145 172
145 175
145 176
145 197
145 198
145 199
145 200
145 201
145 235
145 263
145 264
145 265
145 266
145 267
145 335
145 336
145 337
146 143
146 144
146 145
146 147
146 148
146 149
146 150
146 151
146 163
146 164
146 167
146 168
146 169
146 171
146 172
146 173
146 175
146 176
146 198
146 199
146 200
146 201
146 335
147 143
147 144
147 145
147 146
147 148
147 149
147 150
147 159
147 161
147 162
147 163
147 164
147 165
147 166
147 167
147 168
147 171
147 172
147 173
147 174
147 175
147 176
147 177
147 178
147 179
147 198
148 144
148 145
148 146
148 147
148 149
148 150
148 151
148 154
148 157
148 158
148 159
148 160
148 161
148 162
148 163
148 164
148 165
148 166
148 167
148 168
148 172
148 176
148 198
149 144
149 145
149 146
149 147
149 148
149 150
149 151
149 152
149 153
149 154
149 157
149 161
149 162
149 163
149 164
149 165
149 166
149 167
149 168
149 172
149 330
149 335
150 146
150 147
150 148
150 149
150 151
150 152
150 153
150 154
150 163
150 164
150 165
150 166
150 167
150 168
150 169
150 172
150 326
150 329
150 330
151 146
151 148
151 149
151 150
151 152
151 153
151 154
151 164
151 166
151 167
151 168
151 325
151 326
151 327
151 328
151 329
151 330
151 331
151 332
151 333
151 334
151 335
152 149
152 150
152 151
152 153
152 154
152 155
152 329
152 330
152 332
152 333
152 334
152 335
153 149
153 150
153 151
153 152
153 154
153 155
153 156
153 157
153 232
153 233
153 329
153 330
153 332
153 333
153 334
153 335
153 336
154 148
154 149
154 150
154 151
154 152
154 153
154 155
154 156
154 157
154 158
154 161
154 233
154 234
154 333
154 334
154 335
154 336
154 337
155 152
155 153
155 154
155 156
155 157
155 158
155 232
155 233
155 234
155 271
155 333
155 334
155 335
155 336
155 337
155 338
156 153
156 154
156 155
156 157
156 158
156 233
156 234
156 235
156 271
156 334
156 335
156 336
156 337
156 338
156 339
156 340
157 145
157 148
157 149
157 153
157 154
157 155
157 156
157 158
157 159
157 160
157 161
157 265
157 335
157 336
157 337
157 338
157 339
158 145
158 148
158 154
158 155
158 156
158 157
158 159
158 160
158 161
158 162
158 264
158 265
158 336
158 337
158 338
158 339
158 340
158 341
159 145
159 147
159 148
159 157
159 158
159 160
159 161
159 162
159 163
159 198
159 262
159 263
159 264
159 265
159 337
159 338
159 339
159 340
159 341
160 148
160 157
160 158
160 159
160 161
160 162
160 163
160 262
160 263
160 264
161 147
161 148
161 149
161 154
161 157
161 158
161 159
161 160
161 162
161 163
161 164
162 147
162 148
162 149
162 158
162 159
162 160
162 161
162 163
162 164
162 165
163 145
163 146
163 147
163 148
163 149
163 150
163 159
163 160
163 161
163 162
163 164
163 165
163 166
163 167
163 172
163 173
163 176
163 177
163 180
164 146
164 147
164 148
164 149
164 150
164 151
164 161
164 162
164 163
164 165
164 166
164 167
164 168
164 172
164 173
164 176
165 147
165 148
165 149
165 150
165 162
165 163
165 164
165 166
165 167
165 168
165 173
165 176
166 147
166 148
166 149
166 150
166 151
166 163
166 164
166 165
166 167
166 168
166 169
166 172
166 173
167 146
167 147
167 148
167 149
167 150
167 151
167 163
167 164
167 165
167 166
167 168
167 169
167 170
167 171
167 172
167 173
167 174
167 175
167 176
168 146
168 147
168 148
168 149
168 150
168 151
168 164
168 165
168 166
168 167
168 169
168 170
168 171
168 172
168 173
168 325
168 326
168 327
168 329
168 330
169 108
169 111
169 113
169 146
169 150
169 166
169 167
169 168
169 170
169 171
169 172
169 173
169 174
169 326
170 108
170 110
170 111
170 112
170 113
170 114
170 116
170 117
170 167
170 168
170 169
170 171
170 172
170 173
170 174
170 175
170 176
171 105
171 106
171 107
171 108
171 109
171 110
171 111
171 112
171 113
171 115
171 116
171 117
171 120
171 144
171 146
171 147
171 167
171 168
171 169
171 170
171 172
171 173
171 174
171 175
171 176
172 108
172 116
172 143
172 144
172 145
172 146
172 147
172 148
172 149
172 150
172 163
172 164
172 166
172 167
172 168
172 169
172 170
172 171
172 173
172 174
172 175
172 176
172 177
172 178
173 113
173 116
173 117
173 120
173 121
173 146
173 147
173 163
173 164
173 165
173 166
173 167
173 168
173 169
173 170
173 171
173 172
173 174
173 175
173 176
173 177
173 178
174 105
174 113
174 115
174 116
174 117
174 118
174 119
174 120
174 121
174 122
174 147
174 167
174 169
174 170
174 171
174 172
174 173
174 175
174 176
174 177
174 178
174 179
174 180
175 105
175 116
175 117
175 120
175 121
175 142
175 143
175 144
175 145
175 146
175 147
175 167
175 170
175 171
175 172
175 173
175 174
175 176
175 177
175 178
175 179
175 180
175 181
176 120
176 121
176 143
176 144
176 145
176 146
176 147
176 148
176 163
176 164
176 165
176 167
176 170
176 171
176 172
176 173
176 174
176 175
176 177
176 178
176 179
176 180
176 181
177 117
177 120
177 121
177 122
177 124
177 147
177 163
177 172
177 173
177 174
177 175
177 176
177 178
177 179
177 180
177 181
177 182
178 105
178 117
178 119
178 120
178 121
178 122
178 123
178 124
178 125
178 141
178 142
178 143
178 147
178 172
178 173
178 174
178 175
178 176
178 177
178 179
178 180
178 181
178 182
178 183
178 184
178 196
179 120
179 121
179 124
179 141
179 142
179 143
179 144
179 147
179 174
179 175
179 176
179 177
179 178
179 180
179 181
179 182
179 183
179 184
179 185
179 194
179 195
179 196
179 197
179 198
179 261
179 262
179 263
180 121
180 143
180 163
180 174
180 175
180 176
180 177
180 178
180 179
180 181
180 182
180 183
180 184
180 185
180 196
180 261
180 262
180 263
181 120
181 121
181 122
181 124
181 125
181 128
181 175
181 176
181 177
181 178
181 179
181 180
181 182
181 183
181 184
181 185
181 186
182 102
182 121
182 124
182 125
182 127
182 128
182 139
182 140
182 141
182 143
182 177
182 178
182 179
182 180
182 181
182 183
182 184
182 185
182 186
182 193
182 194
182 195
182 196
182 261
182 262
182 263
183 139
183 140
183 141
183 178
183 179
183 180
183 181
183 182
183 184
183 185
183 186
183 187
183 193
183 194
183 195
183 196
183 260
183 261
183 262
183 263
184 178
184 179
184 180
184 181
184 182
184 183
184 185
184 186
184 187
184 194
184 195
184 260
184 261
184 262
185 125
185 128
185 129
185 132
185 139
185 179
185 180
185 181
185 182
185 183
185 184
185 186
185 187
185 188
185 192
185 193
185 194
185 195
185 260
185 261
186 128
186 138
186 139
186 181
186 182
186 183
186 184
186 185
186 187
186 188
186 189
186 190
186 191
186 192
186 193
186 194
186 195
186 255
186 260
186 261
186 262
187 132
187 137
187 183
187 184
187 185
187 186
187 188
187 189
187 190
187 191
187 192
187 193
187 194
187 255
187 260
187 261
188 137
188 185
188 186
188 187
188 189
188 190
188 191
188 192
188 193
188 194
188 254
188 255
188 256
188 260
188 261
189 186
189 187
189 188
189 190
189 191
189 192
189 193
189 255
190 132
190 135
190 137
190 186
190 187
190 188
190 189
190 191
190 192
190 193
191 132
191 135
191 136
191 137
191 138
191 186
191 187
191 188
191 189
191 190
191 192
191 193
191 194
191 254
191 255
192 98
192 99
192 128
192 131
192 132
192 135
192 136
192 137
192 138
192 139
192 185
192 186
192 187
192 188
192 189
192 190
192 191
192 193
192 194
192 254
192 255
192 260
193 99
193 136
193 137
193 138
193 139
193 140
193 182
193 183
193 185
193 186
193 187
193 188
193 189
193 190
193 191
193 192
193 194
193 195
193 250
193 253
193 254
193 255
193 257
193 259
193 260
193 261
194 99
194 100
194 128
194 137
194 138
194 139
194 140
194 141
194 179
194 182
194 183
194 184
194 185
194 186
194 187
194 188
194 191
194 192
194 193
194 195
194 196
194 249
194 250
194 253
194 254
194 259
194 260
194 261
194 262
194 263
195 138
195 139
195 140
195 141
195 142
195 143
195 179
195 182
195 183
195 184
195 185
195 186
195 193
195 194
195 196
195 197
195 246
195 249
195 250
195 253
195 258
195 259
195 260
195 261
195 262
195 263
195 264
196 101
196 102
196 139
196 140
196 141
196 142
196 143
196 144
196 178
196 179
196 180
196 182
196 183
196 194
196 195
196 197
196 198
196 199
196 246
196 249
196 259
196 260
196 261
196 262
196 263
196 264
196 265
197 103
197 140
197 141
197 142
197 143
197 144
197 145
197 179
197 195
197 196
197 198
197 199
197 200
197 242
197 243
197 245
197 246
197 249
197 262
197 263
197 264
197 265
197 266
197 342
198 141
198 142
198 143
198 144
198 145
198 146
198 147
198 148
198 159
198 179
198 196
198 197
198 199
198 200
198 242
198 245
198 246
198 263
198 264
198 265
198 266
198 267
198 337
198 339
199 142
199 143
199 144
199 145
199 146
199 196
199 197
199 198
199 200
199 201
199 202
199 235
199 236
199 237
199 238
199 239
199 241
199 242
199 243
199 245
199 246
199 264
199 265
199 266
199 267
199 268
199 337
199 339
200 143
200 144
200 145
200 146
200 197
200 198
200 199
200 201
200 202
200 203
200 234
200 235
200 236
200 237
200 238
200 242
200 265
200 266
200 267
200 268
200 335
200 336
200 337
201 144
201 145
201 146
201 199
201 200
201 202
201 203
201 210
201 234
201 235
201 236
201 237
201 238
201 239
201 267
201 268
202 47
202 48
202 144
202 199
202 200
202 201
202 203
202 204
202 207
202 209
202 210
202 235
202 236
202 237
202 238
202 239
202 240
202 241
202 242
202 266
202 267
202 268
203 47
203 48
203 200
203 201
203 202
203 204
203 205
203 206
203 207
203 208
203 209
203 210
203 211
203 236
203 237
203 238
203 239
203 240
203 241
203 242
203 357
203 358
203 361
204 47
204 48
204 51
204 202
204 203
204 205
204 206
204 207
204 208
204 210
204 211
204 236
204 237
204 238
204 239
204 240
204 241
204 357
204 358
204 359
204 360
204 361
204 362
204 363
204 364
204 365
205 47
205 51
205 203
205 204
205 206
205 207
205 208
205 211
205 238
205 239
205 240
205 357
205 358
205 359
205 360
205 361
205 362
205 363
205 364
205 365
206 46
206 47
206 48
206 50
206 51
206 203
206 204
206 205
206 207
206 208
206 209
206 211
206 212
206 239
206 361
206 364
206 365
207 46
207 47
207 48
207 202
207 203
207 204
207 205
207 206
207 208
207 209
207 210
207 211
207 212
207 239
207 361
207 364
207 365
208 46
208 47
208 107
208 203
208 204
208 205
208 206
208 207
208 209
208 210
208 211
208 212
208 213
209 47
209 107
209 108
209 109
209 202
209 203
209 206
209 207
209 208
209 210
209 211
209 212
209 213
209 214
210 201
210 202
210 203
210 204
210 207
210 208
210 209
210 211
210 212
210 213
210 214
210 215
210 278
210 281
211 203
211 204
211 205
211 206
211 207
211 208
211 209
211 210
211 212
211 213
211 214
211 215
211 216
211 217
211 278
211 281
211 282
211 285
211 361
211 362
211 365
211 368
212 206
212 207
212 208
212 209
212 210
212 211
212 213
212 214
212 215
212 216
212 217
212 218
212 365
212 368
213 208
213 209
213 210
213 211
213 212
213 214
213 215
213 216
213 217
213 218
213 219
214 209
214 210
214 211
214 212
214 213
214 215
214 216
214 217
214 218
214 219
214 220
214 222
214 223
214 278
214 279
214 281
214 282
215 210
215 211
215 212
215 213
215 214
215 216
215 217
215 218
215 219
215 220
215 221
215 222
215 223
215 278
215 281
215 282
215 285
215 287
215 365
215 368
215 369
215 370
216 211
216 212
216 213
216 214
216 215
216 217
216 218
216 219
216 220
216 221
216 222
216 223
216 368
217 211
217 212
217 213
217 214
217 215
217 216
217 218
217 219
217 220
217 221
217 222
217 223
217 224
218 212
218 213
218 214
218 215
218 216
218 217
218 219
218 220
218 221
218 222
218 223
218 224
218 282
218 287
218 288
218 289
218 290
219 213
219 214
219 215
219 216
219 217
219 218
219 220
219 221
219 222
219 223
219 287
219 288
219 370
220 214
220 215
220 216
220 217
220 218
220 219
220 221
220 222
220 223
220 224
221 215
221 216
221 217
221 218
221 219
221 220
221 222
221 223
221 224
221 225
221 287
221 288
221 290
222 214
222 215
222 216
222 217
222 218
222 219
222 220
222 221
222 223
222 224
222 225
222 290
223 214
223 215
223 216
223 217
223 218
223 219
223 220
223 221
223 222
223 224
223 225
223 226
223 278
223 279
223 282
223 287
223 288
223 289
223 290
223 291
223 292
224 217
224 218
224 220
224 221
224 222
224 223
224 225
224 226
224 288
224 289
224 290
224 291
224 292
224 293
225 221
225 222
225 223
225 224
225 226
225 227
225 228
225 230
225 275
225 289
225 290
225 291
225 292
225 293
225 294
226 223
226 224
226 225
226 227
226 228
226 229
226 230
226 231
226 274
226 275
226 276
226 289
226 290
226 291
226 292
226 293
226 294
226 295
226 296
226 299
226 331
226 332
227 225
227 226
227 228
227 229
227 230
227 231
227 232
227 274
227 275
227 290
227 292
227 293
227 294
227 295
227 296
227 297
227 298
227 299
227 300
227 328
227 329
227 330
227 331
227 332
227 333
228 225
228 226
228 227
228 229
228 230
228 231
228 232
228 275
228 292
228 293
228 294
228 295
228 296
228 297
228 298
228 299
228 300
228 328
228 329
228 331
228 332
228 333
229 226
229 227
229 228
229 230
229 231
229 232
229 275
229 292
229 293
229 294
229 295
229 296
229 332
230 225
230 226
230 227
230 228
230 229
230 231
230 232
230 233
230 273
230 274
230 275
230 276
230 291
230 293
230 294
230 295
230 296
230 331
230 332
230 333
231 226
231 227
231 228
231 229
231 230
231 232
231 233
231 234
231 272
231 273
231 274
231 275
231 276
231 332
231 333
231 334
232 153
232 155
232 227
232 228
232 229
232 230
232 231
232 233
232 234
232 271
232 272
232 273
232 274
232 275
232 276
232 330
232 331
232 332
232 333
232 334
232 335
232 336
233 153
233 154
233 155
233 156
233 230
233 231
233 232
233 234
233 235
233 236
233 270
233 271
233 272
233 273
233 274
233 275
233 276
233 277
233 331
233 332
233 333
233 334
233 335
233 336
234 154
234 155
234 156
234 200
234 201
234 231
234 232
234 233
234 235
234 236
234 237
234 267
234 270
234 271
234 272
234 273
234 274
234 275
234 277
234 330
234 331
234 332
234 333
234 334
234 335
234 336
234 337
235 145
235 156
235 199
235 200
235 201
235 202
235 233
235 234
235 236
235 237
235 238
235 266
235 267
235 268
235 269
235 270
235 271
235 272
235 273
235 274
235 277
235 334
235 335
235 336
235 337
235 338
236 199
236 200
236 201
236 202
236 203
236 204
236 233
236 234
236 235
236 237
236 238
236 239
236 266
236 267
236 268
236 269
236 270
236 271
236 272
236 273
236 274
236 277
236 336
236 354
236 357
237 199
237 200
237 201
237 202
237 203
237 204
237 234
237 235
237 236
237 238
237 239
237 240
237 241
237 242
237 266
237 267
237 268
237 269
237 270
237 271
237 350
237 352
237 353
237 354
237 357
238 199
238 200
238 201
238 202
238 203
238 204
238 205
238 235
238 236
238 237
238 239
238 240
238 241
238 242
238 243
238 244
238 266
238 267
238 268
238 350
238 351
238 352
238 353
238 354
238 356
238 357
238 358
238 360
238 361
239 47
239 48
239 49
239 51
239 52
239 199
239 201
239 202
239 203
239 204
239 205
239 206
239 207
239 236
239 237
239 238
239 240
239 241
239 242
239 243
239 244
239 245
239 267
239 268
239 352
239 357
239 361
240 48
240 51
240 52
240 55
240 202
240 203
240 204
240 205
240 237
240 238
240 239
240 241
240 242
240 243
240 244
240 245
240 246
240 350
240 351
240 352
240 357
241 199
241 202
241 203
241 204
241 237
241 238
241 239
241 240
241 242
241 243
241 244
241 245
241 246
241 247
241 266
241 267
241 268
241 348
241 349
241 350
241 351
241 352
241 353
241 357
242 48
242 51
242 52
242 142
242 197
242 198
242 199
242 200
242 202
242 203
242 237
242 238
242 239
242 240
242 241
242 243
242 244
242 245
242 246
242 247
242 265
242 266
242 267
242 268
242 350
242 351
243 48
243 49
243 50
243 51
243 52
243 53
243 54
243 55
243 56
243 142
243 197
243 199
243 238
243 239
243 240
243 241
243 242
243 244
243 245
243 246
243 247
243 248
243 249
243 266
244 51
244 52
244 55
244 56
244 238
244 239
244 240
244 241
244 242
244 243
244 245
244 246
244 247
244 248
244 249
244 250
244 266
244 348
244 349
244 350
244 351
245 197
245 198
245 199
245 239
245 240
245 241
245 242
245 243
245 244
245 246
245 247
245 248
245 249
245 250
245 251
245 264
245 265
245 266
245 267
245 342
245 343
245 346
245 347
245 348
245 349
245 350
245 351
246 52
246 101
246 140
246 141
246 142
246 195
246 196
246 197
246 198
246 199
246 240
246 241
246 242
246 243
246 244
246 245
246 247
246 248
246 249
246 250
246 251
246 252
246 264
246 266
246 348
247 52
247 55
247 56
247 59
247 101
247 140
247 241
247 242
247 243
247 244
247 245
247 246
247 248
247 249
247 250
247 251
247 252
247 253
247 346
247 348
248 243
248 244
248 245
248 246
248 247
248 249
248 250
248 251
248 252
248 253
248 342
248 345
248 346
248 347
248 348
248 349
249 138
249 139
249 140
249 194
249 195
249 196
249 197
249 243
249 244
249 245
249 246
249 247
249 248
249 250
249 251
249 252
249 253
249 254
249 259
249 260
249 264
249 342
249 345
249 346
249 347
249 348
250 39
250 98
250 99
250 100
250 101
250 138
250 139
250 140
250 193
250 194
250 195
250 244
250 245
250 246
250 247
250 248
250 249
250 251
250 252
250 253
250 254
250 259
250 346
251 37
251 99
251 138
251 245
251 246
251 247
251 248
251 249
251 250
251 252
251 253
251 254
251 346
252 246
252 247
252 248
252 249
252 250
252 251
252 253
252 254
252 255
252 256
252 257
252 258
252 259
252 260
252 345
252 346
252 347
253 137
253 138
253 139
253 140
253 193
253 194
253 195
253 247
253 248
253 249
253 250
253 251
253 252
253 254
253 255
253 256
253 257
253 258
253 259
253 260
253 261
253 345
253 346
254 137
254 138
254 188
254 191
254 192
254 193
254 194
254 249
254 250
254 251
254 252
254 253
254 255
254 256
254 257
254 258
254 259
254 260
255 186
255 187
255 188
255 189
255 191
255 192
255 193
255 252
255 253
255 254
255 256
255 257
255 258
255 259
255 260
256 188
256 252
256 253
256 254
256 255
256 257
256 258
256 259
256 260
257 193
257 252
257 253
257 254
257 255
257 256
257 258
257 259
257 260
257 345
257 346
258 195
258 252
258 253
258 254
258 255
258 256
258 257
258 259
258 260
258 261
258 262
258 341
258 344
258 345
258 346
259 193
259 194
259 195
259 196
259 249
259 250
259 252
259 253
259 254
259 255
259 256
259 257
259 258
259 260
259 261
259 262
259 263
259 264
259 341
259 342
259 345
259 346
260 138
260 139
260 140
260 183
260 184
260 185
260 186
260 187
260 188
260 192
260 193
260 194
260 195
260 196
260 249
260 252
260 253
260 254
260 255
260 256
260 257
260 258
260 259
260 261
260 262
260 263
261 179
261 180
261 182
261 183
261 184
261 185
261 186
261 187
261 188
261 193
261 194
261 195
261 196
261 253
261 258
261 259
261 260
261 262
261 263
262 159
262 160
262 179
262 180
262 182
262 183
262 184
262 186
262 194
262 195
262 196
262 197
262 258
262 259
262 260
262 261
262 263
262 264
263 140
263 141
263 142
263 143
263 144
263 145
263 159
263 160
263 179
263 180
263 182
263 183
263 194
263 195
263 196
263 197
263 198
263 259
263 260
263 261
263 262
263 264
263 265
263 266
263 341
263 342
264 143
264 144
264 145
264 158
264 159
264 160
264 195
264 196
264 197
264 198
264 199
264 245
264 246
264 249
264 259
264 262
264 263
264 265
264 266
264 267
264 338
264 339
264 340
264 341
264 342
264 343
264 345
264 346
265 143
265 144
265 145
265 157
265 158
265 159
265 196
265 197
265 198
265 199
265 200
265 242
265 245
265 263
265 264
265 266
265 267
265 268
265 336
265 337
265 338
265 339
265 340
265 341
265 342
265 343
266 144
266 145
266 197
266 198
266 199
266 200
266 202
266 235
266 236
266 237
266 238
266 241
266 242
266 243
266 244
266 245
266 246
266 263
266 264
266 265
266 267
266 268
266 269
266 337
266 338
266 339
266 340
266 341
266 342
266 343
266 348
266 349
266 350
267 145
267 198
267 199
267 200
267 201
267 202
267 234
267 235
267 236
267 237
267 238
267 239
267 241
267 242
267 245
267 264
267 265
267 266
267 268
267 269
267 270
267 271
267 336
267 337
267 338
267 339
267 340
267 342
267 348
267 349
267 350
268 199
268 200
268 201
268 202
268 235
268 236
268 237
268 238
268 239
268 241
268 242
268 265
268 266
268 267
268 269
268 270
268 271
268 272
268 337
268 339
268 349
268 350
268 351
268 352
268 353
268 354
268 357
269 235
269 236
269 237
269 266
269 267
269 268
269 270
269 271
269 272
269 336
269 337
269 338
269 339
269 340
269 349
269 350
269 353
269 354
270 233
270 234
270 235
270 236
270 237
270 267
270 268
270 269
270 271
270 272
270 336
270 350
270 353
270 354
270 355
271 155
271 156
271 232
271 233
271 234
271 235
271 236
271 237
271 267
271 268
271 269
271 270
271 272
271 273
271 274
271 277
271 334
271 335
271 336
271 337
271 338
271 354
272 231
272 232
272 233
272 234
272 235
272 236
272 268
272 269
272 270
272 271
272 273
272 274
272 275
272 276
272 277
272 336
272 354
273 230
273 231
273 232
273 233
273 234
273 235
273 236
273 271
273 272
273 274
273 275
273 276
273 277
273 278
273 279
273 331
273 332
273 334
274 226
274 227
274 230
274 231
274 232
274 233
274 234
274 235
274 236
274 271
274 272
274 273
274 275
274 276
274 277
274 278
274 279
274 330
274 331
274 332
274 333
274 334
274 335
275 225
275 226
275 227
275 228
275 229
275 230
275 231
275 232
275 233
275 234
275 272
275 273
275 274
275 276
275 277
275 278
275 279
275 280
275 289
275 290
275 291
275 331
275 332
276 226
276 230
276 231
276 232
276 233
276 272
276 273
276 274
276 275
276 277
276 278
276 279
276 280
276 281
276 282
276 289
276 290
277 233
277 234
277 235
277 236
277 271
277 272
277 273
277 274
277 275
277 276
277 278
277 279
277 280
277 281
277 282
277 354
277 358
278 210
278 211
278 214
278 215
278 223
278 273
278 274
278 275
278 276
278 277
278 279
278 280
278 281
278 282
278 283
278 284
278 289
278 290
279 214
279 223
279 273
279 274
279 275
279 276
279 277
279 278
279 280
279 281
279 282
279 283
279 284
279 285
279 287
279 288
279 289
279 290
279 291
280 275
280 276
280 277
280 278
280 279
280 281
280 282
280 283
280 284
280 285
280 286
280 287
280 288
280 289
280 355
280 358
280 359
280 362
281 210
281 211
281 214
281 215
281 276
281 277
281 278
281 279
281 280
281 282
281 283
281 284
281 285
281 286
281 287
281 288
281 289
281 358
281 359
281 361
281 362
281 365
282 211
282 214
282 215
282 218
282 223
282 276
282 277
282 278
282 279
282 280
282 281
282 283
282 284
282 285
282 286
282 287
282 288
282 289
282 290
282 362
282 369
282 370
283 278
283 279
283 280
283 281
283 282
283 284
283 285
283 286
283 287
283 288
283 289
283 290
283 362
283 369
283 370
284 278
284 279
284 280
284 281
284 282
284 283
284 285
284 286
284 287
284 288
284 289
284 358
284 359
284 361
284 362
284 363
284 365
284 366
284 369
284 370
285 211
285 215
285 279
285 280
285 281
285 282
285 283
285 284
285 286
285 287
285 288
285 362
285 363
285 365
285 366
285 367
285 368
285 369
285 370
285 371
286 280
286 281
286 282
286 283
286 284
286 285
286 287
286 288
286 289
286 366
286 368
286 369
286 370
286 371
286 372
287 215
287 218
287 219
287 221
287 223
287 279
287 280
287 281
287 282
287 283
287 284
287 285
287 286
287 288
287 289
287 290
287 369
287 370
287 371
287 372
288 218
288 219
288 221
288 223
288 224
288 279
288 280
288 281
288 282
288 283
288 284
288 285
288 286
288 287
288 289
288 290
288 291
288 370
289 218
289 223
289 224
289 225
289 226
289 275
289 276
289 278
289 279
289 280
289 281
289 282
289 283
289 284
289 286
289 287
289 288
289 290
289 291
289 292
290 218
290 221
290 222
290 223
290 224
290 225
290 226
290 227
290 275
290 276
290 278
290 279
290 282
290 283
290 287
290 288
290 289
290 291
290 292
290 293
291 223
291 224
291 225
291 226
291 230
291 275
291 279
291 288
291 289
291 290
291 292
291 293
291 294
292 223
292 224
292 225
292 226
292 227
292 228
292 229
292 289
292 290
292 291
292 293
292 294
293 224
293 225
293 226
293 227
293 228
293 229
293 230
293 290
293 291
293 292
293 294
293 295
293 296
293 299
294 225
294 226
294 227
294 228
294 229
294 230
294 291
294 292
294 293
294 295
294 296
294 297
294 298
294 299
294 300
295 226
295 227
295 228
295 229
295 230
295 293
295 294
295 296
295 297
295 298
295 299
295 300
295 332
296 226
296 227
296 228
296 229
296 230
296 293
296 294
296 295
296 297
296 298
296 299
296 300
296 301
296 302
296 328
296 329
296 331
296 332
296 333
297 227
297 228
297 294
297 295
297 296
297 298
297 299
297 300
297 301
297 302
297 303
297 328
297 329
297 332
298 227
298 228
298 294
298 295
298 296
298 297
298 299
298 300
298 301
298 302
298 303
298 304
299 226
299 227
299 228
299 293
299 294
299 295
299 296
299 297
299 298
299 300
299 301
299 302
299 303
299 304
299 305
299 323
299 324
299 325
299 328
299 329
299 332
300 227
300 228
300 294
300 295
300 296
300 297
300 298
300 299
300 301
300 302
300 303
300 304
300 305
300 306
300 323
300 324
300 325
300 326
300 327
300 328
300 329
300 332
301 296
301 297
301 298
301 299
301 300
301 302
301 303
301 304
301 305
301 306
301 307
301 324
301 325
301 328
302 296
302 297
302 298
302 299
302 300
302 301
302 303
302 304
302 305
302 306
302 307
302 308
302 323
302 324
302 325
302 328
303 297
303 298
303 299
303 300
303 301
303 302
303 304
303 305
303 306
303 307
303 308
303 309
303 321
303 322
303 323
303 324
303 325
303 326
303 327
303 328
304 298
304 299
304 300
304 301
304 302
304 303
304 305
304 306
304 307
304 308
304 309
304 310
304 323
304 324
304 325
304 326
304 328
305 299
305 300
305 301
305 302
305 303
305 304
305 306
305 307
305 308
305 309
305 310
305 311
305 324
305 325
306 300
306 301
306 302
306 303
306 304
306 305
306 307
306 308
306 309
306 310
306 311
306 312
306 321
306 322
306 323
306 324
306 325
307 301
307 302
307 303
307 304
307 305
307 306
307 308
307 309
307 310
307 311
307 312
307 313
307 320
307 321
307 322
307 323
307 324
307 325
308 302
308 303
308 304
308 305
308 306
308 307
308 309
308 310
308 311
308 312
308 313
308 314
309 303
309 304
309 305
309 306
309 307
309 308
309 310
309 311
309 312
309 313
309 314
309 321
310 304
310 305
310 306
310 307
310 308
310 309
310 311
310 312
310 313
310 314
310 315
310 316
310 317
310 318
310 319
310 320
310 321
311 305
311 306
311 307
311 308
311 309
311 310
311 312
311 313
311 314
311 315
311 317
311 318
311 319
311 321
312 306
312 307
312 308
312 309
312 310
312 311
312 313
312 314
312 315
312 316
312 317
313 307
313 308
313 309
313 310
313 311
313 312
313 314
313 315
313 316
313 317
313 318
313 319
314 308
314 309
314 310
314 311
314 312
314 313
314 315
314 316
314 317
314 318
314 319
314 320
315 310
315 311
315 312
315 313
315 314
315 316
315 317
315 318
315 319
316 310
316 312
316 313
316 314
316 315
316 317
316 318
316 319
317 310
317 311
317 312
317 313
317 314
317 315
317 316
317 318
317 319
317 320
318 310
318 311
318 313
318 314
318 315
318 316
318 317
318 319
318 320
318 321
319 310
319 311
319 313
319 314
319 315
319 316
319 317
319 318
319 320
319 321
319 322
320 111
320 307
320 310
320 314
320 317
320 318
320 319
320 321
320 322
320 323
320 324
321 303
321 306
321 307
321 309
321 310
321 311
321 318
321 319
321 320
321 322
321 323
321 324
321 327
322 303
322 306
322 307
322 319
322 320
322 321
322 323
322 324
322 327
323 299
323 300
323 302
323 303
323 304
323 306
323 307
323 320
323 321
323 322
323 324
323 325
323 326
323 327
323 328
324 299
324 300
324 301
324 302
324 303
324 304
324 305
324 306
324 307
324 320
324 321
324 322
324 323
324 325
324 326
324 327
324 328
324 329
324 330
325 151
325 168
325 299
325 300
325 301
325 302
325 303
325 304
325 305
325 306
325 307
325 323
325 324
325 326
325 327
325 328
325 329
325 330
325 331
326 150
326 151
326 168
326 169
326 300
326 303
326 304
326 323
326 324
326 325
326 327
326 328
326 329
326 330
326 331
326 332
327 151
327 168
327 300
327 303
327 321
327 322
327 323
327 324
327 325
327 326
327 328
327 329
327 330
327 331
327 332
328 151
328 227
328 228
328 296
328 297
328 299
328 300
328 301
328 302
328 303
328 304
328 323
328 324
328 325
328 326
328 327
328 329
328 330
328 331
328 332
328 333
329 150
329 151
329 152
329 153
329 168
329 227
329 228
329 296
329 297
329 299
329 300
329 324
329 325
329 326
329 327
329 328
329 330
329 331
329 332
329 333
329 334
330 149
330 150
330 151
330 152
330 153
330 168
330 227
330 232
330 234
330 274
330 324
330 325
330 326
330 327
330 328
330 329
330 331
330 332
330 333
330 334
330 335
331 151
331 226
331 227
331 228
331 230
331 232
331 233
331 234
331 273
331 274
331 275
331 296
331 325
331 326
331 327
331 328
331 329
331 330
331 332
331 333
331 334
331 335
332 151
332 152
332 153
332 226
332 227
332 228
332 229
332 230
332 231
332 232
332 233
332 234
332 273
332 274
332 275
332 295
332 296
332 297
332 299
332 300
332 326
332 327
332 328
332 329
332 330
332 331
332 333
332 334
332 335
333 151
333 152
333 153
333 154
333 155
333 227
333 228
333 230
333 231
333 232
333 233
333 234
333 274
333 296
333 328
333 329
333 330
333 331
333 332
333 334
333 335
333 336
334 151
334 152
334 153
334 154
334 155
334 156
334 231
334 232
334 233
334 234
334 235
334 271
334 273
334 274
334 329
334 330
334 331
334 332
334 333
334 335
334 336
334 337
335 145
335 146
335 149
335 151
335 152
335 153
335 154
335 155
335 156
335 157
335 200
335 232
335 233
335 234
335 235
335 271
335 274
335 330
335 331
335 332
335 333
335 334
335 336
335 337
336 145
336 153
336 154
336 155
336 156
336 157
336 158
336 200
336 232
336 233
336 234
336 235
336 236
336 265
336 267
336 269
336 270
336 271
336 272
336 333
336 334
336 335
336 337
336 338
336 339
337 145
337 154
337 155
337 156
337 157
337 158
337 159
337 198
337 199
337 200
337 234
337 235
337 265
337 266
337 267
337 268
337 269
337 271
337 334
337 335
337 336
337 338
337 339
337 340
338 155
338 156
338 157
338 158
338 159
338 235
338 264
338 265
338 266
338 267
338 269
338 271
338 336
338 337
338 339
338 340
338 341
338 342
338 343
339 156
339 157
339 158
339 159
339 198
339 199
339 264
339 265
339 266
339 267
339 268
339 269
339 336
339 337
339 338
339 340
339 341
339 342
339 343
339 344
339 348
339 349
339 350
340 156
340 158
340 159
340 264
340 265
340 266
340 267
340 269
340 337
340 338
340 339
340 341
340 342
340 343
340 344
340 345
340 347
340 348
340 349
341 158
341 159
341 258
341 259
341 263
341 264
341 265
341 266
341 338
341 339
341 340
341 342
341 343
341 344
341 345
341 346
341 347
341 348
342 197
342 245
342 248
342 249
342 259
342 263
342 264
342 265
342 266
342 267
342 338
342 339
342 340
342 341
342 343
342 344
342 345
342 346
342 347
342 348
342 349
343 245
343 264
343 265
343 266
343 338
343 339
343 340
343 341
343 342
343 344
343 345
343 346
343 347
343 348
343 349
343 350
344 258
344 339
344 340
344 341
344 342
344 343
344 345
344 346
344 347
344 348
344 349
345 248
345 249
345 252
345 253
345 257
345 258
345 259
345 264
345 340
345 341
345 342
345 343
345 344
345 346
345 347
345 348
346 245
346 247
346 248
346 249
346 250
346 251
346 252
346 253
346 257
346 258
346 259
346 264
346 341
346 342
346 343
346 344
346 345
346 347
346 348
346 349
347 245
347 248
347 249
347 252
347 340
347 341
347 342
347 343
347 344
347 345
347 346
347 348
347 349
348 241
348 244
348 245
348 246
348 247
348 248
348 249
348 266
348 267
348 339
348 340
348 341
348 342
348 343
348 344
348 345
348 346
348 347
348 349
348 350
348 351
349 241
349 244
349 245
349 248
349 266
349 267
349 268
349 269
349 339
349 340
349 342
349 343
349 344
349 346
349 347
349 348
349 350
349 351
349 352
350 237
350 238
350 240
350 241
350 242
350 244
350 245
350 266
350 267
350 268
350 269
350 270
350 339
350 343
350 348
350 349
350 351
350 352
350 353
350 354
351 238
351 240
351 241
351 242
351 244
351 245
351 268
351 348
351 349
351 350
351 352
351 353
351 354
351 356
351 357
352 237
352 238
352 239
352 240
352 241
352 268
352 349
352 350
352 351
352 353
352 354
352 355
352 356
352 357
352 358
352 360
353 237
353 238
353 241
353 268
353 269
353 270
353 350
353 351
353 352
353 354
353 355
353 356
353 357
353 358
353 359
354 236
354 237
354 238
354 268
354 269
354 270
354 271
354 272
354 277
354 350
354 351
354 352
354 353
354 355
354 356
354 357
354 358
354 359
354 360
355 270
355 280
355 352
355 353
355 354
355 356
355 357
355 358
355 359
355 360
355 361
356 238
356 351
356 352
356 353
356 354
356 355
356 357
356 358
356 359
356 360
356 361
356 362
357 203
357 204
357 205
357 236
357 237
357 238
357 239
357 240
357 241
357 268
357 351
357 352
357 353
357 354
357 355
357 356
357 358
357 359
357 360
357 361
357 362
357 363
358 203
358 204
358 205
358 238
358 277
358 280
358 281
358 284
358 352
358 353
358 354
358 355
358 356
358 357
358 359
358 360
358 361
358 362
358 363
358 364
359 204
359 205
359 280
359 281
359 284
359 353
359 354
359 355
359 356
359 357
359 358
359 360
359 361
359 362
359 363
359 364
360 204
360 205
360 238
360 352
360 354
360 355
360 356
360 357
360 358
360 359
360 361
360 362
360 363
360 364
360 365
361 203
361 204
361 205
361 206
361 207
361 211
361 238
361 239
361 281
361 284
361 355
361 356
361 357
361 358
361 359
361 360
361 362
361 363
361 364
361 365
361 366
362 204
362 205
362 211
362 280
362 281
362 282
362 283
362 284
362 285
362 356
362 357
362 358
362 359
362 360
362 361
362 363
362 364
362 365
362 366
362 367
362 368
362 369
363 204
363 205
363 284
363 285
363 357
363 358
363 359
363 360
363 361
363 362
363 364
363 365
363 366
363 367
363 369
364 204
364 205
364 206
364 207
364 358
364 359
364 360
364 361
364 362
364 363
364 365
364 366
364 367
364 368
365 204
365 205
365 206
365 207
365 211
365 212
365 215
365 281
365 284
365 285
365 360
365 361
365 362
365 363
365 364
365 366
365 367
365 368
365 369
366 284
366 285
366 286
366 361
366 362
366 363
366 364
366 365
366 367
366 368
366 369
366 370
367 285
367 362
367 363
367 364
367 365
367 366
367 368
367 369
367 370
367 371
368 211
368 212
368 215
368 216
368 285
368 286
368 362
368 364
368 365
368 366
368 367
368 369
368 370
368 371
369 215
369 282
369 283
369 284
369 285
369 286
369 287
369 362
369 363
369 365
369 366
369 367
369 368
369 370
369 371
369 372
370 215
370 219
370 282
370 283
370 284
370 285
370 286
370 287
370 288
370 366
370 367
370 368
370 369
370 371
370 372
371 285
371 286
371 287
371 367
371 368
371 369
371 370
371 372
372 286
372 287
372 369
372 370
372 371
