0 1
0 2
0 3
0 4
1 0
1 2
1 3
1 4
1 5
2 0
2 1
2 3
2 4
2 5
2 6
2 7
3 0
3 1
3 2
3 4
3 5
3 6
3 7
3 8
4 0
4 1
4 2
4 3
4 5
4 6
4 7
4 8
4 9
5 1
5 2
5 3
5 4
5 6
5 7
5 8
5 9
5 10
6 2
6 3
6 4
6 5
6 7
6 8
6 9
6 10
6 11
7 2
7 3
7 4
7 5
7 6
7 8
7 9
7 10
7 11
8 3
8 4
8 5
8 6
8 7
8 9
8 10
8 11
8 12
9 4
9 5
9 6
9 7
9 8
9 10
9 11
9 12
9 13
10 5
10 6
10 7
10 8
10 9
10 11
10 12
10 13
11 6
11 7
11 8
11 9
11 10
11 12
11 13
11 14
12 8
12 9
12 10
12 11
12 13
12 14
12 15
13 9
13 10
13 11
13 12
13 14
13 15
13 16
14 11
14 12
14 13
14 15
14 16
14 17
15 12
15 13
15 14
15 16
15 17
15 18
16 13
16 14
16 15
16 17
16 18
16 19
17 14
17 15
17 16
17 18
17 19
17 20
18 15
18 16
18 17
18 19
18 20
18 21
19 16
19 17
19 18
19 20
19 21
19 22
20 17
20 18
20 19
20 21
20 22
20 23
21 18
21 19
21 20
21 22
21 23
21 24
21 49
22 19
22 20
22 21
22 23
22 24
22 25
22 48
22 49
22 50
23 20
23 21
23 22
23 24
23 25
23 47
23 48
23 49
23 50
23 51
23 114
23 117
24 21
24 22
24 23
24 25
24 26
24 27
24 46
24 47
24 48
24 49
24 50
24 51
24 111
24 114
24 116
24 117
25 22
25 23
25 24
25 26
25 27
25 28
25 45
25 46
25 47
25 48
25 49
25 117
25 118
25 119
26 24
26 25
26 27
26 28
26 44
26 45
26 46
26 47
26 48
26 49
26 107
26 108
26 109
26 117
26 118
26 119
26 120
27 24
27 25
27 26
27 28
27 29
27 30
27 43
27 44
27 45
27 46
27 47
27 118
27 119
27 120
27 121
28 25
28 26
28 27
28 29
28 30
28 31
28 42
28 43
28 44
28 45
28 46
28 106
28 107
28 118
28 119
28 120
28 121
28 122
29 27
29 28
29 30
29 31
29 32
29 41
29 42
29 43
29 44
29 45
29 119
29 120
29 121
29 122
29 123
30 27
30 28
30 29
30 31
30 32
30 42
30 43
30 44
30 104
30 105
30 119
30 120
30 121
30 122
30 123
31 28
31 29
31 30
31 32
31 33
31 103
31 104
31 120
31 121
31 122
31 123
31 124
32 29
32 30
32 31
32 33
32 34
32 40
32 42
32 121
32 122
32 123
32 124
32 125
33 31
33 32
33 34
33 35
33 36
33 40
33 102
33 122
33 123
33 124
33 125
33 126
34 32
34 33
34 35
34 36
34 37
34 38
34 39
34 40
34 41
34 97
34 98
34 99
34 102
34 123
34 124
34 125
34 126
34 127
34 128
35 33
35 34
35 36
35 37
35 38
35 39
35 40
35 96
35 97
35 98
35 99
35 124
35 125
35 126
35 127
35 128
35 129
35 130
36 33
36 34
36 35
36 37
36 38
36 39
36 95
36 96
36 97
36 98
36 99
36 100
36 101
36 124
36 125
36 126
36 127
36 128
36 129
37 34
37 35
37 36
37 38
37 39
37 95
37 96
37 97
37 98
37 99
37 125
37 126
37 127
37 128
38 34
38 35
38 36
38 37
38 39
38 40
38 94
38 95
38 96
38 97
38 98
38 125
38 126
38 128
39 34
39 35
39 36
39 37
39 38
39 40
39 41
39 83
39 84
39 93
39 94
39 95
39 96
39 97
39 98
40 32
40 33
40 34
40 35
40 38
40 39
40 41
40 42
40 43
40 84
40 87
40 92
40 93
40 94
40 95
40 96
40 97
40 123
40 125
41 29
41 34
41 39
41 40
41 42
41 43
41 44
41 84
41 85
41 86
41 87
41 88
41 91
41 92
41 93
41 94
41 95
42 28
42 29
42 30
42 32
42 40
42 41
42 43
42 44
42 58
42 86
42 87
42 88
42 90
42 91
42 92
42 93
42 94
42 105
42 106
42 107
42 120
42 121
42 122
42 123
43 27
43 28
43 29
43 30
43 40
43 41
43 42
43 44
43 45
43 87
43 88
43 89
43 90
43 91
43 92
43 93
43 107
43 119
43 120
43 121
44 26
44 27
44 28
44 29
44 30
44 41
44 42
44 43
44 45
44 46
44 47
44 56
44 89
44 90
44 91
44 92
44 106
44 107
44 108
44 109
44 118
44 119
44 120
44 121
45 25
45 26
45 27
45 28
45 29
45 43
45 44
45 46
45 47
45 89
45 90
45 91
45 107
45 109
45 119
46 24
46 25
46 26
46 27
46 28
46 44
46 45
46 47
46 48
46 49
46 53
46 90
46 107
46 108
46 109
46 117
46 118
46 119
47 23
47 24
47 25
47 26
47 27
47 44
47 45
47 46
47 48
47 49
47 50
47 51
48 22
48 23
48 24
48 25
48 26
48 46
48 47
48 49
48 50
48 51
49 21
49 22
49 23
49 24
49 25
49 26
49 46
49 47
49 48
49 50
49 51
49 52
49 53
49 111
49 114
50 22
50 23
50 24
50 47
50 48
50 49
50 51
50 52
50 53
50 111
50 112
50 113
50 114
51 23
51 24
51 47
51 48
51 49
51 50
51 52
51 53
51 54
51 110
51 111
51 112
51 113
51 114
51 115
52 49
52 50
52 51
52 53
52 54
52 55
52 70
52 109
52 110
52 111
52 112
52 113
52 114
52 115
53 46
53 49
53 50
53 51
53 52
53 54
53 55
53 56
53 69
53 70
53 109
53 110
53 111
53 112
53 113
53 114
53 115
53 116
53 117
54 51
54 52
54 53
54 55
54 56
54 68
54 69
54 70
54 71
54 109
54 110
54 111
54 112
54 115
55 52
55 53
55 54
55 56
55 57
55 67
55 68
55 69
55 70
55 71
55 72
55 73
55 74
55 90
55 108
55 109
55 110
55 111
55 112
55 116
56 44
56 53
56 54
56 55
56 57
56 58
56 59
56 66
56 67
56 68
56 69
56 70
56 73
56 74
56 90
56 91
56 107
56 108
56 109
56 110
56 111
56 116
56 117
56 118
57 55
57 56
57 58
57 59
57 64
57 65
57 66
57 67
57 68
57 69
57 74
57 75
57 90
57 92
57 106
57 107
57 108
57 109
57 110
57 118
58 42
58 56
58 57
58 59
58 60
58 62
58 63
58 64
58 65
58 66
58 67
58 68
58 76
58 77
58 90
58 91
58 92
58 105
58 106
58 107
58 108
58 109
58 118
58 119
59 56
59 57
59 58
59 60
59 61
59 62
59 63
59 64
59 65
59 66
59 67
59 104
59 105
59 106
59 107
59 108
59 120
60 58
60 59
60 61
60 62
60 63
60 64
60 65
60 66
60 101
60 102
60 103
60 104
60 105
60 106
60 107
60 120
60 121
60 122
61 59
61 60
61 62
61 63
61 64
61 103
61 104
61 105
61 106
62 58
62 59
62 60
62 61
62 63
62 64
62 65
62 104
62 105
62 106
63 58
63 59
63 60
63 61
63 62
63 64
63 65
63 66
63 77
63 79
63 105
63 106
64 57
64 58
64 59
64 60
64 61
64 62
64 63
64 65
64 66
64 67
64 76
64 77
64 78
64 79
64 80
64 105
64 106
65 57
65 58
65 59
65 60
65 62
65 63
65 64
65 66
65 67
65 75
65 76
65 77
65 78
65 79
65 80
65 81
65 83
65 84
65 85
65 92
65 94
65 105
65 106
66 56
66 57
66 58
66 59
66 60
66 63
66 64
66 65
66 67
66 68
66 69
66 74
66 75
66 76
66 77
66 78
66 80
66 81
66 84
66 85
66 86
66 92
66 107
67 55
67 56
67 57
67 58
67 59
67 64
67 65
67 66
67 68
67 69
67 70
67 72
67 73
67 74
67 75
67 76
67 77
67 86
67 90
67 92
67 107
67 108
68 54
68 55
68 56
68 57
68 58
68 66
68 67
68 69
68 70
68 71
68 72
68 73
68 74
68 75
68 76
68 86
68 89
68 90
68 91
68 92
68 109
69 53
69 54
69 55
69 56
69 57
69 66
69 67
69 68
69 70
69 71
69 72
69 73
69 74
69 75
69 110
70 52
70 53
70 54
70 55
70 56
70 67
70 68
70 69
70 71
70 72
70 73
70 74
71 54
71 55
71 68
71 69
71 70
71 72
71 73
71 74
72 55
72 67
72 68
72 69
72 70
72 71
72 73
72 74
72 75
73 55
73 56
73 67
73 68
73 69
73 70
73 71
73 72
73 74
73 75
74 55
74 56
74 57
74 66
74 67
74 68
74 69
74 70
74 71
74 72
74 73
74 75
74 76
74 77
74 85
74 86
74 90
75 57
75 65
75 66
75 67
75 68
75 69
75 72
75 73
75 74
75 76
75 77
75 78
75 81
75 85
75 86
76 58
76 64
76 65
76 66
76 67
76 68
76 74
76 75
76 77
76 78
76 79
76 80
76 81
76 82
76 83
76 84
76 85
76 86
77 58
77 63
77 64
77 65
77 66
77 67
77 74
77 75
77 76
77 78
77 79
77 80
77 81
77 82
77 84
78 64
78 65
78 66
78 75
78 76
78 77
78 79
78 80
78 81
78 82
78 84
79 63
79 64
79 65
79 76
79 77
79 78
79 80
79 81
79 82
79 83
79 84
80 64
80 65
80 66
80 76
80 77
80 78
80 79
80 81
80 82
80 83
80 84
80 85
80 94
80 95
81 65
81 66
81 75
81 76
81 77
81 78
81 79
81 80
81 82
81 83
81 84
81 85
82 76
82 77
82 78
82 79
82 80
82 81
82 83
82 84
82 85
82 94
82 95
82 96
83 39
83 65
83 76
83 79
83 80
83 81
83 82
83 84
83 85
83 93
83 94
83 95
83 96
83 97
84 39
84 40
84 41
84 65
84 66
84 76
84 77
84 78
84 79
84 80
84 81
84 82
84 83
84 85
84 86
84 87
84 92
84 93
84 94
84 95
84 96
85 41
85 65
85 66
85 74
85 75
85 76
85 80
85 81
85 82
85 83
85 84
85 86
85 87
85 88
85 91
85 92
85 93
85 94
85 95
86 41
86 42
86 66
86 67
86 68
86 74
86 75
86 76
86 84
86 85
86 87
86 88
86 89
86 90
86 91
86 92
86 93
86 94
87 40
87 41
87 42
87 43
87 84
87 85
87 86
87 88
87 89
87 90
87 91
87 92
87 93
87 94
88 41
88 42
88 43
88 85
88 86
88 87
88 89
88 90
88 91
88 92
88 93
89 43
89 44
89 45
89 68
89 86
89 87
89 88
89 90
89 91
89 92
90 42
90 43
90 44
90 45
90 46
90 55
90 56
90 57
90 58
90 67
90 68
90 74
90 86
90 87
90 88
90 89
90 91
90 92
90 107
90 109
91 41
91 42
91 43
91 44
91 45
91 56
91 58
91 68
91 85
91 86
91 87
91 88
91 89
91 90
91 92
91 93
91 107
92 40
92 41
92 42
92 43
92 44
92 57
92 58
92 65
92 66
92 67
92 68
92 84
92 85
92 86
92 87
92 88
92 89
92 90
92 91
92 93
92 94
92 95
92 107
93 39
93 40
93 41
93 42
93 43
93 83
93 84
93 85
93 86
93 87
93 88
93 91
93 92
93 94
93 95
94 38
94 39
94 40
94 41
94 42
94 65
94 80
94 82
94 83
94 84
94 85
94 86
94 87
94 92
94 93
94 95
94 96
94 97
94 101
95 36
95 37
95 38
95 39
95 40
95 41
95 80
95 82
95 83
95 84
95 85
95 92
95 93
95 94
95 96
95 97
95 98
96 35
96 36
96 37
96 38
96 39
96 40
96 82
96 83
96 84
96 94
96 95
96 97
96 98
96 101
97 34
97 35
97 36
97 37
97 38
97 39
97 40
97 83
97 94
97 95
97 96
97 98
97 99
97 100
97 101
97 102
97 125
97 126
97 127
98 34
98 35
98 36
98 37
98 38
98 39
98 95
98 96
98 97
98 99
98 100
98 101
98 102
98 124
98 125
98 126
98 127
99 34
99 35
99 36
99 37
99 97
99 98
99 100
99 101
99 102
99 103
99 123
99 124
99 125
99 126
99 127
100 36
100 97
100 98
100 99
100 101
100 102
100 103
100 124
100 125
101 36
101 60
101 94
101 96
101 97
101 98
101 99
101 100
101 102
101 103
101 104
101 105
101 123
101 124
101 125
102 33
102 34
102 60
102 97
102 98
102 99
102 100
102 101
102 103
102 104
102 105
102 122
102 123
102 124
102 125
102 126
103 31
103 60
103 61
103 99
103 100
103 101
103 102
103 104
103 105
103 121
103 122
103 123
103 124
103 125
104 30
104 31
104 59
104 60
104 61
104 62
104 101
104 102
104 103
104 105
104 106
104 120
104 121
104 122
104 123
104 124
105 30
105 42
105 58
105 59
105 60
105 61
105 62
105 63
105 64
105 65
105 101
105 102
105 103
105 104
105 106
105 107
105 108
105 119
105 120
105 121
105 122
105 123
106 28
106 42
106 44
106 57
106 58
106 59
106 60
106 61
106 62
106 63
106 64
106 65
106 104
106 105
106 107
106 108
106 109
106 118
106 119
106 120
106 121
106 122
107 26
107 28
107 42
107 43
107 44
107 45
107 46
107 56
107 57
107 58
107 59
107 60
107 66
107 67
107 90
107 91
107 92
107 105
107 106
107 108
107 109
107 110
107 117
107 118
107 119
107 120
107 121
108 26
108 44
108 46
108 55
108 56
108 57
108 58
108 59
108 67
108 105
108 106
108 107
108 109
108 110
108 111
108 116
108 117
108 118
108 119
108 120
109 26
109 44
109 45
109 46
109 52
109 53
109 54
109 55
109 56
109 57
109 58
109 68
109 90
109 106
109 107
109 108
109 110
109 111
109 112
109 115
109 116
109 117
109 118
109 119
110 51
110 52
110 53
110 54
110 55
110 56
110 57
110 69
110 107
110 108
110 109
110 111
110 112
110 113
110 114
110 115
110 116
110 117
110 118
111 24
111 49
111 50
111 51
111 52
111 53
111 54
111 55
111 56
111 108
111 109
111 110
111 112
111 113
111 114
111 115
111 116
111 117
112 50
112 51
112 52
112 53
112 54
112 55
112 109
112 110
112 111
112 113
112 114
112 115
112 116
113 50
113 51
113 52
113 53
113 110
113 111
113 112
113 114
113 115
113 116
114 23
114 24
114 49
114 50
114 51
114 52
114 53
114 110
114 111
114 112
114 113
114 115
114 116
114 117
115 51
115 52
115 53
115 54
115 109
115 110
115 111
115 112
115 113
115 114
115 116
115 117
116 24
116 53
116 55
116 56
116 108
116 109
116 110
116 111
116 112
116 113
116 114
116 115
116 117
116 118
117 23
117 24
117 25
117 26
117 46
117 53
117 56
117 107
117 108
117 109
117 110
117 111
117 114
117 115
117 116
117 118
117 119
118 25
118 26
118 27
118 28
118 44
118 46
118 56
118 57
118 58
118 106
118 107
118 108
118 109
118 110
118 116
118 117
118 119
118 120
119 25
119 26
119 27
119 28
119 29
119 30
119 43
119 44
119 45
119 46
119 58
119 105
119 106
119 107
119 108
119 109
119 117
119 118
119 120
119 121
120 26
120 27
120 28
120 29
120 30
120 31
120 42
120 43
120 44
120 59
120 60
120 104
120 105
120 106
120 107
120 108
120 118
120 119
120 121
120 122
120 123
121 27
121 28
121 29
121 30
121 31
121 32
121 42
121 43
121 44
121 60
121 103
121 104
121 105
121 106
121 107
121 119
121 120
121 122
121 123
121 124
122 28
122 29
122 30
122 31
122 32
122 33
122 42
122 60
122 102
122 103
122 104
122 105
122 106
122 120
122 121
122 123
122 124
122 125
123 29
123 30
123 31
123 32
123 33
123 34
123 40
123 42
123 99
123 101
123 102
123 103
123 104
123 105
123 120
123 121
123 122
123 124
123 125
123 126
124 31
124 32
124 33
124 34
124 35
124 36
124 98
124 99
124 100
124 101
124 102
124 103
124 104
124 121
124 122
124 123
124 125
124 126
124 127
125 32
125 33
125 34
125 35
125 36
125 37
125 38
125 40
125 97
125 98
125 99
125 100
125 101
125 102
125 103
125 122
125 123
125 124
125 126
125 127
125 128
126 33
126 34
126 35
126 36
126 37
126 38
126 97
126 98
126 99
126 102
126 123
126 124
126 125
126 127
126 128
126 129
127 34
127 35
127 36
127 37
127 97
127 98
127 99
127 124
127 125
127 126
127 128
127 129
127 130
128 34
128 35
128 36
128 37
128 38
128 125
128 126
128 127
128 129
128 130
128 131
129 35
129 36
129 126
129 127
129 128
129 130
129 131
129 132
130 35
130 127
130 128
130 129
130 131
130 132
130 133
130 134
131 128
131 129
131 130
131 132
131 133
131 134
131 135
131 136
132 129
132 130
132 131
132 133
132 134
132 135
132 136
132 137
132 138
133 130
133 131
133 132
133 134
133 135
133 136
133 137
133 138
134 130
134 131
134 132
134 133
134 135
134 136
134 137
134 138
134 139
135 131
135 132
135 133
135 134
135 136
135 137
135 138
135 139
135 140
136 131
136 132
136 133
136 134
136 135
136 137
136 138
136 139
136 140
136 141
137 132
137 133
137 134
137 135
137 136
137 138
137 139
137 140
137 141
137 142
138 132
138 133
138 134
138 135
138 136
138 137
138 139
138 140
138 141
138 142
138 143
138 144
139 134
139 135
139 136
139 137
139 138
139 140
139 141
139 142
139 143
139 144
140 135
140 136
140 137
140 138
140 139
140 141
140 142
140 143
140 144
140 145
140 146
141 136
141 137
141 138
141 139
141 140
141 142
141 143
141 144
141 145
141 146
141 147
142 137
142 138
142 139
142 140
142 141
142 143
142 144
142 145
142 146
142 147
142 148
143 138
143 139
143 140
143 141
143 142
143 144
143 145
143 146
143 147
143 148
143 149
144 138
144 139
144 140
144 141
144 142
144 143
144 145
144 146
144 147
144 148
144 149
144 150
145 140
145 141
145 142
145 143
145 144
145 146
145 147
145 148
145 149
145 150
146 140
146 141
146 142
146 143
146 144
146 145
146 147
146 148
146 149
146 150
146 151
147 141
147 142
147 143
147 144
147 145
147 146
147 148
147 149
147 150
147 151
147 152
147 153
148 142
148 143
148 144
148 145
148 146
148 147
148 149
148 150
148 151
148 152
148 153
148 154
149 143
149 144
149 145
149 146
149 147
149 148
149 150
149 151
149 152
149 153
149 154
149 155
150 144
150 145
150 146
150 147
150 148
150 149
150 151
150 152
150 153
150 154
150 155
150 156
151 146
151 147
151 148
151 149
151 150
151 152
151 153
151 154
151 155
151 156
151 157
152 147
152 148
152 149
152 150
152 151
152 153
152 154
152 155
152 156
152 157
153 147
153 148
153 149
153 150
153 151
153 152
153 154
153 155
153 156
153 157
153 158
154 148
154 149
154 150
154 151
154 152
154 153
154 155
154 156
154 157
154 158
154 159
154 160
155 149
155 150
155 151
155 152
155 153
155 154
155 156
155 157
155 158
155 159
155 160
155 161
156 150
156 151
156 152
156 153
156 154
156 155
156 157
156 158
156 159
156 160
156 161
156 162
157 151
157 152
157 153
157 154
157 155
157 156
157 158
157 159
157 160
157 161
157 162
157 163
158 153
158 154
158 155
158 156
158 157
158 159
158 160
158 161
158 162
158 163
158 164
159 154
159 155
159 156
159 157
159 158
159 160
159 161
159 162
159 163
159 164
159 165
160 154
160 155
160 156
160 157
160 158
160 159
160 161
160 162
160 163
160 164
160 165
160 166
161 155
161 156
161 157
161 158
161 159
161 160
161 162
161 163
161 164
161 165
161 166
161 167
162 156
162 157
162 158
162 159
162 160
162 161
162 163
162 164
162 165
162 166
162 167
162 168
163 157
163 158
163 159
163 160
163 161
163 162
163 164
163 165
163 166
163 167
163 168
163 169
164 158
164 159
164 160
164 161
164 162
164 163
164 165
164 166
164 167
164 168
164 169
164 170
165 159
165 160
165 161
165 162
165 163
165 164
165 166
165 167
165 168
165 169
165 170
165 171
166 160
166 161
166 162
166 163
166 164
166 165
166 167
166 168
166 169
166 170
166 171
166 172
167 161
167 162
167 163
167 164
167 165
167 166
167 168
167 169
167 170
167 171
167 172
167 173
168 162
168 163
168 164
168 165
168 166
168 167
168 169
168 170
168 171
168 172
168 173
168 174
169 163
169 164
169 165
169 166
169 167
169 168
169 170
169 171
169 172
169 173
169 174
169 175
169 176
170 164
170 165
170 166
170 167
170 168
170 169
170 171
170 172
170 173
170 174
170 175
170 176
171 165
171 166
171 167
171 168
171 169
171 170
171 172
171 173
171 174
171 175
171 176
172 166
172 167
172 168
172 169
172 170
172 171
172 173
172 174
172 175
172 176
172 177
172 178
172 179
173 167
173 168
173 169
173 170
173 171
173 172
173 174
173 175
173 176
173 177
173 178
173 179
173 180
174 168
174 169
174 170
174 171
174 172
174 173
174 175
174 176
174 177
174 178
174 179
175 169
175 170
175 171
175 172
175 173
175 174
175 176
175 177
175 178
175 179
175 180
176 169
176 170
176 171
176 172
176 173
176 174
176 175
176 177
176 178
176 179
176 180
176 181
176 182
177 172
177 173
177 174
177 175
177 176
177 178
177 179
177 180
177 181
177 182
178 172
178 173
178 174
178 175
178 176
178 177
178 179
178 180
178 181
178 182
179 172
179 173
179 174
179 175
179 176
179 177
179 178
179 180
179 181
179 182
179 183
179 184
180 173
180 175
180 176
180 177
180 178
180 179
180 181
180 182
180 183
180 184
181 176
181 177
181 178
181 179
181 180
181 182
181 183
181 184
182 176
182 177
182 178
182 179
182 180
182 181
182 183
182 184
183 179
183 180
183 181
183 182
183 184
183 185
183 186
184 179
184 180
184 181
184 182
184 183
184 185
184 186
184 187
185 183
185 184
185 186
185 187
186 183
186 184
186 185
186 187
186 188
187 184
187 185
187 186
187 188
187 189
188 186
188 187
188 189
188 190
189 187
189 188
189 190
189 191
190 188
190 189
190 191
190 192
191 189
191 190
191 192
191 193
192 190
192 191
192 193
192 194
193 191
193 192
193 194
193 195
194 192
194 193
194 195
194 196
195 193
195 194
195 196
195 197
196 194
196 195
196 197
196 198
197 195
197 196
197 198
197 199
198 196
198 197
198 199
198 200
199 197
199 198
199 200
199 201
200 198
200 199
200 201
200 202
201 199
201 200
201 202
201 203
202 200
202 201
202 203
202 204
203 201
203 202
203 204
203 205
204 202
204 203
204 205
204 206
205 203
205 204
205 206
205 207
206 204
206 205
206 207
206 208
207 205
207 206
207 208
207 209
208 206
208 207
208 209
208 210
209 207
209 208
209 210
209 211
210 208
210 209
210 211
210 212
211 209
211 210
211 212
211 213
212 210
212 211
212 213
212 214
213 211
213 212
213 214
213 215
214 212
214 213
214 215
214 216
215 213
215 214
215 216
215 217
216 214
216 215
216 217
216 218
217 215
217 216
217 218
217 219
217 220
218 216
218 217
218 219
218 220
218 221
219 217
219 218
219 220
219 221
219 222
220 217
220 218
220 219
220 221
220 222
220 223
221 218
221 219
221 220
221 222
221 223
221 224
222 219
222 220
222 221
222 223
222 224
222 225
223 220
223 221
223 222
223 224
223 225
223 226
224 221
224 222
224 223
224 225
224 226
224 227
225 222
225 223
225 224
225 226
225 227
225 228
225 229
225 230
226 223
226 224
226 225
226 227
226 228
226 229
226 230
227 224
227 225
227 226
227 228
227 229
227 230
227 231
228 225
228 226
228 227
228 229
228 230
228 231
229 225
229 226
229 227
229 228
229 230
229 231
229 232
230 225
230 226
230 227
230 228
230 229
230 231
230 232
230 233
231 227
231 228
231 229
231 230
231 232
231 233
231 234
232 229
232 230
232 231
232 233
232 234
232 235
233 230
233 231
233 232
233 234
233 235
233 236
234 231
234 232
234 233
234 235
234 236
234 237
235 232
235 233
235 234
235 236
235 237
235 238
236 233
236 234
236 235
236 237
236 238
236 239
237 234
237 235
237 236
237 238
237 239
237 240
238 235
238 236
238 237
238 239
238 240
238 241
239 236
239 237
239 238
239 240
239 241
239 242
240 237
240 238
240 239
240 241
240 242
240 243
241 238
241 239
241 240
241 242
241 243
242 239
242 240
242 241
242 243
243 240
243 241
243 242
