0 1
0 2
0 3
0 4
0 5
0 6
0 123
0 124
0 126
0 127
1 0
1 2
1 3
1 4
1 5
1 6
1 123
1 126
2 0
2 1
2 3
2 4
2 5
2 6
2 7
2 8
3 0
3 1
3 2
3 4
3 5
3 6
3 7
3 8
3 9
3 126
3 127
4 0
4 1
4 2
4 3
4 5
4 6
4 7
4 8
4 9
4 10
4 123
4 125
4 126
4 127
4 128
4 129
4 130
5 0
5 1
5 2
5 3
5 4
5 6
5 7
5 8
5 9
5 10
5 11
5 126
5 130
6 0
6 1
6 2
6 3
6 4
6 5
6 7
6 8
6 9
6 10
6 11
6 12
7 2
7 3
7 4
7 5
7 6
7 8
7 9
7 10
7 11
7 12
7 13
7 126
7 127
7 130
7 131
8 2
8 3
8 4
8 5
8 6
8 7
8 9
8 10
8 11
8 12
8 13
8 14
8 107
8 108
8 111
8 126
8 127
8 129
8 130
8 131
8 133
8 134
9 3
9 4
9 5
9 6
9 7
9 8
9 10
9 11
9 12
9 13
9 14
9 15
9 130
10 4
10 5
10 6
10 7
10 8
10 9
10 11
10 12
10 13
10 14
10 15
10 16
10 130
11 5
11 6
11 7
11 8
11 9
11 10
11 12
11 13
11 14
11 15
11 16
11 17
11 107
11 130
11 131
11 133
11 134
12 6
12 7
12 8
12 9
12 10
12 11
12 13
12 14
12 15
12 16
12 17
12 104
12 107
12 108
12 130
12 133
12 134
12 137
13 7
13 8
13 9
13 10
13 11
13 12
13 14
13 15
13 16
13 17
13 18
13 19
13 104
14 8
14 9
14 10
14 11
14 12
14 13
14 15
14 16
14 17
14 18
14 19
14 20
15 9
15 10
15 11
15 12
15 13
15 14
15 16
15 17
15 18
15 19
15 20
15 21
15 103
15 104
15 107
15 134
15 137
15 138
16 10
16 11
16 12
16 13
16 14
16 15
16 17
16 18
16 19
16 20
16 21
16 22
16 100
16 101
16 103
16 104
16 107
17 11
17 12
17 13
17 14
17 15
17 16
17 18
17 19
17 20
17 21
17 22
17 23
18 13
18 14
18 15
18 16
18 17
18 19
18 20
18 21
18 22
18 23
18 24
19 13
19 14
19 15
19 16
19 17
19 18
19 20
19 21
19 22
19 23
19 24
19 25
19 100
19 103
19 104
19 138
19 143
19 146
19 147
20 14
20 15
20 16
20 17
20 18
20 19
20 21
20 22
20 23
20 24
20 25
20 26
20 97
20 100
20 147
21 15
21 16
21 17
21 18
21 19
21 20
21 22
21 23
21 24
21 25
21 26
21 27
22 16
22 17
22 18
22 19
22 20
22 21
22 23
22 24
22 25
22 26
22 27
22 28
22 144
22 146
22 147
22 451
23 17
23 18
23 19
23 20
23 21
23 22
23 24
23 25
23 26
23 27
23 28
23 29
23 93
23 96
23 97
23 100
23 144
23 146
23 147
23 148
24 18
24 19
24 20
24 21
24 22
24 23
24 25
24 26
24 27
24 28
24 29
24 30
24 93
24 97
24 147
25 19
25 20
25 21
25 22
25 23
25 24
25 26
25 27
25 28
25 29
25 30
25 147
25 451
25 455
26 20
26 21
26 22
26 23
26 24
26 25
26 27
26 28
26 29
26 30
26 31
26 93
26 96
26 147
26 148
26 451
26 454
26 455
27 21
27 22
27 23
27 24
27 25
27 26
27 28
27 29
27 30
27 31
27 32
27 92
27 93
27 94
27 96
27 97
27 147
27 148
28 22
28 23
28 24
28 25
28 26
28 27
28 29
28 30
28 31
28 32
28 93
28 455
29 23
29 24
29 25
29 26
29 27
29 28
29 30
29 31
29 32
29 454
29 455
29 456
30 24
30 25
30 26
30 27
30 28
30 29
30 31
30 32
30 33
30 34
30 92
30 93
30 148
30 455
30 467
31 26
31 27
31 28
31 29
31 30
31 32
31 33
31 34
31 92
31 93
32 27
32 28
32 29
32 30
32 31
32 33
32 34
32 35
32 37
32 38
32 41
32 92
32 93
33 30
33 31
33 32
33 34
33 35
33 36
33 37
33 38
33 39
33 40
33 41
33 42
33 92
33 148
33 149
34 30
34 31
34 32
34 33
34 35
34 36
34 37
34 38
34 39
34 40
34 41
34 148
34 149
34 466
34 467
34 468
34 469
35 32
35 33
35 34
35 36
35 37
35 38
35 39
35 40
35 148
35 351
35 468
35 469
35 471
36 33
36 34
36 35
36 37
36 38
36 39
36 40
36 41
36 60
36 61
36 148
36 149
36 150
37 32
37 33
37 34
37 35
37 36
37 38
37 39
37 40
37 41
37 42
37 43
37 44
37 61
37 92
37 96
37 148
37 149
37 150
38 32
38 33
38 34
38 35
38 36
38 37
38 39
38 40
38 41
38 42
38 43
38 60
38 61
38 149
39 33
39 34
39 35
39 36
39 37
39 38
39 40
39 41
39 42
39 43
39 44
39 57
39 58
39 59
39 60
39 61
39 62
40 33
40 34
40 35
40 36
40 37
40 38
40 39
40 41
40 42
40 43
40 44
40 45
40 58
40 60
40 61
40 63
40 65
40 67
40 68
40 95
40 149
40 150
40 151
41 32
41 33
41 34
41 36
41 37
41 38
41 39
41 40
41 42
41 43
41 44
41 45
41 46
41 47
41 68
41 90
41 91
41 92
41 95
41 96
41 149
41 150
42 33
42 37
42 38
42 39
42 40
42 41
42 43
42 44
42 45
42 46
42 47
42 48
42 58
42 90
42 92
43 37
43 38
43 39
43 40
43 41
43 42
43 44
43 45
43 46
43 47
43 48
43 51
43 52
43 56
43 57
43 58
43 61
43 65
43 68
44 37
44 39
44 40
44 41
44 42
44 43
44 45
44 46
44 47
44 48
44 49
44 50
44 51
44 52
44 65
44 67
44 68
44 69
44 70
44 71
44 72
44 90
44 91
44 92
44 95
44 149
45 40
45 41
45 42
45 43
45 44
45 46
45 47
45 48
45 49
45 50
45 51
45 68
45 71
45 72
45 86
45 87
45 89
45 90
45 91
45 92
45 95
46 41
46 42
46 43
46 44
46 45
46 47
46 48
46 49
46 50
46 51
46 52
46 53
46 56
46 57
46 68
46 72
46 90
47 41
47 42
47 43
47 44
47 45
47 46
47 48
47 49
47 50
47 51
47 52
47 53
47 56
47 65
47 68
47 69
47 71
47 72
47 73
47 90
48 42
48 43
48 44
48 45
48 46
48 47
48 49
48 50
48 51
48 52
48 68
48 69
48 71
48 72
48 73
48 75
48 76
48 86
48 87
48 89
48 90
48 91
49 44
49 45
49 46
49 47
49 48
49 50
49 51
49 52
49 72
49 86
49 87
49 90
50 44
50 45
50 46
50 47
50 48
50 49
50 51
50 52
50 53
50 72
51 43
51 44
51 45
51 46
51 47
51 48
51 49
51 50
51 52
51 53
51 54
51 55
51 56
51 57
52 43
52 44
52 46
52 47
52 48
52 49
52 50
52 51
52 53
52 54
52 55
52 56
52 57
52 65
52 69
53 46
53 47
53 50
53 51
53 52
53 54
53 55
53 56
53 57
54 51
54 52
54 53
54 55
54 56
54 57
54 58
55 51
55 52
55 53
55 54
55 56
55 57
55 58
55 59
56 43
56 46
56 47
56 51
56 52
56 53
56 54
56 55
56 57
56 58
56 59
57 39
57 43
57 46
57 51
57 52
57 53
57 54
57 55
57 56
57 58
57 59
57 60
57 61
57 65
57 275
57 276
58 39
58 40
58 42
58 43
58 54
58 55
58 56
58 57
58 59
58 60
58 61
58 62
58 275
58 276
58 277
59 39
59 55
59 56
59 57
59 58
59 60
59 61
59 62
59 275
59 276
59 277
59 278
60 36
60 38
60 39
60 40
60 57
60 58
60 59
60 61
60 62
60 63
60 275
60 276
60 277
60 278
61 36
61 37
61 38
61 39
61 40
61 43
61 57
61 58
61 59
61 60
61 62
61 63
61 64
61 65
61 274
61 275
61 276
61 277
62 39
62 58
62 59
62 60
62 61
62 63
62 64
62 65
62 185
62 186
62 273
62 274
62 275
62 276
62 277
62 278
62 280
62 281
63 40
63 60
63 61
63 62
63 64
63 65
63 66
63 67
63 151
63 182
63 183
63 184
63 185
63 186
63 187
63 273
63 274
63 275
63 276
64 61
64 62
64 63
64 65
64 66
64 67
64 68
64 69
64 151
64 181
64 182
64 183
64 184
64 185
64 186
64 274
64 275
64 276
65 40
65 43
65 44
65 47
65 52
65 57
65 61
65 62
65 63
65 64
65 66
65 67
65 68
65 69
65 70
65 71
65 151
65 182
65 183
65 184
65 185
65 275
66 63
66 64
66 65
66 67
66 68
66 69
66 70
66 71
66 72
66 151
66 154
66 155
66 179
66 180
66 181
66 182
66 183
66 184
66 185
67 40
67 44
67 63
67 64
67 65
67 66
67 68
67 69
67 70
67 71
67 72
67 73
67 95
67 98
67 99
67 149
67 150
67 151
67 152
67 153
67 154
67 155
67 180
67 181
67 183
67 184
67 185
68 40
68 41
68 43
68 44
68 45
68 46
68 47
68 48
68 64
68 65
68 66
68 67
68 69
68 70
68 71
68 72
68 73
68 74
68 95
68 98
68 149
68 151
68 183
68 184
69 44
69 47
69 48
69 52
69 64
69 65
69 66
69 67
69 68
69 70
69 71
69 72
69 73
69 74
69 183
69 184
70 44
70 65
70 66
70 67
70 68
70 69
70 71
70 72
70 73
70 74
70 75
70 76
70 98
70 154
70 180
70 183
70 184
71 44
71 45
71 47
71 48
71 65
71 66
71 67
71 68
71 69
71 70
71 72
71 73
71 74
71 75
71 76
71 89
71 90
71 94
71 95
71 96
71 97
71 98
71 99
71 149
72 44
72 45
72 46
72 47
72 48
72 49
72 50
72 66
72 67
72 68
72 69
72 70
72 71
72 73
72 74
72 75
72 76
72 77
72 78
72 89
72 90
72 95
72 98
73 47
73 48
73 67
73 68
73 69
73 70
73 71
73 72
73 74
73 75
73 76
73 77
73 78
74 68
74 69
74 70
74 71
74 72
74 73
74 75
74 76
74 77
74 78
74 89
74 95
74 98
75 48
75 70
75 71
75 72
75 73
75 74
75 76
75 77
75 78
75 79
75 80
75 86
75 88
75 89
75 90
75 94
75 95
75 97
75 98
76 48
76 70
76 71
76 72
76 73
76 74
76 75
76 77
76 78
76 79
76 80
76 81
76 84
76 85
76 86
76 89
76 90
77 72
77 73
77 74
77 75
77 76
77 78
77 79
77 80
77 81
77 82
77 83
77 84
77 89
78 72
78 73
78 74
78 75
78 76
78 77
78 79
78 80
78 81
78 82
78 83
78 84
78 85
78 86
78 88
78 89
79 75
79 76
79 77
79 78
79 80
79 81
79 82
79 83
79 84
79 85
79 86
79 87
79 88
79 89
79 90
80 75
80 76
80 77
80 78
80 79
80 81
80 82
80 83
80 84
80 85
80 86
81 76
81 77
81 78
81 79
81 80
81 82
81 83
81 84
82 77
82 78
82 79
82 80
82 81
82 83
82 84
82 85
83 77
83 78
83 79
83 80
83 81
83 82
83 84
83 85
83 86
84 76
84 77
84 78
84 79
84 80
84 81
84 82
84 83
84 85
84 86
84 87
84 88
84 89
85 76
85 78
85 79
85 80
85 82
85 83
85 84
85 86
85 87
85 88
85 89
85 90
86 45
86 48
86 49
86 75
86 76
86 78
86 79
86 80
86 83
86 84
86 85
86 87
86 88
86 89
86 90
86 91
87 45
87 48
87 49
87 79
87 84
87 85
87 86
87 88
87 89
87 90
87 91
87 92
87 94
88 75
88 78
88 79
88 84
88 85
88 86
88 87
88 89
88 90
88 91
88 92
88 93
88 94
88 95
89 45
89 48
89 71
89 72
89 74
89 75
89 76
89 77
89 78
89 79
89 84
89 85
89 86
89 87
89 88
89 90
89 91
89 92
89 93
89 94
89 95
90 41
90 42
90 44
90 45
90 46
90 47
90 48
90 49
90 71
90 72
90 75
90 76
90 79
90 85
90 86
90 87
90 88
90 89
90 91
90 92
90 93
90 94
90 95
90 96
91 41
91 44
91 45
91 48
91 86
91 87
91 88
91 89
91 90
91 92
91 93
91 94
91 95
91 96
91 97
92 27
92 30
92 31
92 32
92 33
92 37
92 41
92 42
92 44
92 45
92 87
92 88
92 89
92 90
92 91
92 93
92 94
92 95
92 96
92 97
92 148
92 149
93 23
93 24
93 26
93 27
93 28
93 30
93 31
93 32
93 88
93 89
93 90
93 91
93 92
93 94
93 95
93 96
93 97
93 98
93 147
93 148
93 149
94 27
94 71
94 75
94 87
94 88
94 89
94 90
94 91
94 92
94 93
94 95
94 96
94 97
94 98
94 99
94 100
94 149
95 40
95 41
95 44
95 45
95 67
95 68
95 71
95 72
95 74
95 75
95 88
95 89
95 90
95 91
95 92
95 93
95 94
95 96
95 97
95 98
95 99
95 100
95 148
95 149
95 150
96 23
96 26
96 27
96 37
96 41
96 71
96 90
96 91
96 92
96 93
96 94
96 95
96 97
96 98
96 99
96 100
96 101
96 145
96 146
96 147
96 148
96 149
96 150
97 20
97 23
97 24
97 27
97 71
97 75
97 91
97 92
97 93
97 94
97 95
97 96
97 98
97 99
97 100
97 101
97 102
97 103
97 146
97 147
97 148
97 149
98 67
98 68
98 70
98 71
98 72
98 74
98 75
98 93
98 94
98 95
98 96
98 97
98 99
98 100
98 101
98 102
98 103
98 146
98 147
98 148
98 149
98 150
98 153
98 154
99 67
99 71
99 94
99 95
99 96
99 97
99 98
99 100
99 101
99 102
99 103
99 104
99 105
99 145
99 146
99 147
99 148
99 149
99 150
99 151
99 152
99 153
99 154
99 157
100 16
100 19
100 20
100 23
100 94
100 95
100 96
100 97
100 98
100 99
100 101
100 102
100 103
100 104
100 105
100 106
100 143
100 145
100 146
100 147
100 148
100 149
100 153
100 154
101 16
101 96
101 97
101 98
101 99
101 100
101 102
101 103
101 104
101 105
101 106
101 146
101 153
101 154
102 97
102 98
102 99
102 100
102 101
102 103
102 104
102 105
102 106
102 107
102 108
102 146
102 152
102 153
102 154
102 155
102 156
102 157
102 158
103 15
103 16
103 19
103 97
103 98
103 99
103 100
103 101
103 102
103 104
103 105
103 106
103 107
103 108
103 109
103 137
103 138
103 142
103 143
103 145
103 146
103 147
103 152
103 153
103 154
103 156
103 157
104 12
104 13
104 15
104 16
104 19
104 99
104 100
104 101
104 102
104 103
104 105
104 106
104 107
104 108
104 109
104 110
104 137
104 146
104 153
104 157
105 99
105 100
105 101
105 102
105 103
105 104
105 106
105 107
105 108
105 109
105 110
105 137
105 153
105 154
105 156
105 157
105 158
105 160
105 161
106 100
106 101
106 102
106 103
106 104
106 105
106 107
106 108
106 109
106 110
106 111
106 112
106 133
106 136
106 137
106 153
106 154
106 156
106 157
106 158
106 159
106 160
106 161
107 8
107 11
107 12
107 15
107 16
107 102
107 103
107 104
107 105
107 106
107 108
107 109
107 110
107 111
107 112
107 130
107 133
107 134
107 135
107 136
107 137
107 138
107 157
108 8
108 12
108 102
108 103
108 104
108 105
108 106
108 107
108 109
108 110
108 111
108 112
108 113
108 133
108 134
108 137
108 157
108 161
109 103
109 104
109 105
109 106
109 107
109 108
109 110
109 111
109 112
109 113
109 114
109 115
109 133
109 137
109 156
109 157
109 158
109 160
109 161
109 163
109 164
110 104
110 105
110 106
110 107
110 108
110 109
110 111
110 112
110 113
110 114
110 115
110 116
110 129
110 130
110 132
110 133
110 134
110 136
110 137
110 157
110 160
110 161
110 164
110 422
110 423
110 426
111 8
111 106
111 107
111 108
111 109
111 110
111 112
111 113
111 114
111 115
111 116
111 129
111 130
111 131
111 132
111 133
111 134
111 136
111 137
111 426
112 106
112 107
112 108
112 109
112 110
112 111
112 113
112 114
112 115
112 116
112 117
112 118
112 129
112 133
112 160
112 161
112 164
113 108
113 109
113 110
113 111
113 112
113 114
113 115
113 116
113 117
113 118
113 129
113 133
113 160
113 161
113 163
113 164
113 165
113 167
113 423
113 426
113 427
114 109
114 110
114 111
114 112
114 113
114 115
114 116
114 117
114 118
114 119
114 125
114 126
114 128
114 129
114 130
114 132
114 133
114 164
114 425
114 426
114 427
114 430
115 109
115 110
115 111
115 112
115 113
115 114
115 116
115 117
115 118
115 119
115 120
115 125
115 126
115 129
115 130
115 426
116 110
116 111
116 112
116 113
116 114
116 115
116 117
116 118
116 119
116 120
116 164
116 167
116 168
116 426
117 112
117 113
117 114
117 115
117 116
117 118
117 119
117 120
117 164
117 167
117 426
117 427
117 428
117 429
118 112
118 113
118 114
118 115
118 116
118 117
118 119
118 120
118 121
118 125
118 129
118 426
118 427
118 428
118 429
118 430
119 114
119 115
119 116
119 117
119 118
119 120
119 121
119 122
119 125
120 115
120 116
120 117
120 118
120 119
120 121
120 122
120 123
120 124
120 125
120 126
121 118
121 119
121 120
121 122
121 123
121 124
121 125
122 119
122 120
122 121
122 123
122 124
122 125
122 126
123 0
123 1
123 4
123 120
123 121
123 122
123 124
123 125
123 126
123 127
123 128
124 0
124 120
124 121
124 122
124 123
124 125
124 126
124 127
124 128
124 129
124 430
124 432
124 433
125 4
125 114
125 115
125 118
125 119
125 120
125 121
125 122
125 123
125 124
125 126
125 127
125 128
125 129
125 130
125 131
125 430
125 431
125 432
125 433
126 0
126 1
126 3
126 4
126 5
126 7
126 8
126 114
126 115
126 120
126 122
126 123
126 124
126 125
126 127
126 128
126 129
126 130
126 131
126 132
127 0
127 3
127 4
127 7
127 8
127 123
127 124
127 125
127 126
127 128
127 129
127 130
127 131
127 132
127 133
127 432
127 433
128 4
128 114
128 123
128 124
128 125
128 126
128 127
128 129
128 130
128 131
128 132
128 133
128 134
128 430
128 431
128 432
128 433
128 434
128 435
128 436
128 437
129 4
129 8
129 110
129 111
129 112
129 113
129 114
129 115
129 118
129 124
129 125
129 126
129 127
129 128
129 130
129 131
129 132
129 133
129 134
129 135
129 426
129 430
129 431
129 433
129 436
130 4
130 5
130 7
130 8
130 9
130 10
130 11
130 12
130 107
130 110
130 111
130 114
130 115
130 125
130 126
130 127
130 128
130 129
130 131
130 132
130 133
130 134
130 135
131 7
131 8
131 11
131 111
131 125
131 126
131 127
131 128
131 129
131 130
131 132
131 133
131 134
131 135
131 136
131 137
131 430
131 431
131 433
131 436
131 437
131 439
131 440
132 110
132 111
132 114
132 126
132 127
132 128
132 129
132 130
132 131
132 133
132 134
132 135
132 136
132 137
132 425
132 426
132 430
132 431
132 433
132 436
132 437
132 439
132 440
133 8
133 11
133 12
133 106
133 107
133 108
133 109
133 110
133 111
133 112
133 113
133 114
133 127
133 128
133 129
133 130
133 131
133 132
133 134
133 135
133 136
133 137
133 138
133 139
133 426
134 8
134 11
134 12
134 15
134 107
134 108
134 110
134 111
134 128
134 129
134 130
134 131
134 132
134 133
134 135
134 136
134 137
134 138
134 139
134 436
134 440
135 107
135 129
135 130
135 131
135 132
135 133
135 134
135 136
135 137
135 138
135 139
135 140
135 436
135 437
135 438
135 439
135 440
135 441
135 442
135 443
135 444
136 106
136 107
136 110
136 111
136 131
136 132
136 133
136 134
136 135
136 137
136 138
136 139
136 140
136 142
136 143
136 418
136 421
136 422
136 425
136 426
136 439
136 440
136 443
137 12
137 15
137 103
137 104
137 105
137 106
137 107
137 108
137 109
137 110
137 111
137 131
137 132
137 133
137 134
137 135
137 136
137 138
137 139
137 140
137 142
137 143
137 422
137 440
138 15
138 19
138 103
138 107
138 133
138 134
138 135
138 136
138 137
138 139
138 140
138 141
138 142
138 143
138 144
138 146
138 440
138 443
138 444
138 447
139 133
139 134
139 135
139 136
139 137
139 138
139 140
139 141
139 142
139 143
139 144
139 300
139 418
139 421
139 422
139 439
139 440
139 442
139 443
139 444
139 446
139 447
140 135
140 136
140 137
140 138
140 139
140 141
140 142
140 143
140 144
140 145
140 300
140 418
140 442
140 443
140 444
140 445
140 446
140 447
140 448
140 450
140 451
140 472
141 138
141 139
141 140
141 142
141 143
141 144
141 145
141 146
141 152
141 414
141 415
141 416
141 417
141 418
141 443
141 446
141 447
141 450
141 471
141 472
142 103
142 136
142 137
142 138
142 139
142 140
142 141
142 143
142 144
142 145
142 146
142 147
142 152
142 153
142 156
142 414
142 415
142 417
142 418
142 419
142 422
142 472
143 19
143 100
143 103
143 136
143 137
143 138
143 139
143 140
143 141
143 142
143 144
143 145
143 146
143 147
143 148
143 152
143 153
143 443
143 447
144 22
144 23
144 138
144 139
144 140
144 141
144 142
144 143
144 145
144 146
144 147
144 148
144 152
144 153
144 447
144 450
144 451
144 454
144 471
144 472
145 96
145 99
145 100
145 103
145 140
145 141
145 142
145 143
145 144
145 146
145 147
145 148
145 149
145 150
145 151
145 152
145 153
145 415
145 471
145 472
146 19
146 22
146 23
146 96
146 97
146 98
146 99
146 100
146 101
146 102
146 103
146 104
146 138
146 141
146 142
146 143
146 144
146 145
146 147
146 148
146 149
146 150
146 151
146 152
146 153
146 154
147 19
147 20
147 22
147 23
147 24
147 25
147 26
147 27
147 93
147 96
147 97
147 98
147 99
147 100
147 103
147 142
147 143
147 144
147 145
147 146
147 148
147 149
147 150
147 153
148 23
148 26
148 27
148 30
148 33
148 34
148 35
148 36
148 37
148 92
148 93
148 95
148 96
148 97
148 98
148 99
148 100
148 143
148 144
148 145
148 146
148 147
148 149
148 150
148 151
148 152
148 153
149 33
149 34
149 36
149 37
149 38
149 40
149 41
149 44
149 67
149 68
149 71
149 92
149 93
149 94
149 95
149 96
149 97
149 98
149 99
149 100
149 145
149 146
149 147
149 148
149 150
149 151
149 152
149 153
150 36
150 37
150 40
150 41
150 67
150 95
150 96
150 98
150 99
150 145
150 146
150 147
150 148
150 149
150 151
150 152
150 153
150 154
150 155
150 184
151 40
151 63
151 64
151 65
151 66
151 67
151 68
151 99
151 145
151 146
151 148
151 149
151 150
151 152
151 153
151 154
151 155
151 156
151 181
151 183
151 184
151 185
151 415
152 67
152 99
152 102
152 103
152 141
152 142
152 143
152 144
152 145
152 146
152 148
152 149
152 150
152 151
152 153
152 154
152 155
152 156
152 157
152 181
152 184
152 185
152 415
152 416
152 418
152 419
153 67
153 98
153 99
153 100
153 101
153 102
153 103
153 104
153 105
153 106
153 142
153 143
153 144
153 145
153 146
153 147
153 148
153 149
153 150
153 151
153 152
153 154
153 155
153 156
153 157
153 158
153 184
154 66
154 67
154 70
154 98
154 99
154 100
154 101
154 102
154 103
154 105
154 106
154 146
154 150
154 151
154 152
154 153
154 155
154 156
154 157
154 158
154 159
154 160
154 180
154 181
154 183
154 184
154 185
155 66
155 67
155 102
155 150
155 151
155 152
155 153
155 154
155 156
155 157
155 158
155 159
155 160
155 178
155 180
155 181
155 182
155 183
155 184
155 185
155 186
155 187
155 188
155 419
156 102
156 103
156 105
156 106
156 109
156 142
156 151
156 152
156 153
156 154
156 155
156 157
156 158
156 159
156 160
156 161
156 162
156 181
156 184
156 185
156 188
156 418
156 419
156 422
157 99
157 102
157 103
157 104
157 105
157 106
157 107
157 108
157 109
157 110
157 152
157 153
157 154
157 155
157 156
157 158
157 159
157 160
157 161
157 162
157 163
157 177
157 180
157 181
158 102
158 105
158 106
158 109
158 153
158 154
158 155
158 156
158 157
158 159
158 160
158 161
158 162
158 163
158 164
158 174
158 176
158 177
158 178
158 179
158 180
158 181
158 182
158 183
158 184
158 188
159 106
159 154
159 155
159 156
159 157
159 158
159 160
159 161
159 162
159 163
159 164
159 165
159 174
159 175
159 177
159 178
159 179
159 180
159 181
159 182
159 184
159 188
159 189
159 190
159 191
159 192
159 195
159 419
159 423
160 105
160 106
160 109
160 110
160 112
160 113
160 154
160 155
160 156
160 157
160 158
160 159
160 161
160 162
160 163
160 164
160 165
160 166
160 174
160 177
160 178
160 181
160 191
160 419
160 422
160 423
161 105
161 106
161 108
161 109
161 110
161 112
161 113
161 156
161 157
161 158
161 159
161 160
161 162
161 163
161 164
161 165
161 166
161 167
161 173
161 174
161 177
161 178
161 181
162 156
162 157
162 158
162 159
162 160
162 161
162 163
162 164
162 165
162 166
162 167
162 168
162 170
162 171
162 172
162 173
162 174
162 175
162 176
162 177
162 178
162 179
162 180
162 181
162 191
162 192
162 195
163 109
163 113
163 157
163 158
163 159
163 160
163 161
163 162
163 164
163 165
163 166
163 167
163 168
163 169
163 170
163 171
163 173
163 174
163 175
163 177
163 178
163 191
163 192
163 194
163 195
163 196
163 198
163 423
164 109
164 110
164 112
164 113
164 114
164 116
164 117
164 158
164 159
164 160
164 161
164 162
164 163
164 165
164 166
164 167
164 168
164 169
164 170
164 171
164 173
164 174
164 195
165 113
165 159
165 160
165 161
165 162
165 163
165 164
165 166
165 167
165 168
165 169
165 170
165 171
165 172
165 173
165 174
165 175
165 177
165 195
166 160
166 161
166 162
166 163
166 164
166 165
166 167
166 168
166 169
166 170
166 171
166 172
166 173
166 174
166 175
166 177
166 178
166 192
166 194
166 195
166 196
166 198
166 199
167 113
167 116
167 117
167 161
167 162
167 163
167 164
167 165
167 166
167 168
167 169
167 170
167 171
167 174
167 195
167 198
167 199
168 116
168 162
168 163
168 164
168 165
168 166
168 167
168 169
168 170
168 171
168 174
169 163
169 164
169 165
169 166
169 167
169 168
169 170
169 171
169 172
169 173
169 174
169 199
169 252
170 162
170 163
170 164
170 165
170 166
170 167
170 168
170 169
170 171
170 172
170 173
170 174
170 175
170 252
171 162
171 163
171 164
171 165
171 166
171 167
171 168
171 169
171 170
171 172
171 173
171 174
171 175
171 176
171 177
171 195
171 196
171 199
171 252
171 253
171 254
171 255
171 256
172 162
172 165
172 166
172 169
172 170
172 171
172 173
172 174
172 175
172 176
172 177
172 178
172 252
172 253
172 254
172 255
172 256
173 161
173 162
173 163
173 164
173 165
173 166
173 169
173 170
173 171
173 172
173 174
173 175
173 176
173 177
173 178
173 179
173 255
174 158
174 159
174 160
174 161
174 162
174 163
174 164
174 165
174 166
174 167
174 168
174 169
174 170
174 171
174 172
174 173
174 175
174 176
174 177
174 178
174 179
174 180
174 192
174 195
174 196
174 255
174 256
175 159
175 162
175 163
175 165
175 166
175 170
175 171
175 172
175 173
175 174
175 176
175 177
175 178
175 179
175 180
175 181
175 189
175 191
175 192
175 193
175 195
175 196
175 253
175 254
175 255
175 256
175 257
175 258
175 259
175 260
176 158
176 162
176 171
176 172
176 173
176 174
176 175
176 177
176 178
176 179
176 180
176 181
176 182
176 192
176 255
176 256
176 259
177 157
177 158
177 159
177 160
177 161
177 162
177 163
177 165
177 166
177 171
177 172
177 173
177 174
177 175
177 176
177 178
177 179
177 180
177 181
177 182
177 183
177 192
178 155
178 158
178 159
178 160
178 161
178 162
178 163
178 166
178 172
178 173
178 174
178 175
178 176
178 177
178 179
178 180
178 181
178 182
178 183
178 188
178 189
178 190
178 191
178 192
178 193
178 195
178 255
178 256
178 259
179 66
179 158
179 159
179 162
179 173
179 174
179 175
179 176
179 177
179 178
179 180
179 181
179 182
179 183
179 184
179 185
179 186
179 188
179 189
179 192
179 256
179 259
179 260
179 262
179 263
180 66
180 67
180 70
180 154
180 155
180 157
180 158
180 159
180 162
180 174
180 175
180 176
180 177
180 178
180 179
180 181
180 182
180 183
180 184
180 185
180 188
180 189
181 64
181 66
181 67
181 151
181 152
181 154
181 155
181 156
181 157
181 158
181 159
181 160
181 161
181 162
181 175
181 176
181 177
181 178
181 179
181 180
181 182
181 183
181 184
181 185
181 186
181 187
181 188
181 189
181 191
181 192
182 63
182 64
182 65
182 66
182 155
182 158
182 159
182 176
182 177
182 178
182 179
182 180
182 181
182 183
182 184
182 185
182 186
182 187
182 188
182 189
182 190
182 191
182 192
182 259
182 263
183 63
183 64
183 65
183 66
183 67
183 68
183 69
183 70
183 151
183 154
183 155
183 158
183 177
183 178
183 179
183 180
183 181
183 182
183 184
183 185
183 186
183 187
183 188
183 189
184 63
184 64
184 65
184 66
184 67
184 68
184 69
184 70
184 150
184 151
184 152
184 153
184 154
184 155
184 156
184 158
184 159
184 179
184 180
184 181
184 182
184 183
184 185
184 186
184 187
184 188
185 62
185 63
185 64
185 65
185 66
185 67
185 151
185 152
185 154
185 155
185 156
185 179
185 180
185 181
185 182
185 183
185 184
185 186
185 187
185 188
185 189
185 273
185 274
186 62
186 63
186 64
186 155
186 179
186 181
186 182
186 183
186 184
186 185
186 187
186 188
186 189
186 190
186 263
186 267
186 273
186 274
186 275
186 405
187 63
187 155
187 181
187 182
187 183
187 184
187 185
187 186
187 188
187 189
187 190
187 191
187 192
187 273
187 274
187 404
187 405
187 406
187 416
187 419
188 155
188 156
188 158
188 159
188 178
188 179
188 180
188 181
188 182
188 183
188 184
188 185
188 186
188 187
188 189
188 190
188 191
188 192
188 193
188 194
188 405
188 419
189 159
189 175
189 178
189 179
189 180
189 181
189 182
189 183
189 185
189 186
189 187
189 188
189 190
189 191
189 192
189 193
189 194
189 195
189 256
189 259
189 260
189 263
189 401
189 405
190 159
190 178
190 182
190 186
190 187
190 188
190 189
190 191
190 192
190 193
190 194
190 195
190 196
190 197
190 260
190 400
190 401
190 402
190 404
190 405
191 159
191 160
191 162
191 163
191 175
191 178
191 181
191 182
191 187
191 188
191 189
191 190
191 192
191 193
191 194
191 195
191 196
191 197
191 398
191 401
191 402
191 405
191 419
191 420
191 423
192 159
192 162
192 163
192 166
192 174
192 175
192 176
192 177
192 178
192 179
192 181
192 182
192 187
192 188
192 189
192 190
192 191
192 193
192 194
192 195
192 196
192 197
192 198
192 255
192 256
192 257
192 259
192 260
192 401
193 175
193 178
193 188
193 189
193 190
193 191
193 192
193 194
193 195
193 196
193 197
193 198
193 199
193 253
193 256
193 257
193 259
193 260
193 397
193 401
194 163
194 166
194 188
194 189
194 190
194 191
194 192
194 193
194 195
194 196
194 197
194 198
194 199
194 200
194 201
194 256
194 394
194 397
194 398
194 399
194 400
194 401
194 402
195 159
195 162
195 163
195 164
195 165
195 166
195 167
195 171
195 174
195 175
195 178
195 189
195 190
195 191
195 192
195 193
195 194
195 196
195 197
195 198
195 199
195 200
195 201
195 253
195 256
195 397
195 398
196 163
196 166
196 171
196 174
196 175
196 190
196 191
196 192
196 193
196 194
196 195
196 197
196 198
196 199
196 200
196 201
196 249
196 250
196 252
196 253
196 254
196 255
196 256
196 257
196 397
197 190
197 191
197 192
197 193
197 194
197 195
197 196
197 198
197 199
197 200
197 201
197 202
197 203
197 253
197 256
197 393
197 394
197 396
197 397
197 398
197 400
197 401
198 163
198 166
198 167
198 192
198 193
198 194
198 195
198 196
198 197
198 199
198 200
198 201
198 202
198 203
198 204
198 393
198 394
198 395
198 396
198 397
198 398
199 166
199 167
199 169
199 171
199 193
199 194
199 195
199 196
199 197
199 198
199 200
199 201
199 202
199 203
199 204
199 205
199 249
199 252
199 253
199 394
200 194
200 195
200 196
200 197
200 198
200 199
200 201
200 202
200 203
200 204
200 205
200 206
200 248
200 249
200 250
200 252
200 253
200 393
200 394
200 397
201 194
201 195
201 196
201 197
201 198
201 199
201 200
201 202
201 203
201 204
201 205
201 206
201 207
201 391
201 392
201 393
201 394
201 395
201 396
201 397
202 197
202 198
202 199
202 200
202 201
202 203
202 204
202 205
202 206
202 207
202 208
202 391
202 392
202 393
202 394
203 197
203 198
203 199
203 200
203 201
203 202
203 204
203 205
203 206
203 207
203 208
203 209
203 245
203 248
203 249
203 393
204 198
204 199
204 200
204 201
204 202
204 203
204 205
204 206
204 207
204 208
204 209
204 210
204 235
204 236
204 239
204 245
204 249
204 391
204 392
204 393
204 394
205 199
205 200
205 201
205 202
205 203
205 204
205 206
205 207
205 208
205 209
205 210
205 211
205 391
205 392
205 393
205 394
206 200
206 201
206 202
206 203
206 204
206 205
206 207
206 208
206 209
206 210
206 211
206 391
207 201
207 202
207 203
207 204
207 205
207 206
207 208
207 209
207 210
207 211
207 212
207 235
207 239
207 245
208 202
208 203
208 204
208 205
208 206
208 207
208 209
208 210
208 211
208 212
208 213
208 214
208 232
208 235
208 236
208 239
208 393
209 203
209 204
209 205
209 206
209 207
209 208
209 210
209 211
209 212
209 213
209 214
210 204
210 205
210 206
210 207
210 208
210 209
210 211
210 212
210 213
210 214
210 215
211 205
211 206
211 207
211 208
211 209
211 210
211 212
211 213
211 214
211 215
211 216
211 235
212 207
212 208
212 209
212 210
212 211
212 213
212 214
212 215
212 216
212 217
213 208
213 209
213 210
213 211
213 212
213 214
213 215
213 216
213 217
213 218
214 208
214 209
214 210
214 211
214 212
214 213
214 215
214 216
214 217
214 218
215 210
215 211
215 212
215 213
215 214
215 216
215 217
215 218
215 219
215 220
215 221
216 211
216 212
216 213
216 214
216 215
216 217
216 218
216 219
216 220
216 221
217 212
217 213
217 214
217 215
217 216
217 218
217 219
217 220
218 213
218 214
218 215
218 216
218 217
218 219
218 220
218 221
219 215
219 216
219 217
219 218
219 220
219 221
219 222
220 215
220 216
220 217
220 218
220 219
220 221
220 222
220 223
221 215
221 216
221 218
221 219
221 220
221 222
221 223
221 224
221 227
221 228
222 219
222 220
222 221
222 223
222 224
222 225
222 226
222 227
222 228
223 220
223 221
223 222
223 224
223 225
223 226
223 227
223 228
224 221
224 222
224 223
224 225
224 226
224 227
224 228
224 229
225 222
225 223
225 224
225 226
225 227
225 228
225 229
225 230
226 222
226 223
226 224
226 225
226 227
226 228
226 229
226 230
226 231
226 232
227 221
227 222
227 223
227 224
227 225
227 226
227 228
227 229
227 230
227 231
227 232
227 233
228 221
228 222
228 223
228 224
228 225
228 226
228 227
228 229
228 230
228 231
228 232
228 233
228 234
229 224
229 225
229 226
229 227
229 228
229 230
229 231
229 232
229 233
229 234
229 235
230 225
230 226
230 227
230 228
230 229
230 231
230 232
230 233
230 234
230 235
230 236
231 226
231 227
231 228
231 229
231 230
231 232
231 233
231 234
231 235
231 236
231 237
232 208
232 226
232 227
232 228
232 229
232 230
232 231
232 233
232 234
232 235
232 236
232 237
232 238
233 227
233 228
233 229
233 230
233 231
233 232
233 234
233 235
233 236
233 237
233 238
233 239
234 228
234 229
234 230
234 231
234 232
234 233
234 235
234 236
234 237
234 238
234 239
234 240
235 204
235 207
235 208
235 211
235 229
235 230
235 231
235 232
235 233
235 234
235 236
235 237
235 238
235 239
235 240
235 241
236 204
236 208
236 230
236 231
236 232
236 233
236 234
236 235
236 237
236 238
236 239
236 240
236 241
237 231
237 232
237 233
237 234
237 235
237 236
237 238
237 239
237 240
237 241
237 242
238 232
238 233
238 234
238 235
238 236
238 237
238 239
238 240
238 241
238 242
239 204
239 207
239 208
239 233
239 234
239 235
239 236
239 237
239 238
239 240
239 241
239 242
239 243
239 244
239 245
239 246
240 234
240 235
240 236
240 237
240 238
240 239
240 241
240 242
240 243
240 244
240 245
240 246
241 235
241 236
241 237
241 238
241 239
241 240
241 242
241 243
241 244
241 245
241 246
242 237
242 238
242 239
242 240
242 241
242 243
242 244
242 245
242 246
242 247
243 239
243 240
243 241
243 242
243 244
243 245
243 246
243 247
243 248
243 249
244 239
244 240
244 241
244 242
244 243
244 245
244 246
244 247
244 248
244 249
244 250
245 203
245 204
245 207
245 239
245 240
245 241
245 242
245 243
245 244
245 246
245 247
245 248
245 249
245 250
245 251
246 239
246 240
246 241
246 242
246 243
246 244
246 245
246 247
246 248
246 249
246 250
246 251
246 252
247 242
247 243
247 244
247 245
247 246
247 248
247 249
247 250
247 251
247 252
247 253
248 200
248 203
248 243
248 244
248 245
248 246
248 247
248 249
248 250
248 251
248 252
248 253
249 196
249 199
249 200
249 203
249 204
249 243
249 244
249 245
249 246
249 247
249 248
249 250
249 251
249 252
249 253
249 254
250 196
250 200
250 244
250 245
250 246
250 247
250 248
250 249
250 251
250 252
250 253
250 254
250 255
250 256
250 257
251 245
251 246
251 247
251 248
251 249
251 250
251 252
251 253
251 254
251 255
252 169
252 170
252 171
252 172
252 196
252 199
252 200
252 246
252 247
252 248
252 249
252 250
252 251
252 253
252 254
252 255
252 256
252 257
253 171
253 172
253 175
253 193
253 195
253 196
253 197
253 199
253 200
253 247
253 248
253 249
253 250
253 251
253 252
253 254
253 255
253 256
253 257
253 258
254 171
254 172
254 175
254 196
254 249
254 250
254 251
254 252
254 253
254 255
254 256
254 257
254 258
254 259
254 260
255 171
255 172
255 173
255 174
255 175
255 176
255 178
255 192
255 196
255 250
255 251
255 252
255 253
255 254
255 256
255 257
255 258
255 259
255 260
256 171
256 172
256 174
256 175
256 176
256 178
256 179
256 189
256 192
256 193
256 194
256 195
256 196
256 197
256 250
256 252
256 253
256 254
256 255
256 257
256 258
256 259
256 260
256 261
256 262
257 175
257 192
257 193
257 196
257 250
257 252
257 253
257 254
257 255
257 256
257 258
257 259
257 260
257 261
257 262
257 263
258 175
258 253
258 254
258 255
258 256
258 257
258 259
258 260
258 261
258 262
258 263
258 264
259 175
259 176
259 178
259 179
259 182
259 189
259 192
259 193
259 254
259 255
259 256
259 257
259 258
259 260
259 261
259 262
259 263
259 264
259 265
260 175
260 179
260 189
260 190
260 192
260 193
260 254
260 255
260 256
260 257
260 258
260 259
260 261
260 262
260 263
260 264
260 265
260 266
261 256
261 257
261 258
261 259
261 260
261 262
261 263
261 264
261 265
261 266
261 267
262 179
262 256
262 257
262 258
262 259
262 260
262 261
262 263
262 264
262 265
262 266
262 267
262 268
263 179
263 182
263 186
263 189
263 257
263 258
263 259
263 260
263 261
263 262
263 264
263 265
263 266
263 267
263 268
263 269
263 273
264 258
264 259
264 260
264 261
264 262
264 263
264 265
264 266
264 267
264 268
264 269
264 270
264 272
264 273
265 259
265 260
265 261
265 262
265 263
265 264
265 266
265 267
265 268
265 269
265 270
265 271
266 260
266 261
266 262
266 263
266 264
266 265
266 267
266 268
266 269
266 270
266 271
266 272
266 273
267 186
267 261
267 262
267 263
267 264
267 265
267 266
267 268
267 269
267 270
267 271
267 272
267 273
267 274
267 275
268 262
268 263
268 264
268 265
268 266
268 267
268 269
268 270
268 271
268 272
268 273
269 263
269 264
269 265
269 266
269 267
269 268
269 270
269 271
269 272
270 264
270 265
270 266
270 267
270 268
270 269
270 271
270 272
270 273
270 274
270 275
270 276
271 265
271 266
271 267
271 268
271 269
271 270
271 272
271 273
271 274
271 275
271 278
272 264
272 266
272 267
272 268
272 269
272 270
272 271
272 273
272 274
272 275
272 276
272 278
272 281
272 282
272 283
273 62
273 63
273 185
273 186
273 187
273 263
273 264
273 266
273 267
273 268
273 270
273 271
273 272
273 274
273 275
273 278
273 281
273 282
273 283
274 61
274 62
274 63
274 64
274 185
274 186
274 187
274 267
274 270
274 271
274 272
274 273
274 275
274 276
274 277
274 278
274 279
274 280
274 281
274 282
274 283
275 57
275 58
275 59
275 60
275 61
275 62
275 63
275 64
275 65
275 186
275 267
275 270
275 271
275 272
275 273
275 274
275 276
275 277
275 278
275 281
276 57
276 58
276 59
276 60
276 61
276 62
276 63
276 64
276 270
276 272
276 274
276 275
276 277
276 278
276 279
276 280
276 281
277 58
277 59
277 60
277 61
277 62
277 274
277 275
277 276
277 278
277 279
277 280
277 281
277 282
278 59
278 60
278 62
278 271
278 272
278 273
278 274
278 275
278 276
278 277
278 279
278 280
278 281
278 282
278 283
279 274
279 276
279 277
279 278
279 280
279 281
279 282
279 283
280 62
280 274
280 276
280 277
280 278
280 279
280 281
280 282
280 283
280 343
280 344
280 345
280 410
280 411
281 62
281 272
281 273
281 274
281 275
281 276
281 277
281 278
281 279
281 280
281 282
281 283
281 284
281 343
281 408
281 409
281 410
281 411
282 272
282 273
282 274
282 277
282 278
282 279
282 280
282 281
282 283
282 284
282 408
282 409
282 410
282 411
283 272
283 273
283 274
283 278
283 279
283 280
283 281
283 282
283 284
283 285
283 286
283 407
283 408
283 409
283 410
283 411
284 281
284 282
284 283
284 285
284 286
284 287
284 339
284 341
284 407
284 408
284 409
284 410
284 411
285 283
285 284
285 286
285 287
285 288
285 289
285 335
285 338
285 339
285 340
285 341
285 404
285 406
285 407
285 408
285 409
285 410
286 283
286 284
286 285
286 287
286 288
286 289
286 290
286 335
286 336
286 338
286 339
286 340
286 341
286 342
286 403
286 406
286 407
286 408
286 409
286 410
286 411
286 412
287 284
287 285
287 286
287 288
287 289
287 290
287 291
287 292
287 332
287 335
287 336
287 338
287 339
287 340
287 341
287 403
287 406
287 407
287 408
287 409
287 410
288 285
288 286
288 287
288 289
288 290
288 291
288 292
288 293
288 294
288 332
288 333
288 335
288 336
288 337
288 338
288 339
288 340
288 341
288 369
288 373
288 376
288 406
288 407
288 412
289 285
289 286
289 287
289 288
289 290
289 291
289 292
289 293
289 294
289 295
289 336
289 339
289 340
289 341
289 403
289 405
289 406
289 407
289 408
289 409
289 410
289 411
289 412
289 413
289 416
289 417
290 286
290 287
290 288
290 289
290 291
290 292
290 293
290 294
290 295
290 296
290 376
290 380
290 399
290 402
290 403
290 404
290 405
290 406
290 407
290 417
291 287
291 288
291 289
291 290
291 292
291 293
291 294
291 295
291 296
291 297
291 332
291 335
291 336
291 372
291 373
291 375
291 376
291 377
291 379
291 380
291 406
291 407
292 287
292 288
292 289
292 290
292 291
292 293
292 294
292 295
292 296
292 297
292 298
292 376
292 379
292 406
292 412
292 413
292 414
292 417
293 288
293 289
293 290
293 291
293 292
293 294
293 295
293 296
293 297
293 298
293 299
293 376
293 379
293 380
293 402
293 406
293 407
293 412
293 413
293 414
293 416
293 417
293 418
293 420
293 421
294 288
294 289
294 290
294 291
294 292
294 293
294 295
294 296
294 297
294 298
294 299
294 375
294 376
294 377
294 378
294 379
294 380
294 381
294 382
294 383
294 417
294 421
295 289
295 290
295 291
295 292
295 293
295 294
295 296
295 297
295 298
295 299
295 300
295 301
295 302
295 372
295 375
295 376
295 377
295 378
295 379
295 380
296 290
296 291
296 292
296 293
296 294
296 295
296 297
296 298
296 299
296 300
296 301
296 302
296 376
296 379
296 414
296 417
296 418
296 421
297 291
297 292
297 293
297 294
297 295
297 296
297 298
297 299
297 300
297 301
297 302
297 305
297 379
297 380
297 382
297 383
297 417
297 418
297 420
297 421
297 422
297 424
297 425
298 292
298 293
298 294
298 295
298 296
298 297
298 299
298 300
298 301
298 302
298 303
298 304
298 305
298 306
298 375
298 376
298 378
298 379
298 380
298 382
298 383
299 293
299 294
299 295
299 296
299 297
299 298
299 300
299 301
299 302
299 303
299 305
299 306
299 379
300 139
300 140
300 295
300 296
300 297
300 298
300 299
300 301
300 302
300 303
300 304
300 305
300 421
300 439
300 440
300 442
300 443
301 295
301 296
301 297
301 298
301 299
301 300
301 302
301 303
301 304
301 305
301 306
301 383
301 421
301 425
301 435
301 436
301 438
301 439
301 442
302 295
302 296
302 297
302 298
302 299
302 300
302 301
302 303
302 304
302 305
302 306
302 307
302 379
302 382
302 435
302 438
302 439
302 442
303 298
303 299
303 300
303 301
303 302
303 304
303 305
303 306
303 307
303 431
303 432
303 434
303 435
303 436
303 437
303 438
303 439
303 440
303 442
304 298
304 300
304 301
304 302
304 303
304 305
304 306
304 307
304 310
304 382
304 383
304 386
304 430
304 431
304 432
304 434
304 435
304 436
304 438
304 439
305 297
305 298
305 299
305 300
305 301
305 302
305 303
305 304
305 306
305 307
305 310
305 311
305 378
305 379
305 381
305 382
305 383
305 385
305 386
305 431
305 435
306 298
306 299
306 301
306 302
306 303
306 304
306 305
306 307
306 308
306 309
306 310
306 311
306 378
306 379
306 382
307 302
307 303
307 304
307 305
307 306
307 308
307 309
307 310
307 311
307 312
307 313
307 382
308 306
308 307
308 309
308 310
308 311
308 312
308 313
308 314
309 306
309 307
309 308
309 310
309 311
309 312
309 313
309 314
309 315
310 304
310 305
310 306
310 307
310 308
310 309
310 311
310 312
310 313
310 314
310 315
310 316
310 378
310 381
310 382
310 385
311 305
311 306
311 307
311 308
311 309
311 310
311 312
311 313
311 314
311 315
311 316
311 317
311 378
311 382
312 307
312 308
312 309
312 310
312 311
312 313
312 314
312 315
312 316
312 317
312 318
313 307
313 308
313 309
313 310
313 311
313 312
313 314
313 315
313 316
313 317
313 318
313 319
314 308
314 309
314 310
314 311
314 312
314 313
314 315
314 316
314 317
314 318
314 319
314 320
314 377
314 378
314 381
314 382
314 385
315 309
315 310
315 311
315 312
315 313
315 314
315 316
315 317
315 318
315 319
315 320
315 321
315 322
315 378
316 310
316 311
316 312
316 313
316 314
316 315
316 317
316 318
316 319
316 320
316 321
316 322
317 311
317 312
317 313
317 314
317 315
317 316
317 318
317 319
317 320
317 321
317 322
317 324
317 325
318 312
318 313
318 314
318 315
318 316
318 317
318 319
318 320
318 321
318 322
318 323
318 324
318 325
318 326
318 378
319 313
319 314
319 315
319 316
319 317
319 318
319 320
319 321
319 322
319 323
319 324
319 325
320 314
320 315
320 316
320 317
320 318
320 319
320 321
320 322
320 323
320 324
320 325
321 315
321 316
321 317
321 318
321 319
321 320
321 322
321 323
321 324
321 325
321 326
322 315
322 316
322 317
322 318
322 319
322 320
322 321
322 323
322 324
322 325
322 326
322 327
322 328
323 318
323 319
323 320
323 321
323 322
323 324
323 325
323 326
323 327
323 328
323 329
324 317
324 318
324 319
324 320
324 321
324 322
324 323
324 325
324 326
324 327
324 328
324 329
324 330
325 317
325 318
325 319
325 320
325 321
325 322
325 323
325 324
325 326
325 327
325 328
325 329
325 330
325 331
325 374
325 377
326 318
326 321
326 322
326 323
326 324
326 325
326 327
326 328
326 329
326 330
326 331
326 332
327 322
327 323
327 324
327 325
327 326
327 328
327 329
327 330
327 331
327 332
327 333
328 322
328 323
328 324
328 325
328 326
328 327
328 329
328 330
328 331
328 332
328 333
328 334
328 373
328 374
328 377
329 323
329 324
329 325
329 326
329 327
329 328
329 330
329 331
329 332
329 333
329 334
329 335
329 370
329 373
329 374
329 376
329 377
330 324
330 325
330 326
330 327
330 328
330 329
330 331
330 332
330 333
330 334
330 335
330 336
330 373
331 325
331 326
331 327
331 328
331 329
331 330
331 332
331 333
331 334
331 335
331 336
331 337
331 373
332 287
332 288
332 291
332 326
332 327
332 328
332 329
332 330
332 331
332 333
332 334
332 335
332 336
332 337
332 370
332 373
332 374
332 376
332 377
333 288
333 327
333 328
333 329
333 330
333 331
333 332
333 334
333 335
333 336
333 337
333 338
333 339
333 369
333 370
333 371
333 372
333 373
333 374
334 328
334 329
334 330
334 331
334 332
334 333
334 335
334 336
334 337
334 338
334 339
334 340
334 370
335 285
335 286
335 287
335 288
335 291
335 329
335 330
335 331
335 332
335 333
335 334
335 336
335 337
335 338
335 339
335 340
335 370
336 286
336 287
336 288
336 289
336 291
336 330
336 331
336 332
336 333
336 334
336 335
336 337
336 338
336 339
336 340
336 341
336 369
336 370
336 372
336 373
337 288
337 331
337 332
337 333
337 334
337 335
337 336
337 338
337 339
337 340
337 341
337 369
337 370
338 285
338 286
338 287
338 288
338 333
338 334
338 335
338 336
338 337
338 339
338 340
338 341
339 284
339 285
339 286
339 287
339 288
339 289
339 333
339 334
339 335
339 336
339 337
339 338
339 340
339 341
339 342
339 407
339 410
340 285
340 286
340 287
340 288
340 289
340 334
340 335
340 336
340 337
340 338
340 339
340 341
340 342
340 343
340 369
340 410
341 284
341 285
341 286
341 287
341 288
341 289
341 336
341 337
341 338
341 339
341 340
341 342
341 343
341 344
341 409
341 410
341 411
341 412
342 286
342 339
342 340
342 341
342 343
342 344
342 345
342 346
342 347
342 358
342 363
342 410
342 411
342 412
343 280
343 281
343 340
343 341
343 342
343 344
343 345
343 346
343 347
343 348
343 409
343 410
343 411
343 412
344 280
344 341
344 342
344 343
344 345
344 346
344 347
344 348
344 349
344 410
344 411
345 280
345 342
345 343
345 344
345 346
345 347
345 348
345 349
345 350
345 352
345 355
345 411
345 412
346 342
346 343
346 344
346 345
346 347
346 348
346 349
346 350
346 351
346 352
346 353
346 354
346 355
346 356
346 357
346 358
346 359
346 410
346 411
346 412
346 413
347 342
347 343
347 344
347 345
347 346
347 348
347 349
347 350
347 352
347 354
347 355
347 356
347 358
347 359
347 411
348 343
348 344
348 345
348 346
348 347
348 349
348 350
348 351
348 352
348 355
349 344
349 345
349 346
349 347
349 348
349 350
349 351
349 352
349 353
349 354
349 355
349 356
350 345
350 346
350 347
350 348
350 349
350 351
350 352
350 353
350 354
350 355
350 356
350 359
350 468
350 469
350 470
350 471
351 35
351 346
351 348
351 349
351 350
351 352
351 353
351 354
351 355
351 356
351 454
351 458
351 459
351 468
351 469
351 470
351 471
351 472
352 345
352 346
352 347
352 348
352 349
352 350
352 351
352 353
352 354
352 355
352 356
352 357
352 413
352 469
352 470
352 471
352 472
353 346
353 349
353 350
353 351
353 352
353 354
353 355
353 356
353 357
353 358
353 359
353 413
353 414
353 450
353 470
353 471
353 472
354 346
354 347
354 349
354 350
354 351
354 352
354 353
354 355
354 356
354 357
354 358
354 359
354 360
354 411
354 412
354 413
354 414
354 471
354 472
355 345
355 346
355 347
355 348
355 349
355 350
355 351
355 352
355 353
355 354
355 356
355 357
355 358
355 359
355 360
355 361
355 412
355 413
355 472
356 346
356 347
356 349
356 350
356 351
356 352
356 353
356 354
356 355
356 357
356 358
356 359
356 360
356 361
356 362
356 363
357 346
357 352
357 353
357 354
357 355
357 356
357 358
357 359
357 360
357 361
357 362
357 363
357 364
357 412
358 342
358 346
358 347
358 353
358 354
358 355
358 356
358 357
358 359
358 360
358 361
358 362
358 363
358 364
358 369
358 412
359 346
359 347
359 350
359 353
359 354
359 355
359 356
359 357
359 358
359 360
359 361
359 362
359 363
359 364
359 365
360 354
360 355
360 356
360 357
360 358
360 359
360 361
360 362
360 363
360 364
360 365
361 355
361 356
361 357
361 358
361 359
361 360
361 362
361 363
361 364
361 365
361 366
361 368
361 369
361 372
362 356
362 357
362 358
362 359
362 360
362 361
362 363
362 364
362 365
362 366
362 367
362 368
362 369
362 370
362 372
363 342
363 356
363 357
363 358
363 359
363 360
363 361
363 362
363 364
363 365
363 366
363 367
363 368
363 369
364 357
364 358
364 359
364 360
364 361
364 362
364 363
364 365
364 366
364 367
364 368
364 369
365 359
365 360
365 361
365 362
365 363
365 364
365 366
365 367
365 368
365 369
366 361
366 362
366 363
366 364
366 365
366 367
366 368
366 369
366 370
366 371
367 362
367 363
367 364
367 365
367 366
367 368
367 369
367 370
367 371
367 372
368 361
368 362
368 363
368 364
368 365
368 366
368 367
368 369
368 370
368 371
368 372
368 373
369 288
369 333
369 336
369 337
369 340
369 358
369 361
369 362
369 363
369 364
369 365
369 366
369 367
369 368
369 370
369 371
369 372
369 373
370 329
370 332
370 333
370 334
370 335
370 336
370 337
370 362
370 366
370 367
370 368
370 369
370 371
370 372
370 373
370 374
371 333
371 366
371 367
371 368
371 369
371 370
371 372
371 373
371 374
371 375
371 376
372 291
372 295
372 333
372 336
372 361
372 362
372 367
372 368
372 369
372 370
372 371
372 373
372 374
372 375
372 376
372 377
373 288
373 291
373 328
373 329
373 330
373 331
373 332
373 333
373 336
373 368
373 369
373 370
373 371
373 372
373 374
373 375
373 376
373 377
373 378
373 379
374 325
374 328
374 329
374 332
374 333
374 370
374 371
374 372
374 373
374 375
374 376
374 377
374 378
374 379
374 380
375 291
375 294
375 295
375 298
375 371
375 372
375 373
375 374
375 376
375 377
375 378
375 379
375 380
375 381
376 288
376 290
376 291
376 292
376 293
376 294
376 295
376 296
376 298
376 329
376 332
376 371
376 372
376 373
376 374
376 375
376 377
376 378
376 379
376 380
376 381
376 382
377 291
377 294
377 295
377 314
377 325
377 328
377 329
377 332
377 372
377 373
377 374
377 375
377 376
377 378
377 379
377 380
377 381
377 382
377 383
378 294
378 295
378 298
378 305
378 306
378 310
378 311
378 314
378 315
378 318
378 373
378 374
378 375
378 376
378 377
378 379
378 380
378 381
378 382
378 383
378 384
379 291
379 292
379 293
379 294
379 295
379 296
379 297
379 298
379 299
379 302
379 305
379 306
379 373
379 374
379 375
379 376
379 377
379 378
379 380
379 381
379 382
379 383
379 384
379 385
380 290
380 291
380 293
380 294
380 295
380 297
380 298
380 374
380 375
380 376
380 377
380 378
380 379
380 381
380 382
380 383
380 384
380 385
381 294
381 305
381 310
381 314
381 375
381 376
381 377
381 378
381 379
381 380
381 382
381 383
381 384
381 385
381 386
381 387
382 294
382 297
382 298
382 302
382 304
382 305
382 306
382 307
382 310
382 311
382 314
382 376
382 377
382 378
382 379
382 380
382 381
382 383
382 384
382 385
382 386
382 387
383 294
383 297
383 298
383 301
383 304
383 305
383 377
383 378
383 379
383 380
383 381
383 382
383 384
383 385
383 386
383 387
383 388
383 424
383 425
383 428
384 378
384 379
384 380
384 381
384 382
384 383
384 385
384 386
384 387
384 388
384 389
384 390
384 395
384 399
384 428
385 305
385 310
385 314
385 379
385 380
385 381
385 382
385 383
385 384
385 386
385 387
385 388
385 389
385 428
386 304
386 305
386 381
386 382
386 383
386 384
386 385
386 387
386 388
386 389
386 390
386 424
386 425
386 427
386 428
386 429
387 381
387 382
387 383
387 384
387 385
387 386
387 388
387 389
387 390
387 391
387 392
387 394
387 395
387 424
387 425
387 427
387 428
387 429
388 383
388 384
388 385
388 386
388 387
388 389
388 390
388 391
388 392
388 395
388 428
388 429
389 384
389 385
389 386
389 387
389 388
389 390
389 391
389 392
389 395
389 427
389 428
389 429
390 384
390 386
390 387
390 388
390 389
390 391
390 392
390 393
390 394
390 395
390 427
390 428
390 429
391 201
391 202
391 204
391 205
391 206
391 387
391 388
391 389
391 390
391 392
391 393
391 394
391 395
391 396
392 201
392 202
392 204
392 205
392 387
392 388
392 389
392 390
392 391
392 393
392 394
392 395
392 396
392 397
392 398
393 197
393 198
393 200
393 201
393 202
393 203
393 204
393 205
393 208
393 390
393 391
393 392
393 394
393 395
393 396
393 397
393 398
394 194
394 197
394 198
394 199
394 200
394 201
394 202
394 204
394 205
394 387
394 390
394 391
394 392
394 393
394 395
394 396
394 397
394 398
394 399
394 400
395 198
395 201
395 384
395 387
395 388
395 389
395 390
395 391
395 392
395 393
395 394
395 396
395 397
395 398
395 399
395 400
395 401
395 424
395 427
396 197
396 198
396 201
396 391
396 392
396 393
396 394
396 395
396 397
396 398
396 399
396 400
396 401
396 402
397 193
397 194
397 195
397 196
397 197
397 198
397 200
397 201
397 392
397 393
397 394
397 395
397 396
397 398
397 399
397 400
397 401
397 402
397 403
398 191
398 194
398 195
398 197
398 198
398 392
398 393
398 394
398 395
398 396
398 397
398 399
398 400
398 401
398 402
398 403
398 420
398 423
398 424
399 194
399 290
399 384
399 394
399 395
399 396
399 397
399 398
399 400
399 401
399 402
399 403
399 404
399 405
399 420
399 424
400 190
400 194
400 197
400 394
400 395
400 396
400 397
400 398
400 399
400 401
400 402
400 403
400 404
400 405
401 189
401 190
401 191
401 192
401 193
401 194
401 197
401 395
401 396
401 397
401 398
401 399
401 400
401 402
401 403
401 404
401 405
401 406
401 420
402 190
402 191
402 194
402 290
402 293
402 396
402 397
402 398
402 399
402 400
402 401
402 403
402 404
402 405
402 406
402 407
402 417
402 419
402 420
402 421
402 424
403 286
403 287
403 289
403 290
403 397
403 398
403 399
403 400
403 401
403 402
403 404
403 405
403 406
403 407
403 408
403 420
404 187
404 190
404 285
404 290
404 399
404 400
404 401
404 402
404 403
404 405
404 406
404 407
404 408
404 409
405 186
405 187
405 188
405 189
405 190
405 191
405 289
405 290
405 399
405 400
405 401
405 402
405 403
405 404
405 406
405 407
405 408
405 409
405 416
405 417
405 419
405 420
406 187
406 285
406 286
406 287
406 288
406 289
406 290
406 291
406 292
406 293
406 401
406 402
406 403
406 404
406 405
406 407
406 408
406 409
406 410
406 411
406 412
406 413
406 416
406 417
406 420
407 283
407 284
407 285
407 286
407 287
407 288
407 289
407 290
407 291
407 293
407 339
407 402
407 403
407 404
407 405
407 406
407 408
407 409
407 410
408 281
408 282
408 283
408 284
408 285
408 286
408 287
408 289
408 403
408 404
408 405
408 406
408 407
408 409
408 410
408 411
409 281
409 282
409 283
409 284
409 285
409 286
409 287
409 289
409 341
409 343
409 404
409 405
409 406
409 407
409 408
409 410
409 411
409 412
409 413
409 416
410 280
410 281
410 282
410 283
410 284
410 285
410 286
410 287
410 289
410 339
410 340
410 341
410 342
410 343
410 344
410 346
410 406
410 407
410 408
410 409
410 411
410 412
410 413
411 280
411 281
411 282
411 283
411 284
411 286
411 289
411 341
411 342
411 343
411 344
411 345
411 346
411 347
411 354
411 406
411 408
411 409
411 410
411 412
411 413
411 414
411 416
412 286
412 288
412 289
412 292
412 293
412 341
412 342
412 343
412 345
412 346
412 354
412 355
412 357
412 358
412 406
412 409
412 410
412 411
412 413
412 414
412 415
412 416
412 417
413 289
413 292
413 293
413 346
413 352
413 353
413 354
413 355
413 406
413 409
413 410
413 411
413 412
413 414
413 415
413 416
413 417
413 418
413 472
414 141
414 142
414 292
414 293
414 296
414 353
414 354
414 411
414 412
414 413
414 415
414 416
414 417
414 418
414 472
415 141
415 142
415 145
415 151
415 152
415 412
415 413
415 414
415 416
415 417
415 418
415 419
415 472
416 141
416 152
416 187
416 289
416 293
416 405
416 406
416 409
416 411
416 412
416 413
416 414
416 415
416 417
416 418
416 419
416 420
416 421
417 141
417 142
417 289
417 290
417 292
417 293
417 294
417 296
417 297
417 402
417 405
417 406
417 412
417 413
417 414
417 415
417 416
417 418
417 419
417 420
417 421
417 422
418 136
418 139
418 140
418 141
418 142
418 152
418 156
418 293
418 296
418 297
418 413
418 414
418 415
418 416
418 417
418 419
418 420
418 421
418 422
418 423
418 424
419 142
419 152
419 155
419 156
419 159
419 160
419 187
419 188
419 191
419 402
419 405
419 415
419 416
419 417
419 418
419 420
419 421
419 422
419 423
419 424
419 425
420 191
420 293
420 297
420 398
420 399
420 401
420 402
420 403
420 405
420 406
420 416
420 417
420 418
420 419
420 421
420 422
420 423
420 424
420 425
421 136
421 139
421 293
421 294
421 296
421 297
421 300
421 301
421 402
421 416
421 417
421 418
421 419
421 420
421 422
421 423
421 424
421 425
421 426
422 110
422 136
422 137
422 139
422 142
422 156
422 160
422 297
422 417
422 418
422 419
422 420
422 421
422 423
422 424
422 425
422 426
422 427
423 110
423 113
423 159
423 160
423 163
423 191
423 398
423 418
423 419
423 420
423 421
423 422
423 424
423 425
423 426
423 427
423 428
424 297
424 383
424 386
424 387
424 395
424 398
424 399
424 402
424 418
424 419
424 420
424 421
424 422
424 423
424 425
424 426
424 427
424 428
425 114
425 132
425 136
425 297
425 301
425 383
425 386
425 387
425 419
425 420
425 421
425 422
425 423
425 424
425 426
425 427
425 428
425 429
425 430
425 431
426 110
426 111
426 113
426 114
426 115
426 116
426 117
426 118
426 129
426 132
426 133
426 136
426 421
426 422
426 423
426 424
426 425
426 427
426 428
426 429
426 430
427 113
427 114
427 117
427 118
427 386
427 387
427 389
427 390
427 395
427 422
427 423
427 424
427 425
427 426
427 428
427 429
427 430
428 117
428 118
428 383
428 384
428 385
428 386
428 387
428 388
428 389
428 390
428 423
428 424
428 425
428 426
428 427
428 429
428 430
428 431
429 117
429 118
429 386
429 387
429 388
429 389
429 390
429 425
429 426
429 427
429 428
429 430
429 431
429 432
430 114
430 118
430 124
430 125
430 128
430 129
430 131
430 132
430 304
430 425
430 426
430 427
430 428
430 429
430 431
430 432
430 433
430 435
430 436
431 125
431 128
431 129
431 131
431 132
431 303
431 304
431 305
431 425
431 428
431 429
431 430
431 432
431 433
431 434
431 435
431 436
431 437
431 439
432 124
432 125
432 127
432 128
432 303
432 304
432 429
432 430
432 431
432 433
432 434
432 435
432 436
432 437
433 124
433 125
433 127
433 128
433 129
433 131
433 132
433 430
433 431
433 432
433 434
433 435
433 436
433 437
433 438
433 439
434 128
434 303
434 304
434 431
434 432
434 433
434 435
434 436
434 437
434 438
434 439
434 440
435 128
435 301
435 302
435 303
435 304
435 305
435 430
435 431
435 432
435 433
435 434
435 436
435 437
435 438
435 439
435 440
435 441
436 128
436 129
436 131
436 132
436 134
436 135
436 301
436 303
436 304
436 430
436 431
436 432
436 433
436 434
436 435
436 437
436 438
436 439
436 440
436 441
436 442
437 128
437 131
437 132
437 135
437 303
437 431
437 432
437 433
437 434
437 435
437 436
437 438
437 439
437 440
437 441
437 442
437 443
438 135
438 301
438 302
438 303
438 304
438 433
438 434
438 435
438 436
438 437
438 439
438 440
438 441
438 442
438 443
438 444
439 131
439 132
439 135
439 136
439 139
439 300
439 301
439 302
439 303
439 304
439 431
439 433
439 434
439 435
439 436
439 437
439 438
439 440
439 441
439 442
439 443
439 444
440 131
440 132
440 134
440 135
440 136
440 137
440 138
440 139
440 300
440 303
440 434
440 435
440 436
440 437
440 438
440 439
440 441
440 442
440 443
440 444
440 445
440 446
441 135
441 435
441 436
441 437
441 438
441 439
441 440
441 442
441 443
441 444
441 445
441 446
441 447
442 135
442 139
442 140
442 300
442 301
442 302
442 303
442 436
442 437
442 438
442 439
442 440
442 441
442 443
442 444
442 445
442 446
442 447
442 448
443 135
443 136
443 138
443 139
443 140
443 141
443 143
443 300
443 437
443 438
443 439
443 440
443 441
443 442
443 444
443 445
443 446
443 447
443 448
443 449
444 135
444 138
444 139
444 140
444 438
444 439
444 440
444 441
444 442
444 443
444 445
444 446
444 447
444 448
444 449
444 450
445 140
445 440
445 441
445 442
445 443
445 444
445 446
445 447
445 448
445 449
445 450
445 451
446 139
446 140
446 141
446 440
446 441
446 442
446 443
446 444
446 445
446 447
446 448
446 449
446 450
446 451
446 452
447 138
447 139
447 140
447 141
447 143
447 144
447 441
447 442
447 443
447 444
447 445
447 446
447 448
447 449
447 450
447 451
447 452
447 453
448 140
448 442
448 443
448 444
448 445
448 446
448 447
448 449
448 450
448 451
448 452
448 453
448 454
449 443
449 444
449 445
449 446
449 447
449 448
449 450
449 451
449 452
449 453
449 454
449 455
450 140
450 141
450 144
450 353
450 444
450 445
450 446
450 447
450 448
450 449
450 451
450 452
450 453
450 454
450 455
450 457
450 470
450 471
450 472
451 22
451 25
451 26
451 140
451 144
451 445
451 446
451 447
451 448
451 449
451 450
451 452
451 453
451 454
451 455
451 456
451 457
451 470
451 471
452 446
452 447
452 448
452 449
452 450
452 451
452 453
452 454
452 455
452 456
452 457
452 470
453 447
453 448
453 449
453 450
453 451
453 452
453 454
453 455
453 456
453 457
453 458
453 469
453 470
453 471
454 26
454 29
454 144
454 351
454 448
454 449
454 450
454 451
454 452
454 453
454 455
454 456
454 457
454 458
454 468
454 469
454 470
454 471
454 472
455 25
455 26
455 28
455 29
455 30
455 449
455 450
455 451
455 452
455 453
455 454
455 456
455 457
455 458
455 469
455 470
455 471
456 29
456 451
456 452
456 453
456 454
456 455
456 457
456 458
456 459
456 469
456 470
457 450
457 451
457 452
457 453
457 454
457 455
457 456
457 458
457 459
457 468
457 469
457 470
458 351
458 453
458 454
458 455
458 456
458 457
458 459
458 460
458 467
458 468
458 469
458 470
459 351
459 456
459 457
459 458
459 460
459 461
459 462
459 465
459 466
459 467
459 468
459 469
459 470
460 458
460 459
460 461
460 462
460 463
460 464
460 465
460 466
460 467
460 468
460 469
461 459
461 460
461 462
461 463
461 464
461 465
461 466
461 467
461 468
462 459
462 460
462 461
462 463
462 464
462 465
463 460
463 461
463 462
463 464
463 465
463 466
464 460
464 461
464 462
464 463
464 465
464 466
464 467
464 468
465 459
465 460
465 461
465 462
465 463
465 464
465 466
465 467
465 468
466 34
466 459
466 460
466 461
466 463
466 464
466 465
466 467
466 468
466 469
467 30
467 34
467 458
467 459
467 460
467 461
467 464
467 465
467 466
467 468
467 469
468 34
468 35
468 350
468 351
468 454
468 457
468 458
468 459
468 460
468 461
468 464
468 465
468 466
468 467
468 469
468 470
468 471
469 34
469 35
469 350
469 351
469 352
469 453
469 454
469 455
469 456
469 457
469 458
469 459
469 460
469 466
469 467
469 468
469 470
469 471
470 350
470 351
470 352
470 353
470 450
470 451
470 452
470 453
470 454
470 455
470 456
470 457
470 458
470 459
470 468
470 469
470 471
470 472
471 35
471 141
471 144
471 145
471 350
471 351
471 352
471 353
471 354
471 450
471 451
471 453
471 454
471 455
471 468
471 469
471 470
471 472
472 140
472 141
472 142
472 144
472 145
472 351
472 352
472 353
472 354
472 355
472 413
472 414
472 415
472 450
472 454
472 470
472 471
