0 1
0 2
0 3
1 0
1 2
1 3
1 4
2 0
2 1
2 3
2 4
2 5
3 0
3 1
3 2
3 4
3 5
3 6
4 1
4 2
4 3
4 5
4 6
4 7
5 2
5 3
5 4
5 6
5 7
6 3
6 4
6 5
6 7
6 8
7 4
7 5
7 6
7 8
7 9
8 6
8 7
8 9
8 10
9 7
9 8
9 10
9 11
9 12
10 8
10 9
10 11
10 12
11 9
11 10
11 12
11 13
12 9
12 10
12 11
12 13
12 14
13 11
13 12
13 14
13 15
14 12
14 13
14 15
14 16
14 17
15 13
15 14
15 16
15 17
16 14
16 15
16 17
16 18
17 14
17 15
17 16
17 18
17 19
18 16
18 17
18 19
18 20
19 17
19 18
19 20
19 21
19 22
20 18
20 19
20 21
20 22
21 19
21 20
21 22
21 23
21 24
22 19
22 20
22 21
22 23
22 24
23 21
23 22
23 24
23 25
24 21
24 22
24 23
24 25
24 26
24 27
25 23
25 24
25 26
25 27
26 24
26 25
26 27
26 28
27 24
27 25
27 26
27 28
27 29
28 26
28 27
28 29
28 30
28 31
29 27
29 28
29 30
29 31
30 28
30 29
30 31
30 32
30 33
31 28
31 29
31 30
31 32
31 33
31 34
32 30
32 31
32 33
32 34
32 35
33 30
33 31
33 32
33 34
33 35
33 36
33 37
34 31
34 32
34 33
34 35
34 36
34 37
34 38
35 32
35 33
35 34
35 36
35 37
35 38
35 39
35 40
36 33
36 34
36 35
36 37
36 38
36 39
36 40
36 41
37 33
37 34
37 35
37 36
37 38
37 39
37 40
37 41
37 42
38 34
38 35
38 36
38 37
38 39
38 40
38 41
38 42
38 43
39 35
39 36
39 37
39 38
39 40
39 41
39 42
39 43
40 35
40 36
40 37
40 38
40 39
40 41
40 42
40 43
40 44
41 36
41 37
41 38
41 39
41 40
41 42
41 43
41 44
41 45
42 37
42 38
42 39
42 40
42 41
42 43
42 44
42 45
42 46
43 38
43 39
43 40
43 41
43 42
43 44
43 45
43 46
44 40
44 41
44 42
44 43
44 45
44 46
44 47
45 41
45 42
45 43
45 44
45 46
45 47
45 48
46 42
46 43
46 44
46 45
46 47
46 48
46 49
47 44
47 45
47 46
47 48
47 49
47 50
48 45
48 46
48 47
48 49
48 50
48 51
49 46
49 47
49 48
49 50
49 51
49 52
49 53
49 54
50 47
50 48
50 49
50 51
50 52
50 53
50 54
51 48
51 49
51 50
51 52
51 53
51 54
51 55
51 56
51 59
52 49
52 50
52 51
52 53
52 54
52 55
52 56
53 49
53 50
53 51
53 52
53 54
53 55
53 56
54 49
54 50
54 51
54 52
54 53
54 55
54 56
54 57
54 58
54 59
55 51
55 52
55 53
55 54
55 56
55 57
55 58
55 59
55 60
55 61
55 252
56 51
56 52
56 53
56 54
56 55
56 57
56 58
56 59
56 60
56 61
56 62
56 252
56 253
56 255
56 256
57 54
57 55
57 56
57 58
57 59
57 60
57 61
57 62
57 63
57 64
57 251
57 252
57 255
57 256
58 54
58 55
58 56
58 57
58 59
58 60
58 61
58 62
58 63
58 64
58 65
59 51
59 54
59 55
59 56
59 57
59 58
59 60
59 61
59 62
59 63
59 64
60 55
60 56
60 57
60 58
60 59
60 61
60 62
60 63
60 64
60 65
60 378
60 381
61 55
61 56
61 57
61 58
61 59
61 60
61 62
61 63
61 64
61 65
61 66
62 56
62 57
62 58
62 59
62 60
62 61
62 63
62 64
62 65
62 66
62 67
63 57
63 58
63 59
63 60
63 61
63 62
63 64
63 65
63 66
63 67
63 377
63 378
63 381
64 57
64 58
64 59
64 60
64 61
64 62
64 63
64 65
64 66
64 67
64 68
64 374
64 377
64 378
64 381
65 58
65 60
65 61
65 62
65 63
65 64
65 66
65 67
65 68
65 69
66 61
66 62
66 63
66 64
66 65
66 67
66 68
66 69
67 62
67 63
67 64
67 65
67 66
67 68
67 69
67 70
68 64
68 65
68 66
68 67
68 69
68 70
68 71
69 65
69 66
69 67
69 68
69 70
69 71
69 72
70 67
70 68
70 69
70 71
70 72
70 73
71 68
71 69
71 70
71 72
71 73
71 74
72 69
72 70
72 71
72 73
72 74
72 75
72 76
73 70
73 71
73 72
73 74
73 75
73 76
74 71
74 72
74 73
74 75
74 76
74 77
75 72
75 73
75 74
75 76
75 77
75 78
76 72
76 73
76 74
76 75
76 77
76 78
76 79
77 74
77 75
77 76
77 78
77 79
77 80
78 75
78 76
78 77
78 79
78 80
78 81
79 76
79 77
79 78
79 80
79 81
79 82
80 77
80 78
80 79
80 81
80 82
80 83
81 78
81 79
81 80
81 82
81 83
81 84
82 79
82 80
82 81
82 83
82 84
82 85
83 80
83 81
83 82
83 84
83 85
83 86
84 81
84 82
84 83
84 85
84 86
84 87
85 82
85 83
85 84
85 86
85 87
85 88
85 89
86 83
86 84
86 85
86 87
86 88
86 89
87 84
87 85
87 86
87 88
87 89
87 90
88 85
88 86
88 87
88 89
88 90
88 91
89 85
89 86
89 87
89 88
89 90
89 91
89 92
90 87
90 88
90 89
90 91
90 92
90 93
91 88
91 89
91 90
91 92
91 93
91 94
91 397
91 400
91 401
91 404
92 89
92 90
92 91
92 93
92 94
92 95
92 96
92 97
92 397
92 398
92 400
92 401
92 404
93 90
93 91
93 92
93 94
93 95
93 96
93 97
93 98
93 397
93 400
93 401
93 404
93 405
94 91
94 92
94 93
94 95
94 96
94 97
94 98
94 99
94 135
94 138
94 139
94 142
94 397
94 398
94 399
94 400
94 401
94 402
94 403
94 404
94 405
94 408
95 92
95 93
95 94
95 96
95 97
95 98
95 99
95 100
95 133
95 134
95 135
95 137
95 138
95 139
95 142
95 401
95 402
95 405
96 92
96 93
96 94
96 95
96 97
96 98
96 99
96 100
96 101
96 102
96 138
96 401
97 92
97 93
97 94
97 95
97 96
97 98
97 99
97 100
97 101
97 102
97 138
97 141
97 142
97 397
97 398
97 401
98 93
98 94
98 95
98 96
98 97
98 99
98 100
98 101
98 102
98 103
98 134
98 135
98 137
98 138
98 139
98 140
98 141
98 142
98 143
98 144
98 145
98 398
98 401
98 402
99 94
99 95
99 96
99 97
99 98
99 100
99 101
99 102
99 103
99 104
99 105
99 134
99 137
99 138
99 141
99 142
100 95
100 96
100 97
100 98
100 99
100 101
100 102
100 103
100 104
100 138
100 141
100 142
101 96
101 97
101 98
101 99
101 100
101 102
101 103
101 104
101 105
101 137
101 138
101 141
101 142
101 145
101 156
101 157
101 158
101 159
101 161
101 162
101 165
102 96
102 97
102 98
102 99
102 100
102 101
102 103
102 104
102 105
102 106
102 108
102 134
102 137
102 138
102 140
102 141
102 162
102 163
102 165
102 166
103 98
103 99
103 100
103 101
103 102
103 104
103 105
103 106
103 107
103 108
104 99
104 100
104 101
104 102
104 103
104 105
104 106
104 107
104 108
104 109
104 110
104 130
105 99
105 101
105 102
105 103
105 104
105 106
105 107
105 108
105 109
105 110
105 128
105 130
105 134
105 137
105 162
105 163
105 165
105 166
105 169
106 102
106 103
106 104
106 105
106 107
106 108
106 109
106 110
106 111
106 112
106 125
106 127
106 128
106 129
106 130
106 166
106 169
106 170
107 103
107 104
107 105
107 106
107 108
107 109
107 110
107 111
107 112
107 125
107 128
107 129
107 130
108 102
108 103
108 104
108 105
108 106
108 107
108 109
108 110
108 111
108 112
108 113
108 163
108 166
109 104
109 105
109 106
109 107
109 108
109 110
109 111
109 112
109 113
109 114
109 125
109 128
109 163
109 165
109 166
109 167
109 169
109 170
109 210
109 213
109 214
109 217
110 104
110 105
110 106
110 107
110 108
110 109
110 111
110 112
110 113
110 114
110 115
110 121
110 124
110 125
110 128
110 129
110 166
110 170
110 210
110 213
111 106
111 107
111 108
111 109
111 110
111 112
111 113
111 114
111 115
111 125
111 213
112 106
112 107
112 108
112 109
112 110
112 111
112 113
112 114
112 115
112 166
112 167
112 170
112 210
112 213
112 214
112 216
112 217
113 108
113 109
113 110
113 111
113 112
113 114
113 115
113 116
113 120
113 121
113 124
113 125
113 170
113 209
113 210
113 211
113 212
113 213
113 214
113 216
113 217
114 109
114 110
114 111
114 112
114 113
114 115
114 116
114 117
114 121
114 209
114 213
115 110
115 111
115 112
115 113
115 114
115 116
115 117
115 118
115 119
115 120
115 121
115 122
115 124
115 125
115 209
115 213
116 113
116 114
116 115
116 117
116 118
116 119
116 120
116 121
117 114
117 115
117 116
117 118
117 119
117 120
117 121
117 122
118 115
118 116
118 117
118 119
118 120
118 121
118 122
118 123
119 115
119 116
119 117
119 118
119 120
119 121
119 122
119 123
119 124
119 198
119 202
119 206
120 113
120 115
120 116
120 117
120 118
120 119
120 121
120 122
120 123
120 124
120 125
120 126
120 198
120 202
120 203
120 205
120 206
120 209
121 110
121 113
121 114
121 115
121 116
121 117
121 118
121 119
121 120
121 122
121 123
121 124
121 125
121 126
121 206
121 209
122 115
122 117
122 118
122 119
122 120
122 121
122 123
122 124
122 125
122 126
122 127
122 194
122 206
123 118
123 119
123 120
123 121
123 122
123 124
123 125
123 126
123 127
123 177
123 193
123 194
123 195
123 197
123 198
123 202
123 203
123 205
123 206
123 207
123 209
123 210
124 110
124 113
124 115
124 119
124 120
124 121
124 122
124 123
124 125
124 126
124 127
124 128
124 170
124 173
124 174
124 177
124 194
124 203
124 205
124 206
124 207
124 208
124 209
124 210
125 106
125 107
125 109
125 110
125 111
125 113
125 115
125 120
125 121
125 122
125 123
125 124
125 126
125 127
125 128
125 129
125 173
125 206
125 210
126 120
126 121
126 122
126 123
126 124
126 125
126 127
126 128
126 129
126 173
126 177
126 193
126 194
126 206
127 106
127 122
127 123
127 124
127 125
127 126
127 128
127 129
127 130
127 131
127 132
127 170
127 173
127 174
127 176
127 177
127 188
127 189
127 191
127 193
127 194
128 105
128 106
128 107
128 109
128 110
128 124
128 125
128 126
128 127
128 129
128 130
128 131
128 132
128 169
128 170
128 173
129 106
129 107
129 110
129 125
129 126
129 127
129 128
129 130
129 131
129 132
130 104
130 105
130 106
130 107
130 127
130 128
130 129
130 131
130 132
130 133
130 134
131 127
131 128
131 129
131 130
131 132
131 133
131 134
131 189
132 127
132 128
132 129
132 130
132 131
132 133
132 134
132 135
132 189
133 95
133 130
133 131
133 132
133 134
133 135
133 136
133 137
133 138
134 95
134 98
134 99
134 102
134 105
134 130
134 131
134 132
134 133
134 135
134 136
134 137
134 138
134 139
134 165
134 169
135 94
135 95
135 98
135 132
135 133
135 134
135 136
135 137
135 138
135 139
135 140
135 169
135 270
135 405
135 409
136 133
136 134
136 135
136 137
136 138
136 139
136 140
136 141
136 165
136 166
136 168
136 169
136 172
136 267
136 269
136 270
136 273
136 274
136 295
136 299
137 95
137 98
137 99
137 101
137 102
137 105
137 133
137 134
137 135
137 136
137 138
137 139
137 140
137 141
137 142
137 143
137 162
137 164
137 165
137 166
137 167
137 168
137 169
137 270
137 273
137 274
138 94
138 95
138 96
138 97
138 98
138 99
138 100
138 101
138 102
138 133
138 134
138 135
138 136
138 137
138 139
138 140
138 141
138 142
138 143
138 144
138 165
138 401
138 402
138 405
139 94
139 95
139 98
139 134
139 135
139 136
139 137
139 138
139 140
139 141
139 142
139 143
139 144
139 165
139 270
139 271
139 273
139 274
139 294
139 295
139 298
139 398
139 401
139 402
139 405
139 406
140 98
140 102
140 135
140 136
140 137
140 138
140 139
140 141
140 142
140 143
140 144
140 145
140 146
140 161
140 162
140 164
140 165
140 166
140 168
140 270
140 271
140 272
140 273
140 274
140 275
140 276
140 277
140 278
140 291
140 295
140 402
141 97
141 98
141 99
141 100
141 101
141 102
141 136
141 137
141 138
141 139
141 140
141 142
141 143
141 144
141 145
141 146
141 157
141 161
141 162
141 163
141 164
141 165
141 166
141 273
141 274
141 277
141 398
142 94
142 95
142 97
142 98
142 99
142 100
142 101
142 137
142 138
142 139
142 140
142 141
142 143
142 144
142 145
142 146
142 147
142 148
142 155
142 157
142 274
142 277
142 397
142 398
142 399
142 400
142 401
142 402
143 98
143 137
143 138
143 139
143 140
143 141
143 142
143 144
143 145
143 146
143 147
143 148
143 149
143 157
143 161
143 273
143 274
143 275
143 276
143 277
143 278
143 281
143 291
143 294
143 295
143 390
143 398
143 399
143 401
143 402
144 98
144 138
144 139
144 140
144 141
144 142
144 143
144 145
144 146
144 147
144 148
144 149
144 155
144 156
144 157
144 158
144 161
144 162
144 164
144 165
144 273
144 274
144 275
144 276
144 277
144 278
144 279
144 280
144 281
144 282
144 291
144 398
145 98
145 101
145 140
145 141
145 142
145 143
145 144
145 146
145 147
145 148
145 149
145 150
145 151
145 153
145 154
145 155
145 156
145 157
145 158
145 161
145 277
145 278
145 281
145 396
145 397
145 398
145 399
146 140
146 141
146 142
146 143
146 144
146 145
146 147
146 148
146 149
146 150
146 151
146 153
146 154
146 155
146 157
146 277
146 278
146 281
146 287
146 291
146 390
146 393
146 394
146 395
146 396
146 397
146 398
146 399
146 400
146 401
146 402
147 142
147 143
147 144
147 145
147 146
147 148
147 149
147 150
147 151
147 152
147 153
147 154
147 155
147 157
147 274
147 275
147 277
147 278
147 279
147 280
147 281
147 282
147 283
147 284
147 287
147 288
147 290
147 291
147 390
147 393
147 394
147 398
147 399
148 142
148 143
148 144
148 145
148 146
148 147
148 149
148 150
148 151
148 152
148 153
148 154
148 155
148 156
148 157
148 158
148 277
148 278
148 280
148 281
148 282
148 394
149 143
149 144
149 145
149 146
149 147
149 148
149 150
149 151
149 152
149 153
149 154
149 155
149 156
149 157
149 281
149 282
149 393
149 394
149 395
149 396
149 397
149 398
149 399
150 145
150 146
150 147
150 148
150 149
150 151
150 152
150 153
150 154
150 155
150 281
150 282
150 287
150 392
150 393
150 394
150 395
150 396
150 399
151 145
151 146
151 147
151 148
151 149
151 150
151 152
151 153
151 154
151 278
151 281
151 282
151 283
151 284
151 287
151 393
151 394
152 147
152 148
152 149
152 150
152 151
152 153
152 154
152 155
152 281
152 282
153 145
153 146
153 147
153 148
153 149
153 150
153 151
153 152
153 154
153 155
153 156
153 394
153 396
154 145
154 146
154 147
154 148
154 149
154 150
154 151
154 152
154 153
154 155
154 156
154 157
154 281
155 142
155 144
155 145
155 146
155 147
155 148
155 149
155 150
155 152
155 153
155 154
155 156
155 157
155 158
155 396
155 398
156 101
156 144
156 145
156 148
156 149
156 153
156 154
156 155
156 157
156 158
156 159
156 281
157 101
157 141
157 142
157 143
157 144
157 145
157 146
157 147
157 148
157 149
157 154
157 155
157 156
157 158
157 159
157 160
157 161
157 162
157 277
157 280
157 281
158 101
158 144
158 145
158 148
158 155
158 156
158 157
158 159
158 160
158 161
158 162
158 163
158 277
158 280
158 281
159 101
159 156
159 157
159 158
159 160
159 161
159 162
159 163
159 164
159 221
159 280
160 157
160 158
160 159
160 161
160 162
160 163
160 164
160 165
160 217
160 218
160 220
160 221
160 222
160 223
160 276
160 277
160 280
160 281
161 101
161 140
161 141
161 143
161 144
161 145
161 157
161 158
161 159
161 160
161 162
161 163
161 164
161 165
161 166
161 221
161 273
161 274
161 276
161 277
161 278
161 279
161 280
161 281
162 101
162 102
162 105
162 137
162 140
162 141
162 144
162 157
162 158
162 159
162 160
162 161
162 163
162 164
162 165
162 166
162 167
162 277
163 102
163 105
163 108
163 109
163 141
163 158
163 159
163 160
163 161
163 162
163 164
163 165
163 166
163 167
163 168
163 214
163 217
163 218
163 220
163 221
163 277
164 137
164 140
164 141
164 144
164 159
164 160
164 161
164 162
164 163
164 165
164 166
164 167
164 168
164 169
164 170
164 214
164 217
164 218
164 221
164 226
164 230
164 272
164 273
164 274
164 276
164 277
164 280
165 101
165 102
165 105
165 109
165 134
165 136
165 137
165 138
165 139
165 140
165 141
165 144
165 160
165 161
165 162
165 163
165 164
165 166
165 167
165 168
165 169
165 170
165 270
165 273
165 274
165 276
165 277
166 102
166 105
166 106
166 108
166 109
166 110
166 112
166 136
166 137
166 140
166 141
166 161
166 162
166 163
166 164
166 165
166 167
166 168
166 169
166 170
166 171
166 172
166 214
166 217
166 218
167 109
167 112
167 137
167 162
167 163
167 164
167 165
167 166
167 168
167 169
167 170
167 171
167 172
167 173
167 210
167 211
167 213
167 214
167 215
167 216
167 217
167 218
167 230
167 273
168 136
168 137
168 140
168 163
168 164
168 165
168 166
168 167
168 169
168 170
168 171
168 172
168 173
168 174
168 214
168 218
168 230
168 233
168 269
168 270
168 272
168 273
168 274
169 105
169 106
169 109
169 128
169 134
169 135
169 136
169 137
169 164
169 165
169 166
169 167
169 168
169 170
169 171
169 172
169 173
169 174
169 175
169 210
169 214
169 269
170 106
170 109
170 110
170 112
170 113
170 124
170 127
170 128
170 164
170 165
170 166
170 167
170 168
170 169
170 171
170 172
170 173
170 174
170 175
170 176
170 207
170 209
170 210
170 211
170 212
170 213
170 214
170 215
170 217
171 166
171 167
171 168
171 169
171 170
171 172
171 173
171 174
171 175
171 176
171 207
171 208
171 210
171 211
171 212
171 213
171 214
171 215
171 230
171 233
171 234
171 237
171 269
172 136
172 166
172 167
172 168
172 169
172 170
172 171
172 173
172 174
172 175
172 176
172 177
172 178
172 207
172 210
172 211
172 234
172 237
172 265
172 266
172 269
172 270
173 124
173 125
173 126
173 127
173 128
173 167
173 168
173 169
173 170
173 171
173 172
173 174
173 175
173 176
173 177
173 178
173 179
173 207
173 210
173 211
174 124
174 127
174 168
174 169
174 170
174 171
174 172
174 173
174 175
174 176
174 177
174 178
174 179
174 180
174 203
174 204
174 205
174 206
174 207
174 208
174 209
174 210
174 211
174 212
174 214
175 169
175 170
175 171
175 172
175 173
175 174
175 176
175 177
175 178
175 179
175 180
175 204
175 207
175 208
175 210
175 211
175 234
175 237
175 238
175 241
175 265
176 127
176 170
176 171
176 172
176 173
176 174
176 175
176 177
176 178
176 179
176 180
176 181
176 182
176 188
176 193
176 194
176 207
177 123
177 124
177 126
177 127
177 172
177 173
177 174
177 175
177 176
177 178
177 179
177 180
177 181
177 182
177 185
177 188
177 193
177 194
177 195
177 200
177 203
177 204
177 205
177 206
177 207
177 208
177 210
178 172
178 173
178 174
178 175
178 176
178 177
178 179
178 180
178 181
178 182
178 183
178 194
178 195
178 200
178 203
178 204
178 205
178 206
178 207
178 208
179 173
179 174
179 175
179 176
179 177
179 178
179 180
179 181
179 182
179 183
179 184
179 185
179 204
179 207
179 241
180 174
180 175
180 176
180 177
180 178
180 179
180 181
180 182
180 183
180 184
180 185
180 186
180 187
180 188
180 193
180 194
180 195
180 196
180 200
180 203
180 204
181 176
181 177
181 178
181 179
181 180
181 182
181 183
181 184
181 185
181 186
181 193
181 194
181 195
181 196
181 199
181 200
181 201
181 202
181 203
181 204
181 207
182 176
182 177
182 178
182 179
182 180
182 181
182 183
182 184
182 185
182 195
182 200
182 204
182 241
183 178
183 179
183 180
183 181
183 182
183 184
183 185
183 186
183 328
184 179
184 180
184 181
184 182
184 183
184 185
184 186
184 187
184 193
184 195
184 196
184 200
185 177
185 179
185 180
185 181
185 182
185 183
185 184
185 186
185 187
185 188
185 192
185 193
185 194
185 195
185 196
186 180
186 181
186 183
186 184
186 185
186 187
186 188
186 191
186 192
186 193
186 194
186 195
186 196
186 197
187 180
187 184
187 185
187 186
187 188
187 189
187 190
187 191
187 192
187 193
187 194
187 195
187 196
188 127
188 176
188 177
188 180
188 185
188 186
188 187
188 189
188 190
188 191
188 192
188 193
188 194
189 127
189 131
189 132
189 187
189 188
189 190
189 191
189 192
189 193
190 187
190 188
190 189
190 191
190 192
190 193
191 127
191 186
191 187
191 188
191 189
191 190
191 192
191 193
191 194
192 185
192 186
192 187
192 188
192 189
192 190
192 191
192 193
192 194
192 195
192 196
192 197
193 123
193 126
193 127
193 176
193 177
193 180
193 181
193 184
193 185
193 186
193 187
193 188
193 189
193 190
193 191
193 192
193 194
193 195
193 196
193 197
193 198
193 199
193 200
193 203
194 122
194 123
194 124
194 126
194 127
194 176
194 177
194 178
194 180
194 181
194 185
194 186
194 187
194 188
194 191
194 192
194 193
194 195
194 196
194 197
194 198
194 199
194 200
194 202
194 203
194 204
194 206
194 207
195 123
195 177
195 178
195 180
195 181
195 182
195 184
195 185
195 186
195 187
195 192
195 193
195 194
195 196
195 197
195 198
195 199
195 200
195 201
195 202
195 203
195 204
195 206
196 180
196 181
196 184
196 185
196 186
196 187
196 192
196 193
196 194
196 195
196 197
196 198
196 199
196 200
196 203
197 123
197 186
197 192
197 193
197 194
197 195
197 196
197 198
197 199
197 200
197 202
197 203
198 119
198 120
198 123
198 193
198 194
198 195
198 196
198 197
198 199
198 200
198 201
198 202
198 203
199 181
199 193
199 194
199 195
199 196
199 197
199 198
199 200
199 201
199 202
199 203
199 204
200 177
200 178
200 180
200 181
200 182
200 184
200 193
200 194
200 195
200 196
200 197
200 198
200 199
200 201
200 202
200 203
200 204
200 205
200 206
201 181
201 195
201 198
201 199
201 200
201 202
201 203
201 204
201 205
201 206
202 119
202 120
202 123
202 181
202 194
202 195
202 197
202 198
202 199
202 200
202 201
202 203
202 204
202 205
202 206
202 207
202 208
203 120
203 123
203 124
203 174
203 177
203 178
203 180
203 181
203 193
203 194
203 195
203 196
203 197
203 198
203 199
203 200
203 201
203 202
203 204
203 205
203 206
203 207
203 208
203 209
204 174
204 175
204 177
204 178
204 179
204 180
204 181
204 182
204 194
204 195
204 199
204 200
204 201
204 202
204 203
204 205
204 206
204 207
204 208
204 209
205 120
205 123
205 124
205 174
205 177
205 178
205 200
205 201
205 202
205 203
205 204
205 206
205 207
205 208
205 209
205 210
205 211
206 119
206 120
206 121
206 122
206 123
206 124
206 125
206 126
206 174
206 177
206 178
206 194
206 195
206 200
206 201
206 202
206 203
206 204
206 205
206 207
206 208
206 209
206 210
206 211
206 212
207 123
207 124
207 170
207 171
207 172
207 173
207 174
207 175
207 176
207 177
207 178
207 179
207 181
207 194
207 202
207 203
207 204
207 205
207 206
207 208
207 209
207 210
207 211
207 212
207 213
208 124
208 171
208 174
208 175
208 177
208 178
208 202
208 203
208 204
208 205
208 206
208 207
208 209
208 210
208 211
208 212
208 213
208 214
209 113
209 114
209 115
209 120
209 121
209 123
209 124
209 170
209 174
209 203
209 204
209 205
209 206
209 207
209 208
209 210
209 211
209 212
209 213
209 214
209 215
210 109
210 110
210 112
210 113
210 123
210 124
210 125
210 167
210 169
210 170
210 171
210 172
210 173
210 174
210 175
210 177
210 205
210 206
210 207
210 208
210 209
210 211
210 212
210 213
210 214
210 215
210 216
211 113
211 167
211 170
211 171
211 172
211 173
211 174
211 175
211 205
211 206
211 207
211 208
211 209
211 210
211 212
211 213
211 214
211 215
211 216
211 217
211 234
212 113
212 170
212 171
212 174
212 206
212 207
212 208
212 209
212 210
212 211
212 213
212 214
212 215
212 216
212 217
212 218
213 109
213 110
213 111
213 112
213 113
213 114
213 115
213 167
213 170
213 171
213 207
213 208
213 209
213 210
213 211
213 212
213 214
213 215
213 216
213 217
213 218
213 219
214 109
214 112
214 113
214 163
214 164
214 166
214 167
214 168
214 169
214 170
214 171
214 174
214 208
214 209
214 210
214 211
214 212
214 213
214 215
214 216
214 217
214 218
214 219
214 220
215 167
215 170
215 171
215 209
215 210
215 211
215 212
215 213
215 214
215 216
215 217
215 218
215 219
215 220
215 227
215 230
215 231
216 112
216 113
216 167
216 210
216 211
216 212
216 213
216 214
216 215
216 217
216 218
216 219
216 220
216 221
217 109
217 112
217 113
217 160
217 163
217 164
217 166
217 167
217 170
217 211
217 212
217 213
217 214
217 215
217 216
217 218
217 219
217 220
217 221
217 222
218 160
218 163
218 164
218 166
218 167
218 168
218 212
218 213
218 214
218 215
218 216
218 217
218 219
218 220
218 221
218 222
218 223
218 224
218 226
218 227
218 230
218 231
219 213
219 214
219 215
219 216
219 217
219 218
219 220
219 221
219 222
219 223
219 224
219 226
219 227
220 160
220 163
220 214
220 215
220 216
220 217
220 218
220 219
220 221
220 222
220 223
220 227
221 159
221 160
221 161
221 163
221 164
221 216
221 217
221 218
221 219
221 220
221 222
221 223
221 224
221 226
221 227
221 280
222 160
222 217
222 218
222 219
222 220
222 221
222 223
222 224
222 225
222 226
222 227
223 160
223 218
223 219
223 220
223 221
223 222
223 224
223 225
223 226
223 227
223 228
223 276
223 279
223 280
224 218
224 219
224 221
224 222
224 223
224 225
224 226
224 227
224 228
224 229
224 230
225 222
225 223
225 224
225 226
225 227
225 228
225 229
225 230
225 231
225 275
225 276
225 279
225 280
226 164
226 218
226 219
226 221
226 222
226 223
226 224
226 225
226 227
226 228
226 229
226 230
226 231
226 272
226 273
226 275
226 276
226 277
226 278
226 279
226 280
227 215
227 218
227 219
227 220
227 221
227 222
227 223
227 224
227 225
227 226
227 228
227 229
227 230
227 231
227 232
227 276
228 223
228 224
228 225
228 226
228 227
228 229
228 230
228 231
228 232
228 233
228 272
228 276
229 224
229 225
229 226
229 227
229 228
229 230
229 231
229 232
229 233
229 234
229 268
229 269
229 271
229 272
229 273
229 275
229 276
229 279
230 164
230 167
230 168
230 171
230 215
230 218
230 224
230 225
230 226
230 227
230 228
230 229
230 231
230 232
230 233
230 234
230 235
230 236
230 268
230 269
230 271
230 272
230 273
230 275
230 276
231 215
231 218
231 225
231 226
231 227
231 228
231 229
231 230
231 232
231 233
231 234
231 235
231 236
231 269
231 272
232 227
232 228
232 229
232 230
232 231
232 233
232 234
232 235
232 236
232 237
232 264
232 268
232 269
232 272
233 168
233 171
233 228
233 229
233 230
233 231
233 232
233 234
233 235
233 236
233 237
233 238
233 239
233 264
233 265
233 266
233 267
233 268
233 269
233 270
233 271
233 272
233 273
234 171
234 172
234 175
234 211
234 229
234 230
234 231
234 232
234 233
234 235
234 236
234 237
234 238
234 239
234 240
234 264
234 265
234 268
234 269
235 230
235 231
235 232
235 233
235 234
235 236
235 237
235 238
235 239
235 240
235 264
236 230
236 231
236 232
236 233
236 234
236 235
236 237
236 238
236 239
236 240
236 241
236 242
236 260
236 261
236 263
236 264
236 265
236 266
236 267
236 268
236 269
237 171
237 172
237 175
237 232
237 233
237 234
237 235
237 236
237 238
237 239
237 240
237 241
237 242
237 243
237 261
237 263
237 264
237 265
237 266
237 267
237 268
237 269
238 175
238 233
238 234
238 235
238 236
238 237
238 239
238 240
238 241
238 242
238 243
238 264
238 265
239 233
239 234
239 235
239 236
239 237
239 238
239 240
239 241
239 242
239 243
239 244
239 260
239 261
239 264
239 265
240 234
240 235
240 236
240 237
240 238
240 239
240 241
240 242
240 243
240 244
240 245
240 257
240 258
240 260
240 261
240 262
240 263
240 264
240 265
240 266
240 268
241 175
241 179
241 182
241 236
241 237
241 238
241 239
241 240
241 242
241 243
241 244
241 245
241 246
241 261
241 264
241 265
242 236
242 237
242 238
242 239
242 240
242 241
242 243
242 244
242 245
242 246
242 261
243 237
243 238
243 239
243 240
243 241
243 242
243 244
243 245
243 246
243 247
243 248
243 257
243 258
243 260
243 261
243 262
243 264
243 265
244 239
244 240
244 241
244 242
244 243
244 245
244 246
244 247
244 257
244 258
244 261
244 262
244 265
244 328
244 329
244 330
244 331
245 240
245 241
245 242
245 243
245 244
245 246
245 247
245 329
245 330
246 241
246 242
246 243
246 244
246 245
246 247
246 248
246 249
246 257
246 330
246 350
246 352
247 243
247 244
247 245
247 246
247 248
247 249
247 250
247 253
247 254
247 257
247 258
247 329
247 330
247 331
247 349
247 350
247 351
247 352
248 243
248 246
248 247
248 249
248 250
248 251
248 252
248 253
248 254
248 255
248 256
248 257
248 258
248 349
248 350
249 246
249 247
249 248
249 250
249 251
249 252
249 253
249 254
249 346
249 347
249 349
249 350
250 247
250 248
250 249
250 251
250 252
250 253
250 254
250 255
250 346
251 57
251 248
251 249
251 250
251 252
251 253
251 254
251 255
251 256
251 257
251 336
251 337
251 339
251 340
251 343
251 346
252 55
252 56
252 57
252 248
252 249
252 250
252 251
252 253
252 254
252 255
252 256
252 257
252 258
252 336
253 56
253 247
253 248
253 249
253 250
253 251
253 252
253 254
253 255
253 256
253 257
253 258
253 259
254 247
254 248
254 249
254 250
254 251
254 252
254 253
254 255
254 256
254 257
254 258
254 259
254 260
254 331
254 332
254 336
254 349
255 56
255 57
255 248
255 250
255 251
255 252
255 253
255 254
255 256
255 257
255 258
255 259
255 260
255 261
255 331
255 332
255 333
255 336
255 337
256 56
256 57
256 248
256 251
256 252
256 253
256 254
256 255
256 257
256 258
256 259
256 260
256 261
256 262
257 240
257 243
257 244
257 246
257 247
257 248
257 251
257 252
257 253
257 254
257 255
257 256
257 258
257 259
257 260
257 261
257 262
257 263
258 240
258 243
258 244
258 247
258 248
258 252
258 253
258 254
258 255
258 256
258 257
258 259
258 260
258 261
258 262
258 263
258 264
258 330
258 331
258 332
258 333
258 336
259 253
259 254
259 255
259 256
259 257
259 258
259 260
259 261
259 262
259 263
259 264
259 265
259 267
259 300
259 303
259 304
259 332
259 333
260 236
260 239
260 240
260 243
260 254
260 255
260 256
260 257
260 258
260 259
260 261
260 262
260 263
260 264
260 265
260 266
260 267
260 268
260 300
261 236
261 237
261 239
261 240
261 241
261 242
261 243
261 244
261 255
261 256
261 257
261 258
261 259
261 260
261 262
261 263
261 264
261 265
261 266
261 267
261 300
262 240
262 243
262 244
262 256
262 257
262 258
262 259
262 260
262 261
262 263
262 264
262 265
262 266
262 267
262 268
262 299
262 300
262 301
262 302
262 303
262 304
262 332
263 236
263 237
263 240
263 257
263 258
263 259
263 260
263 261
263 262
263 264
263 265
263 266
263 267
263 268
263 269
263 270
263 271
263 296
263 297
263 299
263 300
263 301
263 303
264 232
264 233
264 234
264 235
264 236
264 237
264 238
264 239
264 240
264 241
264 243
264 258
264 259
264 260
264 261
264 262
264 263
264 265
264 266
264 267
264 268
264 269
264 296
264 299
264 300
265 172
265 175
265 233
265 234
265 236
265 237
265 238
265 239
265 240
265 241
265 243
265 244
265 259
265 260
265 261
265 262
265 263
265 264
265 266
265 267
265 268
265 269
265 299
265 300
265 303
266 172
266 233
266 236
266 237
266 240
266 260
266 261
266 262
266 263
266 264
266 265
266 267
266 268
266 269
266 270
266 271
266 296
266 299
266 300
266 301
266 302
266 303
267 136
267 233
267 236
267 237
267 259
267 260
267 261
267 262
267 263
267 264
267 265
267 266
267 268
267 269
267 270
267 271
267 272
267 273
267 292
267 295
267 296
267 297
267 298
267 299
267 300
267 301
267 302
267 303
268 229
268 230
268 232
268 233
268 234
268 236
268 237
268 240
268 260
268 262
268 263
268 264
268 265
268 266
268 267
268 269
268 270
268 271
268 272
268 273
268 274
268 292
268 295
268 296
268 297
268 299
268 300
269 136
269 168
269 169
269 171
269 172
269 229
269 230
269 231
269 232
269 233
269 234
269 236
269 237
269 263
269 264
269 265
269 266
269 267
269 268
269 270
269 271
269 272
269 273
269 274
269 275
269 292
269 295
269 296
269 299
270 135
270 136
270 137
270 139
270 140
270 165
270 168
270 172
270 233
270 263
270 266
270 267
270 268
270 269
270 271
270 272
270 273
270 274
270 275
270 276
270 291
270 292
270 293
270 294
270 295
270 296
270 297
270 298
270 299
270 300
271 139
271 140
271 229
271 230
271 233
271 263
271 266
271 267
271 268
271 269
271 270
271 272
271 273
271 274
271 275
271 276
271 288
271 289
271 290
271 291
271 292
271 293
271 294
271 295
271 296
271 297
271 298
271 299
271 300
272 140
272 164
272 168
272 226
272 228
272 229
272 230
272 231
272 232
272 233
272 267
272 268
272 269
272 270
272 271
272 273
272 274
272 275
272 276
272 277
272 278
272 288
272 289
272 291
272 292
272 293
272 295
272 296
273 136
273 137
273 139
273 140
273 141
273 143
273 144
273 161
273 164
273 165
273 167
273 168
273 226
273 229
273 230
273 233
273 267
273 268
273 269
273 270
273 271
273 272
273 274
273 275
273 276
273 277
273 278
273 279
273 291
273 292
273 295
273 296
274 136
274 137
274 139
274 140
274 141
274 142
274 143
274 144
274 147
274 161
274 164
274 165
274 168
274 268
274 269
274 270
274 271
274 272
274 273
274 275
274 276
274 277
274 278
274 279
274 288
274 289
274 290
274 291
274 292
274 293
274 294
274 295
274 296
275 140
275 143
275 144
275 147
275 225
275 226
275 229
275 230
275 269
275 270
275 271
275 272
275 273
275 274
275 276
275 277
275 278
275 279
275 280
275 281
275 285
275 287
275 288
275 289
275 290
275 291
275 292
275 293
275 294
275 295
275 296
276 140
276 143
276 144
276 160
276 161
276 164
276 165
276 223
276 225
276 226
276 227
276 228
276 229
276 230
276 270
276 271
276 272
276 273
276 274
276 275
276 277
276 278
276 279
276 280
276 281
276 288
276 291
276 292
277 140
277 141
277 142
277 143
277 144
277 145
277 146
277 147
277 148
277 157
277 158
277 160
277 161
277 162
277 163
277 164
277 165
277 226
277 272
277 273
277 274
277 275
277 276
277 278
277 279
277 280
277 281
277 282
277 288
277 291
277 292
278 140
278 143
278 144
278 145
278 146
278 147
278 148
278 151
278 161
278 226
278 272
278 273
278 274
278 275
278 276
278 277
278 279
278 280
278 281
278 282
278 283
278 284
278 285
278 286
278 287
278 288
278 289
278 290
278 291
278 292
279 144
279 147
279 161
279 223
279 225
279 226
279 229
279 273
279 274
279 275
279 276
279 277
279 278
279 280
279 281
279 282
279 283
279 284
279 285
279 287
279 288
279 289
279 291
280 144
280 147
280 148
280 157
280 158
280 159
280 160
280 161
280 164
280 221
280 223
280 225
280 226
280 275
280 276
280 277
280 278
280 279
280 281
280 282
280 283
280 288
281 143
281 144
281 145
281 146
281 147
281 148
281 149
281 150
281 151
281 152
281 154
281 156
281 157
281 158
281 160
281 161
281 275
281 276
281 277
281 278
281 279
281 280
281 282
281 283
281 284
281 287
281 288
282 144
282 147
282 148
282 149
282 150
282 151
282 152
282 277
282 278
282 279
282 280
282 281
282 283
282 284
282 285
282 286
282 287
282 288
283 147
283 151
283 278
283 279
283 280
283 281
283 282
283 284
283 285
283 286
283 287
283 288
284 147
284 151
284 278
284 279
284 281
284 282
284 283
284 285
284 286
284 287
284 288
284 289
285 275
285 278
285 279
285 282
285 283
285 284
285 286
285 287
285 288
285 289
285 290
285 291
286 278
286 282
286 283
286 284
286 285
286 287
286 288
286 289
286 290
286 291
286 292
286 392
286 393
287 146
287 147
287 150
287 151
287 275
287 278
287 279
287 281
287 282
287 283
287 284
287 285
287 286
287 288
287 289
287 290
287 291
287 292
287 293
287 389
287 390
287 392
287 393
288 147
288 271
288 272
288 274
288 275
288 276
288 277
288 278
288 279
288 280
288 281
288 282
288 283
288 284
288 285
288 286
288 287
288 289
288 290
288 291
288 292
288 293
288 294
289 271
289 272
289 274
289 275
289 278
289 279
289 284
289 285
289 286
289 287
289 288
289 290
289 291
289 292
289 293
289 294
289 295
289 389
290 147
290 271
290 274
290 275
290 278
290 285
290 286
290 287
290 288
290 289
290 291
290 292
290 293
290 294
290 295
290 296
290 386
290 388
290 389
290 390
290 391
290 392
290 393
291 140
291 143
291 144
291 146
291 147
291 270
291 271
291 272
291 273
291 274
291 275
291 276
291 277
291 278
291 279
291 285
291 286
291 287
291 288
291 289
291 290
291 292
291 293
291 294
291 295
291 296
291 386
291 389
291 390
291 393
292 267
292 268
292 269
292 270
292 271
292 272
292 273
292 274
292 275
292 276
292 277
292 278
292 286
292 287
292 288
292 289
292 290
292 291
292 293
292 294
292 295
292 296
292 297
292 386
292 389
292 390
293 270
293 271
293 272
293 274
293 275
293 287
293 288
293 289
293 290
293 291
293 292
293 294
293 295
293 296
293 297
293 298
293 299
293 382
293 385
293 386
293 387
293 388
293 389
293 390
294 139
294 143
294 270
294 271
294 274
294 275
294 288
294 289
294 290
294 291
294 292
294 293
294 295
294 296
294 297
294 298
294 299
294 382
294 383
294 384
294 385
294 386
294 387
294 388
294 389
294 390
294 391
294 402
294 403
294 406
295 136
295 139
295 140
295 143
295 267
295 268
295 269
295 270
295 271
295 272
295 273
295 274
295 275
295 289
295 290
295 291
295 292
295 293
295 294
295 296
295 297
295 298
295 299
295 300
295 301
295 386
295 389
295 390
295 402
295 406
296 263
296 264
296 266
296 267
296 268
296 269
296 270
296 271
296 272
296 273
296 274
296 275
296 290
296 291
296 292
296 293
296 294
296 295
296 297
296 298
296 299
296 300
296 301
296 302
296 382
296 385
296 386
297 263
297 267
297 268
297 270
297 271
297 292
297 293
297 294
297 295
297 296
297 298
297 299
297 300
297 301
297 302
297 379
297 380
297 381
297 382
297 383
297 384
297 385
297 386
297 387
297 389
297 406
298 139
298 267
298 270
298 271
298 293
298 294
298 295
298 296
298 297
298 299
298 300
298 301
298 302
298 303
298 304
298 379
298 380
298 381
298 382
298 383
298 384
298 385
298 386
298 387
298 402
298 403
298 405
298 406
298 407
298 409
298 410
299 136
299 262
299 263
299 264
299 265
299 266
299 267
299 268
299 269
299 270
299 271
299 293
299 294
299 295
299 296
299 297
299 298
299 300
299 301
299 302
299 303
299 304
299 379
299 382
299 383
299 386
299 406
299 409
300 259
300 260
300 261
300 262
300 263
300 264
300 265
300 266
300 267
300 268
300 270
300 271
300 295
300 296
300 297
300 298
300 299
300 301
300 302
300 303
300 304
300 305
300 306
300 378
300 379
300 382
300 383
300 386
301 262
301 263
301 266
301 267
301 295
301 296
301 297
301 298
301 299
301 300
301 302
301 303
301 304
301 305
301 306
301 307
301 375
301 376
301 377
301 378
301 379
301 380
301 381
301 382
301 383
301 384
301 386
301 406
301 409
301 410
302 262
302 266
302 267
302 296
302 297
302 298
302 299
302 300
302 301
302 303
302 304
302 305
302 306
302 307
302 379
302 382
302 383
302 406
302 408
302 409
302 410
302 412
303 259
303 262
303 263
303 265
303 266
303 267
303 298
303 299
303 300
303 301
303 302
303 304
303 305
303 306
303 307
303 308
303 309
303 332
303 333
303 379
303 409
304 259
304 262
304 298
304 299
304 300
304 301
304 302
304 303
304 305
304 306
304 307
304 308
304 309
304 332
304 333
304 334
304 372
304 375
304 376
304 377
304 378
304 379
304 380
304 382
304 409
304 410
305 300
305 301
305 302
305 303
305 304
305 306
305 307
305 308
305 309
305 310
305 333
305 334
305 372
305 375
305 376
305 377
305 378
305 379
305 380
305 409
305 410
305 411
305 412
305 413
305 414
306 300
306 301
306 302
306 303
306 304
306 305
306 307
306 308
306 309
306 310
306 311
306 312
306 313
306 332
306 333
306 409
306 410
306 412
306 413
306 414
307 301
307 302
307 303
307 304
307 305
307 306
307 308
307 309
307 310
307 311
307 312
307 323
307 324
307 325
307 331
307 332
307 333
307 334
307 335
307 372
307 375
307 376
308 303
308 304
308 305
308 306
308 307
308 309
308 310
308 311
308 312
308 313
308 323
308 332
308 333
308 334
308 335
308 371
308 372
308 373
308 374
308 375
308 376
308 379
309 303
309 304
309 305
309 306
309 307
309 308
309 310
309 311
309 312
309 313
309 314
309 321
309 322
309 323
309 334
309 372
309 376
309 412
309 413
309 414
310 305
310 306
310 307
310 308
310 309
310 311
310 312
310 313
310 314
310 315
310 321
310 322
310 323
310 324
310 325
310 326
310 332
310 334
310 414
311 306
311 307
311 308
311 309
311 310
311 312
311 313
311 314
311 320
311 321
311 322
311 323
311 324
311 325
311 326
311 334
311 335
311 363
311 366
311 367
311 372
312 306
312 307
312 308
312 309
312 310
312 311
312 313
312 314
312 315
312 320
312 321
312 322
312 323
312 367
312 372
312 413
313 306
313 308
313 309
313 310
313 311
313 312
313 314
313 315
313 316
313 319
313 320
313 321
313 322
313 323
313 413
313 414
314 309
314 310
314 311
314 312
314 313
314 315
314 316
314 317
314 318
314 319
314 320
314 321
314 322
315 310
315 312
315 313
315 314
315 316
315 317
315 318
315 319
315 320
315 321
315 322
316 313
316 314
316 315
316 317
316 318
316 319
316 320
316 321
317 314
317 315
317 316
317 318
317 319
317 320
318 314
318 315
318 316
318 317
318 319
318 320
318 321
318 322
319 313
319 314
319 315
319 316
319 317
319 318
319 320
319 321
319 322
320 311
320 312
320 313
320 314
320 315
320 316
320 317
320 318
320 319
320 321
320 322
320 323
321 309
321 310
321 311
321 312
321 313
321 314
321 315
321 316
321 318
321 319
321 320
321 322
321 323
321 324
321 363
322 309
322 310
322 311
322 312
322 313
322 314
322 315
322 318
322 319
322 320
322 321
322 323
322 324
322 325
322 326
322 327
323 307
323 308
323 309
323 310
323 311
323 312
323 313
323 320
323 321
323 322
323 324
323 325
323 326
323 327
323 328
323 330
323 359
323 360
323 362
323 363
324 307
324 310
324 311
324 321
324 322
324 323
324 325
324 326
324 327
324 328
324 329
324 330
324 359
325 307
325 310
325 311
325 322
325 323
325 324
325 326
325 327
325 328
325 329
325 330
325 331
325 332
325 335
325 353
325 359
326 310
326 311
326 322
326 323
326 324
326 325
326 327
326 328
326 329
326 330
326 331
326 332
326 335
326 348
326 349
326 352
326 353
326 354
326 358
326 359
326 360
326 362
326 363
327 322
327 323
327 324
327 325
327 326
327 328
327 329
327 330
327 331
327 352
327 353
327 354
327 358
327 359
327 360
328 183
328 244
328 323
328 324
328 325
328 326
328 327
328 329
328 330
328 331
328 352
328 353
328 354
328 359
329 244
329 245
329 247
329 324
329 325
329 326
329 327
329 328
329 330
329 331
329 332
329 348
329 349
329 350
329 351
329 352
329 353
329 354
329 358
329 359
330 244
330 245
330 246
330 247
330 258
330 323
330 324
330 325
330 326
330 327
330 328
330 329
330 331
330 332
330 333
330 335
330 349
330 350
330 352
330 353
331 244
331 247
331 254
331 255
331 258
331 307
331 325
331 326
331 327
331 328
331 329
331 330
331 332
331 333
331 334
331 335
331 336
331 337
331 339
331 345
331 346
331 348
331 349
331 350
331 352
331 353
331 362
332 254
332 255
332 258
332 259
332 262
332 303
332 304
332 306
332 307
332 308
332 310
332 325
332 326
332 329
332 330
332 331
332 333
332 334
332 335
332 336
332 337
332 371
332 375
333 255
333 258
333 259
333 303
333 304
333 305
333 306
333 307
333 308
333 330
333 331
333 332
333 334
333 335
333 336
333 337
333 338
333 339
333 366
333 371
333 372
333 373
333 374
333 375
333 376
333 378
333 379
334 304
334 305
334 307
334 308
334 309
334 310
334 311
334 331
334 332
334 333
334 335
334 336
334 337
334 338
334 339
334 363
334 365
334 366
334 367
334 369
334 370
334 371
334 372
334 373
334 374
334 375
334 376
335 307
335 308
335 311
335 325
335 326
335 330
335 331
335 332
335 333
335 334
335 336
335 337
335 338
335 339
335 340
335 342
335 345
335 346
335 349
335 362
335 363
335 365
335 366
335 367
335 369
335 370
335 371
335 372
335 375
336 251
336 252
336 254
336 255
336 258
336 331
336 332
336 333
336 334
336 335
336 337
336 338
336 339
336 340
336 341
336 342
336 343
336 345
336 346
336 349
336 366
336 371
336 372
336 374
336 375
337 251
337 255
337 331
337 332
337 333
337 334
337 335
337 336
337 338
337 339
337 340
337 341
337 342
337 366
337 369
337 370
337 371
337 372
337 373
337 374
337 375
338 333
338 334
338 335
338 336
338 337
338 339
338 340
338 341
338 342
338 343
338 345
338 362
338 363
338 364
338 365
338 366
338 367
338 368
338 369
338 370
338 371
338 372
338 374
338 375
339 251
339 331
339 333
339 334
339 335
339 336
339 337
339 338
339 340
339 341
339 342
339 343
339 344
339 345
339 346
339 348
339 349
339 362
339 365
339 366
339 369
339 371
340 251
340 335
340 336
340 337
340 338
340 339
340 341
340 342
340 343
340 344
340 345
340 346
340 369
340 370
340 371
341 336
341 337
341 338
341 339
341 340
341 342
341 343
341 344
341 345
341 365
341 366
341 368
341 369
341 370
341 371
342 335
342 336
342 337
342 338
342 339
342 340
342 341
342 343
342 344
342 345
342 346
342 362
342 365
342 366
342 368
342 369
343 251
343 336
343 338
343 339
343 340
343 341
343 342
343 344
343 345
343 346
343 347
343 348
344 339
344 340
344 341
344 342
344 343
344 345
344 346
344 347
344 348
344 349
344 362
344 365
345 331
345 335
345 336
345 338
345 339
345 340
345 341
345 342
345 343
345 344
345 346
345 347
345 348
345 349
345 350
345 353
345 358
345 361
345 362
345 365
345 366
346 249
346 250
346 251
346 331
346 335
346 336
346 339
346 340
346 342
346 343
346 344
346 345
346 347
346 348
346 349
346 350
346 351
346 352
346 362
347 249
347 343
347 344
347 345
347 346
347 348
347 349
347 350
347 351
347 352
347 353
347 358
348 326
348 329
348 331
348 339
348 343
348 344
348 345
348 346
348 347
348 349
348 350
348 351
348 352
348 353
348 354
348 355
348 357
348 358
348 359
348 361
348 362
349 247
349 248
349 249
349 254
349 326
349 329
349 330
349 331
349 335
349 336
349 339
349 344
349 345
349 346
349 347
349 348
349 350
349 351
349 352
349 353
349 354
349 358
349 359
349 362
350 246
350 247
350 248
350 249
350 329
350 330
350 331
350 345
350 346
350 347
350 348
350 349
350 351
350 352
350 353
350 354
351 247
351 329
351 346
351 347
351 348
351 349
351 350
351 352
351 353
351 354
351 355
351 358
352 246
352 247
352 326
352 327
352 328
352 329
352 330
352 331
352 346
352 347
352 348
352 349
352 350
352 351
352 353
352 354
352 355
352 358
352 359
353 325
353 326
353 327
353 328
353 329
353 330
353 331
353 345
353 347
353 348
353 349
353 350
353 351
353 352
353 354
353 355
353 356
353 357
353 358
353 359
353 360
353 361
353 362
354 326
354 327
354 328
354 329
354 348
354 349
354 350
354 351
354 352
354 353
354 355
354 356
354 357
354 358
354 359
355 348
355 351
355 352
355 353
355 354
355 356
355 357
355 358
355 359
356 353
356 354
356 355
356 357
356 358
356 359
356 360
356 361
357 348
357 353
357 354
357 355
357 356
357 358
357 359
357 360
357 361
357 362
357 363
358 326
358 327
358 329
358 345
358 347
358 348
358 349
358 351
358 352
358 353
358 354
358 355
358 356
358 357
358 359
358 360
358 361
358 362
358 363
358 364
359 323
359 324
359 325
359 326
359 327
359 328
359 329
359 348
359 349
359 352
359 353
359 354
359 355
359 356
359 357
359 358
359 360
359 361
359 362
359 363
359 364
360 323
360 326
360 327
360 353
360 356
360 357
360 358
360 359
360 361
360 362
360 363
360 364
360 365
360 366
361 345
361 348
361 353
361 356
361 357
361 358
361 359
361 360
361 362
361 363
361 364
361 365
361 366
361 367
362 323
362 326
362 331
362 335
362 338
362 339
362 342
362 344
362 345
362 346
362 348
362 349
362 353
362 357
362 358
362 359
362 360
362 361
362 363
362 364
362 365
362 366
362 367
362 368
363 311
363 321
363 323
363 326
363 334
363 335
363 338
363 357
363 358
363 359
363 360
363 361
363 362
363 364
363 365
363 366
363 367
363 368
363 369
364 338
364 358
364 359
364 360
364 361
364 362
364 363
364 365
364 366
364 367
364 368
364 369
365 334
365 335
365 338
365 339
365 341
365 342
365 344
365 345
365 360
365 361
365 362
365 363
365 364
365 366
365 367
365 368
365 369
365 370
365 371
366 311
366 333
366 334
366 335
366 336
366 337
366 338
366 339
366 341
366 342
366 345
366 360
366 361
366 362
366 363
366 364
366 365
366 367
366 368
366 369
366 370
366 371
366 372
367 311
367 312
367 334
367 335
367 338
367 361
367 362
367 363
367 364
367 365
367 366
367 368
367 369
367 370
367 371
367 372
368 338
368 341
368 342
368 362
368 363
368 364
368 365
368 366
368 367
368 369
368 370
368 371
368 372
369 334
369 335
369 337
369 338
369 339
369 340
369 341
369 342
369 363
369 364
369 365
369 366
369 367
369 368
369 370
369 371
369 372
369 373
369 374
370 334
370 335
370 337
370 338
370 340
370 341
370 365
370 366
370 367
370 368
370 369
370 371
370 372
370 373
370 374
370 375
370 376
371 308
371 332
371 333
371 334
371 335
371 336
371 337
371 338
371 339
371 340
371 341
371 365
371 366
371 367
371 368
371 369
371 370
371 372
371 373
371 374
371 375
371 376
371 377
372 304
372 305
372 307
372 308
372 309
372 311
372 312
372 333
372 334
372 335
372 336
372 337
372 338
372 366
372 367
372 368
372 369
372 370
372 371
372 373
372 374
372 375
372 376
372 377
372 378
373 308
373 333
373 334
373 337
373 369
373 370
373 371
373 372
373 374
373 375
373 376
373 377
373 378
373 379
374 64
374 308
374 333
374 334
374 336
374 337
374 338
374 369
374 370
374 371
374 372
374 373
374 375
374 376
374 377
374 378
374 379
374 380
375 301
375 304
375 305
375 307
375 308
375 332
375 333
375 334
375 335
375 336
375 337
375 338
375 370
375 371
375 372
375 373
375 374
375 376
375 377
375 378
375 379
375 380
375 381
376 301
376 304
376 305
376 307
376 308
376 309
376 333
376 334
376 370
376 371
376 372
376 373
376 374
376 375
376 377
376 378
376 379
376 380
376 381
376 382
376 410
377 63
377 64
377 301
377 304
377 305
377 371
377 372
377 373
377 374
377 375
377 376
377 378
377 379
377 380
377 381
377 382
377 383
377 410
378 60
378 63
378 64
378 300
378 301
378 304
378 305
378 333
378 372
378 373
378 374
378 375
378 376
378 377
378 379
378 380
378 381
378 382
378 383
378 384
379 297
379 298
379 299
379 300
379 301
379 302
379 303
379 304
379 305
379 308
379 333
379 373
379 374
379 375
379 376
379 377
379 378
379 380
379 381
379 382
379 383
379 384
379 385
379 406
379 409
379 410
380 297
380 298
380 301
380 304
380 305
380 374
380 375
380 376
380 377
380 378
380 379
380 381
380 382
380 383
380 384
380 385
380 386
380 406
380 407
380 409
380 410
381 60
381 63
381 64
381 297
381 298
381 301
381 375
381 376
381 377
381 378
381 379
381 380
381 382
381 383
381 384
381 385
381 386
381 387
382 293
382 294
382 296
382 297
382 298
382 299
382 300
382 301
382 302
382 304
382 376
382 377
382 378
382 379
382 380
382 381
382 383
382 384
382 385
382 386
382 387
382 388
382 406
383 294
383 297
383 298
383 299
383 300
383 301
383 302
383 377
383 378
383 379
383 380
383 381
383 382
383 384
383 385
383 386
383 387
383 388
383 389
383 403
383 405
383 406
383 407
383 408
383 409
383 410
384 294
384 297
384 298
384 301
384 378
384 379
384 380
384 381
384 382
384 383
384 385
384 386
384 387
384 388
384 389
384 403
384 406
384 407
385 293
385 294
385 296
385 297
385 298
385 379
385 380
385 381
385 382
385 383
385 384
385 386
385 387
385 388
385 389
385 390
385 391
385 406
386 290
386 291
386 292
386 293
386 294
386 295
386 296
386 297
386 298
386 299
386 300
386 301
386 380
386 381
386 382
386 383
386 384
386 385
386 387
386 388
386 389
386 390
386 391
386 402
386 403
386 406
386 407
387 293
387 294
387 297
387 298
387 381
387 382
387 383
387 384
387 385
387 386
387 388
387 389
387 390
387 391
387 392
387 399
387 400
387 402
387 403
387 404
387 405
387 406
387 407
388 290
388 293
388 294
388 382
388 383
388 384
388 385
388 386
388 387
388 389
388 390
388 391
388 392
388 393
388 403
389 287
389 289
389 290
389 291
389 292
389 293
389 294
389 295
389 297
389 383
389 384
389 385
389 386
389 387
389 388
389 390
389 391
389 392
389 393
389 403
390 143
390 146
390 147
390 287
390 290
390 291
390 292
390 293
390 294
390 295
390 385
390 386
390 387
390 388
390 389
390 391
390 392
390 393
390 394
390 395
390 399
390 400
390 402
390 403
391 290
391 294
391 385
391 386
391 387
391 388
391 389
391 390
391 392
391 393
391 394
391 395
391 399
391 400
391 402
391 403
392 150
392 286
392 287
392 290
392 387
392 388
392 389
392 390
392 391
392 393
392 394
392 395
392 399
393 146
393 147
393 149
393 150
393 151
393 286
393 287
393 290
393 291
393 388
393 389
393 390
393 391
393 392
393 394
393 395
393 396
393 399
394 146
394 147
394 148
394 149
394 150
394 151
394 153
394 390
394 391
394 392
394 393
394 395
394 396
394 397
394 398
394 399
395 146
395 149
395 150
395 390
395 391
395 392
395 393
395 394
395 396
395 397
395 398
395 399
395 400
396 145
396 146
396 149
396 150
396 153
396 155
396 393
396 394
396 395
396 397
396 398
396 399
396 400
396 401
397 91
397 92
397 93
397 94
397 97
397 142
397 145
397 146
397 149
397 394
397 395
397 396
397 398
397 399
397 400
397 401
397 402
397 403
398 92
398 94
398 97
398 98
398 139
398 141
398 142
398 143
398 144
398 145
398 146
398 147
398 149
398 155
398 394
398 395
398 396
398 397
398 399
398 400
398 401
398 402
398 403
398 404
399 94
399 142
399 143
399 145
399 146
399 147
399 149
399 150
399 387
399 390
399 391
399 392
399 393
399 394
399 395
399 396
399 397
399 398
399 400
399 401
399 402
399 403
399 404
399 405
400 91
400 92
400 93
400 94
400 142
400 146
400 387
400 390
400 391
400 395
400 396
400 397
400 398
400 399
400 401
400 402
400 403
400 404
400 405
400 406
401 91
401 92
401 93
401 94
401 95
401 96
401 97
401 98
401 138
401 139
401 142
401 143
401 146
401 396
401 397
401 398
401 399
401 400
401 402
401 403
401 404
401 405
401 406
401 407
402 94
402 95
402 98
402 138
402 139
402 140
402 142
402 143
402 146
402 294
402 295
402 298
402 386
402 387
402 390
402 391
402 397
402 398
402 399
402 400
402 401
402 403
402 404
402 405
402 406
402 407
402 408
403 94
403 294
403 298
403 383
403 384
403 386
403 387
403 388
403 389
403 390
403 391
403 397
403 398
403 399
403 400
403 401
403 402
403 404
403 405
403 406
403 407
403 408
404 91
404 92
404 93
404 94
404 387
404 398
404 399
404 400
404 401
404 402
404 403
404 405
404 406
404 407
404 408
404 409
405 93
405 94
405 95
405 135
405 138
405 139
405 298
405 383
405 387
405 399
405 400
405 401
405 402
405 403
405 404
405 406
405 407
405 408
405 409
405 410
406 139
406 294
406 295
406 297
406 298
406 299
406 301
406 302
406 379
406 380
406 382
406 383
406 384
406 385
406 386
406 387
406 400
406 401
406 402
406 403
406 404
406 405
406 407
406 408
406 409
406 410
406 411
407 298
407 380
407 383
407 384
407 386
407 387
407 401
407 402
407 403
407 404
407 405
407 406
407 408
407 409
407 410
407 411
407 412
408 94
408 302
408 383
408 402
408 403
408 404
408 405
408 406
408 407
408 409
408 410
408 411
408 412
408 413
409 135
409 298
409 299
409 301
409 302
409 303
409 304
409 305
409 306
409 379
409 380
409 383
409 404
409 405
409 406
409 407
409 408
409 410
409 411
409 412
409 413
410 298
410 301
410 302
410 304
410 305
410 306
410 376
410 377
410 379
410 380
410 383
410 405
410 406
410 407
410 408
410 409
410 411
410 412
410 413
411 305
411 406
411 407
411 408
411 409
411 410
411 412
411 413
412 302
412 305
412 306
412 309
412 407
412 408
412 409
412 410
412 411
412 413
412 414
413 305
413 306
413 309
413 312
413 313
413 408
413 409
413 410
413 411
413 412
413 414
414 305
414 306
414 309
414 310
414 313
414 412
414 413
