0 1
0 2
0 3
1 0
1 2
1 3
1 4
2 0
2 1
2 3
2 4
2 5
3 0
3 1
3 2
3 4
3 5
3 6
4 1
4 2
4 3
4 5
4 6
4 7
5 2
5 3
5 4
5 6
5 7
5 8
5 9
6 3
6 4
6 5
6 7
6 8
6 9
6 10
6 11
7 4
7 5
7 6
7 8
7 9
7 10
7 11
7 12
8 5
8 6
8 7
8 9
8 10
8 11
8 12
8 13
9 5
9 6
9 7
9 8
9 10
9 11
9 12
9 13
9 14
9 15
10 6
10 7
10 8
10 9
10 11
10 12
10 13
10 14
10 15
11 6
11 7
11 8
11 9
11 10
11 12
11 13
11 14
11 15
11 16
11 17
12 7
12 8
12 9
12 10
12 11
12 13
12 14
12 15
12 16
12 17
12 18
13 8
13 9
13 10
13 11
13 12
13 14
13 15
13 16
13 17
13 18
14 9
14 10
14 11
14 12
14 13
14 15
14 16
14 17
14 18
14 19
15 9
15 10
15 11
15 12
15 13
15 14
15 16
15 17
15 18
15 19
15 20
15 21
16 11
16 12
16 13
16 14
16 15
16 17
16 18
16 19
16 20
16 21
16 22
17 11
17 12
17 13
17 14
17 15
17 16
17 18
17 19
17 20
17 21
17 22
18 12
18 13
18 14
18 15
18 16
18 17
18 19
18 20
18 21
18 22
18 23
18 24
19 14
19 15
19 16
19 17
19 18
19 20
19 21
19 22
19 23
19 24
19 25
20 15
20 16
20 17
20 18
20 19
20 21
20 22
20 23
20 24
20 25
20 26
21 15
21 16
21 17
21 18
21 19
21 20
21 22
21 23
21 24
21 25
21 26
21 27
22 16
22 17
22 18
22 19
22 20
22 21
22 23
22 24
22 25
22 26
22 27
22 28
23 18
23 19
23 20
23 21
23 22
23 24
23 25
23 26
23 27
23 28
24 18
24 19
24 20
24 21
24 22
24 23
24 25
24 26
24 27
24 28
24 29
25 19
25 20
25 21
25 22
25 23
25 24
25 26
25 27
25 28
25 29
25 30
26 20
26 21
26 22
26 23
26 24
26 25
26 27
26 28
26 29
26 30
26 31
27 21
27 22
27 23
27 24
27 25
27 26
27 28
27 29
27 30
27 31
28 22
28 23
28 24
28 25
28 26
28 27
28 29
28 30
28 31
29 24
29 25
29 26
29 27
29 28
29 30
29 31
29 32
30 25
30 26
30 27
30 28
30 29
30 31
30 32
30 33
31 26
31 27
31 28
31 29
31 30
31 32
31 33
31 34
32 29
32 30
32 31
32 33
32 34
32 35
33 30
33 31
33 32
33 34
33 35
33 36
34 31
34 32
34 33
34 35
34 36
34 37
35 32
35 33
35 34
35 36
35 37
35 38
36 33
36 34
36 35
36 37
36 38
36 39
37 34
37 35
37 36
37 38
37 39
37 40
38 35
38 36
38 37
38 39
38 40
38 41
39 36
39 37
39 38
39 40
39 41
39 42
40 37
40 38
40 39
40 41
40 42
40 43
41 38
41 39
41 40
41 42
41 43
41 44
42 39
42 40
42 41
42 43
42 44
42 45
43 40
43 41
43 42
43 44
43 45
43 46
44 41
44 42
44 43
44 45
44 46
44 47
45 42
45 43
45 44
45 46
45 47
45 48
46 43
46 44
46 45
46 47
46 48
46 49
47 44
47 45
47 46
47 48
47 49
47 50
48 45
48 46
48 47
48 49
48 50
48 51
49 46
49 47
49 48
49 50
49 51
49 52
49 399
49 401
50 47
50 48
50 49
50 51
50 52
50 53
50 333
51 48
51 49
51 50
51 52
51 53
51 54
51 331
52 49
52 50
52 51
52 53
52 54
52 55
52 255
52 256
52 257
52 258
52 259
52 284
52 330
52 331
52 332
52 333
53 50
53 51
53 52
53 54
53 55
53 56
53 255
53 256
53 257
53 258
53 259
53 260
53 331
54 51
54 52
54 53
54 55
54 56
54 57
54 256
54 257
54 258
54 259
54 260
54 261
55 52
55 53
55 54
55 56
55 57
55 58
55 256
55 257
55 258
55 259
55 260
55 261
56 53
56 54
56 55
56 57
56 58
56 59
56 259
56 260
56 261
57 54
57 55
57 56
57 58
57 59
57 60
57 260
57 261
57 263
58 55
58 56
58 57
58 59
58 60
58 61
58 62
58 63
58 64
59 56
59 57
59 58
59 60
59 61
59 62
59 63
60 57
60 58
60 59
60 61
60 62
60 63
61 58
61 59
61 60
61 62
61 63
61 64
62 58
62 59
62 60
62 61
62 63
62 64
62 65
63 58
63 59
63 60
63 61
63 62
63 64
63 65
63 66
64 58
64 61
64 62
64 63
64 65
64 66
64 67
64 68
64 338
64 339
64 341
64 342
65 62
65 63
65 64
65 66
65 67
65 68
65 69
66 63
66 64
66 65
66 67
66 68
66 69
66 70
66 71
66 365
67 64
67 65
67 66
67 68
67 69
67 70
67 71
67 230
67 365
67 366
67 367
68 64
68 65
68 66
68 67
68 69
68 70
68 71
68 72
68 73
68 230
68 365
68 366
68 367
69 65
69 66
69 67
69 68
69 70
69 71
69 72
69 367
70 66
70 67
70 68
70 69
70 71
70 72
70 73
70 365
70 366
70 367
70 368
71 66
71 67
71 68
71 69
71 70
71 72
71 73
71 74
71 127
71 130
71 229
71 230
71 365
71 366
71 367
71 368
72 68
72 69
72 70
72 71
72 73
72 74
72 75
72 76
72 123
72 124
72 126
72 127
72 230
73 68
73 70
73 71
73 72
73 74
73 75
73 76
73 122
73 123
73 124
73 127
73 198
73 199
73 200
73 228
73 229
73 230
74 71
74 72
74 73
74 75
74 76
74 77
74 122
74 123
74 124
74 125
74 155
74 156
74 158
74 159
74 197
74 198
74 199
74 200
74 201
74 202
74 203
75 72
75 73
75 74
75 76
75 77
75 78
75 124
75 158
75 159
75 197
75 198
75 199
75 200
75 201
76 72
76 73
76 74
76 75
76 77
76 78
76 79
76 80
76 81
76 198
76 199
76 200
76 201
76 268
76 269
76 270
77 74
77 75
77 76
77 78
77 79
77 80
77 81
77 82
77 199
77 200
77 201
77 269
78 75
78 76
78 77
78 79
78 80
78 81
78 269
79 76
79 77
79 78
79 80
79 81
79 82
79 266
79 267
80 76
80 77
80 78
80 79
80 81
80 82
80 83
80 266
80 267
80 269
80 271
81 76
81 77
81 78
81 79
81 80
81 82
81 83
81 84
81 85
81 86
81 201
81 266
81 269
81 271
81 272
82 77
82 79
82 80
82 81
82 83
82 84
82 85
82 86
82 87
83 80
83 81
83 82
83 84
83 85
83 86
83 87
83 88
83 89
83 90
83 272
83 273
83 275
83 276
83 312
84 81
84 82
84 83
84 85
84 86
84 87
84 88
84 89
84 90
84 275
84 276
85 81
85 82
85 83
85 84
85 86
85 87
85 88
85 89
85 90
86 81
86 82
86 83
86 84
86 85
86 87
86 88
86 89
86 90
86 91
86 92
86 201
86 202
86 276
86 310
86 311
86 312
87 82
87 83
87 84
87 85
87 86
87 88
87 89
87 90
87 91
87 275
87 276
87 310
87 311
87 312
88 83
88 84
88 85
88 86
88 87
88 89
88 90
88 91
88 92
89 83
89 84
89 85
89 86
89 87
89 88
89 90
89 91
89 92
89 93
89 310
90 83
90 84
90 85
90 86
90 87
90 88
90 89
90 91
90 92
90 93
90 205
90 309
90 310
90 311
90 312
91 86
91 87
91 88
91 89
91 90
91 92
91 93
91 94
91 306
91 309
91 310
92 86
92 88
92 89
92 90
92 91
92 93
92 94
92 95
92 205
92 310
93 89
93 90
93 91
93 92
93 94
93 95
93 196
93 202
93 204
93 205
93 206
93 208
93 209
93 305
93 306
93 310
94 91
94 92
94 93
94 95
94 96
94 97
94 194
94 195
94 196
94 205
94 208
94 209
95 92
95 93
95 94
95 96
95 97
95 98
95 156
95 193
95 194
95 195
95 196
95 205
95 206
95 209
96 94
96 95
96 97
96 98
96 99
96 193
96 194
96 195
96 196
96 209
97 94
97 95
97 96
97 98
97 99
97 100
97 101
97 155
97 156
97 192
97 193
97 194
97 195
97 196
97 209
97 213
98 95
98 96
98 97
98 99
98 100
98 156
98 157
98 191
98 192
98 193
98 194
98 195
99 96
99 97
99 98
99 100
99 101
99 102
99 155
99 181
99 182
99 185
99 189
99 190
99 191
99 192
99 193
99 194
99 195
100 97
100 98
100 99
100 101
100 102
100 103
100 104
100 185
100 189
100 190
100 191
100 192
100 193
100 194
100 213
100 217
101 97
101 99
101 100
101 102
101 103
101 104
101 105
101 152
101 185
101 189
101 190
101 191
101 192
101 193
101 213
101 217
102 99
102 100
102 101
102 103
102 104
102 105
102 106
102 189
102 192
102 213
102 214
102 216
102 217
102 218
103 100
103 101
103 102
103 104
103 105
103 106
103 107
103 108
103 189
103 217
103 218
104 100
104 101
104 102
104 103
104 105
104 106
104 107
104 108
104 113
104 114
104 115
104 118
104 150
104 151
104 152
104 189
104 190
104 214
104 217
104 218
105 101
105 102
105 103
105 104
105 106
105 107
105 108
105 113
105 114
105 115
105 116
105 118
105 149
105 150
105 151
105 214
105 217
105 218
105 219
105 220
105 221
106 102
106 103
106 104
106 105
106 107
106 108
106 109
106 110
106 112
106 113
106 114
106 115
106 217
106 218
106 219
106 220
106 221
107 103
107 104
107 105
107 106
107 108
107 109
107 110
107 111
107 112
107 113
107 114
107 115
108 103
108 104
108 105
108 106
108 107
108 109
108 110
108 111
108 112
108 113
108 114
109 106
109 107
109 108
109 110
109 111
109 112
109 113
109 114
110 106
110 107
110 108
110 109
110 111
110 112
110 113
110 114
111 107
111 108
111 109
111 110
111 112
111 113
111 114
112 106
112 107
112 108
112 109
112 110
112 111
112 113
112 114
112 115
112 116
112 147
112 148
113 104
113 105
113 106
113 107
113 108
113 109
113 110
113 111
113 112
113 114
113 115
113 116
113 148
114 104
114 105
114 106
114 107
114 108
114 109
114 110
114 111
114 112
114 113
114 115
114 116
114 117
114 118
114 147
114 148
114 149
114 150
114 218
114 219
114 220
114 221
114 222
115 104
115 105
115 106
115 107
115 112
115 113
115 114
115 116
115 117
115 118
115 119
115 141
115 142
115 143
115 147
115 148
115 149
115 150
115 151
115 218
115 220
115 221
115 222
115 223
115 224
116 105
116 112
116 113
116 114
116 115
116 117
116 118
116 119
116 143
116 144
116 146
116 147
116 148
116 149
116 150
116 220
116 221
116 222
116 223
116 224
116 239
116 242
116 247
116 295
117 114
117 115
117 116
117 118
117 119
117 120
117 141
117 143
117 144
117 147
117 148
117 149
117 150
117 151
117 221
117 222
117 223
117 224
117 225
117 235
117 238
117 239
117 242
117 292
117 293
117 294
117 295
118 104
118 105
118 114
118 115
118 116
118 117
118 119
118 120
118 121
118 139
118 141
118 148
118 149
118 150
118 151
118 152
118 214
118 218
118 221
118 222
118 223
118 224
118 225
118 226
118 292
118 293
118 295
119 115
119 116
119 117
119 118
119 120
119 121
119 138
119 139
119 140
119 141
119 149
119 150
119 151
119 152
119 153
119 223
119 224
119 225
119 226
119 227
119 235
119 292
120 117
120 118
120 119
120 121
120 122
120 123
120 139
120 150
120 151
120 152
120 153
120 154
120 190
120 192
120 210
120 214
120 224
120 225
120 226
120 227
120 228
120 229
120 290
120 292
121 118
121 119
121 120
121 122
121 123
121 124
121 131
121 134
121 139
121 151
121 152
121 153
121 154
121 155
121 191
121 225
121 226
121 227
121 228
121 229
121 230
121 231
121 290
122 73
122 74
122 120
122 121
122 123
122 124
122 131
122 152
122 153
122 154
122 155
122 156
122 203
122 206
122 207
122 210
122 226
122 227
122 228
122 229
122 230
122 288
122 289
122 290
123 72
123 73
123 74
123 120
123 121
123 122
123 124
123 125
123 126
123 127
123 128
123 130
123 131
123 152
123 153
123 154
123 155
123 156
123 191
123 192
123 198
123 206
123 227
123 228
123 229
123 230
124 72
124 73
124 74
124 75
124 121
124 122
124 123
124 125
124 126
124 127
124 128
124 130
124 131
124 153
124 154
124 155
124 156
124 157
124 158
124 193
124 198
124 199
124 229
125 74
125 123
125 124
125 126
125 127
125 128
125 131
125 153
125 154
125 155
125 156
125 157
125 158
125 177
125 178
125 180
125 181
125 191
125 193
125 198
126 72
126 123
126 124
126 125
126 127
126 128
126 129
126 130
126 131
126 155
126 157
126 158
126 177
126 178
126 180
126 181
127 71
127 72
127 73
127 123
127 124
127 125
127 126
127 128
127 129
127 130
127 131
127 132
127 181
127 229
127 368
128 123
128 124
128 125
128 126
128 127
128 129
128 130
128 131
128 132
128 133
128 134
128 180
128 181
128 184
129 126
129 127
129 128
129 130
129 131
129 132
129 133
129 134
129 135
129 229
129 367
129 368
129 369
130 71
130 123
130 124
130 126
130 127
130 128
130 129
130 131
130 132
130 133
130 134
130 135
130 136
130 228
130 229
130 230
130 231
130 367
130 368
130 369
130 371
130 372
131 121
131 122
131 123
131 124
131 125
131 126
131 127
131 128
131 129
131 130
131 132
131 133
131 134
131 135
131 136
131 139
131 152
131 153
131 184
131 190
131 191
131 229
131 230
131 368
132 127
132 128
132 129
132 130
132 131
132 133
132 134
132 135
132 136
132 137
132 139
132 140
132 184
132 229
132 368
132 372
133 128
133 129
133 130
133 131
133 132
133 134
133 135
133 136
133 137
133 138
133 139
133 140
133 229
133 230
133 367
133 368
133 369
133 370
133 371
133 372
133 373
133 375
134 121
134 128
134 129
134 130
134 131
134 132
134 133
134 135
134 136
134 137
134 138
134 139
134 140
134 151
134 153
134 229
134 230
134 231
134 232
134 233
134 368
134 371
134 372
135 129
135 130
135 131
135 132
135 133
135 134
135 136
135 137
135 138
135 139
135 140
135 141
135 151
135 152
135 188
135 190
136 130
136 131
136 132
136 133
136 134
136 135
136 137
136 138
136 139
136 140
136 141
136 371
136 372
136 375
137 132
137 133
137 134
137 135
137 136
137 138
137 139
137 140
137 141
137 232
137 233
137 234
137 235
137 371
137 372
137 373
137 374
137 375
137 376
137 379
138 119
138 133
138 134
138 135
138 136
138 137
138 139
138 140
138 141
138 151
138 231
138 232
138 233
138 234
138 235
138 236
138 371
138 372
138 375
139 118
139 119
139 120
139 121
139 131
139 132
139 133
139 134
139 135
139 136
139 137
139 138
139 140
139 141
139 142
139 149
139 150
139 151
139 152
139 153
139 229
139 232
139 233
139 234
139 235
140 119
140 132
140 133
140 134
140 135
140 136
140 137
140 138
140 139
140 141
140 142
140 143
140 144
140 149
140 150
140 151
140 235
141 115
141 117
141 118
141 119
141 135
141 136
141 137
141 138
141 139
141 140
141 142
141 143
141 144
141 148
141 149
141 150
141 151
141 152
142 115
142 139
142 140
142 141
142 143
142 144
142 145
142 146
142 147
142 148
142 149
142 150
142 151
143 115
143 116
143 117
143 140
143 141
143 142
143 144
143 145
143 146
143 147
143 148
143 149
143 150
144 116
144 117
144 140
144 141
144 142
144 143
144 145
144 146
144 147
144 148
144 149
144 235
144 236
144 239
145 142
145 143
145 144
145 146
145 147
145 148
145 149
145 235
145 236
145 239
145 240
146 116
146 142
146 143
146 144
146 145
146 147
146 148
146 149
146 239
147 112
147 114
147 115
147 116
147 117
147 142
147 143
147 144
147 145
147 146
147 148
147 149
147 150
147 236
147 239
147 243
148 112
148 113
148 114
148 115
148 116
148 117
148 118
148 141
148 142
148 143
148 144
148 145
148 146
148 147
148 149
148 150
149 105
149 114
149 115
149 116
149 117
149 118
149 119
149 139
149 140
149 141
149 142
149 143
149 144
149 145
149 146
149 147
149 148
149 150
149 151
149 223
149 224
149 235
149 239
150 104
150 105
150 114
150 115
150 116
150 117
150 118
150 119
150 120
150 139
150 140
150 141
150 142
150 143
150 147
150 148
150 149
150 151
150 152
150 190
150 224
151 104
151 105
151 115
151 117
151 118
151 119
151 120
151 121
151 134
151 135
151 138
151 139
151 140
151 141
151 142
151 149
151 150
151 152
151 153
151 188
151 189
151 190
151 191
151 224
151 225
151 226
152 101
152 104
152 118
152 119
152 120
152 121
152 122
152 123
152 131
152 135
152 139
152 141
152 150
152 151
152 153
152 154
152 155
152 188
152 189
152 190
152 191
152 192
152 210
152 214
152 226
153 119
153 120
153 121
153 122
153 123
153 124
153 125
153 131
153 134
153 139
153 151
153 152
153 154
153 155
153 185
153 189
153 190
153 191
153 192
153 193
153 210
153 226
153 227
153 228
153 229
154 120
154 121
154 122
154 123
154 124
154 125
154 152
154 153
154 155
154 156
154 190
154 191
154 192
154 193
154 194
154 198
154 203
154 206
154 207
154 209
154 210
154 226
154 228
154 229
155 74
155 97
155 99
155 121
155 122
155 123
155 124
155 125
155 126
155 152
155 153
155 154
155 156
155 157
155 158
155 191
155 192
155 193
155 194
155 195
155 196
155 197
155 198
155 203
155 206
155 210
156 74
156 95
156 97
156 98
156 122
156 123
156 124
156 125
156 154
156 155
156 157
156 158
156 159
156 192
156 193
156 194
156 195
156 196
156 197
156 198
156 199
156 202
156 203
156 205
156 206
157 98
157 124
157 125
157 126
157 155
157 156
157 158
157 159
157 160
157 161
157 162
157 177
157 178
157 193
157 194
157 195
157 196
157 197
157 198
157 199
158 74
158 75
158 124
158 125
158 126
158 155
158 156
158 157
158 159
158 160
158 161
158 162
158 174
158 177
158 178
158 195
158 196
158 197
158 198
158 199
159 74
159 75
159 156
159 157
159 158
159 160
159 161
159 162
159 163
159 174
159 196
159 197
159 198
159 199
160 157
160 158
160 159
160 161
160 162
160 163
160 164
160 165
160 166
160 167
160 170
160 174
160 197
160 198
161 157
161 158
161 159
161 160
161 162
161 163
161 164
161 165
161 170
161 171
161 173
161 174
161 175
161 177
161 178
161 197
162 157
162 158
162 159
162 160
162 161
162 163
162 164
162 165
162 174
162 195
162 196
162 197
163 159
163 160
163 161
163 162
163 164
163 165
163 166
163 197
164 160
164 161
164 162
164 163
164 165
164 166
164 167
165 160
165 161
165 162
165 163
165 164
165 166
165 167
165 168
165 170
166 160
166 163
166 164
166 165
166 167
166 168
166 169
166 170
166 171
167 160
167 164
167 165
167 166
167 168
167 169
167 170
167 171
168 165
168 166
168 167
168 169
168 170
168 171
168 172
169 166
169 167
169 168
169 170
169 171
169 172
169 173
169 174
170 160
170 161
170 165
170 166
170 167
170 168
170 169
170 171
170 172
170 173
170 174
170 175
171 161
171 166
171 167
171 168
171 169
171 170
171 172
171 173
171 174
171 175
171 176
172 168
172 169
172 170
172 171
172 173
172 174
172 175
172 176
172 177
173 161
173 169
173 170
173 171
173 172
173 174
173 175
173 176
173 177
173 178
174 158
174 159
174 160
174 161
174 162
174 169
174 170
174 171
174 172
174 173
174 175
174 176
174 177
174 178
174 179
175 161
175 170
175 171
175 172
175 173
175 174
175 176
175 177
175 178
175 179
175 180
176 171
176 172
176 173
176 174
176 175
176 177
176 178
176 179
176 180
176 181
176 182
177 125
177 126
177 157
177 158
177 161
177 172
177 173
177 174
177 175
177 176
177 178
177 179
177 180
177 181
177 182
177 183
178 125
178 126
178 157
178 158
178 161
178 173
178 174
178 175
178 176
178 177
178 179
178 180
178 181
178 182
178 183
178 184
179 174
179 175
179 176
179 177
179 178
179 180
179 181
179 182
179 183
179 184
179 185
180 125
180 126
180 128
180 175
180 176
180 177
180 178
180 179
180 181
180 182
180 183
180 184
180 185
180 186
181 99
181 125
181 126
181 127
181 128
181 176
181 177
181 178
181 179
181 180
181 182
181 183
181 184
181 185
181 186
181 187
181 191
181 193
182 99
182 176
182 177
182 178
182 179
182 180
182 181
182 183
182 184
182 185
182 186
182 187
182 189
182 191
183 177
183 178
183 179
183 180
183 181
183 182
183 184
183 185
183 186
183 187
183 188
183 189
184 128
184 131
184 132
184 178
184 179
184 180
184 181
184 182
184 183
184 185
184 186
184 187
184 188
184 189
184 190
184 191
185 99
185 100
185 101
185 153
185 179
185 180
185 181
185 182
185 183
185 184
185 186
185 187
185 188
185 189
185 190
185 191
185 192
185 193
186 180
186 181
186 182
186 183
186 184
186 185
186 187
186 188
186 189
186 190
186 191
187 181
187 182
187 183
187 184
187 185
187 186
187 188
187 189
187 190
187 191
188 135
188 151
188 152
188 183
188 184
188 185
188 186
188 187
188 189
188 190
188 191
189 99
189 100
189 101
189 102
189 103
189 104
189 151
189 152
189 153
189 182
189 183
189 184
189 185
189 186
189 187
189 188
189 190
189 191
189 192
190 99
190 100
190 101
190 104
190 120
190 131
190 135
190 150
190 151
190 152
190 153
190 154
190 184
190 185
190 186
190 187
190 188
190 189
190 191
190 192
191 98
191 99
191 100
191 101
191 121
191 123
191 125
191 131
191 151
191 152
191 153
191 154
191 155
191 181
191 182
191 184
191 185
191 186
191 187
191 188
191 189
191 190
191 192
191 193
192 97
192 98
192 99
192 100
192 101
192 102
192 120
192 123
192 152
192 153
192 154
192 155
192 156
192 185
192 189
192 190
192 191
192 193
192 194
192 206
192 209
192 210
192 213
193 95
193 96
193 97
193 98
193 99
193 100
193 101
193 124
193 125
193 153
193 154
193 155
193 156
193 157
193 181
193 185
193 191
193 192
193 194
193 195
193 196
193 198
193 206
193 209
193 210
194 94
194 95
194 96
194 97
194 98
194 99
194 100
194 154
194 155
194 156
194 157
194 192
194 193
194 195
194 196
194 197
194 198
194 205
194 206
194 209
194 210
195 94
195 95
195 96
195 97
195 98
195 99
195 155
195 156
195 157
195 158
195 162
195 193
195 194
195 196
195 197
195 198
196 93
196 94
196 95
196 96
196 97
196 155
196 156
196 157
196 158
196 159
196 162
196 193
196 194
196 195
196 197
196 198
196 199
196 202
196 205
196 206
197 74
197 75
197 155
197 156
197 157
197 158
197 159
197 160
197 161
197 162
197 163
197 194
197 195
197 196
197 198
197 199
197 200
197 201
197 202
197 203
197 205
197 206
198 73
198 74
198 75
198 76
198 123
198 124
198 125
198 154
198 155
198 156
198 157
198 158
198 159
198 160
198 193
198 194
198 195
198 196
198 197
198 199
198 200
198 201
198 202
198 203
198 205
198 206
199 73
199 74
199 75
199 76
199 77
199 124
199 156
199 157
199 158
199 159
199 196
199 197
199 198
199 200
199 201
199 202
199 203
199 204
199 205
199 206
200 73
200 74
200 75
200 76
200 77
200 197
200 198
200 199
200 201
200 202
200 203
200 204
200 269
200 270
200 312
200 313
200 314
201 74
201 75
201 76
201 77
201 81
201 86
201 197
201 198
201 199
201 200
201 202
201 203
201 204
201 205
201 206
201 269
201 270
201 311
201 312
201 313
201 314
202 74
202 86
202 93
202 156
202 196
202 197
202 198
202 199
202 200
202 201
202 203
202 204
202 205
202 206
202 207
202 208
202 311
202 312
202 313
202 314
203 74
203 122
203 154
203 155
203 156
203 197
203 198
203 199
203 200
203 201
203 202
203 204
203 205
203 206
203 207
203 208
203 209
203 288
203 311
203 312
203 313
203 314
203 315
203 317
204 93
204 199
204 200
204 201
204 202
204 203
204 205
204 206
204 207
204 208
204 209
204 210
204 305
204 310
204 311
204 312
204 313
204 314
204 315
204 316
204 317
204 318
205 90
205 92
205 93
205 94
205 95
205 156
205 194
205 196
205 197
205 198
205 199
205 201
205 202
205 203
205 204
205 206
205 207
205 208
205 209
205 210
205 305
205 310
205 311
205 312
205 313
205 314
206 93
206 95
206 122
206 123
206 154
206 155
206 156
206 192
206 193
206 194
206 196
206 197
206 198
206 199
206 201
206 202
206 203
206 204
206 205
206 207
206 208
206 209
206 210
206 211
206 314
207 122
207 154
207 202
207 203
207 204
207 205
207 206
207 208
207 209
207 210
207 211
207 212
207 213
207 226
207 302
207 305
207 314
207 315
207 317
207 318
208 93
208 94
208 202
208 203
208 204
208 205
208 206
208 207
208 209
208 210
208 211
208 212
208 213
208 301
208 302
208 303
208 304
208 305
208 306
208 310
208 314
208 317
208 318
209 93
209 94
209 95
209 96
209 97
209 154
209 192
209 193
209 194
209 203
209 204
209 205
209 206
209 207
209 208
209 210
209 211
209 212
209 213
209 214
209 215
209 302
209 305
210 120
210 122
210 152
210 153
210 154
210 155
210 192
210 193
210 194
210 204
210 205
210 206
210 207
210 208
210 209
210 211
210 212
210 213
210 214
210 215
210 216
210 226
210 298
210 302
211 206
211 207
211 208
211 209
211 210
211 212
211 213
211 214
211 215
211 216
211 224
211 298
211 299
211 300
211 301
211 302
211 303
211 305
212 207
212 208
212 209
212 210
212 211
212 213
212 214
212 215
212 216
212 217
212 218
212 298
212 299
212 301
212 302
212 303
212 305
212 306
213 97
213 100
213 101
213 102
213 192
213 207
213 208
213 209
213 210
213 211
213 212
213 214
213 215
213 216
213 217
213 218
213 219
213 302
214 102
214 104
214 105
214 118
214 120
214 152
214 209
214 210
214 211
214 212
214 213
214 215
214 216
214 217
214 218
214 219
214 220
214 221
214 224
214 295
214 298
214 299
214 302
215 209
215 210
215 211
215 212
215 213
215 214
215 216
215 217
215 218
215 219
215 220
215 221
215 295
215 296
215 297
215 298
215 299
215 300
215 301
215 302
215 303
216 102
216 210
216 211
216 212
216 213
216 214
216 215
216 217
216 218
216 219
216 220
216 299
216 302
217 100
217 101
217 102
217 103
217 104
217 105
217 106
217 212
217 213
217 214
217 215
217 216
217 218
217 219
217 220
217 221
218 102
218 103
218 104
218 105
218 106
218 114
218 115
218 118
218 212
218 213
218 214
218 215
218 216
218 217
218 219
218 220
218 221
218 222
218 224
218 295
218 298
218 299
219 105
219 106
219 114
219 213
219 214
219 215
219 216
219 217
219 218
219 220
219 221
219 222
219 295
219 296
219 298
219 299
220 105
220 106
220 114
220 115
220 116
220 214
220 215
220 216
220 217
220 218
220 219
220 221
220 222
220 223
220 247
220 248
220 295
220 296
221 105
221 106
221 114
221 115
221 116
221 117
221 118
221 214
221 215
221 217
221 218
221 219
221 220
221 222
221 223
221 224
221 247
221 294
221 295
221 296
221 298
222 114
222 115
222 116
222 117
222 118
222 218
222 219
222 220
222 221
222 223
222 224
222 242
222 245
222 246
222 247
222 248
222 293
222 294
222 295
222 296
222 298
223 115
223 116
223 117
223 118
223 119
223 149
223 220
223 221
223 222
223 224
223 225
223 226
223 239
223 242
223 245
223 246
223 247
223 248
223 251
223 252
223 292
223 293
223 294
223 295
223 296
223 297
223 298
224 115
224 116
224 117
224 118
224 119
224 120
224 149
224 150
224 151
224 211
224 214
224 218
224 221
224 222
224 223
224 225
224 226
224 227
224 247
224 252
224 291
224 292
224 293
224 294
224 295
224 297
224 298
225 117
225 118
225 119
225 120
225 121
225 151
225 223
225 224
225 226
225 227
225 233
225 235
225 238
225 252
225 253
225 254
225 290
225 291
225 292
225 293
225 294
226 118
226 119
226 120
226 121
226 122
226 151
226 152
226 153
226 154
226 207
226 210
226 223
226 224
226 225
226 227
226 228
226 229
226 254
226 288
226 289
226 290
226 291
226 292
226 293
227 119
227 120
227 121
227 122
227 123
227 153
227 224
227 225
227 226
227 228
227 229
227 230
227 231
227 232
227 233
227 287
227 288
227 289
227 290
227 291
227 292
227 337
227 362
227 364
228 73
228 120
228 121
228 122
228 123
228 130
228 153
228 154
228 226
228 227
228 229
228 230
228 231
228 232
228 288
228 289
228 290
228 291
228 337
228 364
228 365
229 71
229 73
229 120
229 121
229 122
229 123
229 124
229 127
229 129
229 130
229 131
229 132
229 133
229 134
229 139
229 153
229 154
229 226
229 227
229 228
229 230
229 231
229 232
229 289
229 290
229 364
229 365
229 366
229 367
229 368
229 371
230 67
230 68
230 71
230 72
230 73
230 121
230 122
230 123
230 130
230 131
230 133
230 134
230 227
230 228
230 229
230 231
230 232
230 233
230 289
230 363
230 364
230 365
230 366
230 367
230 368
230 370
230 371
231 121
231 130
231 134
231 138
231 227
231 228
231 229
231 230
231 232
231 233
231 234
231 289
231 290
231 336
231 337
231 339
231 362
231 363
231 364
231 365
231 366
231 367
231 368
231 370
231 371
232 134
232 137
232 138
232 139
232 227
232 228
232 229
232 230
232 231
232 233
232 234
232 235
232 289
232 290
232 336
232 339
232 357
232 360
232 361
232 362
232 363
232 364
232 365
232 366
232 367
232 368
232 370
232 371
232 372
232 374
232 375
233 134
233 137
233 138
233 139
233 225
233 227
233 230
233 231
233 232
233 234
233 235
233 236
233 237
233 238
233 290
233 335
233 357
233 358
233 360
233 361
233 362
233 363
233 364
233 371
233 375
234 137
234 138
234 139
234 231
234 232
234 233
234 235
234 236
234 237
234 238
234 239
234 334
234 357
234 358
234 359
234 360
234 361
234 362
234 363
234 375
234 378
235 117
235 119
235 137
235 138
235 139
235 140
235 144
235 145
235 149
235 225
235 232
235 233
235 234
235 236
235 237
235 238
235 239
235 240
235 241
235 360
235 361
235 362
236 138
236 144
236 145
236 147
236 233
236 234
236 235
236 237
236 238
236 239
236 240
236 241
236 242
236 358
236 361
237 233
237 234
237 235
237 236
237 238
237 239
237 240
237 241
237 242
237 243
237 334
237 358
237 359
237 360
237 361
237 362
237 391
237 393
237 394
238 117
238 225
238 233
238 234
238 235
238 236
238 237
238 239
238 240
238 241
238 242
238 243
238 292
238 334
238 335
238 360
238 361
238 362
239 116
239 117
239 144
239 145
239 146
239 147
239 149
239 223
239 234
239 235
239 236
239 237
239 238
239 240
239 241
239 242
239 243
239 244
239 245
239 361
240 145
240 235
240 236
240 237
240 238
240 239
240 241
240 242
240 243
240 244
240 245
240 361
240 393
240 394
240 395
240 396
241 235
241 236
241 237
241 238
241 239
241 240
241 242
241 243
241 244
241 245
241 253
241 332
241 334
241 361
241 393
241 396
241 397
242 116
242 117
242 222
242 223
242 236
242 237
242 238
242 239
242 240
242 241
242 243
242 244
242 245
242 246
242 247
242 251
242 253
242 292
242 293
242 294
243 147
243 237
243 238
243 239
243 240
243 241
243 242
243 244
243 245
243 246
243 247
244 239
244 240
244 241
244 242
244 243
244 245
244 246
244 247
244 396
245 222
245 223
245 239
245 240
245 241
245 242
245 243
245 244
245 246
245 247
245 248
245 249
245 250
245 251
245 294
246 222
246 223
246 242
246 243
246 244
246 245
246 247
246 248
246 249
246 250
246 251
246 294
246 295
246 296
247 116
247 220
247 221
247 222
247 223
247 224
247 242
247 243
247 244
247 245
247 246
247 248
247 249
247 250
247 251
247 293
247 294
247 295
247 296
247 297
247 298
248 220
248 222
248 223
248 245
248 246
248 247
248 249
248 250
248 251
248 294
248 295
248 296
248 297
249 245
249 246
249 247
249 248
249 250
249 251
249 293
249 294
249 295
249 296
249 297
250 245
250 246
250 247
250 248
250 249
250 251
250 252
250 293
250 294
250 295
250 296
250 297
250 298
250 300
250 327
250 328
250 329
251 223
251 242
251 245
251 246
251 247
251 248
251 249
251 250
251 252
251 253
251 292
251 293
251 294
251 295
251 296
251 297
251 298
251 327
251 328
251 329
251 330
252 223
252 224
252 225
252 250
252 251
252 253
252 254
252 256
252 285
252 286
252 291
252 292
252 293
252 294
252 297
252 298
252 322
252 327
252 328
252 329
252 330
252 331
253 225
253 241
253 242
253 251
253 252
253 254
253 255
253 256
253 285
253 286
253 290
253 291
253 292
253 293
253 294
253 328
253 329
253 330
253 331
253 332
253 333
253 335
254 225
254 226
254 252
254 253
254 255
254 256
254 257
254 285
254 286
254 287
254 288
254 289
254 290
254 291
254 292
254 293
254 329
254 330
254 331
254 332
254 333
254 334
254 335
254 336
254 337
254 361
254 362
255 52
255 53
255 253
255 254
255 256
255 257
255 258
255 285
255 286
255 287
255 288
255 289
255 290
255 291
255 329
255 330
255 331
255 332
255 333
255 334
255 335
255 336
255 337
255 338
255 362
256 52
256 53
256 54
256 55
256 252
256 253
256 254
256 255
256 257
256 258
256 284
256 285
256 286
256 287
256 288
256 291
256 319
256 328
256 329
256 330
256 331
256 332
256 333
256 335
256 336
256 337
257 52
257 53
257 54
257 55
257 254
257 255
257 256
257 258
257 259
257 260
257 282
257 283
257 284
257 285
257 286
257 287
257 315
257 316
257 319
257 329
257 331
257 337
258 52
258 53
258 54
258 55
258 255
258 256
258 257
258 259
258 260
258 261
258 281
258 282
258 283
258 284
258 285
258 286
258 331
259 52
259 53
259 54
259 55
259 56
259 257
259 258
259 260
259 261
259 262
259 280
259 281
259 282
259 283
259 284
259 285
260 53
260 54
260 55
260 56
260 57
260 257
260 258
260 259
260 261
260 262
260 263
260 280
260 281
260 282
260 283
260 284
260 285
260 316
261 54
261 55
261 56
261 57
261 258
261 259
261 260
261 262
261 263
261 264
261 272
261 279
261 280
261 281
261 282
261 283
262 259
262 260
262 261
262 263
262 264
262 265
262 270
262 271
262 272
262 273
262 274
262 276
262 277
262 278
262 279
262 280
262 281
262 282
263 57
263 260
263 261
263 262
263 264
263 265
263 266
263 267
263 268
263 269
263 270
263 271
263 272
263 273
263 274
264 261
264 262
264 263
264 265
264 266
264 267
264 268
264 270
264 271
264 272
264 273
264 274
265 262
265 263
265 264
265 266
265 267
265 268
265 269
265 270
265 271
265 272
265 273
266 79
266 80
266 81
266 263
266 264
266 265
266 267
266 268
266 269
266 270
266 271
266 272
266 273
267 79
267 80
267 263
267 264
267 265
267 266
267 268
267 269
267 270
267 271
268 76
268 263
268 264
268 265
268 266
268 267
268 269
268 270
268 271
268 272
269 76
269 77
269 78
269 80
269 81
269 200
269 201
269 263
269 265
269 266
269 267
269 268
269 270
269 271
269 272
270 76
270 200
270 201
270 262
270 263
270 264
270 265
270 266
270 267
270 268
270 269
270 271
270 272
270 312
270 313
271 80
271 81
271 262
271 263
271 264
271 265
271 266
271 267
271 268
271 269
271 270
271 272
271 273
271 274
271 313
272 81
272 83
272 261
272 262
272 263
272 264
272 265
272 266
272 268
272 269
272 270
272 271
272 273
272 274
272 275
272 276
272 277
272 278
272 311
272 312
272 313
273 83
273 262
273 263
273 264
273 265
273 266
273 271
273 272
273 274
273 275
273 276
273 277
273 278
274 262
274 263
274 264
274 271
274 272
274 273
274 275
274 276
274 277
274 278
274 279
274 280
275 83
275 84
275 87
275 272
275 273
275 274
275 276
275 277
275 278
276 83
276 84
276 86
276 87
276 262
276 272
276 273
276 274
276 275
276 277
276 278
276 279
276 310
276 311
276 312
277 262
277 272
277 273
277 274
277 275
277 276
277 278
277 279
277 280
277 281
277 282
277 311
278 262
278 272
278 273
278 274
278 275
278 276
278 277
278 279
278 280
278 281
278 282
279 261
279 262
279 274
279 276
279 277
279 278
279 280
279 281
279 282
279 283
280 259
280 260
280 261
280 262
280 274
280 277
280 278
280 279
280 281
280 282
281 258
281 259
281 260
281 261
281 262
281 277
281 278
281 279
281 280
281 282
281 283
281 284
282 257
282 258
282 259
282 260
282 261
282 262
282 277
282 278
282 279
282 280
282 281
282 283
282 284
282 285
282 316
282 317
282 319
282 320
283 257
283 258
283 259
283 260
283 261
283 279
283 281
283 282
283 284
283 285
283 316
283 317
283 318
283 319
283 320
283 321
283 322
283 323
283 328
284 52
284 256
284 257
284 258
284 259
284 260
284 281
284 282
284 283
284 285
284 286
284 287
284 315
284 316
284 318
284 319
284 320
284 322
284 323
284 327
284 328
284 329
284 330
285 252
285 253
285 254
285 255
285 256
285 257
285 258
285 259
285 260
285 282
285 283
285 284
285 286
285 287
285 288
285 291
285 314
285 315
285 316
285 317
285 318
285 319
285 320
285 321
285 322
285 323
285 328
285 329
285 330
285 331
286 252
286 253
286 254
286 255
286 256
286 257
286 258
286 284
286 285
286 287
286 288
286 289
286 290
286 291
286 292
286 315
286 316
286 318
286 319
286 328
286 329
286 330
286 331
286 332
286 335
286 337
287 227
287 254
287 255
287 256
287 257
287 284
287 285
287 286
287 288
287 289
287 290
287 291
287 314
287 315
287 316
287 318
287 319
287 335
287 336
287 337
287 338
288 122
288 203
288 226
288 227
288 228
288 254
288 255
288 256
288 285
288 286
288 287
288 289
288 290
288 291
288 313
288 314
288 315
288 316
288 318
288 337
288 338
288 364
289 122
289 226
289 227
289 228
289 229
289 230
289 231
289 232
289 254
289 255
289 286
289 287
289 288
289 290
289 291
289 315
289 335
289 336
289 337
289 338
289 339
289 362
289 363
289 364
289 365
290 120
290 121
290 122
290 225
290 226
290 227
290 228
290 229
290 231
290 232
290 233
290 253
290 254
290 255
290 286
290 287
290 288
290 289
290 291
290 292
290 315
290 335
290 336
290 337
290 361
290 362
290 363
290 364
291 224
291 225
291 226
291 227
291 228
291 252
291 253
291 254
291 255
291 256
291 285
291 286
291 287
291 288
291 289
291 290
291 292
291 293
291 315
291 329
291 330
291 331
291 332
291 335
291 336
291 337
291 361
291 362
292 117
292 118
292 119
292 120
292 223
292 224
292 225
292 226
292 227
292 238
292 242
292 251
292 252
292 253
292 254
292 286
292 290
292 291
292 293
292 294
292 295
292 297
292 298
292 329
292 330
292 335
293 117
293 118
293 222
293 223
293 224
293 225
293 226
293 242
293 247
293 249
293 250
293 251
293 252
293 253
293 254
293 291
293 292
293 294
293 295
293 296
293 297
293 298
293 301
293 329
293 330
294 117
294 221
294 222
294 223
294 224
294 225
294 242
294 245
294 246
294 247
294 248
294 249
294 250
294 251
294 252
294 253
294 292
294 293
294 295
294 296
294 297
294 298
294 299
294 300
295 116
295 117
295 118
295 214
295 215
295 218
295 219
295 220
295 221
295 222
295 223
295 224
295 246
295 247
295 248
295 249
295 250
295 251
295 292
295 293
295 294
295 296
295 297
295 298
295 299
295 300
295 301
296 215
296 219
296 220
296 221
296 222
296 223
296 246
296 247
296 248
296 249
296 250
296 251
296 293
296 294
296 295
296 297
296 298
296 299
296 300
296 301
297 215
297 223
297 224
297 247
297 248
297 249
297 250
297 251
297 252
297 292
297 293
297 294
297 295
297 296
297 298
297 299
297 300
297 301
297 302
297 303
297 322
297 325
297 327
298 210
298 211
298 212
298 214
298 215
298 218
298 219
298 221
298 222
298 223
298 224
298 247
298 250
298 251
298 252
298 292
298 293
298 294
298 295
298 296
298 297
298 299
298 300
298 301
298 302
298 303
298 304
299 211
299 212
299 214
299 215
299 216
299 218
299 219
299 294
299 295
299 296
299 297
299 298
299 300
299 301
299 302
299 303
299 304
300 211
300 215
300 250
300 294
300 295
300 296
300 297
300 298
300 299
300 301
300 302
300 303
300 304
300 305
300 321
300 322
300 325
301 208
301 211
301 212
301 215
301 293
301 295
301 296
301 297
301 298
301 299
301 300
301 302
301 303
301 304
301 305
301 306
301 307
301 318
301 321
301 322
301 324
301 325
302 207
302 208
302 209
302 210
302 211
302 212
302 213
302 214
302 215
302 216
302 297
302 298
302 299
302 300
302 301
302 303
302 304
302 305
302 306
302 307
302 321
303 208
303 211
303 212
303 215
303 297
303 298
303 299
303 300
303 301
303 302
303 304
303 305
303 306
303 307
303 308
303 321
303 325
304 208
304 298
304 299
304 300
304 301
304 302
304 303
304 305
304 306
304 307
304 308
304 309
304 318
304 320
304 321
304 322
304 323
304 324
304 325
305 93
305 204
305 205
305 207
305 208
305 209
305 211
305 212
305 300
305 301
305 302
305 303
305 304
305 306
305 307
305 308
305 309
305 310
305 317
305 318
305 320
305 321
305 322
305 324
306 91
306 93
306 208
306 212
306 301
306 302
306 303
306 304
306 305
306 307
306 308
306 309
306 310
306 321
307 301
307 302
307 303
307 304
307 305
307 306
307 308
307 309
307 310
307 320
307 321
307 324
308 303
308 304
308 305
308 306
308 307
308 309
308 310
308 311
308 317
308 318
308 320
308 321
308 322
308 323
308 324
309 90
309 91
309 304
309 305
309 306
309 307
309 308
309 310
309 311
309 312
309 317
309 320
309 321
310 86
310 87
310 89
310 90
310 91
310 92
310 93
310 204
310 205
310 208
310 276
310 305
310 306
310 307
310 308
310 309
310 311
310 312
310 313
310 314
310 317
310 318
310 320
311 86
311 87
311 90
311 201
311 202
311 203
311 204
311 205
311 272
311 276
311 277
311 308
311 309
311 310
311 312
311 313
311 314
311 315
311 316
311 317
311 318
311 320
312 83
312 86
312 87
312 90
312 200
312 201
312 202
312 203
312 204
312 205
312 270
312 272
312 276
312 309
312 310
312 311
312 313
312 314
312 315
312 316
312 317
313 200
313 201
313 202
313 203
313 204
313 205
313 270
313 271
313 272
313 288
313 310
313 311
313 312
313 314
313 315
313 316
313 317
313 318
314 200
314 201
314 202
314 203
314 204
314 205
314 206
314 207
314 208
314 285
314 287
314 288
314 310
314 311
314 312
314 313
314 315
314 316
314 317
314 318
314 319
314 320
315 203
315 204
315 207
315 257
315 284
315 285
315 286
315 287
315 288
315 289
315 290
315 291
315 311
315 312
315 313
315 314
315 316
315 317
315 318
315 319
315 320
315 321
316 204
316 257
316 260
316 282
316 283
316 284
316 285
316 286
316 287
316 288
316 311
316 312
316 313
316 314
316 315
316 317
316 318
316 319
316 320
316 321
316 322
317 203
317 204
317 207
317 208
317 282
317 283
317 285
317 305
317 308
317 309
317 310
317 311
317 312
317 313
317 314
317 315
317 316
317 318
317 319
317 320
317 321
317 322
317 323
318 204
318 207
318 208
318 283
318 284
318 285
318 286
318 287
318 288
318 301
318 304
318 305
318 308
318 310
318 311
318 313
318 314
318 315
318 316
318 317
318 319
318 320
318 321
318 322
318 323
318 324
318 329
319 256
319 257
319 282
319 283
319 284
319 285
319 286
319 287
319 314
319 315
319 316
319 317
319 318
319 320
319 321
319 322
319 323
319 324
319 325
319 327
319 328
319 329
320 282
320 283
320 284
320 285
320 304
320 305
320 307
320 308
320 309
320 310
320 311
320 314
320 315
320 316
320 317
320 318
320 319
320 321
320 322
320 323
320 324
320 325
320 326
320 327
321 283
321 285
321 300
321 301
321 302
321 303
321 304
321 305
321 306
321 307
321 308
321 309
321 315
321 316
321 317
321 318
321 319
321 320
321 322
321 323
321 324
321 325
321 326
321 327
322 252
322 283
322 284
322 285
322 297
322 300
322 301
322 304
322 305
322 308
322 316
322 317
322 318
322 319
322 320
322 321
322 323
322 324
322 325
322 326
322 327
322 328
322 329
323 283
323 284
323 285
323 304
323 308
323 317
323 318
323 319
323 320
323 321
323 322
323 324
323 325
323 326
323 327
323 328
323 329
324 301
324 304
324 305
324 307
324 308
324 318
324 319
324 320
324 321
324 322
324 323
324 325
324 326
324 327
325 297
325 300
325 301
325 303
325 304
325 319
325 320
325 321
325 322
325 323
325 324
325 326
325 327
325 328
326 320
326 321
326 322
326 323
326 324
326 325
326 327
326 328
327 250
327 251
327 252
327 284
327 297
327 319
327 320
327 321
327 322
327 323
327 324
327 325
327 326
327 328
327 329
327 330
328 250
328 251
328 252
328 253
328 256
328 283
328 284
328 285
328 286
328 319
328 322
328 323
328 325
328 326
328 327
328 329
328 330
328 331
329 250
329 251
329 252
329 253
329 254
329 255
329 256
329 257
329 284
329 285
329 286
329 291
329 292
329 293
329 318
329 319
329 322
329 323
329 327
329 328
329 330
329 331
329 332
330 52
330 251
330 252
330 253
330 254
330 255
330 256
330 284
330 285
330 286
330 291
330 292
330 293
330 327
330 328
330 329
330 331
330 332
330 333
331 51
331 52
331 53
331 252
331 253
331 254
331 255
331 256
331 257
331 258
331 285
331 286
331 291
331 328
331 329
331 330
331 332
331 333
331 334
331 335
332 52
332 241
332 253
332 254
332 255
332 256
332 286
332 291
332 329
332 330
332 331
332 333
332 334
332 335
332 336
332 360
332 361
333 50
333 52
333 253
333 254
333 255
333 256
333 330
333 331
333 332
333 334
333 335
333 336
333 360
333 361
333 362
334 234
334 237
334 238
334 241
334 254
334 255
334 331
334 332
334 333
334 335
334 336
334 337
334 356
334 357
334 358
334 359
334 360
334 361
334 362
334 363
334 393
335 233
335 238
335 253
335 254
335 255
335 256
335 286
335 287
335 289
335 290
335 291
335 292
335 331
335 332
335 333
335 334
335 336
335 337
335 338
335 339
335 340
335 360
335 361
335 362
335 363
335 364
336 231
336 232
336 254
336 255
336 256
336 287
336 289
336 290
336 291
336 332
336 333
336 334
336 335
336 337
336 338
336 339
336 340
336 341
336 360
336 361
336 362
336 363
336 364
336 365
337 227
337 228
337 231
337 254
337 255
337 256
337 257
337 286
337 287
337 288
337 289
337 290
337 291
337 334
337 335
337 336
337 338
337 339
337 340
337 362
337 363
337 364
337 365
338 64
338 255
338 287
338 288
338 289
338 335
338 336
338 337
338 339
338 340
338 341
338 362
338 363
338 364
338 365
339 64
339 231
339 232
339 289
339 335
339 336
339 337
339 338
339 340
339 341
339 342
339 351
339 352
339 362
339 363
339 364
339 365
339 366
340 335
340 336
340 337
340 338
340 339
340 341
340 342
340 343
340 350
340 351
340 352
340 353
340 356
340 357
340 360
340 362
340 363
340 364
340 365
341 64
341 336
341 338
341 339
341 340
341 342
341 343
341 344
341 347
341 349
341 351
342 64
342 339
342 340
342 341
342 343
342 344
342 345
342 346
342 347
342 348
342 349
342 350
342 351
343 340
343 341
343 342
343 344
343 345
343 346
343 347
343 348
343 349
343 351
344 341
344 342
344 343
344 345
344 346
344 347
344 348
344 349
345 342
345 343
345 344
345 346
345 347
345 348
345 349
346 342
346 343
346 344
346 345
346 347
346 348
346 349
346 350
347 341
347 342
347 343
347 344
347 345
347 346
347 348
347 349
347 350
347 351
348 342
348 343
348 344
348 345
348 346
348 347
348 349
348 350
348 351
349 341
349 342
349 343
349 344
349 345
349 346
349 347
349 348
349 350
349 351
349 352
349 353
350 340
350 342
350 346
350 347
350 348
350 349
350 351
350 352
350 353
350 356
351 339
351 340
351 341
351 342
351 343
351 347
351 348
351 349
351 350
351 352
351 353
351 354
351 355
351 356
351 357
352 339
352 340
352 349
352 350
352 351
352 353
352 354
352 355
352 356
352 357
352 363
352 366
352 370
352 374
353 340
353 349
353 350
353 351
353 352
353 354
353 355
353 356
353 357
353 358
353 374
353 377
353 378
353 384
353 386
354 351
354 352
354 353
354 355
354 356
354 357
354 358
354 359
354 360
354 373
354 374
354 375
354 376
354 377
354 378
354 379
354 383
354 384
354 385
354 386
355 351
355 352
355 353
355 354
355 356
355 357
355 358
355 359
355 360
355 377
355 378
355 383
355 384
355 385
355 386
355 387
355 388
355 389
355 391
356 334
356 340
356 350
356 351
356 352
356 353
356 354
356 355
356 357
356 358
356 359
356 360
356 363
356 386
356 391
357 232
357 233
357 234
357 334
357 340
357 351
357 352
357 353
357 354
357 355
357 356
357 358
357 359
357 360
357 361
357 362
357 363
357 374
357 375
357 377
357 378
358 233
358 234
358 236
358 237
358 334
358 353
358 354
358 355
358 356
358 357
358 359
358 360
358 361
358 374
358 375
358 377
358 378
358 379
358 383
358 384
358 386
358 390
358 391
358 392
358 393
359 234
359 237
359 334
359 354
359 355
359 356
359 357
359 358
359 360
359 361
359 362
359 390
359 391
359 392
359 393
359 394
360 232
360 233
360 234
360 235
360 237
360 238
360 332
360 333
360 334
360 335
360 336
360 340
360 354
360 355
360 356
360 357
360 358
360 359
360 361
360 362
360 363
360 391
360 393
361 232
361 233
361 234
361 235
361 236
361 237
361 238
361 239
361 240
361 241
361 254
361 290
361 291
361 332
361 333
361 334
361 335
361 336
361 357
361 358
361 359
361 360
361 362
361 363
362 227
362 231
362 232
362 233
362 234
362 235
362 237
362 238
362 254
362 255
362 289
362 290
362 291
362 333
362 334
362 335
362 336
362 337
362 338
362 339
362 340
362 357
362 359
362 360
362 361
362 363
362 364
363 230
363 231
363 232
363 233
363 234
363 289
363 290
363 334
363 335
363 336
363 337
363 338
363 339
363 340
363 352
363 356
363 357
363 360
363 361
363 362
363 364
363 365
363 366
363 371
364 227
364 228
364 229
364 230
364 231
364 232
364 233
364 288
364 289
364 290
364 335
364 336
364 337
364 338
364 339
364 340
364 362
364 363
364 365
364 366
364 367
364 371
365 66
365 67
365 68
365 70
365 71
365 228
365 229
365 230
365 231
365 232
365 289
365 336
365 337
365 338
365 339
365 340
365 363
365 364
365 366
365 367
365 368
365 370
365 371
366 67
366 68
366 70
366 71
366 229
366 230
366 231
366 232
366 339
366 352
366 363
366 364
366 365
366 367
366 368
366 369
366 370
366 371
366 372
366 374
367 67
367 68
367 69
367 70
367 71
367 129
367 130
367 133
367 229
367 230
367 231
367 232
367 364
367 365
367 366
367 368
367 369
367 370
367 371
367 372
367 373
368 70
368 71
368 127
368 129
368 130
368 131
368 132
368 133
368 134
368 229
368 230
368 231
368 232
368 365
368 366
368 367
368 369
368 370
368 371
368 372
368 373
369 129
369 130
369 133
369 366
369 367
369 368
369 370
369 371
369 372
369 373
369 374
369 375
370 133
370 230
370 231
370 232
370 352
370 365
370 366
370 367
370 368
370 369
370 371
370 372
370 373
370 374
370 375
370 376
371 130
371 133
371 134
371 136
371 137
371 138
371 229
371 230
371 231
371 232
371 233
371 363
371 364
371 365
371 366
371 367
371 368
371 369
371 370
371 372
371 373
371 374
371 375
371 376
372 130
372 132
372 133
372 134
372 136
372 137
372 138
372 232
372 366
372 367
372 368
372 369
372 370
372 371
372 373
372 374
372 375
372 376
372 377
373 133
373 137
373 354
373 367
373 368
373 369
373 370
373 371
373 372
373 374
373 375
373 376
373 377
373 378
374 137
374 232
374 352
374 353
374 354
374 357
374 358
374 366
374 369
374 370
374 371
374 372
374 373
374 375
374 376
374 377
374 378
374 379
374 380
374 384
375 133
375 136
375 137
375 138
375 232
375 233
375 234
375 354
375 357
375 358
375 369
375 370
375 371
375 372
375 373
375 374
375 376
375 377
375 378
375 379
375 380
376 137
376 354
376 370
376 371
376 372
376 373
376 374
376 375
376 377
376 378
376 379
376 380
376 381
376 383
376 384
377 353
377 354
377 355
377 357
377 358
377 372
377 373
377 374
377 375
377 376
377 378
377 379
377 380
377 381
377 382
377 383
377 384
377 385
378 234
378 353
378 354
378 355
378 357
378 358
378 373
378 374
378 375
378 376
378 377
378 379
378 380
378 381
378 382
378 383
378 384
378 385
379 137
379 354
379 358
379 374
379 375
379 376
379 377
379 378
379 380
379 381
379 382
379 383
379 384
380 374
380 375
380 376
380 377
380 378
380 379
380 381
380 382
380 383
380 384
381 376
381 377
381 378
381 379
381 380
381 382
381 383
381 384
382 377
382 378
382 379
382 380
382 381
382 383
382 384
382 385
383 354
383 355
383 358
383 376
383 377
383 378
383 379
383 380
383 381
383 382
383 384
383 385
383 386
383 389
384 353
384 354
384 355
384 358
384 374
384 376
384 377
384 378
384 379
384 380
384 381
384 382
384 383
384 385
384 386
384 387
384 389
385 354
385 355
385 377
385 378
385 382
385 383
385 384
385 386
385 387
385 388
385 389
386 353
386 354
386 355
386 356
386 358
386 383
386 384
386 385
386 387
386 388
386 389
386 390
386 391
387 355
387 384
387 385
387 386
387 388
387 389
387 390
387 391
388 355
388 385
388 386
388 387
388 389
388 390
388 391
388 392
389 355
389 383
389 384
389 385
389 386
389 387
389 388
389 390
389 391
389 392
390 358
390 359
390 386
390 387
390 388
390 389
390 391
390 392
390 393
390 394
391 237
391 355
391 356
391 358
391 359
391 360
391 386
391 387
391 388
391 389
391 390
391 392
391 393
391 394
391 395
392 358
392 359
392 388
392 389
392 390
392 391
392 393
392 394
392 395
392 396
392 397
393 237
393 240
393 241
393 334
393 358
393 359
393 360
393 390
393 391
393 392
393 394
393 395
393 396
393 397
393 398
394 237
394 240
394 359
394 390
394 391
394 392
394 393
394 395
394 396
394 397
395 240
395 391
395 392
395 393
395 394
395 396
395 397
395 398
396 240
396 241
396 244
396 392
396 393
396 394
396 395
396 397
396 398
396 399
397 241
397 392
397 393
397 394
397 395
397 396
397 398
397 399
397 400
398 393
398 395
398 396
398 397
398 399
398 400
398 401
399 49
399 396
399 397
399 398
399 400
399 401
400 397
400 398
400 399
400 401
401 49
401 398
401 399
401 400
