0 1
0 2
0 3
1 0
1 2
1 3
1 4
1 5
1 6
2 0
2 1
2 3
2 4
2 5
2 6
2 7
3 0
3 1
3 2
3 4
3 5
3 6
3 7
3 8
3 9
4 1
4 2
4 3
4 5
4 6
4 7
4 8
4 9
4 10
5 1
5 2
5 3
5 4
5 6
5 7
5 8
5 9
5 10
5 11
6 1
6 2
6 3
6 4
6 5
6 7
6 8
6 9
6 10
6 11
6 12
7 2
7 3
7 4
7 5
7 6
7 8
7 9
7 10
7 11
7 12
7 13
8 3
8 4
8 5
8 6
8 7
8 9
8 10
8 11
8 12
8 13
8 14
9 3
9 4
9 5
9 6
9 7
9 8
9 10
9 11
9 12
9 13
9 14
9 15
10 4
10 5
10 6
10 7
10 8
10 9
10 11
10 12
10 13
10 14
10 15
10 16
11 5
11 6
11 7
11 8
11 9
11 10
11 12
11 13
11 14
11 15
11 16
11 17
12 6
12 7
12 8
12 9
12 10
12 11
12 13
12 14
12 15
12 16
12 17
12 18
13 7
13 8
13 9
13 10
13 11
13 12
13 14
13 15
13 16
13 17
13 18
13 19
14 8
14 9
14 10
14 11
14 12
14 13
14 15
14 16
14 17
14 18
14 19
14 20
15 9
15 10
15 11
15 12
15 13
15 14
15 16
15 17
15 18
15 19
15 20
15 21
16 10
16 11
16 12
16 13
16 14
16 15
16 17
16 18
16 19
16 20
16 21
16 22
17 11
17 12
17 13
17 14
17 15
17 16
17 18
17 19
17 20
17 21
17 22
17 23
18 12
18 13
18 14
18 15
18 16
18 17
18 19
18 20
18 21
18 22
18 23
18 24
19 13
19 14
19 15
19 16
19 17
19 18
19 20
19 21
19 22
19 23
19 24
19 25
20 14
20 15
20 16
20 17
20 18
20 19
20 21
20 22
20 23
20 24
20 25
20 26
21 15
21 16
21 17
21 18
21 19
21 20
21 22
21 23
21 24
21 25
21 26
21 27
22 16
22 17
22 18
22 19
22 20
22 21
22 23
22 24
22 25
22 26
22 27
23 17
23 18
23 19
23 20
23 21
23 22
23 24
23 25
23 26
23 27
23 28
24 18
24 19
24 20
24 21
24 22
24 23
24 25
24 26
24 27
24 28
24 29
25 19
25 20
25 21
25 22
25 23
25 24
25 26
25 27
25 28
25 29
25 30
26 20
26 21
26 22
26 23
26 24
26 25
26 27
26 28
26 29
26 30
26 31
27 21
27 22
27 23
27 24
27 25
27 26
27 28
27 29
27 30
27 31
27 32
28 23
28 24
28 25
28 26
28 27
28 29
28 30
28 31
28 32
29 24
29 25
29 26
29 27
29 28
29 30
29 31
29 32
29 288
30 25
30 26
30 27
30 28
30 29
30 31
30 32
30 33
30 288
30 356
30 375
30 376
31 26
31 27
31 28
31 29
31 30
31 32
31 33
31 34
31 356
31 376
32 27
32 28
32 29
32 30
32 31
32 33
32 34
32 35
32 287
32 288
32 356
33 30
33 31
33 32
33 34
33 35
33 36
33 355
33 356
33 357
33 358
34 31
34 32
34 33
34 35
34 36
34 37
34 355
34 356
35 32
35 33
35 34
35 36
35 37
35 38
35 279
35 356
36 33
36 34
36 35
36 37
36 38
36 39
36 275
36 276
36 277
36 279
36 356
37 34
37 35
37 36
37 38
37 39
37 40
37 276
37 277
37 278
37 279
38 35
38 36
38 37
38 39
38 40
38 41
38 276
38 277
38 278
39 36
39 37
39 38
39 40
39 41
39 42
39 276
39 277
39 278
40 37
40 38
40 39
40 41
40 42
40 43
40 277
41 38
41 39
41 40
41 42
41 43
41 44
41 277
41 278
41 302
41 349
42 39
42 40
42 41
42 43
42 44
42 45
43 40
43 41
43 42
43 44
43 45
43 46
44 41
44 42
44 43
44 45
44 46
44 47
44 346
45 42
45 43
45 44
45 46
45 47
45 48
46 43
46 44
46 45
46 47
46 48
46 49
47 44
47 45
47 46
47 48
47 49
47 50
47 51
47 344
47 345
47 346
48 45
48 46
48 47
48 49
48 50
48 51
48 52
48 265
48 269
48 344
48 345
49 46
49 47
49 48
49 50
49 51
49 52
49 264
49 265
49 266
49 267
49 268
49 269
49 270
49 344
49 345
49 346
50 47
50 48
50 49
50 51
50 52
50 265
50 266
50 268
50 269
50 315
50 343
50 344
50 345
51 47
51 48
51 49
51 50
51 52
51 53
51 268
51 269
51 315
51 318
51 319
51 340
51 341
51 342
51 343
51 344
51 345
52 48
52 49
52 50
52 51
52 53
52 54
52 318
52 322
52 342
52 343
52 344
52 345
53 51
53 52
53 54
53 55
53 56
53 57
53 60
53 318
53 319
53 321
53 322
53 325
53 339
53 341
53 342
53 343
53 344
54 52
54 53
54 55
54 56
54 57
54 58
54 59
54 60
54 322
54 342
54 343
54 344
55 53
55 54
55 56
55 57
55 58
55 80
55 325
56 53
56 54
56 55
56 57
56 58
56 59
56 60
56 61
56 77
56 78
56 79
56 80
56 325
56 342
57 53
57 54
57 55
57 56
57 58
57 59
57 60
57 61
57 62
57 63
57 76
57 77
57 78
57 79
57 80
57 322
57 325
57 326
57 339
57 341
57 342
57 343
57 344
58 54
58 55
58 56
58 57
58 59
58 60
58 61
58 62
58 63
58 64
58 65
58 67
58 73
58 74
58 76
58 77
58 78
58 79
58 326
58 342
59 54
59 56
59 57
59 58
59 60
59 61
59 62
59 63
59 64
59 65
59 77
59 342
60 53
60 54
60 56
60 57
60 58
60 59
60 61
60 62
60 63
60 64
60 338
60 341
60 342
60 343
60 344
61 56
61 57
61 58
61 59
61 60
61 62
61 63
61 64
61 73
61 76
61 77
61 300
61 301
61 326
61 338
61 339
61 340
61 341
61 342
61 343
61 344
62 57
62 58
62 59
62 60
62 61
62 63
62 64
62 65
62 67
62 73
62 77
62 298
62 299
62 300
62 301
62 341
62 342
63 57
63 58
63 59
63 60
63 61
63 62
63 64
63 65
63 66
63 67
63 68
63 72
63 73
63 74
63 75
63 76
63 77
63 298
64 58
64 59
64 60
64 61
64 62
64 63
64 65
64 66
64 67
64 68
64 73
64 77
65 58
65 59
65 62
65 63
65 64
65 66
65 67
65 68
65 77
66 63
66 64
66 65
66 67
66 68
66 69
67 58
67 62
67 63
67 64
67 65
67 66
67 68
67 69
67 70
67 73
67 74
67 77
67 297
68 63
68 64
68 65
68 66
68 67
68 69
68 70
68 71
68 72
68 73
68 74
68 77
68 293
68 294
68 296
68 297
68 298
69 66
69 67
69 68
69 70
69 71
69 72
69 73
69 74
69 104
69 293
69 294
69 295
69 296
69 297
70 67
70 68
70 69
70 71
70 72
70 73
70 74
70 75
70 103
70 104
70 105
70 292
70 293
70 294
70 295
70 296
70 297
70 298
71 68
71 69
71 70
71 72
71 73
71 74
71 75
71 76
71 77
71 100
71 101
71 103
71 104
71 105
71 292
71 293
71 294
71 295
71 296
71 297
72 63
72 68
72 69
72 70
72 71
72 73
72 74
72 75
72 76
72 77
72 78
72 79
72 100
72 104
72 293
72 294
72 295
72 296
72 297
72 326
72 327
72 328
72 329
73 58
73 61
73 62
73 63
73 64
73 67
73 68
73 69
73 70
73 71
73 72
73 74
73 75
73 76
73 77
73 78
73 79
73 294
73 295
73 296
73 297
73 298
73 327
74 58
74 63
74 67
74 68
74 69
74 70
74 71
74 72
74 73
74 75
74 76
74 77
74 78
74 79
74 295
74 296
74 297
74 327
75 63
75 70
75 71
75 72
75 73
75 74
75 76
75 77
75 78
75 79
75 80
75 100
75 103
75 326
75 327
75 328
76 57
76 58
76 61
76 63
76 71
76 72
76 73
76 74
76 75
76 77
76 78
76 79
76 80
76 81
76 325
76 326
76 327
76 328
77 56
77 57
77 58
77 59
77 61
77 62
77 63
77 64
77 65
77 67
77 68
77 71
77 72
77 73
77 74
77 75
77 76
77 78
77 79
77 80
77 326
77 327
78 56
78 57
78 58
78 72
78 73
78 74
78 75
78 76
78 77
78 79
78 80
78 81
78 327
79 56
79 57
79 58
79 72
79 73
79 74
79 75
79 76
79 77
79 78
79 80
79 81
79 82
79 324
79 325
79 326
79 327
80 55
80 56
80 57
80 75
80 76
80 77
80 78
80 79
80 81
80 82
80 83
80 324
80 325
80 326
80 327
81 76
81 78
81 79
81 80
81 82
81 83
81 84
81 321
81 322
81 323
81 324
81 325
81 326
81 327
82 79
82 80
82 81
82 83
82 84
82 85
82 91
82 92
82 93
82 96
82 121
82 122
82 123
82 124
82 323
82 324
82 325
82 326
82 327
82 328
83 80
83 81
83 82
83 84
83 85
83 86
83 87
83 91
83 92
83 93
83 94
83 95
83 96
83 122
83 123
83 124
83 324
83 325
84 81
84 82
84 83
84 85
84 86
84 87
84 91
84 92
84 93
84 122
84 123
84 124
84 125
84 324
85 82
85 83
85 84
85 86
85 87
85 88
85 91
85 92
85 93
85 94
85 122
85 123
85 124
85 125
85 126
86 83
86 84
86 85
86 87
86 88
86 89
86 91
86 92
86 93
86 94
86 95
86 122
86 123
86 124
86 125
86 126
87 83
87 84
87 85
87 86
87 88
87 89
87 90
87 91
87 92
87 93
87 94
87 95
87 123
88 85
88 86
88 87
88 89
88 90
88 91
88 92
88 93
88 94
88 95
88 96
89 86
89 87
89 88
89 90
89 91
89 92
89 93
89 94
89 95
90 87
90 88
90 89
90 91
90 92
90 93
90 94
90 95
90 96
91 82
91 83
91 84
91 85
91 86
91 87
91 88
91 89
91 90
91 92
91 93
91 94
91 95
91 96
91 99
92 82
92 83
92 84
92 85
92 86
92 87
92 88
92 89
92 90
92 91
92 93
92 94
92 95
92 96
92 97
92 122
92 123
93 82
93 83
93 84
93 85
93 86
93 87
93 88
93 89
93 90
93 91
93 92
93 94
93 95
93 96
93 97
93 98
93 119
93 120
93 121
93 122
93 123
93 124
93 125
94 83
94 85
94 86
94 87
94 88
94 89
94 90
94 91
94 92
94 93
94 95
94 96
94 97
94 98
94 99
94 100
94 118
94 119
94 120
94 121
94 122
94 123
95 83
95 86
95 87
95 88
95 89
95 90
95 91
95 92
95 93
95 94
95 96
95 97
95 98
95 99
95 100
95 101
95 119
95 120
95 122
95 123
96 82
96 83
96 88
96 90
96 91
96 92
96 93
96 94
96 95
96 97
96 98
96 99
96 100
96 101
96 118
96 119
96 120
96 121
96 122
96 123
97 92
97 93
97 94
97 95
97 96
97 98
97 99
97 100
97 101
97 102
97 103
97 115
97 116
97 117
97 118
97 119
97 120
97 121
97 122
97 123
98 93
98 94
98 95
98 96
98 97
98 99
98 100
98 101
98 102
98 103
98 118
98 119
98 120
99 91
99 94
99 95
99 96
99 97
99 98
99 100
99 101
99 102
99 103
99 104
99 118
99 119
100 71
100 72
100 75
100 94
100 95
100 96
100 97
100 98
100 99
100 101
100 102
100 103
100 104
100 105
100 107
100 115
100 118
100 119
100 120
100 121
100 295
101 71
101 95
101 96
101 97
101 98
101 99
101 100
101 102
101 103
101 104
101 105
101 106
101 107
101 108
101 115
101 116
101 118
101 119
102 97
102 98
102 99
102 100
102 101
102 103
102 104
102 105
102 106
102 107
102 108
103 70
103 71
103 75
103 97
103 98
103 99
103 100
103 101
103 102
103 104
103 105
103 106
103 107
103 294
103 295
104 69
104 70
104 71
104 72
104 99
104 100
104 101
104 102
104 103
104 105
104 106
104 107
104 108
104 110
104 294
104 295
105 70
105 71
105 100
105 101
105 102
105 103
105 104
105 106
105 107
105 108
105 109
105 294
105 295
106 101
106 102
106 103
106 104
106 105
106 107
106 108
106 109
106 110
106 292
106 293
106 294
106 295
107 100
107 101
107 102
107 103
107 104
107 105
107 106
107 108
107 109
107 110
107 111
107 112
107 114
107 115
107 118
107 292
107 294
107 295
108 101
108 102
108 104
108 105
108 106
108 107
108 109
108 110
108 111
108 112
108 115
109 105
109 106
109 107
109 108
109 110
109 111
109 112
109 115
109 285
109 292
110 104
110 106
110 107
110 108
110 109
110 111
110 112
110 113
110 114
110 115
110 116
110 285
110 286
110 290
110 291
110 292
110 295
111 107
111 108
111 109
111 110
111 112
111 113
111 114
111 115
111 116
111 285
111 286
111 290
111 291
111 292
112 107
112 108
112 109
112 110
112 111
112 113
112 114
112 115
112 116
112 117
113 110
113 111
113 112
113 114
113 115
113 116
113 117
113 118
113 119
113 216
113 217
113 218
113 219
113 330
114 107
114 110
114 111
114 112
114 113
114 115
114 116
114 117
114 118
114 119
114 121
114 218
114 289
114 290
114 291
114 292
114 330
115 97
115 100
115 101
115 107
115 108
115 109
115 110
115 111
115 112
115 113
115 114
115 116
115 117
115 118
115 119
115 120
115 121
116 97
116 101
116 110
116 111
116 112
116 113
116 114
116 115
116 117
116 118
116 119
116 120
116 121
116 218
116 219
117 97
117 112
117 113
117 114
117 115
117 116
117 118
117 119
117 120
117 121
117 122
117 123
117 216
117 217
117 218
117 219
117 328
117 329
117 330
118 94
118 96
118 97
118 98
118 99
118 100
118 101
118 107
118 113
118 114
118 115
118 116
118 117
118 119
118 120
118 121
118 122
118 218
118 295
118 328
118 329
118 330
119 93
119 94
119 95
119 96
119 97
119 98
119 99
119 100
119 101
119 113
119 114
119 115
119 116
119 117
119 118
119 120
119 121
119 122
119 123
120 93
120 94
120 95
120 96
120 97
120 98
120 100
120 115
120 116
120 117
120 118
120 119
120 121
120 122
120 123
120 124
120 219
120 328
121 82
121 93
121 94
121 96
121 97
121 100
121 114
121 115
121 116
121 117
121 118
121 119
121 120
121 122
121 123
121 124
121 218
121 219
121 221
121 222
121 327
121 328
121 329
121 330
122 82
122 83
122 84
122 85
122 86
122 92
122 93
122 94
122 95
122 96
122 97
122 117
122 118
122 119
122 120
122 121
122 123
122 124
122 125
122 324
122 327
122 328
123 82
123 83
123 84
123 85
123 86
123 87
123 92
123 93
123 94
123 95
123 96
123 97
123 117
123 119
123 120
123 121
123 122
123 124
123 125
123 126
123 222
123 328
124 82
124 83
124 84
124 85
124 86
124 93
124 120
124 121
124 122
124 123
124 125
124 126
124 127
124 213
124 219
124 221
124 222
124 223
124 225
124 226
124 324
124 328
125 84
125 85
125 86
125 93
125 122
125 123
125 124
125 126
125 127
125 128
125 211
125 212
125 213
125 222
125 225
125 226
125 229
126 85
126 86
126 123
126 124
126 125
126 127
126 128
126 129
126 184
126 210
126 211
126 212
126 213
126 222
126 226
127 124
127 125
127 126
127 128
127 129
127 130
127 210
127 211
127 212
127 213
127 226
128 125
128 126
128 127
128 129
128 130
128 131
128 135
128 136
128 184
128 185
128 209
128 210
128 211
128 212
128 213
128 226
128 230
129 126
129 127
129 128
129 130
129 131
129 132
129 133
129 134
129 135
129 136
129 183
129 184
129 185
129 186
129 199
129 209
129 210
129 211
129 212
129 213
130 127
130 128
130 129
130 131
130 132
130 133
130 134
130 135
130 136
130 137
130 185
130 199
130 202
130 209
130 210
130 211
130 212
131 128
131 129
131 130
131 132
131 133
131 134
131 135
131 136
131 137
131 186
131 195
131 196
131 198
131 199
131 200
131 202
131 203
131 210
132 129
132 130
132 131
132 133
132 134
132 135
132 195
132 196
132 199
133 129
133 130
133 131
133 132
133 134
133 135
133 136
134 129
134 130
134 131
134 132
134 133
134 135
134 136
134 137
135 128
135 129
135 130
135 131
135 132
135 133
135 134
135 136
135 137
135 138
136 128
136 129
136 130
136 131
136 133
136 134
136 135
136 137
136 138
136 139
136 140
136 202
136 203
136 206
136 207
136 208
136 209
136 210
137 130
137 131
137 134
137 135
137 136
137 138
137 139
137 140
137 199
137 202
137 203
137 204
137 205
137 206
137 207
137 208
137 209
138 135
138 136
138 137
138 139
138 140
138 141
138 180
138 202
138 203
138 205
138 206
138 207
138 208
138 209
138 234
139 136
139 137
139 138
139 140
139 141
139 142
139 206
139 207
139 234
139 235
140 136
140 137
140 138
140 139
140 141
140 142
140 143
140 145
140 146
140 230
140 231
140 233
140 234
140 235
140 236
141 138
141 139
141 140
141 142
141 143
141 144
141 145
141 146
141 147
141 178
141 231
141 233
141 234
141 235
141 236
141 237
141 238
142 139
142 140
142 141
142 143
142 144
142 145
142 146
142 147
142 234
142 235
142 236
142 237
143 140
143 141
143 142
143 144
143 145
143 146
143 147
143 235
143 237
144 141
144 142
144 143
144 145
144 146
144 147
145 140
145 141
145 142
145 143
145 144
145 146
145 147
145 148
145 175
145 176
145 178
145 235
145 238
146 140
146 141
146 142
146 143
146 144
146 145
146 147
146 148
146 149
146 150
146 176
146 177
146 178
146 235
146 236
146 237
146 238
146 239
147 141
147 142
147 143
147 144
147 145
147 146
147 148
147 149
147 150
147 151
147 174
147 175
147 176
147 177
147 178
147 179
147 235
147 237
147 238
147 239
147 240
147 241
148 145
148 146
148 147
148 149
148 150
148 151
148 175
148 176
148 177
148 178
148 237
148 238
148 239
148 240
148 241
148 256
148 259
148 260
148 313
149 146
149 147
149 148
149 150
149 151
149 152
149 175
149 176
149 177
149 178
149 179
149 238
149 239
149 240
149 241
149 242
149 252
149 255
149 256
149 259
149 310
149 311
149 312
149 313
150 146
150 147
150 148
150 149
150 151
150 152
150 153
150 171
150 176
150 177
150 178
150 179
150 180
150 231
150 235
150 238
150 239
150 240
150 241
150 242
150 243
150 310
150 311
150 313
151 147
151 148
151 149
151 150
151 152
151 153
151 154
151 170
151 171
151 177
151 178
151 179
151 180
151 181
151 240
151 241
151 242
151 243
151 244
151 250
151 252
151 310
152 149
152 150
152 151
152 153
152 154
152 155
152 171
152 178
152 179
152 180
152 181
152 182
152 207
152 208
152 209
152 223
152 224
152 227
152 241
152 242
152 243
152 244
152 245
152 246
152 308
152 310
153 150
153 151
153 152
153 154
153 155
153 163
153 166
153 171
153 179
153 180
153 181
153 182
153 183
153 208
153 209
153 223
153 242
153 243
153 244
153 245
153 246
153 247
153 248
153 308
154 151
154 152
154 153
154 155
154 156
154 163
154 180
154 181
154 182
154 183
154 184
154 209
154 220
154 223
154 224
154 243
154 244
154 245
154 246
154 247
154 248
154 306
154 307
154 308
155 152
155 153
155 154
155 156
155 157
155 158
155 159
155 160
155 162
155 163
155 180
155 181
155 182
155 183
155 184
155 208
155 215
155 220
155 223
155 244
155 245
155 246
155 247
156 154
156 155
156 157
156 158
156 159
156 160
156 162
156 163
156 181
156 182
156 183
156 184
156 185
156 186
156 210
156 214
156 215
156 216
156 217
156 245
156 246
157 155
157 156
157 158
157 159
157 160
157 163
157 182
157 183
157 184
157 185
157 186
157 187
157 188
157 193
157 194
157 195
157 197
157 198
157 208
157 210
157 215
158 155
158 156
158 157
158 159
158 160
158 161
158 162
158 163
158 183
158 186
158 188
158 191
158 192
158 193
158 194
158 197
158 198
159 155
159 156
159 157
159 158
159 160
159 161
159 162
159 163
159 164
159 183
159 246
159 247
159 379
160 155
160 156
160 157
160 158
160 159
160 161
160 162
160 163
160 164
160 165
160 166
160 197
160 198
160 201
160 246
160 379
161 158
161 159
161 160
161 162
161 163
161 164
161 165
161 166
161 167
161 246
161 378
161 379
161 380
162 155
162 156
162 158
162 159
162 160
162 161
162 163
162 164
162 165
162 166
162 167
162 168
162 245
162 246
162 247
162 248
162 377
162 378
162 379
162 380
162 382
163 153
163 154
163 155
163 156
163 157
163 158
163 159
163 160
163 161
163 162
163 164
163 165
163 166
163 167
163 168
163 169
163 171
163 180
163 181
163 201
163 207
163 208
163 245
163 246
163 247
163 379
164 159
164 160
164 161
164 162
164 163
164 165
164 166
164 167
164 168
164 169
164 171
164 172
164 201
164 205
164 246
164 379
164 383
165 160
165 161
165 162
165 163
165 164
165 166
165 167
165 168
165 169
165 170
165 171
165 172
165 246
165 247
165 249
165 378
165 379
165 380
165 381
165 382
165 383
165 386
166 153
166 160
166 161
166 162
166 163
166 164
166 165
166 167
166 168
166 169
166 170
166 171
166 172
166 179
166 181
166 246
166 247
166 248
166 249
166 250
166 379
166 382
166 383
166 386
167 161
167 162
167 163
167 164
167 165
167 166
167 168
167 169
167 170
167 171
167 172
167 173
167 179
167 180
167 205
167 207
167 383
168 162
168 163
168 164
168 165
168 166
168 167
168 169
168 170
168 171
168 172
168 173
168 379
168 382
168 383
168 386
169 163
169 164
169 165
169 166
169 167
169 168
169 170
169 171
169 172
169 173
169 249
169 250
169 251
169 252
169 379
169 382
169 383
169 384
169 385
169 386
169 387
170 151
170 165
170 166
170 167
170 168
170 169
170 171
170 172
170 173
170 174
170 179
170 248
170 249
170 250
170 251
170 252
170 253
170 382
170 383
170 385
170 386
171 150
171 151
171 152
171 153
171 163
171 164
171 165
171 166
171 167
171 168
171 169
171 170
171 172
171 173
171 174
171 177
171 178
171 179
171 180
171 249
171 250
171 251
171 252
172 164
172 165
172 166
172 167
172 168
172 169
172 170
172 171
172 173
172 174
172 177
172 178
172 179
172 252
173 167
173 168
173 169
173 170
173 171
173 172
173 174
173 175
173 176
173 177
173 178
173 179
174 147
174 170
174 171
174 172
174 173
174 175
174 176
174 177
174 178
174 179
174 252
174 253
175 145
175 147
175 148
175 149
175 173
175 174
175 176
175 177
175 178
176 145
176 146
176 147
176 148
176 149
176 150
176 173
176 174
176 175
176 177
176 178
176 238
176 239
176 256
177 146
177 147
177 148
177 149
177 150
177 151
177 171
177 172
177 173
177 174
177 175
177 176
177 178
177 179
177 240
177 241
177 252
177 256
178 141
178 145
178 146
178 147
178 148
178 149
178 150
178 151
178 152
178 171
178 172
178 173
178 174
178 175
178 176
178 177
178 179
178 180
178 207
178 241
179 147
179 149
179 150
179 151
179 152
179 153
179 166
179 167
179 170
179 171
179 172
179 173
179 174
179 177
179 178
179 180
179 181
179 206
179 207
179 208
179 242
180 138
180 150
180 151
180 152
180 153
180 154
180 155
180 163
180 167
180 171
180 178
180 179
180 181
180 182
180 183
180 205
180 206
180 207
180 208
180 209
180 227
180 243
181 151
181 152
181 153
181 154
181 155
181 156
181 163
181 166
181 179
181 180
181 182
181 183
181 202
181 206
181 207
181 208
181 209
181 210
181 223
181 227
181 243
181 244
181 245
181 246
182 152
182 153
182 154
182 155
182 156
182 157
182 180
182 181
182 183
182 184
182 207
182 208
182 209
182 210
182 211
182 215
182 220
182 222
182 223
182 224
182 226
182 227
182 243
182 245
182 246
183 129
183 153
183 154
183 155
183 156
183 157
183 158
183 159
183 180
183 181
183 182
183 184
183 185
183 186
183 198
183 208
183 209
183 210
183 211
183 212
183 213
183 214
183 215
183 220
183 222
183 223
184 126
184 128
184 129
184 154
184 155
184 156
184 157
184 182
184 183
184 185
184 186
184 187
184 188
184 209
184 210
184 211
184 212
184 213
184 214
184 215
184 216
184 219
184 220
184 222
184 223
185 128
185 129
185 130
185 156
185 157
185 183
185 184
185 186
185 187
185 188
185 189
185 194
185 195
185 198
185 210
185 211
185 212
185 213
185 214
185 215
185 216
186 129
186 131
186 156
186 157
186 158
186 183
186 184
186 185
186 187
186 188
186 189
186 191
186 192
186 193
186 194
186 195
186 196
186 197
186 198
186 199
186 210
186 211
186 212
186 213
186 214
186 215
187 157
187 184
187 185
187 186
187 188
187 189
187 190
187 191
187 192
187 193
187 194
187 195
187 212
187 213
187 214
187 215
188 157
188 158
188 184
188 185
188 186
188 187
188 189
188 190
188 191
188 192
188 193
188 194
188 195
188 213
188 214
188 215
188 216
189 185
189 186
189 187
189 188
189 190
189 191
189 192
189 193
189 214
189 215
190 187
190 188
190 189
190 191
190 192
190 193
191 158
191 186
191 187
191 188
191 189
191 190
191 192
191 193
191 194
192 158
192 186
192 187
192 188
192 189
192 190
192 191
192 193
192 194
192 195
193 157
193 158
193 186
193 187
193 188
193 189
193 190
193 191
193 192
193 194
193 195
193 196
193 197
193 198
194 157
194 158
194 185
194 186
194 187
194 188
194 191
194 192
194 193
194 195
194 196
194 197
194 198
194 199
194 200
195 131
195 132
195 157
195 185
195 186
195 187
195 188
195 192
195 193
195 194
195 196
195 197
195 198
195 199
195 200
195 201
196 131
196 132
196 186
196 193
196 194
196 195
196 197
196 198
196 199
196 200
196 201
196 202
197 157
197 158
197 160
197 186
197 193
197 194
197 195
197 196
197 198
197 199
197 200
197 201
197 202
198 131
198 157
198 158
198 160
198 183
198 185
198 186
198 193
198 194
198 195
198 196
198 197
198 199
198 200
198 201
198 202
198 203
198 204
198 208
198 210
199 129
199 130
199 131
199 132
199 137
199 186
199 194
199 195
199 196
199 197
199 198
199 200
199 201
199 202
199 203
199 204
199 208
199 210
200 131
200 194
200 195
200 196
200 197
200 198
200 199
200 201
200 202
200 203
200 204
200 205
200 206
201 160
201 163
201 164
201 195
201 196
201 197
201 198
201 199
201 200
201 202
201 203
201 204
201 205
201 206
201 207
201 208
202 130
202 131
202 136
202 137
202 138
202 181
202 196
202 197
202 198
202 199
202 200
202 201
202 203
202 204
202 205
202 206
202 207
202 208
202 209
202 210
203 131
203 136
203 137
203 138
203 198
203 199
203 200
203 201
203 202
203 204
203 205
203 206
203 207
203 208
204 137
204 198
204 199
204 200
204 201
204 202
204 203
204 205
204 206
204 207
204 208
205 137
205 138
205 164
205 167
205 180
205 200
205 201
205 202
205 203
205 204
205 206
205 207
205 208
206 136
206 137
206 138
206 139
206 179
206 180
206 181
206 200
206 201
206 202
206 203
206 204
206 205
206 207
206 208
206 209
207 136
207 137
207 138
207 139
207 152
207 163
207 167
207 178
207 179
207 180
207 181
207 182
207 201
207 202
207 203
207 204
207 205
207 206
207 208
207 209
207 210
208 136
208 137
208 138
208 152
208 153
208 155
208 157
208 163
208 179
208 180
208 181
208 182
208 183
208 198
208 199
208 201
208 202
208 203
208 204
208 205
208 206
208 207
208 209
208 210
208 211
209 128
209 129
209 130
209 136
209 137
209 138
209 152
209 153
209 154
209 180
209 181
209 182
209 183
209 184
209 202
209 206
209 207
209 208
209 210
209 211
209 223
209 226
209 227
209 230
210 126
210 127
210 128
210 129
210 130
210 131
210 136
210 156
210 157
210 181
210 182
210 183
210 184
210 185
210 186
210 198
210 199
210 202
210 207
210 208
210 209
210 211
210 212
210 213
210 223
210 226
210 227
211 125
211 126
211 127
211 128
211 129
211 130
211 182
211 183
211 184
211 185
211 186
211 208
211 209
211 210
211 212
211 213
211 214
211 215
211 222
211 223
211 226
211 227
212 125
212 126
212 127
212 128
212 129
212 130
212 183
212 184
212 185
212 186
212 187
212 210
212 211
212 213
212 214
212 215
213 124
213 125
213 126
213 127
213 128
213 129
213 183
213 184
213 185
213 186
213 187
213 188
213 210
213 211
213 212
213 214
213 215
213 216
213 219
213 222
213 223
214 156
214 183
214 184
214 185
214 186
214 187
214 188
214 189
214 211
214 212
214 213
214 215
214 216
214 217
214 218
214 219
214 220
214 222
215 155
215 156
215 157
215 182
215 183
215 184
215 185
215 186
215 187
215 188
215 189
215 211
215 212
215 213
215 214
215 216
215 217
215 218
215 219
215 220
215 222
215 223
216 113
216 117
216 156
216 184
216 185
216 188
216 213
216 214
216 215
216 217
216 218
216 219
216 220
217 113
217 117
217 156
217 214
217 215
217 216
217 218
217 219
217 220
217 221
217 330
217 331
217 332
218 113
218 114
218 116
218 117
218 118
218 121
218 214
218 215
218 216
218 217
218 219
218 220
218 221
218 222
218 289
218 329
218 330
218 331
218 332
219 113
219 116
219 117
219 120
219 121
219 124
219 184
219 213
219 214
219 215
219 216
219 217
219 218
219 220
219 221
219 222
219 223
219 224
219 330
219 331
219 332
220 154
220 155
220 182
220 183
220 184
220 214
220 215
220 216
220 217
220 218
220 219
220 221
220 222
220 223
220 224
220 225
220 306
220 330
220 331
220 332
220 333
221 121
221 124
221 217
221 218
221 219
221 220
221 222
221 223
221 224
221 225
221 226
221 323
221 328
221 329
221 330
221 331
221 332
221 333
221 334
221 335
221 336
222 121
222 123
222 124
222 125
222 126
222 182
222 183
222 184
222 211
222 213
222 214
222 215
222 218
222 219
222 220
222 221
222 223
222 224
222 225
222 226
222 227
222 228
222 332
223 124
223 152
223 153
223 154
223 155
223 181
223 182
223 183
223 184
223 209
223 210
223 211
223 213
223 215
223 219
223 220
223 221
223 222
223 224
223 225
223 226
223 227
223 228
223 229
223 332
224 152
224 154
224 182
224 219
224 220
224 221
224 222
224 223
224 225
224 226
224 227
224 228
224 229
224 230
224 243
224 316
224 319
224 320
224 332
224 333
224 336
225 124
225 125
225 220
225 221
225 222
225 223
225 224
225 226
225 227
225 228
225 229
225 230
225 231
225 316
225 319
225 320
225 323
225 324
225 336
226 124
226 125
226 126
226 127
226 128
226 182
226 209
226 210
226 211
226 221
226 222
226 223
226 224
226 225
226 227
226 228
226 229
226 230
226 231
226 320
227 152
227 180
227 181
227 182
227 209
227 210
227 211
227 222
227 223
227 224
227 225
227 226
227 228
227 229
227 230
227 231
227 232
227 233
227 234
227 316
228 222
228 223
228 224
228 225
228 226
228 227
228 229
228 230
228 231
228 232
228 233
228 234
228 235
228 236
228 241
228 313
228 315
228 316
228 317
228 318
228 319
228 320
229 125
229 223
229 224
229 225
229 226
229 227
229 228
229 230
229 231
229 232
229 233
229 234
229 235
229 236
229 316
229 317
229 319
229 320
230 128
230 140
230 209
230 224
230 225
230 226
230 227
230 228
230 229
230 231
230 232
230 233
230 234
230 235
230 236
230 316
231 140
231 141
231 150
231 225
231 226
231 227
231 228
231 229
231 230
231 232
231 233
231 234
231 235
231 236
231 237
231 238
231 241
231 313
231 314
231 316
231 317
232 227
232 228
232 229
232 230
232 231
232 233
232 234
232 235
232 236
232 237
232 238
232 313
232 314
232 316
232 317
232 320
233 140
233 141
233 227
233 228
233 229
233 230
233 231
233 232
233 234
233 235
233 236
234 138
234 139
234 140
234 141
234 142
234 227
234 228
234 229
234 230
234 231
234 232
234 233
234 235
234 236
234 237
234 238
235 139
235 140
235 141
235 142
235 143
235 145
235 146
235 147
235 150
235 228
235 229
235 230
235 231
235 232
235 233
235 234
235 236
235 237
235 238
235 239
235 313
236 140
236 141
236 142
236 146
236 228
236 229
236 230
236 231
236 232
236 233
236 234
236 235
236 237
236 238
236 239
236 313
236 314
236 315
236 316
236 317
237 141
237 142
237 143
237 146
237 147
237 148
237 231
237 232
237 234
237 235
237 236
237 238
237 239
237 240
237 313
237 314
238 141
238 145
238 146
238 147
238 148
238 149
238 150
238 176
238 231
238 232
238 234
238 235
238 236
238 237
238 239
238 240
238 241
238 312
238 313
238 314
238 316
239 146
239 147
239 148
239 149
239 150
239 176
239 235
239 236
239 237
239 238
239 240
239 241
239 259
239 267
239 268
239 311
239 312
239 313
239 314
239 315
240 147
240 148
240 149
240 150
240 151
240 177
240 237
240 238
240 239
240 241
240 242
240 243
240 256
240 259
240 267
240 268
240 270
240 271
240 310
240 311
240 312
240 313
240 314
240 315
241 147
241 148
241 149
241 150
241 151
241 152
241 177
241 178
241 228
241 231
241 238
241 239
241 240
241 242
241 243
241 244
241 270
241 271
241 309
241 310
241 311
241 312
241 313
241 314
241 315
241 316
242 149
242 150
242 151
242 152
242 153
242 179
242 240
242 241
242 243
242 244
242 245
242 250
242 255
242 271
242 272
242 273
242 308
242 309
242 310
242 311
242 312
242 313
243 150
243 151
243 152
243 153
243 154
243 180
243 181
243 182
243 224
243 240
243 241
243 242
243 244
243 245
243 246
243 273
243 306
243 307
243 308
243 309
243 310
243 311
244 151
244 152
244 153
244 154
244 155
244 181
244 241
244 242
244 243
244 245
244 246
244 247
244 248
244 249
244 250
244 305
244 306
244 307
244 308
244 309
244 310
244 373
244 374
244 375
245 152
245 153
245 154
245 155
245 156
245 162
245 163
245 181
245 182
245 242
245 243
245 244
245 246
245 247
245 248
245 249
245 306
245 307
245 308
245 309
245 374
245 375
245 376
245 377
246 152
246 153
246 154
246 155
246 156
246 159
246 160
246 161
246 162
246 163
246 164
246 165
246 166
246 181
246 182
246 243
246 244
246 245
246 247
246 248
246 249
246 307
246 308
246 375
246 376
246 377
246 378
246 379
247 153
247 154
247 155
247 159
247 162
247 163
247 165
247 166
247 244
247 245
247 246
247 248
247 249
247 307
247 374
247 375
247 376
247 377
247 378
247 379
247 381
247 382
248 153
248 154
248 162
248 166
248 170
248 244
248 245
248 246
248 247
248 249
248 250
248 307
248 308
248 354
248 355
248 357
248 373
248 374
248 375
248 376
248 377
248 378
248 379
248 382
249 165
249 166
249 169
249 170
249 171
249 244
249 245
249 246
249 247
249 248
249 250
249 251
249 252
249 307
249 308
249 354
249 355
249 371
249 372
249 373
249 374
249 375
249 376
249 377
249 378
249 379
249 381
249 382
249 383
249 385
249 386
250 151
250 166
250 169
250 170
250 171
250 242
250 244
250 248
250 249
250 251
250 252
250 253
250 254
250 255
250 308
250 353
250 368
250 371
250 372
250 373
250 374
250 375
250 382
250 386
251 169
251 170
251 171
251 249
251 250
251 252
251 253
251 254
251 255
251 256
251 352
251 368
251 369
251 370
251 371
251 372
251 373
251 374
251 385
251 386
251 389
252 149
252 151
252 169
252 170
252 171
252 172
252 174
252 177
252 249
252 250
252 251
252 253
252 254
252 255
252 256
252 257
252 258
252 371
252 372
252 373
253 170
253 174
253 250
253 251
253 252
253 254
253 255
253 256
253 257
253 258
253 372
254 250
254 251
254 252
254 253
254 255
254 256
254 257
254 258
254 259
254 352
254 369
254 370
254 371
254 372
254 373
255 149
255 242
255 250
255 251
255 252
255 253
255 254
255 256
255 257
255 258
255 259
255 260
255 261
255 310
255 352
255 370
255 371
255 372
255 373
256 148
256 149
256 176
256 177
256 240
256 251
256 252
256 253
256 254
256 255
256 257
256 258
256 259
256 260
256 261
256 372
257 252
257 253
257 254
257 255
257 256
257 258
257 259
257 260
257 261
257 262
258 252
258 253
258 254
258 255
258 256
258 257
258 259
258 260
258 261
258 262
258 372
259 148
259 149
259 239
259 240
259 254
259 255
259 256
259 257
259 258
259 260
259 261
259 262
259 263
259 266
259 267
259 270
259 272
259 310
259 312
260 148
260 255
260 256
260 257
260 258
260 259
260 261
260 262
260 263
260 264
260 267
261 255
261 256
261 257
261 258
261 259
261 260
261 262
261 263
261 264
261 267
262 257
262 258
262 259
262 260
262 261
262 263
262 264
262 265
262 266
262 267
262 268
262 270
263 259
263 260
263 261
263 262
263 264
263 265
263 266
263 267
263 268
264 49
264 260
264 261
264 262
264 263
264 265
264 266
264 267
264 268
264 269
264 270
265 48
265 49
265 50
265 262
265 263
265 264
265 266
265 267
265 268
265 269
265 270
266 49
266 50
266 259
266 262
266 263
266 264
266 265
266 267
266 268
266 269
266 270
266 271
266 312
266 348
267 49
267 239
267 240
267 259
267 260
267 261
267 262
267 263
267 264
267 265
267 266
267 268
267 269
267 270
267 271
267 272
267 311
267 312
267 313
267 314
268 49
268 50
268 51
268 239
268 240
268 262
268 263
268 264
268 265
268 266
268 267
268 269
268 270
268 271
268 311
268 312
268 313
268 314
268 315
269 48
269 49
269 50
269 51
269 264
269 265
269 266
269 267
269 268
269 270
269 271
269 272
269 311
269 312
269 313
269 314
269 315
269 340
269 345
269 346
269 347
269 348
270 49
270 240
270 241
270 259
270 262
270 264
270 265
270 266
270 267
270 268
270 269
270 271
270 272
270 273
270 309
270 310
270 311
270 312
270 313
270 314
270 315
270 345
270 346
270 347
270 348
271 240
271 241
271 242
271 266
271 267
271 268
271 269
271 270
271 272
271 273
271 275
271 303
271 304
271 309
271 310
271 311
271 312
271 315
271 336
271 337
271 340
271 345
271 346
271 347
271 348
271 349
272 242
272 259
272 267
272 269
272 270
272 271
272 273
272 274
272 275
272 303
272 304
272 305
272 308
272 309
272 310
272 311
272 312
272 346
272 347
272 348
272 349
272 350
272 353
273 242
273 243
273 270
273 271
273 272
273 274
273 275
273 276
273 303
273 304
273 305
273 306
273 307
273 308
273 309
273 310
273 311
273 347
273 348
273 349
273 350
273 351
273 352
273 353
273 354
273 355
273 372
273 373
274 272
274 273
274 275
274 276
274 277
274 303
274 304
274 305
274 306
274 307
274 308
274 309
274 347
274 348
274 349
274 350
274 351
274 352
274 353
274 354
274 355
274 356
274 373
275 36
275 271
275 272
275 273
275 274
275 276
275 277
275 279
275 302
275 303
275 304
275 305
275 306
275 309
275 333
275 337
275 346
275 347
275 348
275 349
275 350
275 351
275 353
275 354
276 36
276 37
276 38
276 39
276 273
276 274
276 275
276 277
276 278
276 279
276 280
276 300
276 301
276 302
276 303
276 304
276 305
276 333
276 334
276 337
276 347
276 349
277 36
277 37
277 38
277 39
277 40
277 41
277 274
277 275
277 276
277 278
277 279
277 280
277 299
277 300
277 301
277 302
277 303
277 304
277 347
277 349
278 37
278 38
278 39
278 41
278 276
278 277
278 279
278 280
278 298
278 299
278 300
278 301
278 302
278 303
279 35
279 36
279 37
279 275
279 276
279 277
279 278
279 280
279 281
279 282
279 298
279 299
279 300
279 301
279 302
279 303
279 334
280 276
280 277
280 278
280 279
280 281
280 282
280 283
280 291
280 297
280 298
280 299
280 300
280 301
281 279
281 280
281 282
281 283
281 284
281 289
281 290
281 291
281 292
281 293
281 296
281 297
281 298
281 299
281 300
282 279
282 280
282 281
282 283
282 284
282 285
282 287
282 288
282 289
282 290
282 291
282 292
282 293
283 280
283 281
283 282
283 284
283 285
283 286
283 287
283 289
283 290
283 291
283 292
283 293
284 281
284 282
284 283
284 285
284 286
284 287
284 288
284 289
284 290
284 291
284 292
285 109
285 110
285 111
285 282
285 283
285 284
285 286
285 287
285 288
285 289
285 290
285 291
285 292
286 110
286 111
286 283
286 284
286 285
286 287
286 288
286 289
286 290
286 291
287 32
287 282
287 283
287 284
287 285
287 286
287 288
287 289
287 290
287 291
288 29
288 30
288 32
288 282
288 284
288 285
288 286
288 287
288 289
288 290
288 291
289 114
289 218
289 281
289 282
289 283
289 284
289 285
289 286
289 287
289 288
289 290
289 291
289 330
289 331
290 110
290 111
290 114
290 281
290 282
290 283
290 284
290 285
290 286
290 287
290 288
290 289
290 291
290 292
290 293
290 330
291 110
291 111
291 114
291 280
291 281
291 282
291 283
291 284
291 285
291 286
291 287
291 288
291 289
291 290
291 292
291 293
291 294
291 295
291 296
291 297
291 330
291 331
292 70
292 71
292 106
292 107
292 109
292 110
292 111
292 114
292 281
292 282
292 283
292 284
292 285
292 290
292 291
292 293
292 294
292 295
292 296
292 297
293 68
293 69
293 70
293 71
293 72
293 106
293 281
293 282
293 283
293 290
293 291
293 292
293 294
293 295
293 296
293 297
293 298
294 68
294 69
294 70
294 71
294 72
294 73
294 103
294 104
294 105
294 106
294 107
294 291
294 292
294 293
294 295
294 296
294 297
295 69
295 70
295 71
295 72
295 73
295 74
295 100
295 103
295 104
295 105
295 106
295 107
295 110
295 118
295 291
295 292
295 293
295 294
295 296
295 297
295 329
296 68
296 69
296 70
296 71
296 72
296 73
296 74
296 281
296 291
296 292
296 293
296 294
296 295
296 297
296 298
296 299
296 300
296 329
297 67
297 68
297 69
297 70
297 71
297 72
297 73
297 74
297 280
297 281
297 291
297 292
297 293
297 294
297 295
297 296
297 298
297 299
297 300
298 62
298 63
298 68
298 70
298 73
298 278
298 279
298 280
298 281
298 293
298 296
298 297
298 299
298 300
298 301
299 62
299 277
299 278
299 279
299 280
299 281
299 296
299 297
299 298
299 300
299 301
299 302
300 61
300 62
300 276
300 277
300 278
300 279
300 280
300 281
300 296
300 297
300 298
300 299
300 301
300 302
300 303
300 334
300 335
300 337
300 338
301 61
301 62
301 276
301 277
301 278
301 279
301 280
301 298
301 299
301 300
301 302
301 303
301 304
301 334
301 335
301 336
301 337
301 338
301 339
301 340
301 341
301 342
301 346
301 347
302 41
302 275
302 276
302 277
302 278
302 279
302 299
302 300
302 301
302 303
302 304
302 305
302 333
302 334
302 336
302 337
302 338
302 340
302 341
302 345
302 346
302 347
302 348
302 349
303 271
303 272
303 273
303 274
303 275
303 276
303 277
303 278
303 279
303 300
303 301
303 302
303 304
303 305
303 306
303 309
303 332
303 333
303 334
303 335
303 336
303 337
303 338
303 339
303 340
303 341
303 346
303 347
303 348
303 349
304 271
304 272
304 273
304 274
304 275
304 276
304 277
304 301
304 302
304 303
304 305
304 306
304 307
304 308
304 309
304 310
304 333
304 334
304 336
304 337
304 347
304 348
304 349
304 350
304 353
304 355
305 244
305 272
305 273
305 274
305 275
305 276
305 302
305 303
305 304
305 306
305 307
305 308
305 309
305 332
305 333
305 334
305 336
305 337
305 353
305 354
305 355
305 356
306 154
306 220
306 243
306 244
306 245
306 273
306 274
306 275
306 303
306 304
306 305
306 307
306 308
306 309
306 331
306 332
306 333
306 334
306 336
306 355
306 375
307 154
307 243
307 244
307 245
307 246
307 247
307 248
307 249
307 273
307 274
307 304
307 305
307 306
307 308
307 309
307 333
307 353
307 354
307 355
307 356
307 373
307 374
307 375
307 376
308 152
308 153
308 154
308 242
308 243
308 244
308 245
308 246
308 248
308 249
308 250
308 272
308 273
308 274
308 304
308 305
308 306
308 307
308 309
308 310
308 333
308 353
308 354
308 355
308 373
308 374
308 375
309 241
309 242
309 243
309 244
309 245
309 270
309 271
309 272
309 273
309 274
309 275
309 303
309 304
309 305
309 306
309 307
309 308
309 310
309 311
309 333
309 347
309 348
309 349
309 350
309 353
309 355
309 372
309 373
310 149
310 150
310 151
310 152
310 240
310 241
310 242
310 243
310 244
310 255
310 259
310 270
310 271
310 272
310 273
310 304
310 308
310 309
310 311
310 312
310 313
310 347
310 348
311 149
311 150
311 239
311 240
311 241
311 242
311 243
311 267
311 268
311 269
311 270
311 271
311 272
311 273
311 309
311 310
311 312
311 313
311 314
311 315
311 316
311 347
312 149
312 238
312 239
312 240
312 241
312 242
312 259
312 266
312 267
312 268
312 269
312 270
312 271
312 272
312 310
312 311
312 313
312 314
312 315
312 316
313 148
313 149
313 150
313 228
313 231
313 232
313 235
313 236
313 237
313 238
313 239
313 240
313 241
313 242
313 267
313 268
313 269
313 270
313 310
313 311
313 312
313 314
313 315
313 316
313 317
313 318
314 231
314 232
314 236
314 237
314 238
314 239
314 240
314 241
314 267
314 268
314 269
314 270
314 311
314 312
314 313
314 315
314 316
314 317
314 318
314 319
315 50
315 51
315 228
315 236
315 239
315 240
315 241
315 268
315 269
315 270
315 271
315 311
315 312
315 313
315 314
315 316
315 317
315 318
315 319
315 320
315 321
315 340
315 343
316 224
316 225
316 227
316 228
316 229
316 230
316 231
316 232
316 236
316 238
316 241
316 311
316 312
316 313
316 314
316 315
316 317
316 318
316 319
316 320
316 321
316 322
317 228
317 229
317 231
317 232
317 236
317 313
317 314
317 315
317 316
317 318
317 319
317 320
317 321
317 322
317 323
318 51
318 52
318 53
318 228
318 313
318 314
318 315
318 316
318 317
318 319
318 320
318 321
318 322
318 323
318 339
318 340
318 342
318 343
319 51
319 53
319 224
319 225
319 228
319 229
319 314
319 315
319 316
319 317
319 318
319 320
319 321
319 322
319 323
319 324
319 326
319 336
319 338
319 339
319 340
319 342
319 343
320 224
320 225
320 226
320 228
320 229
320 232
320 315
320 316
320 317
320 318
320 319
320 321
320 322
320 323
320 324
320 325
320 326
320 339
321 53
321 81
321 315
321 316
321 317
321 318
321 319
321 320
321 322
321 323
321 324
321 325
321 326
321 339
321 342
321 343
322 52
322 53
322 54
322 57
322 81
322 316
322 317
322 318
322 319
322 320
322 321
322 323
322 324
322 325
322 326
322 327
322 336
322 338
322 339
322 340
322 341
322 342
322 343
323 81
323 82
323 221
323 225
323 317
323 318
323 319
323 320
323 321
323 322
323 324
323 325
323 326
323 327
323 328
323 335
323 336
323 338
323 339
323 340
323 342
324 79
324 80
324 81
324 82
324 83
324 84
324 122
324 124
324 225
324 319
324 320
324 321
324 322
324 323
324 325
324 326
324 327
324 328
324 339
325 53
325 55
325 56
325 57
325 76
325 79
325 80
325 81
325 82
325 83
325 320
325 321
325 322
325 323
325 324
325 326
325 327
325 328
325 339
325 342
326 57
326 58
326 61
326 72
326 75
326 76
326 77
326 79
326 80
326 81
326 82
326 319
326 320
326 321
326 322
326 323
326 324
326 325
326 327
326 328
326 329
326 335
326 336
326 338
326 339
326 342
327 72
327 73
327 74
327 75
327 76
327 77
327 78
327 79
327 80
327 81
327 82
327 121
327 122
327 322
327 323
327 324
327 325
327 326
327 328
327 329
327 335
327 338
327 339
328 72
328 75
328 76
328 82
328 117
328 118
328 120
328 121
328 122
328 123
328 124
328 221
328 323
328 324
328 325
328 326
328 327
328 329
328 330
328 331
328 332
328 335
328 338
329 72
329 117
329 118
329 121
329 218
329 221
329 295
329 296
329 326
329 327
329 328
329 330
329 331
329 332
329 333
329 334
329 335
329 336
329 338
330 113
330 114
330 117
330 118
330 121
330 217
330 218
330 219
330 220
330 221
330 289
330 290
330 291
330 328
330 329
330 331
330 332
330 333
330 334
330 335
331 217
331 218
331 219
331 220
331 221
331 289
331 291
331 306
331 328
331 329
331 330
331 332
331 333
331 334
331 335
331 336
331 337
332 217
332 218
332 219
332 220
332 221
332 222
332 223
332 224
332 303
332 305
332 306
332 328
332 329
332 330
332 331
332 333
332 334
332 335
332 336
332 337
332 338
333 220
333 221
333 224
333 275
333 276
333 302
333 303
333 304
333 305
333 306
333 307
333 308
333 309
333 329
333 330
333 331
333 332
333 334
333 335
333 336
333 337
333 338
333 339
334 221
334 276
334 279
334 300
334 301
334 302
334 303
334 304
334 305
334 306
334 329
334 330
334 331
334 332
334 333
334 335
334 336
334 337
334 338
334 339
334 340
335 221
335 300
335 301
335 303
335 323
335 326
335 327
335 328
335 329
335 330
335 331
335 332
335 333
335 334
335 336
335 337
335 338
335 339
335 340
335 341
336 221
336 224
336 225
336 271
336 301
336 302
336 303
336 304
336 305
336 306
336 319
336 322
336 323
336 326
336 329
336 331
336 332
336 333
336 334
336 335
336 337
336 338
336 339
336 340
336 341
336 342
337 271
337 275
337 276
337 300
337 301
337 302
337 303
337 304
337 305
337 331
337 332
337 333
337 334
337 335
337 336
337 338
337 339
337 340
337 341
337 342
337 343
337 345
337 346
337 347
338 60
338 61
338 300
338 301
338 302
338 303
338 319
338 322
338 323
338 326
338 327
338 328
338 329
338 332
338 333
338 334
338 335
338 336
338 337
338 339
338 340
338 341
338 342
338 343
338 344
338 345
339 53
339 57
339 61
339 301
339 303
339 318
339 319
339 320
339 321
339 322
339 323
339 324
339 325
339 326
339 327
339 333
339 334
339 335
339 336
339 337
339 338
339 340
339 341
339 342
339 343
339 344
339 345
340 51
340 61
340 269
340 271
340 301
340 302
340 303
340 315
340 318
340 319
340 322
340 323
340 334
340 335
340 336
340 337
340 338
340 339
340 341
340 342
340 343
340 344
340 345
340 346
340 347
341 51
341 53
341 57
341 60
341 61
341 62
341 301
341 302
341 303
341 322
341 335
341 336
341 337
341 338
341 339
341 340
341 342
341 343
341 344
341 345
341 346
341 347
342 51
342 52
342 53
342 54
342 56
342 57
342 58
342 59
342 60
342 61
342 62
342 301
342 318
342 319
342 321
342 322
342 323
342 325
342 326
342 336
342 337
342 338
342 339
342 340
342 341
342 343
342 344
342 345
342 346
343 50
343 51
343 52
343 53
343 54
343 57
343 60
343 61
343 315
343 318
343 319
343 321
343 322
343 337
343 338
343 339
343 340
343 341
343 342
343 344
343 345
343 346
344 47
344 48
344 49
344 50
344 51
344 52
344 53
344 54
344 57
344 60
344 61
344 338
344 339
344 340
344 341
344 342
344 343
344 345
344 346
345 47
345 48
345 49
345 50
345 51
345 52
345 269
345 270
345 271
345 302
345 337
345 338
345 339
345 340
345 341
345 342
345 343
345 344
345 346
345 347
345 348
346 44
346 47
346 49
346 269
346 270
346 271
346 272
346 275
346 301
346 302
346 303
346 337
346 340
346 341
346 342
346 343
346 344
346 345
346 347
346 348
346 349
347 269
347 270
347 271
347 272
347 273
347 274
347 275
347 276
347 277
347 301
347 302
347 303
347 304
347 309
347 310
347 311
347 337
347 340
347 341
347 345
347 346
347 348
347 349
347 350
348 266
348 269
348 270
348 271
348 272
348 273
348 274
348 275
348 302
348 303
348 304
348 309
348 310
348 345
348 346
348 347
348 349
348 350
349 41
349 271
349 272
349 273
349 274
349 275
349 276
349 277
349 302
349 303
349 304
349 309
349 346
349 347
349 348
349 350
349 351
349 352
349 353
350 272
350 273
350 274
350 275
350 304
350 309
350 347
350 348
350 349
350 351
350 352
350 353
350 354
350 371
350 372
350 373
351 273
351 274
351 275
351 349
351 350
351 352
351 353
351 354
351 370
351 371
351 372
351 373
352 251
352 254
352 255
352 273
352 274
352 349
352 350
352 351
352 353
352 354
352 355
352 368
352 369
352 370
352 371
352 372
352 373
352 374
353 250
353 272
353 273
353 274
353 275
353 304
353 305
353 307
353 308
353 309
353 349
353 350
353 351
353 352
353 354
353 355
353 356
353 357
353 370
353 371
353 372
353 373
353 374
353 375
354 248
354 249
354 273
354 274
354 275
354 305
354 307
354 308
354 350
354 351
354 352
354 353
354 355
354 356
354 357
354 358
354 371
354 372
354 373
354 374
354 375
354 376
355 33
355 34
355 248
355 249
355 273
355 274
355 304
355 305
355 306
355 307
355 308
355 309
355 352
355 353
355 354
355 356
355 357
355 358
355 373
355 374
355 375
355 376
355 377
356 30
356 31
356 32
356 33
356 34
356 35
356 36
356 274
356 305
356 307
356 353
356 354
356 355
356 357
356 358
356 359
356 374
356 375
356 376
357 33
357 248
357 353
357 354
357 355
357 356
357 358
357 359
357 360
357 361
357 362
357 373
357 374
357 375
357 376
357 377
358 33
358 354
358 355
358 356
358 357
358 359
358 360
358 361
358 362
358 374
358 375
358 376
358 377
359 356
359 357
359 358
359 360
359 361
359 362
359 363
359 375
359 376
359 377
360 357
360 358
360 359
360 361
360 362
360 363
360 364
361 357
361 358
361 359
361 360
361 362
361 363
361 364
361 365
361 367
361 368
362 357
362 358
362 359
362 360
362 361
362 363
362 364
362 365
362 367
362 368
362 377
362 381
362 382
362 384
362 385
363 359
363 360
363 361
363 362
363 364
363 365
363 366
363 367
363 368
363 381
363 384
363 385
363 388
364 360
364 361
364 362
364 363
364 365
364 366
364 367
364 368
364 369
364 385
365 361
365 362
365 363
365 364
365 366
365 367
365 368
365 369
365 370
365 384
365 385
365 386
365 388
365 389
365 394
365 395
365 396
366 363
366 364
366 365
366 367
366 368
366 369
366 370
366 371
366 388
366 389
366 394
366 395
366 396
367 361
367 362
367 363
367 364
367 365
367 366
367 368
367 369
367 370
367 371
367 396
368 250
368 251
368 352
368 361
368 362
368 363
368 364
368 365
368 366
368 367
368 369
368 370
368 371
368 372
368 373
368 374
368 385
368 389
369 251
369 254
369 352
369 364
369 365
369 366
369 367
369 368
369 370
369 371
369 372
369 389
369 396
370 251
370 254
370 255
370 351
370 352
370 353
370 365
370 366
370 367
370 368
370 369
370 371
370 372
370 373
371 249
371 250
371 251
371 252
371 254
371 255
371 350
371 351
371 352
371 353
371 354
371 366
371 367
371 368
371 369
371 370
371 372
371 373
371 374
372 249
372 250
372 251
372 252
372 253
372 254
372 255
372 256
372 258
372 273
372 309
372 350
372 351
372 352
372 353
372 354
372 368
372 369
372 370
372 371
372 373
372 374
373 244
373 248
373 249
373 250
373 251
373 252
373 254
373 255
373 273
373 274
373 307
373 308
373 309
373 350
373 351
373 352
373 353
373 354
373 355
373 357
373 368
373 370
373 371
373 372
373 374
373 375
373 376
374 244
374 245
374 247
374 248
374 249
374 250
374 251
374 307
374 308
374 352
374 353
374 354
374 355
374 356
374 357
374 358
374 368
374 371
374 372
374 373
374 375
374 376
374 377
375 30
375 244
375 245
375 246
375 247
375 248
375 249
375 250
375 306
375 307
375 308
375 353
375 354
375 355
375 356
375 357
375 358
375 359
375 373
375 374
375 376
375 377
375 378
376 30
376 31
376 245
376 246
376 247
376 248
376 249
376 307
376 354
376 355
376 356
376 357
376 358
376 359
376 373
376 374
376 375
376 377
376 378
376 381
376 382
377 162
377 245
377 246
377 247
377 248
377 249
377 355
377 357
377 358
377 359
377 362
377 374
377 375
377 376
377 378
377 379
377 380
377 381
377 382
377 383
377 385
378 161
378 162
378 165
378 246
378 247
378 248
378 249
378 375
378 376
378 377
378 379
378 380
378 381
378 382
378 383
379 159
379 160
379 161
379 162
379 163
379 164
379 165
379 166
379 168
379 169
379 246
379 247
379 248
379 249
379 377
379 378
379 380
379 381
379 382
379 383
379 384
380 161
380 162
380 165
380 377
380 378
380 379
380 381
380 382
380 383
380 384
380 385
380 386
381 165
381 247
381 249
381 362
381 363
381 376
381 377
381 378
381 379
381 380
381 382
381 383
381 384
381 385
381 386
381 387
382 162
382 165
382 166
382 168
382 169
382 170
382 247
382 248
382 249
382 250
382 362
382 376
382 377
382 378
382 379
382 380
382 381
382 383
382 384
382 385
382 386
382 387
382 388
383 164
383 165
383 166
383 167
383 168
383 169
383 170
383 249
383 377
383 378
383 379
383 380
383 381
383 382
383 384
383 385
383 386
383 387
383 388
384 169
384 362
384 363
384 365
384 379
384 380
384 381
384 382
384 383
384 385
384 386
384 387
384 388
384 389
385 169
385 170
385 249
385 251
385 362
385 363
385 364
385 365
385 368
385 377
385 380
385 381
385 382
385 383
385 384
385 386
385 387
385 388
385 389
385 390
386 165
386 166
386 168
386 169
386 170
386 249
386 250
386 251
386 365
386 380
386 381
386 382
386 383
386 384
386 385
386 387
386 388
386 389
386 390
386 391
387 169
387 381
387 382
387 383
387 384
387 385
387 386
387 388
387 389
387 390
387 391
388 363
388 365
388 366
388 382
388 383
388 384
388 385
388 386
388 387
388 389
388 390
388 391
388 392
388 393
388 394
389 251
389 365
389 366
389 368
389 369
389 384
389 385
389 386
389 387
389 388
389 390
389 391
389 392
389 393
389 394
390 385
390 386
390 387
390 388
390 389
390 391
390 392
390 393
390 394
391 386
391 387
391 388
391 389
391 390
391 392
391 393
391 394
391 395
392 388
392 389
392 390
392 391
392 393
392 394
392 395
393 388
393 389
393 390
393 391
393 392
393 394
393 395
393 396
394 365
394 366
394 388
394 389
394 390
394 391
394 392
394 393
394 395
394 396
395 365
395 366
395 391
395 392
395 393
395 394
395 396
396 365
396 366
396 367
396 369
396 393
396 394
396 395
