0 1
0 2
0 3
1 0
1 2
1 3
1 4
1 5
2 0
2 1
2 3
2 4
2 5
2 6
3 0
3 1
3 2
3 4
3 5
3 6
3 7
4 1
4 2
4 3
4 5
4 6
4 7
4 8
4 9
5 1
5 2
5 3
5 4
5 6
5 7
5 8
5 9
5 10
6 2
6 3
6 4
6 5
6 7
6 8
6 9
6 10
6 11
6 12
7 3
7 4
7 5
7 6
7 8
7 9
7 10
7 11
7 12
7 13
8 4
8 5
8 6
8 7
8 9
8 10
8 11
8 12
8 13
8 14
9 4
9 5
9 6
9 7
9 8
9 10
9 11
9 12
9 13
9 14
9 15
10 5
10 6
10 7
10 8
10 9
10 11
10 12
10 13
10 14
10 15
10 16
11 6
11 7
11 8
11 9
11 10
11 12
11 13
11 14
11 15
11 16
11 17
12 6
12 7
12 8
12 9
12 10
12 11
12 13
12 14
12 15
12 16
12 17
13 7
13 8
13 9
13 10
13 11
13 12
13 14
13 15
13 16
13 17
13 18
14 8
14 9
14 10
14 11
14 12
14 13
14 15
14 16
14 17
14 18
14 19
15 9
15 10
15 11
15 12
15 13
15 14
15 16
15 17
15 18
15 19
16 10
16 11
16 12
16 13
16 14
16 15
16 17
16 18
16 19
17 11
17 12
17 13
17 14
17 15
17 16
17 18
17 19
17 20
18 13
18 14
18 15
18 16
18 17
18 19
18 20
18 21
19 14
19 15
19 16
19 17
19 18
19 20
19 21
19 22
20 17
20 18
20 19
20 21
20 22
20 23
20 105
20 106
20 107
21 18
21 19
21 20
21 22
21 23
21 24
21 105
21 106
21 107
21 108
22 19
22 20
22 21
22 23
22 24
22 25
22 48
22 101
22 102
22 103
22 105
22 106
22 107
22 108
22 109
23 20
23 21
23 22
23 24
23 25
23 26
23 45
23 46
23 47
23 48
23 49
23 52
23 100
23 101
23 102
23 103
23 105
23 106
23 107
23 108
23 109
24 21
24 22
24 23
24 25
24 26
24 27
24 44
24 45
24 46
24 47
24 48
24 49
24 100
24 101
24 102
24 106
24 107
24 108
24 109
25 22
25 23
25 24
25 26
25 27
25 29
25 42
25 43
25 44
25 45
25 46
25 48
25 54
25 99
25 100
25 101
25 102
25 107
25 108
25 109
25 110
25 111
26 23
26 24
26 25
26 27
26 28
26 29
26 41
26 42
26 43
26 44
26 45
26 46
26 48
26 54
26 79
26 98
26 99
26 100
26 101
26 108
26 109
26 110
26 111
26 112
27 24
27 25
27 26
27 28
27 29
27 30
27 41
27 42
27 43
27 44
27 45
27 46
27 99
27 100
27 111
28 26
28 27
28 29
28 30
28 31
28 41
28 42
28 43
28 44
28 45
28 111
28 112
28 113
29 25
29 26
29 27
29 28
29 30
29 31
29 32
29 40
29 41
29 42
29 43
29 44
29 79
29 80
29 97
29 98
29 99
29 100
29 111
29 112
29 113
29 114
30 27
30 28
30 29
30 31
30 32
30 39
30 40
30 41
30 42
30 43
30 80
30 96
30 97
30 98
30 111
30 112
30 113
30 114
30 115
30 116
31 28
31 29
31 30
31 32
31 33
31 38
31 39
31 40
31 41
31 42
31 80
31 81
31 82
31 83
31 95
31 96
31 97
31 98
31 112
31 113
31 114
31 115
31 116
32 29
32 30
32 31
32 33
32 34
32 37
32 38
32 39
32 40
32 41
32 83
32 113
32 114
32 115
32 116
32 117
32 118
32 121
32 122
32 123
33 31
33 32
33 34
33 35
33 36
33 37
33 38
33 39
33 40
33 83
33 84
33 116
33 117
33 118
33 121
33 122
33 123
33 124
34 32
34 33
34 35
34 36
34 37
34 38
34 39
34 121
34 122
34 123
34 124
34 125
34 209
35 33
35 34
35 36
35 37
35 38
35 122
35 123
35 124
35 125
35 126
35 127
35 144
35 145
35 146
35 147
35 209
35 210
36 33
36 34
36 35
36 37
36 38
36 84
36 118
36 121
36 122
36 123
36 124
36 125
36 126
36 144
36 145
36 146
36 147
36 150
37 32
37 33
37 34
37 35
37 36
37 38
37 39
37 82
37 83
37 84
37 85
37 118
37 122
37 123
37 124
37 125
37 146
37 147
37 150
38 31
38 32
38 33
38 34
38 35
38 36
38 37
38 39
38 40
38 41
38 81
38 82
38 83
38 84
38 85
38 116
38 118
38 121
38 122
38 123
39 30
39 31
39 32
39 33
39 34
39 37
39 38
39 40
39 41
39 80
39 81
39 82
39 83
39 84
39 97
40 29
40 30
40 31
40 32
40 33
40 38
40 39
40 41
40 42
40 56
40 57
40 58
40 79
40 80
40 81
40 82
40 83
40 84
40 96
40 97
40 98
40 99
40 112
40 113
41 26
41 27
41 28
41 29
41 30
41 31
41 32
41 38
41 39
41 40
41 42
41 43
41 78
41 79
41 80
41 81
41 82
41 83
41 97
41 98
41 99
41 113
42 25
42 26
42 27
42 28
42 29
42 30
42 31
42 40
42 41
42 43
42 44
42 45
42 54
42 78
42 79
42 80
42 81
42 98
42 99
42 100
42 111
42 113
43 25
43 26
43 27
43 28
43 29
43 30
43 41
43 42
43 44
43 45
43 46
43 78
43 79
43 80
44 24
44 25
44 26
44 27
44 28
44 29
44 42
44 43
44 45
44 46
44 47
44 48
44 49
44 50
44 52
44 53
44 54
44 79
44 100
44 101
45 23
45 24
45 25
45 26
45 27
45 28
45 42
45 43
45 44
45 46
45 47
45 48
45 49
45 52
45 100
45 101
45 108
46 23
46 24
46 25
46 26
46 27
46 43
46 44
46 45
46 47
46 48
46 49
47 23
47 24
47 44
47 45
47 46
47 48
47 49
47 50
48 22
48 23
48 24
48 25
48 26
48 44
48 45
48 46
48 47
48 49
48 50
48 51
48 52
48 101
48 102
48 103
48 108
49 23
49 24
49 44
49 45
49 46
49 47
49 48
49 50
49 51
49 52
49 53
49 103
50 44
50 47
50 48
50 49
50 51
50 52
50 53
50 77
50 103
51 48
51 49
51 50
51 52
51 53
51 77
51 102
51 103
51 104
52 23
52 44
52 45
52 48
52 49
52 50
52 51
52 53
52 54
52 75
52 76
52 77
52 101
52 102
52 103
52 104
52 106
52 107
53 44
53 49
53 50
53 51
53 52
53 54
53 55
53 73
53 74
53 75
53 76
53 77
53 78
53 79
53 100
53 101
53 102
53 103
53 104
53 107
54 25
54 26
54 42
54 44
54 52
54 53
54 55
54 56
54 73
54 74
54 75
54 76
54 77
54 78
54 79
54 80
54 81
54 99
54 100
54 101
54 102
54 103
54 107
54 108
55 53
55 54
55 56
55 57
55 69
55 70
55 71
55 72
55 73
55 74
55 75
55 76
55 77
55 81
55 98
55 99
55 100
55 101
55 102
55 107
55 110
56 40
56 54
56 55
56 57
56 58
56 67
56 68
56 69
56 70
56 71
56 72
56 73
56 74
56 75
56 76
56 80
56 81
56 82
56 83
56 97
56 98
56 99
56 100
56 101
56 110
56 111
56 112
57 40
57 55
57 56
57 58
57 59
57 60
57 66
57 67
57 68
57 69
57 70
57 71
57 73
57 74
57 81
57 83
57 96
57 97
57 98
57 99
57 100
57 110
57 112
58 40
58 56
58 57
58 59
58 60
58 61
58 65
58 66
58 67
58 68
58 69
58 70
58 83
58 86
58 89
58 95
58 96
58 97
58 98
58 99
58 112
58 113
59 57
59 58
59 60
59 61
59 62
59 64
59 65
59 66
59 67
59 68
59 69
59 88
59 89
59 90
59 94
59 95
59 96
59 97
59 98
59 115
60 57
60 58
60 59
60 61
60 62
60 63
60 64
60 65
60 66
60 67
60 68
60 69
60 86
60 87
60 88
60 89
60 90
60 91
60 93
60 95
60 96
60 97
61 58
61 59
61 60
61 62
61 63
61 64
61 65
61 66
61 67
61 88
61 89
61 90
61 91
61 92
61 93
61 94
61 95
62 59
62 60
62 61
62 63
62 64
62 65
62 66
62 89
62 90
62 93
62 94
62 95
62 96
63 60
63 61
63 62
63 64
63 65
63 66
64 59
64 60
64 61
64 62
64 63
64 65
64 66
64 67
65 58
65 59
65 60
65 61
65 62
65 63
65 64
65 66
65 67
65 68
65 95
65 96
66 57
66 58
66 59
66 60
66 61
66 62
66 63
66 64
66 65
66 67
66 68
66 69
67 56
67 57
67 58
67 59
67 60
67 61
67 64
67 65
67 66
67 68
67 69
67 70
67 96
67 97
67 98
68 56
68 57
68 58
68 59
68 60
68 65
68 66
68 67
68 69
68 70
68 71
68 86
68 87
68 88
68 89
68 97
68 98
69 55
69 56
69 57
69 58
69 59
69 60
69 66
69 67
69 68
69 70
69 71
69 72
69 73
69 74
69 86
69 87
69 97
69 98
69 99
70 55
70 56
70 57
70 58
70 67
70 68
70 69
70 71
70 72
70 73
70 74
70 75
70 81
70 82
70 83
70 86
70 87
70 97
71 55
71 56
71 57
71 68
71 69
71 70
71 72
71 73
71 74
71 75
71 76
71 86
71 87
72 55
72 56
72 69
72 70
72 71
72 73
72 74
72 75
72 76
72 81
72 82
72 83
73 53
73 54
73 55
73 56
73 57
73 69
73 70
73 71
73 72
73 74
73 75
73 76
73 77
73 78
73 79
73 80
73 81
73 82
73 83
73 99
74 53
74 54
74 55
74 56
74 57
74 69
74 70
74 71
74 72
74 73
74 75
74 76
74 77
74 81
75 52
75 53
75 54
75 55
75 56
75 70
75 71
75 72
75 73
75 74
75 76
75 77
75 78
75 100
75 101
75 102
75 103
76 52
76 53
76 54
76 55
76 56
76 71
76 72
76 73
76 74
76 75
76 77
76 78
76 79
76 80
76 81
76 101
76 102
77 50
77 51
77 52
77 53
77 54
77 55
77 73
77 74
77 75
77 76
77 78
77 79
77 80
77 101
77 102
78 41
78 42
78 43
78 53
78 54
78 73
78 75
78 76
78 77
78 79
78 80
78 81
79 26
79 29
79 40
79 41
79 42
79 43
79 44
79 53
79 54
79 73
79 76
79 77
79 78
79 80
79 81
79 99
79 447
80 29
80 30
80 31
80 39
80 40
80 41
80 42
80 43
80 54
80 56
80 73
80 76
80 77
80 78
80 79
80 81
80 82
80 83
80 99
81 31
81 38
81 39
81 40
81 41
81 42
81 54
81 55
81 56
81 57
81 70
81 72
81 73
81 74
81 76
81 78
81 79
81 80
81 82
81 83
81 84
81 97
81 99
82 31
82 37
82 38
82 39
82 40
82 41
82 56
82 70
82 72
82 73
82 80
82 81
82 83
82 84
82 85
82 86
83 31
83 32
83 33
83 37
83 38
83 39
83 40
83 41
83 56
83 57
83 58
83 70
83 72
83 73
83 80
83 81
83 82
83 84
83 85
83 86
83 89
83 96
83 97
84 33
84 36
84 37
84 38
84 39
84 40
84 81
84 82
84 83
84 85
84 86
84 87
84 89
84 91
84 147
84 148
84 149
84 150
85 37
85 38
85 82
85 83
85 84
85 86
85 87
85 88
85 89
85 90
85 91
85 147
85 148
85 149
85 150
86 58
86 60
86 68
86 69
86 70
86 71
86 82
86 83
86 84
86 85
86 87
86 88
86 89
86 90
86 91
86 149
87 60
87 68
87 69
87 70
87 71
87 84
87 85
87 86
87 88
87 89
87 90
87 149
88 59
88 60
88 61
88 68
88 85
88 86
88 87
88 89
88 90
88 91
89 58
89 59
89 60
89 61
89 62
89 68
89 83
89 84
89 85
89 86
89 87
89 88
89 90
89 91
89 92
89 93
89 95
89 149
90 59
90 60
90 61
90 62
90 85
90 86
90 87
90 88
90 89
90 91
90 92
90 93
90 94
90 95
90 118
90 149
90 150
90 151
91 60
91 61
91 84
91 85
91 86
91 88
91 89
91 90
91 92
91 93
91 94
91 95
91 116
91 117
91 118
91 119
91 149
91 150
91 151
92 61
92 89
92 90
92 91
92 93
92 94
92 95
92 117
92 118
92 119
92 120
92 150
92 151
93 60
93 61
93 62
93 89
93 90
93 91
93 92
93 94
93 95
93 115
93 116
93 117
93 118
93 119
94 59
94 61
94 62
94 90
94 91
94 92
94 93
94 95
94 96
94 114
94 115
94 116
94 117
94 118
94 119
94 120
95 31
95 58
95 59
95 60
95 61
95 62
95 65
95 89
95 90
95 91
95 92
95 93
95 94
95 96
95 97
95 113
95 114
95 115
95 116
95 117
95 118
96 30
96 31
96 40
96 57
96 58
96 59
96 60
96 62
96 65
96 67
96 83
96 94
96 95
96 97
96 98
96 112
96 113
96 114
96 115
96 116
96 117
97 29
97 30
97 31
97 39
97 40
97 41
97 56
97 57
97 58
97 59
97 60
97 67
97 68
97 69
97 70
97 81
97 83
97 95
97 96
97 98
97 99
97 111
97 112
97 113
97 114
97 115
97 116
98 26
98 29
98 30
98 31
98 40
98 41
98 42
98 55
98 56
98 57
98 58
98 59
98 67
98 68
98 69
98 96
98 97
98 99
98 100
98 110
98 111
98 112
98 113
98 114
99 25
99 26
99 27
99 29
99 40
99 41
99 42
99 54
99 55
99 56
99 57
99 58
99 69
99 73
99 79
99 80
99 81
99 97
99 98
99 100
99 101
99 102
99 108
99 109
99 110
99 111
99 112
99 113
100 23
100 24
100 25
100 26
100 27
100 29
100 42
100 44
100 45
100 53
100 54
100 55
100 56
100 57
100 75
100 98
100 99
100 101
100 102
100 107
100 108
100 109
100 110
100 111
100 112
101 22
101 23
101 24
101 25
101 26
101 44
101 45
101 48
101 52
101 53
101 54
101 55
101 56
101 75
101 76
101 77
101 99
101 100
101 102
101 103
101 106
101 107
101 108
101 109
101 110
101 111
102 22
102 23
102 24
102 25
102 48
102 51
102 52
102 53
102 54
102 55
102 75
102 76
102 77
102 99
102 100
102 101
102 103
102 104
102 105
102 106
102 107
102 108
102 109
103 22
103 23
103 48
103 49
103 50
103 51
103 52
103 53
103 54
103 75
103 101
103 102
103 104
103 105
103 106
103 107
103 108
104 51
104 52
104 53
104 102
104 103
104 105
104 106
104 107
105 20
105 21
105 22
105 23
105 102
105 103
105 104
105 106
105 107
106 20
106 21
106 22
106 23
106 24
106 52
106 101
106 102
106 103
106 104
106 105
106 107
106 108
107 20
107 21
107 22
107 23
107 24
107 25
107 52
107 53
107 54
107 55
107 100
107 101
107 102
107 103
107 104
107 105
107 106
107 108
107 109
107 110
108 21
108 22
108 23
108 24
108 25
108 26
108 45
108 48
108 54
108 99
108 100
108 101
108 102
108 103
108 106
108 107
108 109
108 110
108 111
109 22
109 23
109 24
109 25
109 26
109 99
109 100
109 101
109 102
109 107
109 108
109 110
109 111
109 112
110 25
110 26
110 55
110 56
110 57
110 98
110 99
110 100
110 101
110 107
110 108
110 109
110 111
110 112
111 25
111 26
111 27
111 28
111 29
111 30
111 42
111 56
111 97
111 98
111 99
111 100
111 101
111 108
111 109
111 110
111 112
111 113
111 114
112 26
112 28
112 29
112 30
112 31
112 40
112 56
112 57
112 58
112 96
112 97
112 98
112 99
112 100
112 109
112 110
112 111
112 113
112 114
112 115
113 28
113 29
113 30
113 31
113 32
113 40
113 41
113 42
113 58
113 95
113 96
113 97
113 98
113 99
113 111
113 112
113 114
113 115
113 116
114 29
114 30
114 31
114 32
114 94
114 95
114 96
114 97
114 98
114 111
114 112
114 113
114 115
114 116
114 117
115 30
115 31
115 32
115 59
115 93
115 94
115 95
115 96
115 97
115 112
115 113
115 114
115 116
115 117
115 118
116 30
116 31
116 32
116 33
116 38
116 91
116 93
116 94
116 95
116 96
116 97
116 113
116 114
116 115
116 117
116 118
116 119
116 120
116 121
116 122
117 32
117 33
117 91
117 92
117 93
117 94
117 95
117 96
117 114
117 115
117 116
117 118
117 119
117 120
117 121
117 122
118 32
118 33
118 36
118 37
118 38
118 90
118 91
118 92
118 93
118 94
118 95
118 115
118 116
118 117
118 119
118 120
118 121
118 122
118 123
118 150
118 151
119 91
119 92
119 93
119 94
119 116
119 117
119 118
119 120
119 121
119 122
119 123
119 150
119 151
119 152
119 153
119 201
119 202
119 203
119 204
120 92
120 94
120 116
120 117
120 118
120 119
120 121
120 122
120 123
120 201
120 202
120 203
120 204
120 205
120 206
120 207
121 32
121 33
121 34
121 36
121 38
121 116
121 117
121 118
121 119
121 120
121 122
121 123
121 124
121 203
121 205
121 207
122 32
122 33
122 34
122 35
122 36
122 37
122 38
122 116
122 117
122 118
122 119
122 120
122 121
122 123
122 124
122 125
122 201
122 207
123 32
123 33
123 34
123 35
123 36
123 37
123 38
123 118
123 119
123 120
123 121
123 122
123 124
123 125
123 126
123 199
123 200
123 201
123 207
123 208
123 209
123 210
124 33
124 34
124 35
124 36
124 37
124 121
124 122
124 123
124 125
124 126
124 127
124 144
124 146
124 155
124 198
124 199
124 200
124 201
124 207
124 208
124 209
124 210
125 34
125 35
125 36
125 37
125 122
125 123
125 124
125 126
125 127
125 128
125 144
125 145
125 146
125 198
125 199
125 200
125 201
125 208
125 209
125 210
125 211
125 212
126 35
126 36
126 123
126 124
126 125
126 127
126 128
126 129
126 142
126 143
126 144
126 145
126 157
126 196
126 197
126 198
126 199
126 200
126 208
126 209
126 210
126 211
126 212
126 213
127 35
127 124
127 125
127 126
127 128
127 129
127 130
127 141
127 142
127 143
127 144
127 145
127 155
127 156
127 157
127 158
127 159
127 177
127 196
127 197
127 198
127 199
127 200
127 209
127 210
127 211
127 212
127 213
128 125
128 126
128 127
128 129
128 130
128 131
128 140
128 141
128 142
128 143
128 144
128 145
128 196
128 197
128 198
128 212
128 213
128 215
129 126
129 127
129 128
129 130
129 131
129 132
129 139
129 140
129 141
129 142
129 143
129 144
129 159
129 180
129 195
129 196
129 197
129 198
129 212
129 213
129 214
129 215
130 127
130 128
130 129
130 131
130 132
130 139
130 140
130 141
130 142
130 143
130 180
130 215
131 128
131 129
131 130
131 132
131 133
131 138
131 139
131 140
131 141
131 142
131 180
131 181
131 195
131 215
132 129
132 130
132 131
132 133
132 134
132 137
132 138
132 139
132 140
132 141
132 180
132 182
133 131
133 132
133 134
133 135
133 136
133 137
133 138
133 139
133 140
133 182
133 183
133 184
133 185
133 219
133 221
134 132
134 133
134 135
134 136
134 137
134 138
134 139
135 133
135 134
135 136
135 137
135 138
135 184
135 185
135 187
135 221
135 222
136 133
136 134
136 135
136 137
136 138
136 139
136 183
136 184
136 185
136 186
136 187
136 219
136 221
136 222
137 132
137 133
137 134
137 135
137 136
137 138
137 139
137 140
137 181
137 182
137 183
137 184
137 185
137 186
138 131
138 132
138 133
138 134
138 135
138 136
138 137
138 139
138 140
138 141
138 180
138 181
138 182
138 183
138 184
138 185
139 129
139 130
139 131
139 132
139 133
139 134
139 136
139 137
139 138
139 140
139 141
139 179
139 180
139 181
139 182
139 183
139 184
140 128
140 129
140 130
140 131
140 132
140 133
140 137
140 138
140 139
140 141
140 142
140 143
140 159
140 179
140 180
140 181
140 182
140 183
140 195
140 196
140 197
141 127
141 128
141 129
141 130
141 131
141 132
141 138
141 139
141 140
141 142
141 143
141 157
141 159
141 175
141 176
141 177
141 178
141 179
141 180
141 181
141 182
141 197
142 126
142 127
142 128
142 129
142 130
142 131
142 140
142 141
142 143
142 144
142 155
142 156
142 157
142 158
142 159
142 175
142 176
142 177
142 178
142 179
142 180
142 181
142 197
142 198
142 199
143 126
143 127
143 128
143 129
143 130
143 140
143 141
143 142
143 144
143 145
143 146
143 177
143 178
143 386
144 35
144 36
144 124
144 125
144 126
144 127
144 128
144 129
144 142
144 143
144 145
144 146
144 147
144 155
144 177
144 199
145 35
145 36
145 125
145 126
145 127
145 128
145 143
145 144
145 146
145 147
145 148
146 35
146 36
146 37
146 124
146 125
146 143
146 144
146 145
146 147
146 148
146 149
146 150
147 35
147 36
147 37
147 84
147 85
147 144
147 145
147 146
147 148
147 149
147 150
147 151
148 84
148 85
148 145
148 146
148 147
148 149
148 150
148 151
148 388
149 84
149 85
149 86
149 87
149 89
149 90
149 91
149 146
149 147
149 148
149 150
149 151
149 152
150 36
150 37
150 84
150 85
150 90
150 91
150 92
150 118
150 119
150 146
150 147
150 148
150 149
150 151
150 152
150 153
151 90
151 91
151 92
151 118
151 119
151 147
151 148
151 149
151 150
151 152
151 153
151 154
152 119
152 149
152 150
152 151
152 153
152 154
152 155
153 119
153 150
153 151
153 152
153 154
153 155
153 156
153 177
153 201
153 202
153 203
154 151
154 152
154 153
154 155
154 156
154 176
154 177
154 200
154 201
154 202
154 203
155 124
155 127
155 142
155 144
155 152
155 153
155 154
155 156
155 157
155 175
155 176
155 177
155 178
155 199
155 200
155 201
155 202
155 203
156 127
156 142
156 153
156 154
156 155
156 157
156 158
156 174
156 175
156 176
156 177
156 178
156 179
156 198
156 199
156 200
156 201
156 202
156 208
157 126
157 127
157 141
157 142
157 155
157 156
157 158
157 159
157 172
157 173
157 174
157 175
157 176
157 177
157 179
157 180
157 181
157 197
157 198
157 199
157 200
157 201
157 208
157 209
157 211
158 127
158 142
158 156
158 157
158 159
158 160
158 171
158 172
158 173
158 174
158 175
158 176
158 181
158 196
158 197
158 198
158 199
158 200
158 208
158 211
159 127
159 129
159 140
159 141
159 142
159 157
159 158
159 160
159 161
159 169
159 170
159 171
159 172
159 173
159 174
159 175
159 181
159 183
159 195
159 196
159 197
159 198
159 199
159 211
159 212
160 158
160 159
160 161
160 162
160 168
160 169
160 170
160 171
160 172
160 173
160 194
160 195
160 196
160 197
160 198
160 211
160 212
160 214
161 159
161 160
161 162
161 163
161 164
161 168
161 169
161 170
161 171
161 172
161 183
161 193
161 194
161 195
161 196
161 197
161 214
161 215
161 216
162 160
162 161
162 163
162 164
162 165
162 166
162 167
162 168
162 169
162 170
162 171
162 192
162 193
162 194
162 195
162 196
162 214
162 216
163 161
163 162
163 164
163 165
163 166
163 167
163 168
163 169
163 170
163 191
163 192
163 193
163 194
163 195
163 216
163 217
163 218
164 161
164 162
164 163
164 165
164 166
164 167
164 169
164 191
164 192
164 193
164 194
164 195
164 216
164 217
164 218
165 162
165 163
165 164
165 166
165 167
165 168
165 192
165 193
165 194
166 162
166 163
166 164
166 165
166 167
166 168
166 169
166 193
166 194
167 162
167 163
167 164
167 165
167 166
167 168
167 169
168 160
168 161
168 162
168 163
168 165
168 166
168 167
168 169
168 170
168 171
169 159
169 160
169 161
169 162
169 163
169 164
169 166
169 167
169 168
169 170
169 171
169 172
169 194
169 195
169 196
170 159
170 160
170 161
170 162
170 163
170 168
170 169
170 171
170 172
170 173
170 195
171 158
171 159
171 160
171 161
171 162
171 168
171 169
171 170
171 172
171 173
171 174
171 196
171 197
172 157
172 158
172 159
172 160
172 161
172 169
172 170
172 171
172 173
172 174
172 175
172 181
172 182
172 183
172 197
173 157
173 158
173 159
173 160
173 170
173 171
173 172
173 174
173 175
173 176
173 181
174 156
174 157
174 158
174 159
174 171
174 172
174 173
174 175
174 176
174 177
174 181
174 198
174 199
174 200
175 141
175 142
175 155
175 156
175 157
175 158
175 159
175 172
175 173
175 174
175 176
175 177
175 178
175 179
175 180
175 181
175 199
175 200
176 141
176 142
176 154
176 155
176 156
176 157
176 158
176 173
176 174
176 175
176 177
176 178
176 179
176 180
176 181
176 199
176 200
177 127
177 141
177 142
177 143
177 144
177 153
177 154
177 155
177 156
177 157
177 174
177 175
177 176
177 178
177 179
177 180
177 199
177 200
178 141
178 142
178 143
178 155
178 156
178 175
178 176
178 177
178 179
178 180
178 181
179 139
179 140
179 141
179 142
179 156
179 157
179 175
179 176
179 177
179 178
179 180
179 181
179 182
180 129
180 130
180 131
180 132
180 138
180 139
180 140
180 141
180 142
180 157
180 175
180 176
180 177
180 178
180 179
180 181
180 182
180 183
181 131
181 137
181 138
181 139
181 140
181 141
181 142
181 157
181 158
181 159
181 172
181 173
181 174
181 175
181 176
181 178
181 179
181 180
181 182
181 183
181 184
182 132
182 133
182 137
182 138
182 139
182 140
182 141
182 172
182 179
182 180
182 181
182 183
182 184
182 185
183 133
183 136
183 137
183 138
183 139
183 140
183 159
183 161
183 172
183 180
183 181
183 182
183 184
183 185
183 186
184 133
184 135
184 136
184 137
184 138
184 139
184 181
184 182
184 183
184 185
184 186
184 187
185 133
185 135
185 136
185 137
185 138
185 182
185 183
185 184
185 186
185 187
185 188
185 219
185 221
186 136
186 137
186 183
186 184
186 185
186 187
186 188
186 189
186 219
186 221
187 135
187 136
187 184
187 185
187 186
187 188
187 189
187 190
187 219
187 220
187 221
187 222
187 223
187 224
188 185
188 186
188 187
188 189
188 190
188 191
188 219
188 220
188 221
188 223
189 186
189 187
189 188
189 190
189 191
189 192
189 218
189 219
189 220
189 221
189 223
190 187
190 188
190 189
190 191
190 192
190 193
190 217
190 218
190 219
190 220
190 221
190 222
190 223
191 163
191 164
191 188
191 189
191 190
191 192
191 193
191 194
191 217
191 218
191 219
191 220
192 162
192 163
192 164
192 165
192 189
192 190
192 191
192 193
192 194
192 216
192 217
192 218
192 219
192 220
193 161
193 162
193 163
193 164
193 165
193 166
193 190
193 191
193 192
193 194
193 195
193 214
193 215
193 216
193 217
193 218
193 219
194 160
194 161
194 162
194 163
194 164
194 165
194 166
194 169
194 191
194 192
194 193
194 195
194 196
194 213
194 214
194 215
194 216
194 217
194 218
195 129
195 131
195 140
195 159
195 160
195 161
195 162
195 163
195 164
195 169
195 170
195 193
195 194
195 196
195 197
195 211
195 212
195 213
195 214
195 215
195 216
195 217
196 126
196 127
196 128
196 129
196 140
196 158
196 159
196 160
196 161
196 162
196 169
196 171
196 194
196 195
196 197
196 198
196 210
196 211
196 212
196 213
196 214
196 215
196 216
197 126
197 127
197 128
197 129
197 140
197 141
197 142
197 157
197 158
197 159
197 160
197 161
197 171
197 172
197 195
197 196
197 198
197 199
197 200
197 209
197 210
197 211
197 212
197 213
197 214
197 215
198 124
198 125
198 126
198 127
198 128
198 129
198 142
198 156
198 157
198 158
198 159
198 160
198 174
198 196
198 197
198 199
198 200
198 201
198 208
198 209
198 210
198 211
198 212
198 213
199 123
199 124
199 125
199 126
199 127
199 142
199 144
199 155
199 156
199 157
199 158
199 159
199 174
199 175
199 176
199 177
199 197
199 198
199 200
199 201
199 202
199 207
199 208
199 209
199 210
199 211
199 212
200 123
200 124
200 125
200 126
200 127
200 154
200 155
200 156
200 157
200 158
200 174
200 175
200 176
200 177
200 197
200 198
200 199
200 201
200 202
200 206
200 207
200 208
200 209
200 210
201 119
201 120
201 122
201 123
201 124
201 125
201 153
201 154
201 155
201 156
201 157
201 198
201 199
201 200
201 202
201 203
201 204
201 205
201 206
201 207
201 208
201 209
202 119
202 120
202 153
202 154
202 155
202 156
202 199
202 200
202 201
202 203
202 204
202 205
202 206
202 207
202 208
203 119
203 120
203 121
203 153
203 154
203 155
203 201
203 202
203 204
203 205
203 206
203 207
204 119
204 120
204 201
204 202
204 203
204 205
204 206
204 207
205 120
205 121
205 201
205 202
205 203
205 204
205 206
205 207
205 208
206 120
206 200
206 201
206 202
206 203
206 204
206 205
206 207
206 208
207 120
207 121
207 122
207 123
207 124
207 199
207 200
207 201
207 202
207 203
207 204
207 205
207 206
207 208
207 209
208 123
208 124
208 125
208 126
208 156
208 157
208 158
208 198
208 199
208 200
208 201
208 202
208 205
208 206
208 207
208 209
208 210
208 211
209 34
209 35
209 123
209 124
209 125
209 126
209 127
209 157
209 197
209 198
209 199
209 200
209 201
209 207
209 208
209 210
209 211
209 212
210 35
210 123
210 124
210 125
210 126
210 127
210 196
210 197
210 198
210 199
210 200
210 208
210 209
210 211
210 212
210 213
211 125
211 126
211 127
211 157
211 158
211 159
211 160
211 195
211 196
211 197
211 198
211 199
211 208
211 209
211 210
211 212
211 213
211 214
212 125
212 126
212 127
212 128
212 129
212 159
212 160
212 195
212 196
212 197
212 198
212 199
212 209
212 210
212 211
212 213
212 214
212 215
213 126
213 127
213 128
213 129
213 194
213 195
213 196
213 197
213 198
213 210
213 211
213 212
213 214
213 215
213 216
214 129
214 160
214 161
214 162
214 193
214 194
214 195
214 196
214 197
214 211
214 212
214 213
214 215
214 216
214 217
215 128
215 129
215 130
215 131
215 161
215 193
215 194
215 195
215 196
215 197
215 212
215 213
215 214
215 216
215 217
216 161
216 162
216 163
216 164
216 192
216 193
216 194
216 195
216 196
216 213
216 214
216 215
216 217
216 218
216 219
217 163
217 164
217 190
217 191
217 192
217 193
217 194
217 195
217 214
217 215
217 216
217 218
217 219
217 220
218 163
218 164
218 189
218 190
218 191
218 192
218 193
218 194
218 216
218 217
218 219
218 220
218 221
219 133
219 136
219 185
219 186
219 187
219 188
219 189
219 190
219 191
219 192
219 193
219 216
219 217
219 218
219 220
219 221
219 222
220 187
220 188
220 189
220 190
220 191
220 192
220 217
220 218
220 219
220 221
220 222
220 223
221 133
221 135
221 136
221 185
221 186
221 187
221 188
221 189
221 190
221 218
221 219
221 220
221 222
221 223
221 224
222 135
222 136
222 187
222 190
222 219
222 220
222 221
222 223
222 224
222 225
223 187
223 188
223 189
223 190
223 220
223 221
223 222
223 224
223 225
223 226
224 187
224 221
224 222
224 223
224 225
224 226
224 227
224 228
224 229
225 222
225 223
225 224
225 226
225 227
225 228
225 229
225 230
226 223
226 224
226 225
226 227
226 228
226 229
226 230
226 231
227 224
227 225
227 226
227 228
227 229
227 230
227 231
227 232
227 233
228 224
228 225
228 226
228 227
228 229
228 230
228 231
228 232
228 233
229 224
229 225
229 226
229 227
229 228
229 230
229 231
229 232
229 233
229 234
230 225
230 226
230 227
230 228
230 229
230 231
230 232
230 233
230 234
230 235
230 236
231 226
231 227
231 228
231 229
231 230
231 232
231 233
231 234
231 235
231 236
231 237
232 227
232 228
232 229
232 230
232 231
232 233
232 234
232 235
232 236
232 237
232 238
233 227
233 228
233 229
233 230
233 231
233 232
233 234
233 235
233 236
233 237
233 238
233 239
234 229
234 230
234 231
234 232
234 233
234 235
234 236
234 237
234 238
234 239
234 240
235 230
235 231
235 232
235 233
235 234
235 236
235 237
235 238
235 239
235 240
235 241
236 230
236 231
236 232
236 233
236 234
236 235
236 237
236 238
236 239
236 240
236 241
236 242
237 231
237 232
237 233
237 234
237 235
237 236
237 238
237 239
237 240
237 241
237 242
237 243
238 232
238 233
238 234
238 235
238 236
238 237
238 239
238 240
238 241
238 242
238 243
238 244
239 233
239 234
239 235
239 236
239 237
239 238
239 240
239 241
239 242
239 243
239 244
239 245
240 234
240 235
240 236
240 237
240 238
240 239
240 241
240 242
240 243
240 244
240 245
240 246
241 235
241 236
241 237
241 238
241 239
241 240
241 242
241 243
241 244
241 245
241 246
241 247
242 236
242 237
242 238
242 239
242 240
242 241
242 243
242 244
242 245
242 246
242 247
242 248
243 237
243 238
243 239
243 240
243 241
243 242
243 244
243 245
243 246
243 247
243 248
243 249
244 238
244 239
244 240
244 241
244 242
244 243
244 245
244 246
244 247
244 248
244 249
244 250
245 239
245 240
245 241
245 242
245 243
245 244
245 246
245 247
245 248
245 249
245 250
245 251
246 240
246 241
246 242
246 243
246 244
246 245
246 247
246 248
246 249
246 250
246 251
246 252
247 241
247 242
247 243
247 244
247 245
247 246
247 248
247 249
247 250
247 251
247 252
247 253
248 242
248 243
248 244
248 245
248 246
248 247
248 249
248 250
248 251
248 252
248 253
248 254
249 243
249 244
249 245
249 246
249 247
249 248
249 250
249 251
249 252
249 253
249 254
250 244
250 245
250 246
250 247
250 248
250 249
250 251
250 252
250 253
250 254
250 255
251 245
251 246
251 247
251 248
251 249
251 250
251 252
251 253
251 254
251 255
251 256
251 257
252 246
252 247
252 248
252 249
252 250
252 251
252 253
252 254
252 255
252 256
252 257
252 258
253 247
253 248
253 249
253 250
253 251
253 252
253 254
253 255
253 256
253 257
253 258
254 248
254 249
254 250
254 251
254 252
254 253
254 255
254 256
254 257
254 258
255 250
255 251
255 252
255 253
255 254
255 256
255 257
255 258
255 259
255 260
256 251
256 252
256 253
256 254
256 255
256 257
256 258
256 259
256 260
257 251
257 252
257 253
257 254
257 255
257 256
257 258
257 259
257 260
258 252
258 253
258 254
258 255
258 256
258 257
258 259
258 260
258 261
259 255
259 256
259 257
259 258
259 260
259 261
259 262
260 255
260 256
260 257
260 258
260 259
260 261
260 262
260 263
261 258
261 259
261 260
261 262
261 263
261 264
262 259
262 260
262 261
262 263
262 264
262 265
262 266
262 267
263 260
263 261
263 262
263 264
263 265
263 266
263 267
264 261
264 262
264 263
264 265
264 266
264 267
264 268
265 262
265 263
265 264
265 266
265 267
265 268
266 262
266 263
266 264
266 265
266 267
266 268
266 269
267 262
267 263
267 264
267 265
267 266
267 268
267 269
267 270
267 271
268 264
268 265
268 266
268 267
268 269
268 270
268 271
268 272
269 266
269 267
269 268
269 270
269 271
269 272
270 267
270 268
270 269
270 271
270 272
270 273
271 267
271 268
271 269
271 270
271 272
271 273
271 274
272 268
272 269
272 270
272 271
272 273
272 274
272 275
273 270
273 271
273 272
273 274
273 275
273 276
274 271
274 272
274 273
274 275
274 276
274 277
275 272
275 273
275 274
275 276
275 277
275 278
276 273
276 274
276 275
276 277
276 278
276 279
277 274
277 275
277 276
277 278
277 279
277 280
278 275
278 276
278 277
278 279
278 280
278 281
279 276
279 277
279 278
279 280
279 281
279 282
280 277
280 278
280 279
280 281
280 282
280 283
281 278
281 279
281 280
281 282
281 283
281 284
282 279
282 280
282 281
282 283
282 284
283 280
283 281
283 282
283 284
283 285
283 286
284 281
284 282
284 283
284 285
284 286
284 287
285 283
285 284
285 286
285 287
285 288
286 283
286 284
286 285
286 287
286 288
286 289
287 284
287 285
287 286
287 288
287 289
287 290
288 285
288 286
288 287
288 289
288 290
288 291
289 286
289 287
289 288
289 290
289 291
289 292
290 287
290 288
290 289
290 291
290 292
290 293
291 288
291 289
291 290
291 292
291 293
291 294
292 289
292 290
292 291
292 293
292 294
292 295
293 290
293 291
293 292
293 294
293 295
293 296
294 291
294 292
294 293
294 295
294 296
294 297
295 292
295 293
295 294
295 296
295 297
295 298
296 293
296 294
296 295
296 297
296 298
296 299
297 294
297 295
297 296
297 298
297 299
297 300
298 295
298 296
298 297
298 299
298 300
298 301
299 296
299 297
299 298
299 300
299 301
300 297
300 298
300 299
300 301
300 302
300 303
301 298
301 299
301 300
301 302
301 303
302 300
302 301
302 303
302 304
303 300
303 301
303 302
303 304
303 305
304 302
304 303
304 305
304 306
305 303
305 304
305 306
305 307
306 304
306 305
306 307
306 308
306 309
307 305
307 306
307 308
307 309
308 306
308 307
308 309
308 310
309 306
309 307
309 308
309 310
309 311
310 308
310 309
310 311
310 312
311 309
311 310
311 312
311 313
312 310
312 311
312 313
312 314
313 311
313 312
313 314
313 315
314 312
314 313
314 315
314 316
315 313
315 314
315 316
315 317
316 314
316 315
316 317
316 318
317 315
317 316
317 318
317 319
318 316
318 317
318 319
318 320
319 317
319 318
319 320
319 321
320 318
320 319
320 321
320 322
321 319
321 320
321 322
321 323
322 320
322 321
322 323
322 324
323 321
323 322
323 324
323 325
324 322
324 323
324 325
324 326
325 323
325 324
325 326
325 327
326 324
326 325
326 327
326 328
327 325
327 326
327 328
327 329
328 326
328 327
328 329
328 330
329 327
329 328
329 330
329 331
330 328
330 329
330 331
330 332
331 329
331 330
331 332
331 333
332 330
332 331
332 333
332 334
333 331
333 332
333 334
333 335
334 332
334 333
334 335
334 336
334 337
335 333
335 334
335 336
335 337
336 334
336 335
336 337
336 338
337 334
337 335
337 336
337 338
337 339
338 336
338 337
338 339
338 340
339 337
339 338
339 340
339 341
339 342
340 338
340 339
340 341
340 342
341 339
341 340
341 342
341 343
342 339
342 340
342 341
342 343
342 344
342 345
343 341
343 342
343 344
343 345
343 346
344 342
344 343
344 345
344 346
344 347
345 342
345 343
345 344
345 346
345 347
345 348
346 343
346 344
346 345
346 347
346 348
346 349
347 344
347 345
347 346
347 348
347 349
348 345
348 346
348 347
348 349
348 350
348 351
349 346
349 347
349 348
349 350
349 351
349 352
350 348
350 349
350 351
350 352
350 353
351 348
351 349
351 350
351 352
351 353
352 349
352 350
352 351
352 353
352 354
353 350
353 351
353 352
353 354
353 355
353 356
354 352
354 353
354 355
354 356
354 357
355 353
355 354
355 356
355 357
355 358
356 353
356 354
356 355
356 357
356 358
357 354
357 355
357 356
357 358
357 359
358 355
358 356
358 357
358 359
358 360
359 357
359 358
359 360
359 361
360 358
360 359
360 361
360 362
361 359
361 360
361 362
361 363
362 360
362 361
362 363
362 364
363 361
363 362
363 364
363 365
364 362
364 363
364 365
364 366
365 363
365 364
365 366
365 367
366 364
366 365
366 367
366 368
367 365
367 366
367 368
367 369
368 366
368 367
368 369
368 370
369 367
369 368
369 370
369 371
370 368
370 369
370 371
370 372
371 369
371 370
371 372
371 373
372 370
372 371
372 373
372 374
373 371
373 372
373 374
373 375
374 372
374 373
374 375
374 376
375 373
375 374
375 376
375 377
376 374
376 375
376 377
376 378
377 375
377 376
377 378
377 379
378 376
378 377
378 379
378 380
379 377
379 378
379 380
379 381
380 378
380 379
380 381
380 382
381 379
381 380
381 382
381 383
382 380
382 381
382 383
382 384
382 385
383 381
383 382
383 384
383 385
383 386
384 382
384 383
384 385
384 386
384 387
385 382
385 383
385 384
385 386
385 387
385 388
386 143
386 383
386 384
386 385
386 387
386 388
386 389
387 384
387 385
387 386
387 388
387 389
387 390
388 148
388 385
388 386
388 387
388 389
388 390
388 391
389 386
389 387
389 388
389 390
389 391
389 392
390 387
390 388
390 389
390 391
390 392
390 393
391 388
391 389
391 390
391 392
391 393
391 394
392 389
392 390
392 391
392 393
392 394
392 395
393 390
393 391
393 392
393 394
393 395
393 396
394 391
394 392
394 393
394 395
394 396
394 397
395 392
395 393
395 394
395 396
395 397
395 398
396 393
396 394
396 395
396 397
396 398
396 399
397 394
397 395
397 396
397 398
397 399
397 400
398 395
398 396
398 397
398 399
398 400
398 401
399 396
399 397
399 398
399 400
399 401
399 402
400 397
400 398
400 399
400 401
400 402
400 403
401 398
401 399
401 400
401 402
401 403
402 399
402 400
402 401
402 403
402 404
403 400
403 401
403 402
403 404
403 405
404 402
404 403
404 405
404 406
404 407
405 403
405 404
405 406
405 407
406 404
406 405
406 407
406 408
407 404
407 405
407 406
407 408
407 409
408 406
408 407
408 409
408 410
409 407
409 408
409 410
409 411
410 408
410 409
410 411
410 412
411 409
411 410
411 412
411 413
412 410
412 411
412 413
412 414
412 415
413 411
413 412
413 414
413 415
414 412
414 413
414 415
414 416
415 412
415 413
415 414
415 416
415 417
416 414
416 415
416 417
416 418
417 415
417 416
417 418
417 419
418 416
418 417
418 419
418 420
418 421
419 417
419 418
419 420
419 421
419 422
420 418
420 419
420 421
420 422
420 423
421 418
421 419
421 420
421 422
421 423
422 419
422 420
422 421
422 423
422 424
422 425
423 420
423 421
423 422
423 424
423 425
423 426
424 422
424 423
424 425
424 426
424 427
425 422
425 423
425 424
425 426
425 427
425 428
426 423
426 424
426 425
426 427
426 428
426 429
427 424
427 425
427 426
427 428
427 429
427 430
428 425
428 426
428 427
428 429
428 430
428 431
429 426
429 427
429 428
429 430
429 431
429 432
430 427
430 428
430 429
430 431
430 432
430 433
431 428
431 429
431 430
431 432
431 433
431 434
432 429
432 430
432 431
432 433
432 434
432 435
433 430
433 431
433 432
433 434
433 435
433 436
434 431
434 432
434 433
434 435
434 436
434 437
435 432
435 433
435 434
435 436
435 437
435 438
436 433
436 434
436 435
436 437
436 438
436 439
437 434
437 435
437 436
437 438
437 439
437 440
438 435
438 436
438 437
438 439
438 440
438 441
439 436
439 437
439 438
439 440
439 441
439 442
440 437
440 438
440 439
440 441
440 442
440 443
441 438
441 439
441 440
441 442
441 443
441 444
442 439
442 440
442 441
442 443
442 444
442 445
442 446
443 440
443 441
443 442
443 444
443 445
443 446
443 447
444 441
444 442
444 443
444 445
444 446
444 447
444 448
445 442
445 443
445 444
445 446
445 447
445 448
446 442
446 443
446 444
446 445
446 447
446 448
446 449
447 79
447 443
447 444
447 445
447 446
447 448
447 449
447 450
448 444
448 445
448 446
448 447
448 449
448 450
448 451
449 446
449 447
449 448
449 450
449 451
449 452
450 447
450 448
450 449
450 451
450 452
450 453
451 448
451 449
451 450
451 452
451 453
451 454
452 449
452 450
452 451
452 453
452 454
452 455
453 450
453 451
453 452
453 454
453 455
453 456
454 451
454 452
454 453
454 455
454 456
455 452
455 453
455 454
455 456
455 457
455 458
456 453
456 454
456 455
456 457
456 458
456 459
457 455
457 456
457 458
457 459
458 455
458 456
458 457
458 459
458 460
458 461
459 456
459 457
459 458
459 460
459 461
459 462
460 458
460 459
460 461
460 462
461 458
461 459
461 460
461 462
461 463
461 464
462 459
462 460
462 461
462 463
462 464
463 461
463 462
463 464
463 465
464 461
464 462
464 463
464 465
464 466
464 467
465 463
465 464
465 466
465 467
466 464
466 465
466 467
466 468
467 464
467 465
467 466
467 468
467 469
467 470
468 466
468 467
468 469
468 470
468 471
469 467
469 468
469 470
469 471
469 472
470 467
470 468
470 469
470 471
470 472
470 473
471 468
471 469
471 470
471 472
471 473
471 474
472 469
472 470
472 471
472 473
472 474
472 475
473 470
473 471
473 472
473 474
473 475
473 476
474 471
474 472
474 473
474 475
474 476
474 477
475 472
475 473
475 474
475 476
475 477
475 478
476 473
476 474
476 475
476 477
476 478
476 479
477 474
477 475
477 476
477 478
477 479
477 480
478 475
478 476
478 477
478 479
478 480
478 481
479 476
479 477
479 478
479 480
479 481
479 482
480 477
480 478
480 479
480 481
480 482
481 478
481 479
481 480
481 482
481 483
482 479
482 480
482 481
482 483
482 484
482 485
483 481
483 482
483 484
483 485
484 482
484 483
484 485
484 486
484 487
485 482
485 483
485 484
485 486
485 487
486 484
486 485
486 487
486 488
486 489
487 484
487 485
487 486
487 488
487 489
488 486
488 487
488 489
488 490
489 486
489 487
489 488
489 490
489 491
489 492
490 488
490 489
490 491
490 492
491 489
491 490
491 492
491 493
492 489
492 490
492 491
492 493
492 494
492 495
493 491
493 492
493 494
493 495
494 492
494 493
494 495
494 496
495 492
495 493
495 494
495 496
495 497
496 494
496 495
496 497
496 498
497 495
497 496
497 498
497 499
498 496
498 497
498 499
498 500
499 497
499 498
499 500
499 501
500 498
500 499
500 501
500 502
501 499
501 500
501 502
501 503
502 500
502 501
502 503
502 504
503 501
503 502
503 504
503 505
504 502
504 503
504 505
504 506
505 503
505 504
505 506
505 507
506 504
506 505
506 507
506 508
507 505
507 506
507 508
507 509
507 510
508 506
508 507
508 509
508 510
509 507
509 508
509 510
509 511
510 507
510 508
510 509
510 511
510 512
510 513
511 509
511 510
511 512
511 513
511 514
512 510
512 511
512 513
512 514
513 510
513 511
513 512
513 514
513 515
514 511
514 512
514 513
514 515
514 516
515 513
515 514
515 516
515 517
516 514
516 515
516 517
516 518
517 515
517 516
517 518
517 519
518 516
518 517
518 519
519 517
519 518
