0 1
0 2
0 3
0 551
0 552
0 553
0 554
1 0
1 2
1 3
1 4
1 552
2 0
2 1
2 3
2 4
2 5
2 53
2 54
2 57
3 0
3 1
3 2
3 4
3 5
3 6
3 51
3 52
3 53
3 54
3 55
3 56
3 57
3 58
4 1
4 2
4 3
4 5
4 6
4 7
4 51
4 53
4 54
5 2
5 3
5 4
5 6
5 7
5 8
5 9
5 11
5 12
5 15
5 16
5 51
5 53
5 54
5 55
5 58
6 3
6 4
6 5
6 7
6 8
6 9
6 10
6 11
6 12
6 13
6 15
6 50
6 51
6 54
7 4
7 5
7 6
7 8
7 9
7 10
7 11
7 12
8 5
8 6
8 7
8 9
8 10
8 11
8 12
8 13
8 14
9 5
9 6
9 7
9 8
9 10
9 11
9 12
9 13
9 14
9 15
10 6
10 7
10 8
10 9
10 11
10 12
10 13
10 14
10 15
10 16
10 42
11 5
11 6
11 7
11 8
11 9
11 10
11 12
11 13
11 14
11 15
11 16
11 17
11 41
11 42
11 43
11 45
11 51
12 5
12 6
12 7
12 8
12 9
12 10
12 11
12 13
12 14
12 15
12 16
12 17
12 18
12 42
12 51
12 54
12 55
13 6
13 8
13 9
13 10
13 11
13 12
13 14
13 15
13 16
13 17
13 18
13 19
14 8
14 9
14 10
14 11
14 12
14 13
14 15
14 16
14 17
14 18
14 19
14 42
14 43
14 55
15 5
15 6
15 9
15 10
15 11
15 12
15 13
15 14
15 16
15 17
15 18
15 19
15 20
15 21
15 42
15 43
15 45
15 46
15 51
15 52
15 54
15 55
15 56
15 58
15 59
16 5
16 10
16 11
16 12
16 13
16 14
16 15
16 17
16 18
16 19
16 20
16 21
16 54
16 55
16 58
16 59
16 62
17 11
17 12
17 13
17 14
17 15
17 16
17 18
17 19
17 20
17 21
17 22
17 23
17 55
17 58
17 59
18 12
18 13
18 14
18 15
18 16
18 17
18 19
18 20
18 21
18 22
18 23
18 24
18 29
18 30
18 33
18 43
18 55
18 58
18 59
19 13
19 14
19 15
19 16
19 17
19 18
19 20
19 21
19 22
19 23
19 24
19 30
19 54
19 55
19 56
19 57
19 58
19 59
19 60
19 61
19 62
19 63
20 15
20 16
20 17
20 18
20 19
20 21
20 22
20 23
20 24
20 25
20 26
20 55
20 58
20 59
20 60
20 61
20 62
20 63
20 66
21 15
21 16
21 17
21 18
21 19
21 20
21 22
21 23
21 24
21 25
21 26
21 27
21 29
21 30
21 59
21 62
22 17
22 18
22 19
22 20
22 21
22 23
22 24
22 25
22 26
22 27
22 28
22 29
22 30
22 31
22 33
22 59
22 62
22 63
23 17
23 18
23 19
23 20
23 21
23 22
23 24
23 25
23 26
23 27
23 29
23 30
23 58
23 59
23 60
23 61
23 62
23 63
23 64
23 65
23 66
23 67
24 18
24 19
24 20
24 21
24 22
24 23
24 25
24 26
24 27
24 29
24 59
24 62
24 63
24 66
25 20
25 21
25 22
25 23
25 24
25 26
25 27
25 28
25 29
25 30
26 20
26 21
26 22
26 23
26 24
26 25
26 27
26 28
26 29
26 30
26 31
26 63
27 21
27 22
27 23
27 24
27 25
27 26
27 28
27 29
27 30
27 31
27 32
27 33
28 22
28 25
28 26
28 27
28 29
28 30
28 31
28 32
28 33
28 34
29 18
29 21
29 22
29 23
29 24
29 25
29 26
29 27
29 28
29 30
29 31
29 32
29 33
29 34
30 18
30 19
30 21
30 22
30 23
30 25
30 26
30 27
30 28
30 29
30 31
30 32
30 33
30 34
30 35
30 36
30 46
31 22
31 26
31 27
31 28
31 29
31 30
31 32
31 33
31 34
31 35
31 36
31 46
32 27
32 28
32 29
32 30
32 31
32 33
32 34
32 35
32 36
32 37
33 18
33 22
33 27
33 28
33 29
33 30
33 31
33 32
33 34
33 35
33 36
33 37
33 38
33 43
33 46
34 28
34 29
34 30
34 31
34 32
34 33
34 35
34 36
34 37
34 38
34 39
34 40
34 43
34 44
34 45
34 46
34 47
35 30
35 31
35 32
35 33
35 34
35 36
35 37
35 38
35 39
36 30
36 31
36 32
36 33
36 34
36 35
36 37
36 38
36 39
36 40
36 43
37 32
37 33
37 34
37 35
37 36
37 38
37 39
37 40
37 41
37 42
37 43
37 44
37 46
38 33
38 34
38 35
38 36
38 37
38 39
38 40
38 41
38 42
38 43
38 44
38 46
38 47
39 34
39 35
39 36
39 37
39 38
39 40
39 41
39 42
39 43
39 44
40 34
40 36
40 37
40 38
40 39
40 41
40 42
40 43
40 44
41 11
41 37
41 38
41 39
41 40
41 42
41 43
41 44
41 45
41 49
42 10
42 11
42 12
42 14
42 15
42 37
42 38
42 39
42 40
42 41
42 43
42 44
42 45
42 46
43 11
43 14
43 15
43 18
43 33
43 34
43 36
43 37
43 38
43 39
43 40
43 41
43 42
43 44
43 45
43 46
43 47
43 48
43 49
43 50
43 52
44 34
44 37
44 38
44 39
44 40
44 41
44 42
44 43
44 45
44 46
44 47
44 48
44 49
44 50
44 51
44 52
45 11
45 15
45 34
45 41
45 42
45 43
45 44
45 46
45 47
45 48
45 49
45 50
45 51
45 52
45 53
45 54
45 55
45 56
46 15
46 30
46 31
46 33
46 34
46 37
46 38
46 42
46 43
46 44
46 45
46 47
46 48
46 49
46 50
46 51
46 52
46 53
46 55
46 56
47 34
47 38
47 43
47 44
47 45
47 46
47 48
47 49
47 50
47 52
48 43
48 44
48 45
48 46
48 47
48 49
48 50
48 51
48 52
48 53
49 41
49 43
49 44
49 45
49 46
49 47
49 48
49 50
49 51
49 52
49 53
50 6
50 43
50 44
50 45
50 46
50 47
50 48
50 49
50 51
50 52
50 53
50 54
50 55
51 3
51 4
51 5
51 6
51 11
51 12
51 15
51 44
51 45
51 46
51 48
51 49
51 50
51 52
51 53
51 54
51 55
51 56
51 57
52 3
52 15
52 43
52 44
52 45
52 46
52 47
52 48
52 49
52 50
52 51
52 53
52 54
52 55
52 56
52 57
52 58
53 2
53 3
53 4
53 5
53 45
53 46
53 48
53 49
53 50
53 51
53 52
53 54
53 55
53 56
53 57
53 58
53 59
54 2
54 3
54 4
54 5
54 6
54 12
54 15
54 16
54 19
54 45
54 50
54 51
54 52
54 53
54 55
54 56
54 57
54 58
54 59
54 60
55 3
55 5
55 12
55 14
55 15
55 16
55 17
55 18
55 19
55 20
55 45
55 46
55 50
55 51
55 52
55 53
55 54
55 56
55 57
55 58
55 59
55 60
55 61
56 3
56 15
56 19
56 45
56 46
56 51
56 52
56 53
56 54
56 55
56 57
56 58
56 59
56 60
56 61
56 62
57 2
57 3
57 19
57 51
57 52
57 53
57 54
57 55
57 56
57 58
57 59
57 60
57 61
57 62
58 3
58 5
58 15
58 16
58 17
58 18
58 19
58 20
58 23
58 52
58 53
58 54
58 55
58 56
58 57
58 59
58 60
58 61
58 62
58 63
58 64
59 15
59 16
59 17
59 18
59 19
59 20
59 21
59 22
59 23
59 24
59 53
59 54
59 55
59 56
59 57
59 58
59 60
59 61
59 62
59 63
59 64
59 65
60 19
60 20
60 23
60 54
60 55
60 56
60 57
60 58
60 59
60 61
60 62
60 63
60 64
60 65
60 66
61 19
61 20
61 23
61 55
61 56
61 57
61 58
61 59
61 60
61 62
61 63
61 64
61 65
61 66
61 67
62 16
62 19
62 20
62 21
62 22
62 23
62 24
62 56
62 57
62 58
62 59
62 60
62 61
62 63
62 64
62 65
62 66
62 67
62 68
63 19
63 20
63 22
63 23
63 24
63 26
63 58
63 59
63 60
63 61
63 62
63 64
63 65
63 66
63 67
63 68
63 69
64 23
64 58
64 59
64 60
64 61
64 62
64 63
64 65
64 66
64 67
64 68
64 69
64 70
65 23
65 59
65 60
65 61
65 62
65 63
65 64
65 66
65 67
65 68
65 69
65 70
65 71
66 20
66 23
66 24
66 60
66 61
66 62
66 63
66 64
66 65
66 67
66 68
66 69
66 70
66 71
67 23
67 61
67 62
67 63
67 64
67 65
67 66
67 68
67 69
67 70
67 71
67 72
68 62
68 63
68 64
68 65
68 66
68 67
68 69
68 70
68 71
68 72
68 73
69 63
69 64
69 65
69 66
69 67
69 68
69 70
69 71
69 72
70 64
70 65
70 66
70 67
70 68
70 69
70 71
70 72
70 73
71 65
71 66
71 67
71 68
71 69
71 70
71 72
71 73
71 74
72 67
72 68
72 69
72 70
72 71
72 73
72 74
72 75
73 68
73 70
73 71
73 72
73 74
73 75
73 76
74 71
74 72
74 73
74 75
74 76
74 77
75 72
75 73
75 74
75 76
75 77
75 78
76 73
76 74
76 75
76 77
76 78
76 79
77 74
77 75
77 76
77 78
77 79
77 80
78 75
78 76
78 77
78 79
78 80
78 81
79 76
79 77
79 78
79 80
79 81
80 77
80 78
80 79
80 81
80 82
81 78
81 79
81 80
81 82
81 83
81 84
82 80
82 81
82 83
82 84
82 85
83 81
83 82
83 84
83 85
83 86
84 81
84 82
84 83
84 85
84 86
84 87
85 82
85 83
85 84
85 86
85 87
85 88
86 83
86 84
86 85
86 87
86 88
86 89
87 84
87 85
87 86
87 88
87 89
87 90
88 85
88 86
88 87
88 89
88 90
89 86
89 87
89 88
89 90
89 91
89 92
90 87
90 88
90 89
90 91
90 92
90 93
91 89
91 90
91 92
91 93
91 94
92 89
92 90
92 91
92 93
92 94
92 95
93 90
93 91
93 92
93 94
93 95
93 96
94 91
94 92
94 93
94 95
94 96
94 97
95 92
95 93
95 94
95 96
95 97
95 98
96 93
96 94
96 95
96 97
96 98
96 99
97 94
97 95
97 96
97 98
97 99
97 100
98 95
98 96
98 97
98 99
98 100
98 101
99 96
99 97
99 98
99 100
99 101
99 102
100 97
100 98
100 99
100 101
100 102
100 103
101 98
101 99
101 100
101 102
101 103
101 104
102 99
102 100
102 101
102 103
102 104
102 105
102 106
102 107
103 100
103 101
103 102
103 104
103 105
103 106
103 107
103 108
103 109
104 101
104 102
104 103
104 105
104 106
104 107
104 108
104 109
104 324
104 327
104 328
104 330
104 331
105 102
105 103
105 104
105 106
105 107
105 108
105 109
105 110
105 111
105 324
105 327
106 102
106 103
106 104
106 105
106 107
106 108
106 109
106 110
106 111
106 112
107 102
107 103
107 104
107 105
107 106
107 108
107 109
107 110
107 111
107 112
107 113
107 323
107 324
107 327
108 103
108 104
108 105
108 106
108 107
108 109
108 110
108 111
108 112
108 113
108 114
108 320
108 321
108 323
108 324
108 327
108 328
109 103
109 104
109 105
109 106
109 107
109 108
109 110
109 111
109 112
109 113
109 114
109 115
109 324
110 105
110 106
110 107
110 108
110 109
110 111
110 112
110 113
110 114
110 115
110 116
111 105
111 106
111 107
111 108
111 109
111 110
111 112
111 113
111 114
111 115
111 116
111 319
111 320
111 321
111 323
111 324
112 106
112 107
112 108
112 109
112 110
112 111
112 113
112 114
112 115
112 116
112 117
112 118
112 317
112 320
112 321
112 324
113 107
113 108
113 109
113 110
113 111
113 112
113 114
113 115
113 116
113 117
113 118
113 119
114 108
114 109
114 110
114 111
114 112
114 113
114 115
114 116
114 117
114 118
114 119
114 120
114 316
114 320
115 109
115 110
115 111
115 112
115 113
115 114
115 116
115 117
115 118
115 119
115 120
115 121
115 313
115 316
115 317
115 319
115 320
116 110
116 111
116 112
116 113
116 114
116 115
116 117
116 118
116 119
116 120
116 121
116 122
116 316
116 317
117 112
117 113
117 114
117 115
117 116
117 118
117 119
117 120
117 121
117 122
117 123
118 112
118 113
118 114
118 115
118 116
118 117
118 119
118 120
118 121
118 122
118 123
118 124
118 313
118 316
119 113
119 114
119 115
119 116
119 117
119 118
119 120
119 121
119 122
119 123
119 124
119 125
119 309
119 310
119 312
119 313
119 314
119 316
119 317
120 114
120 115
120 116
120 117
120 118
120 119
120 121
120 122
120 123
120 124
120 125
120 126
120 313
121 115
121 116
121 117
121 118
121 119
121 120
121 122
121 123
121 124
121 125
121 126
122 116
122 117
122 118
122 119
122 120
122 121
122 123
122 124
122 125
122 126
122 127
122 128
122 309
122 310
122 312
122 313
123 117
123 118
123 119
123 120
123 121
123 122
123 124
123 125
123 126
123 127
123 128
123 129
123 306
123 309
123 310
123 313
124 118
124 119
124 120
124 121
124 122
124 123
124 125
124 126
124 127
124 128
124 129
124 130
125 119
125 120
125 121
125 122
125 123
125 124
125 126
125 127
125 128
125 129
125 130
125 131
125 309
126 120
126 121
126 122
126 123
126 124
126 125
126 127
126 128
126 129
126 130
126 131
126 132
126 302
126 305
126 306
126 307
126 308
126 309
126 310
127 122
127 123
127 124
127 125
127 126
127 128
127 129
127 130
127 131
127 132
127 133
127 305
127 306
127 309
128 122
128 123
128 124
128 125
128 126
128 127
128 129
128 130
128 131
128 132
128 133
128 134
129 123
129 124
129 125
129 126
129 127
129 128
129 130
129 131
129 132
129 133
129 134
129 135
129 302
129 305
129 306
129 309
130 124
130 125
130 126
130 127
130 128
130 129
130 131
130 132
130 133
130 134
130 135
130 136
130 295
130 298
130 299
130 301
130 302
130 303
130 304
130 305
130 306
131 125
131 126
131 127
131 128
131 129
131 130
131 132
131 133
131 134
131 135
131 136
131 137
131 291
131 294
131 295
131 302
132 126
132 127
132 128
132 129
132 130
132 131
132 133
132 134
132 135
132 136
132 137
132 138
132 302
133 127
133 128
133 129
133 130
133 131
133 132
133 134
133 135
133 136
133 137
133 138
133 139
133 295
133 298
133 301
133 302
133 305
134 128
134 129
134 130
134 131
134 132
134 133
134 135
134 136
134 137
134 138
134 139
134 140
134 291
134 294
134 295
134 296
134 297
134 298
134 299
134 301
134 302
135 129
135 130
135 131
135 132
135 133
135 134
135 136
135 137
135 138
135 139
135 140
135 141
135 294
135 298
136 130
136 131
136 132
136 133
136 134
136 135
136 137
136 138
136 139
136 140
136 141
136 142
136 301
137 131
137 132
137 133
137 134
137 135
137 136
137 138
137 139
137 140
137 141
137 142
137 143
137 294
137 297
137 298
137 300
137 301
137 302
138 132
138 133
138 134
138 135
138 136
138 137
138 139
138 140
138 141
138 142
138 143
138 144
138 194
138 294
138 297
138 298
139 133
139 134
139 135
139 136
139 137
139 138
139 140
139 141
139 142
139 143
139 144
139 145
139 194
139 198
140 134
140 135
140 136
140 137
140 138
140 139
140 141
140 142
140 143
140 144
140 145
140 146
141 135
141 136
141 137
141 138
141 139
141 140
141 142
141 143
141 144
141 145
141 146
141 147
141 191
141 194
142 136
142 137
142 138
142 139
142 140
142 141
142 143
142 144
142 145
142 146
142 147
142 148
142 187
142 190
142 191
142 192
142 194
142 195
143 137
143 138
143 139
143 140
143 141
143 142
143 144
143 145
143 146
143 147
143 148
143 191
144 138
144 139
144 140
144 141
144 142
144 143
144 145
144 146
144 147
144 148
144 149
144 150
144 187
144 191
145 139
145 140
145 141
145 142
145 143
145 144
145 146
145 147
145 148
145 149
145 150
145 151
145 187
145 188
145 189
145 190
145 191
145 192
145 194
146 140
146 141
146 142
146 143
146 144
146 145
146 147
146 148
146 149
146 150
146 151
146 152
146 153
146 187
146 188
146 191
146 192
147 141
147 142
147 143
147 144
147 145
147 146
147 148
147 149
147 150
147 151
148 142
148 143
148 144
148 145
148 146
148 147
148 149
148 150
148 151
148 187
148 188
148 191
149 144
149 145
149 146
149 147
149 148
149 150
149 151
149 152
149 182
149 184
149 185
149 186
149 187
149 188
149 189
149 191
150 144
150 145
150 146
150 147
150 148
150 149
150 151
150 152
150 153
150 188
151 145
151 146
151 147
151 148
151 149
151 150
151 152
151 153
151 154
151 155
151 156
151 182
151 188
151 191
151 192
152 146
152 149
152 150
152 151
152 153
152 154
152 155
152 156
152 157
153 146
153 150
153 151
153 152
153 154
153 155
153 156
153 157
153 158
153 159
153 191
153 192
153 195
154 151
154 152
154 153
154 155
154 156
154 157
154 158
154 159
154 160
155 151
155 152
155 153
155 154
155 156
155 157
155 158
155 159
155 160
155 178
156 151
156 152
156 153
156 154
156 155
156 157
156 158
156 159
156 160
156 161
156 175
156 178
156 179
156 192
156 195
156 196
157 152
157 153
157 154
157 155
157 156
157 158
157 159
157 160
157 161
157 162
157 163
157 164
157 175
157 195
157 196
157 199
158 153
158 154
158 155
158 156
158 157
158 159
158 160
158 161
158 162
158 163
158 175
159 153
159 154
159 155
159 156
159 157
159 158
159 160
159 161
159 162
159 163
159 164
159 171
159 172
159 174
159 175
159 176
159 178
160 154
160 155
160 156
160 157
160 158
160 159
160 161
160 162
160 163
160 164
160 165
160 167
160 171
160 172
160 174
160 175
160 176
160 196
160 199
160 209
160 212
160 213
160 216
161 156
161 157
161 158
161 159
161 160
161 162
161 163
161 164
161 165
161 166
161 167
161 171
161 175
161 209
161 213
162 157
162 158
162 159
162 160
162 161
162 163
162 164
162 165
162 166
162 167
162 168
162 170
162 171
162 172
162 174
162 175
162 212
163 157
163 158
163 159
163 160
163 161
163 162
163 164
163 165
163 166
163 167
163 168
163 169
163 170
163 171
163 172
163 173
163 174
163 175
163 208
163 209
163 212
163 213
163 215
163 216
164 157
164 159
164 160
164 161
164 162
164 163
164 165
164 166
164 167
164 168
164 171
164 172
164 206
164 208
164 209
164 210
164 211
164 212
164 213
164 216
165 160
165 161
165 162
165 163
165 164
165 166
165 167
165 168
165 171
165 208
165 209
165 212
166 161
166 162
166 163
166 164
166 165
166 167
166 168
166 169
166 170
166 171
166 172
166 208
166 209
166 212
167 160
167 161
167 162
167 163
167 164
167 165
167 166
167 168
167 169
167 170
167 171
167 172
167 208
167 209
167 211
167 212
167 213
167 215
167 216
168 162
168 163
168 164
168 165
168 166
168 167
168 169
168 170
168 171
168 172
168 173
168 174
168 212
169 163
169 166
169 167
169 168
169 170
169 171
169 172
169 173
169 174
169 215
169 216
169 219
170 162
170 163
170 166
170 167
170 168
170 169
170 171
170 172
170 173
170 174
170 175
170 176
171 159
171 160
171 161
171 162
171 163
171 164
171 165
171 166
171 167
171 168
171 169
171 170
171 172
171 173
171 174
171 175
171 176
171 177
171 216
172 159
172 160
172 162
172 163
172 164
172 166
172 167
172 168
172 169
172 170
172 171
172 173
172 174
172 175
172 176
172 177
172 212
172 213
172 215
172 216
172 217
172 218
172 219
172 220
173 163
173 168
173 169
173 170
173 171
173 172
173 174
173 175
173 176
173 177
173 178
173 179
173 216
173 219
173 220
174 159
174 160
174 162
174 163
174 168
174 169
174 170
174 171
174 172
174 173
174 175
174 176
174 177
174 178
174 179
174 180
174 216
175 156
175 157
175 158
175 159
175 160
175 161
175 162
175 163
175 170
175 171
175 172
175 173
175 174
175 176
175 177
175 178
175 179
175 180
175 213
175 216
175 217
175 219
175 220
176 159
176 160
176 170
176 171
176 172
176 173
176 174
176 175
176 177
176 178
176 179
176 180
176 181
176 182
176 216
176 217
176 218
176 219
176 220
176 221
176 223
177 171
177 172
177 173
177 174
177 175
177 176
177 178
177 179
177 180
177 181
177 182
177 183
177 220
177 223
178 155
178 156
178 159
178 173
178 174
178 175
178 176
178 177
178 179
178 180
178 181
178 182
178 183
179 156
179 173
179 174
179 175
179 176
179 177
179 178
179 180
179 181
179 182
179 183
179 184
179 188
179 189
179 192
179 193
179 220
179 232
180 174
180 175
180 176
180 177
180 178
180 179
180 181
180 182
180 183
180 184
180 189
180 220
180 223
180 224
180 227
180 229
180 232
181 176
181 177
181 178
181 179
181 180
181 182
181 183
181 184
182 149
182 151
182 176
182 177
182 178
182 179
182 180
182 181
182 183
182 184
182 185
182 188
182 189
182 192
183 177
183 178
183 179
183 180
183 181
183 182
183 184
183 185
183 186
183 187
183 188
183 189
183 190
183 191
183 192
183 229
183 231
183 232
184 149
184 179
184 180
184 181
184 182
184 183
184 185
184 186
184 187
184 188
184 189
184 231
184 232
185 149
185 182
185 183
185 184
185 186
185 187
185 188
185 189
185 190
185 231
185 232
186 149
186 183
186 184
186 185
186 187
186 188
186 189
186 190
186 191
186 230
186 231
186 232
186 234
186 235
187 142
187 144
187 145
187 146
187 148
187 149
187 183
187 184
187 185
187 186
187 188
187 189
187 190
187 191
187 192
187 193
187 231
187 232
187 235
188 145
188 146
188 148
188 149
188 150
188 151
188 179
188 182
188 183
188 184
188 185
188 186
188 187
188 189
188 190
188 191
188 192
188 193
188 194
188 231
188 232
188 235
189 145
189 149
189 179
189 180
189 182
189 183
189 184
189 185
189 186
189 187
189 188
189 190
189 191
189 192
189 193
189 194
189 230
189 231
189 232
189 233
189 234
189 235
189 236
190 142
190 145
190 183
190 185
190 186
190 187
190 188
190 189
190 191
190 192
190 193
190 194
190 195
190 196
190 231
190 232
190 233
190 234
190 235
190 236
190 238
190 239
191 141
191 142
191 143
191 144
191 145
191 146
191 148
191 149
191 151
191 153
191 183
191 186
191 187
191 188
191 189
191 190
191 192
191 193
191 194
191 195
191 196
191 197
191 235
192 142
192 145
192 146
192 151
192 153
192 156
192 179
192 182
192 183
192 187
192 188
192 189
192 190
192 191
192 193
192 194
192 195
192 196
192 197
192 232
192 235
192 236
193 179
193 187
193 188
193 189
193 190
193 191
193 192
193 194
193 195
193 196
193 197
193 198
193 199
193 217
193 232
193 233
193 234
193 235
193 236
193 237
193 238
193 239
193 240
194 138
194 139
194 141
194 142
194 145
194 188
194 189
194 190
194 191
194 192
194 193
194 195
194 196
194 197
194 198
194 199
194 200
194 235
194 236
194 238
194 239
194 243
195 142
195 153
195 156
195 157
195 190
195 191
195 192
195 193
195 194
195 196
195 197
195 198
195 199
195 200
195 201
195 239
196 156
196 157
196 160
196 190
196 191
196 192
196 193
196 194
196 195
196 197
196 198
196 199
196 200
196 201
196 210
196 213
196 214
196 216
196 217
196 236
196 239
196 240
196 243
197 191
197 192
197 193
197 194
197 195
197 196
197 198
197 199
197 200
197 201
197 202
197 210
197 213
197 214
197 236
197 238
197 239
197 240
197 241
197 242
197 243
197 244
197 246
198 139
198 193
198 194
198 195
198 196
198 197
198 199
198 200
198 201
198 202
198 203
198 205
198 239
198 242
198 243
199 157
199 160
199 193
199 194
199 195
199 196
199 197
199 198
199 200
199 201
199 202
199 203
199 204
199 205
199 209
199 210
199 213
199 243
200 194
200 195
200 196
200 197
200 198
200 199
200 201
200 202
200 203
200 204
200 205
200 206
200 207
200 209
200 210
200 211
200 212
200 213
200 214
200 242
200 243
200 244
200 246
200 247
201 195
201 196
201 197
201 198
201 199
201 200
201 202
201 203
201 204
201 205
201 206
201 210
201 242
201 243
201 244
201 245
201 246
201 247
201 250
202 197
202 198
202 199
202 200
202 201
202 203
202 204
202 205
202 206
202 210
202 243
202 246
202 247
203 198
203 199
203 200
203 201
203 202
203 204
203 205
203 206
203 246
203 250
203 724
204 199
204 200
204 201
204 202
204 203
204 205
204 206
204 207
204 724
204 728
205 198
205 199
205 200
205 201
205 202
205 203
205 204
205 206
205 207
205 208
205 209
205 210
205 247
205 250
206 164
206 200
206 201
206 202
206 203
206 204
206 205
206 207
206 208
206 209
206 210
206 211
206 247
206 250
206 251
207 200
207 204
207 205
207 206
207 208
207 209
207 210
207 211
207 212
207 247
207 248
207 250
207 251
207 252
207 255
207 256
208 163
208 164
208 165
208 166
208 167
208 205
208 206
208 207
208 209
208 210
208 211
208 212
208 213
208 214
209 160
209 161
209 163
209 164
209 165
209 166
209 167
209 199
209 200
209 205
209 206
209 207
209 208
209 210
209 211
209 212
209 213
209 214
209 215
210 164
210 196
210 197
210 199
210 200
210 201
210 202
210 205
210 206
210 207
210 208
210 209
210 211
210 212
210 213
210 214
210 215
210 243
210 244
210 246
210 247
210 248
210 250
210 251
210 259
211 164
211 167
211 200
211 206
211 207
211 208
211 209
211 210
211 212
211 213
211 214
211 215
211 216
211 217
211 244
211 247
211 248
211 255
211 258
211 259
211 262
212 160
212 162
212 163
212 164
212 165
212 166
212 167
212 168
212 172
212 200
212 207
212 208
212 209
212 210
212 211
212 213
212 214
212 215
212 216
212 217
212 218
213 160
213 161
213 163
213 164
213 167
213 172
213 175
213 196
213 197
213 199
213 200
213 208
213 209
213 210
213 211
213 212
213 214
213 215
213 216
213 217
213 218
213 219
213 243
214 196
214 197
214 200
214 208
214 209
214 210
214 211
214 212
214 213
214 215
214 216
214 217
214 218
214 219
214 220
214 240
214 243
214 244
214 247
214 259
214 262
215 163
215 167
215 169
215 172
215 209
215 210
215 211
215 212
215 213
215 214
215 216
215 217
215 218
215 219
215 220
215 221
215 259
215 262
216 160
216 163
216 164
216 167
216 169
216 171
216 172
216 173
216 174
216 175
216 176
216 196
216 211
216 212
216 213
216 214
216 215
216 217
216 218
216 219
216 220
216 221
216 222
217 172
217 175
217 176
217 193
217 196
217 211
217 212
217 213
217 214
217 215
217 216
217 218
217 219
217 220
217 221
217 222
217 223
217 236
217 240
217 243
218 172
218 176
218 212
218 213
218 214
218 215
218 216
218 217
218 219
218 220
218 221
218 222
218 223
218 224
218 236
218 262
218 265
218 266
218 271
219 169
219 172
219 173
219 175
219 176
219 213
219 214
219 215
219 216
219 217
219 218
219 220
219 221
219 222
219 223
219 224
220 172
220 173
220 175
220 176
220 177
220 179
220 180
220 214
220 215
220 216
220 217
220 218
220 219
220 221
220 222
220 223
220 224
220 225
220 226
220 229
220 232
220 233
220 236
221 176
221 215
221 216
221 217
221 218
221 219
221 220
221 222
221 223
221 224
221 225
221 226
221 227
221 229
221 232
221 233
221 236
221 237
221 266
221 271
221 272
222 216
222 217
222 218
222 219
222 220
222 221
222 223
222 224
222 225
222 226
222 227
222 233
222 266
222 269
222 271
223 176
223 177
223 180
223 217
223 218
223 219
223 220
223 221
223 222
223 224
223 225
223 226
223 227
223 228
223 229
223 232
223 233
224 180
224 218
224 219
224 220
224 221
224 222
224 223
224 225
224 226
224 227
224 228
224 229
224 230
224 231
224 232
224 233
224 234
224 236
224 271
225 220
225 221
225 222
225 223
225 224
225 226
225 227
225 228
225 229
225 230
225 232
225 233
225 269
225 270
225 271
226 220
226 221
226 222
226 223
226 224
226 225
226 227
226 228
226 229
227 180
227 221
227 222
227 223
227 224
227 225
227 226
227 228
227 229
227 230
228 223
228 224
228 225
228 226
228 227
228 229
228 230
228 231
228 232
228 233
229 180
229 183
229 220
229 221
229 223
229 224
229 225
229 226
229 227
229 228
229 230
229 231
229 232
229 233
229 234
230 186
230 189
230 224
230 225
230 227
230 228
230 229
230 231
230 232
230 233
230 234
230 235
230 236
231 183
231 184
231 185
231 186
231 187
231 188
231 189
231 190
231 224
231 228
231 229
231 230
231 232
231 233
231 234
231 235
231 236
231 237
232 179
232 180
232 183
232 184
232 185
232 186
232 187
232 188
232 189
232 190
232 192
232 193
232 220
232 221
232 223
232 224
232 225
232 228
232 229
232 230
232 231
232 233
232 234
232 235
232 236
232 237
233 189
233 190
233 193
233 220
233 221
233 222
233 223
233 224
233 225
233 228
233 229
233 230
233 231
233 232
233 234
233 235
233 236
233 237
233 238
233 271
233 272
234 186
234 189
234 190
234 193
234 224
234 229
234 230
234 231
234 232
234 233
234 235
234 236
234 237
234 238
234 239
234 272
235 186
235 187
235 188
235 189
235 190
235 191
235 192
235 193
235 194
235 230
235 231
235 232
235 233
235 234
235 236
235 237
235 238
235 239
235 240
236 189
236 190
236 192
236 193
236 194
236 196
236 197
236 217
236 218
236 220
236 221
236 224
236 230
236 231
236 232
236 233
236 234
236 235
236 237
236 238
236 239
236 240
236 241
236 243
236 272
237 193
237 221
237 231
237 232
237 233
237 234
237 235
237 236
237 238
237 239
237 240
237 241
237 271
237 272
237 273
237 276
238 190
238 193
238 194
238 197
238 233
238 234
238 235
238 236
238 237
238 239
238 240
238 241
238 242
238 243
238 276
238 290
239 190
239 193
239 194
239 195
239 196
239 197
239 198
239 234
239 235
239 236
239 237
239 238
239 240
239 241
239 242
239 243
239 244
239 290
240 193
240 196
240 197
240 214
240 217
240 235
240 236
240 237
240 238
240 239
240 241
240 242
240 243
240 244
240 245
240 246
240 272
240 276
240 277
240 279
240 280
241 197
241 236
241 237
241 238
241 239
241 240
241 242
241 243
241 244
241 245
241 246
241 247
241 276
241 277
241 279
241 280
241 283
241 286
241 287
241 289
241 290
242 197
242 198
242 200
242 201
242 238
242 239
242 240
242 241
242 243
242 244
242 245
242 246
242 247
242 248
242 279
242 280
242 283
242 286
242 287
242 288
242 289
242 290
242 291
243 194
243 196
243 197
243 198
243 199
243 200
243 201
243 202
243 210
243 213
243 214
243 217
243 236
243 238
243 239
243 240
243 241
243 242
243 244
243 245
243 246
243 247
243 248
243 280
243 287
244 197
244 200
244 201
244 210
244 211
244 214
244 239
244 240
244 241
244 242
244 243
244 245
244 246
244 247
244 248
244 249
244 259
244 260
244 262
244 263
244 279
244 280
244 281
244 283
244 286
244 287
245 201
245 240
245 241
245 242
245 243
245 244
245 246
245 247
245 248
245 249
245 250
245 259
245 279
245 280
245 281
245 282
245 283
245 284
245 285
245 286
245 287
245 288
245 290
246 197
246 200
246 201
246 202
246 203
246 210
246 240
246 241
246 242
246 243
246 244
246 245
246 247
246 248
246 249
246 250
246 251
246 283
246 284
246 286
246 287
247 200
247 201
247 202
247 205
247 206
247 207
247 210
247 211
247 214
247 241
247 242
247 243
247 244
247 245
247 246
247 248
247 249
247 250
247 251
247 256
247 259
247 283
248 207
248 210
248 211
248 242
248 243
248 244
248 245
248 246
248 247
248 249
248 250
248 251
248 252
248 253
248 255
248 256
248 257
248 258
248 259
248 260
248 280
248 283
248 284
249 244
249 245
249 246
249 247
249 248
249 250
249 251
249 252
249 253
249 256
249 283
249 284
249 287
249 717
249 721
250 201
250 203
250 205
250 206
250 207
250 210
250 245
250 246
250 247
250 248
250 249
250 251
250 252
250 253
250 256
250 717
250 721
251 206
251 207
251 210
251 246
251 247
251 248
251 249
251 250
251 252
251 253
251 254
251 255
251 256
251 257
251 259
251 721
252 207
252 248
252 249
252 250
252 251
252 253
252 254
252 255
252 256
252 257
252 721
253 248
253 249
253 250
253 251
253 252
253 254
253 255
253 256
253 257
253 258
254 251
254 252
254 253
254 255
254 256
254 257
254 258
255 207
255 211
255 248
255 251
255 252
255 253
255 254
255 256
255 257
255 258
255 259
255 260
256 207
256 247
256 248
256 249
256 250
256 251
256 252
256 253
256 254
256 255
256 257
256 258
256 259
256 260
256 261
257 248
257 251
257 252
257 253
257 254
257 255
257 256
257 258
257 259
257 260
257 261
257 262
258 211
258 248
258 253
258 254
258 255
258 256
258 257
258 259
258 260
258 261
258 262
258 263
259 210
259 211
259 214
259 215
259 244
259 245
259 247
259 248
259 251
259 255
259 256
259 257
259 258
259 260
259 261
259 262
259 263
259 264
260 244
260 248
260 255
260 256
260 257
260 258
260 259
260 261
260 262
260 263
260 264
260 265
260 280
260 281
261 256
261 257
261 258
261 259
261 260
261 262
261 263
261 264
261 265
261 266
261 267
262 211
262 214
262 215
262 218
262 244
262 257
262 258
262 259
262 260
262 261
262 263
262 264
262 265
262 266
262 267
262 268
263 244
263 258
263 259
263 260
263 261
263 262
263 264
263 265
263 266
263 267
263 268
263 269
263 277
263 280
263 281
264 259
264 260
264 261
264 262
264 263
264 265
264 266
264 267
264 268
264 269
264 277
264 281
265 218
265 260
265 261
265 262
265 263
265 264
265 266
265 267
265 268
265 269
265 270
265 271
266 218
266 221
266 222
266 261
266 262
266 263
266 264
266 265
266 267
266 268
266 269
266 270
266 271
266 272
266 273
266 277
267 261
267 262
267 263
267 264
267 265
267 266
267 268
267 269
267 270
267 271
267 272
267 273
267 274
267 276
267 277
267 278
267 280
267 281
268 262
268 263
268 264
268 265
268 266
268 267
268 269
268 270
268 271
268 272
269 222
269 225
269 263
269 264
269 265
269 266
269 267
269 268
269 270
269 271
269 272
270 225
270 265
270 266
270 267
270 268
270 269
270 271
270 272
270 273
270 274
270 277
271 218
271 221
271 222
271 224
271 225
271 233
271 237
271 265
271 266
271 267
271 268
271 269
271 270
271 272
271 273
271 274
271 276
271 277
272 221
272 233
272 234
272 236
272 237
272 240
272 266
272 267
272 268
272 269
272 270
272 271
272 273
272 274
272 275
272 276
272 277
273 237
273 266
273 267
273 270
273 271
273 272
273 274
273 275
273 276
273 277
273 278
274 267
274 270
274 271
274 272
274 273
274 275
274 276
274 277
274 278
274 279
274 280
275 272
275 273
275 274
275 276
275 277
275 278
275 279
275 280
275 281
275 286
276 237
276 238
276 240
276 241
276 267
276 271
276 272
276 273
276 274
276 275
276 277
276 278
276 279
276 280
276 281
276 286
277 240
277 241
277 263
277 264
277 266
277 267
277 270
277 271
277 272
277 273
277 274
277 275
277 276
277 278
277 279
277 280
277 281
277 282
277 286
278 267
278 273
278 274
278 275
278 276
278 277
278 279
278 280
278 281
278 282
278 283
278 285
278 286
279 240
279 241
279 242
279 244
279 245
279 274
279 275
279 276
279 277
279 278
279 280
279 281
279 282
279 283
279 284
279 285
279 286
279 287
279 288
279 289
279 290
280 240
280 241
280 242
280 243
280 244
280 245
280 248
280 260
280 263
280 267
280 274
280 275
280 276
280 277
280 278
280 279
280 281
280 282
280 283
280 284
280 285
280 286
280 287
281 244
281 245
281 260
281 263
281 264
281 267
281 275
281 276
281 277
281 278
281 279
281 280
281 282
281 283
281 284
281 285
281 286
282 245
282 277
282 278
282 279
282 280
282 281
282 283
282 284
282 285
282 286
282 287
283 241
283 242
283 244
283 245
283 246
283 247
283 248
283 249
283 278
283 279
283 280
283 281
283 282
283 284
283 285
283 286
283 287
283 288
283 289
284 245
284 246
284 248
284 249
284 279
284 280
284 281
284 282
284 283
284 285
284 286
284 287
284 288
284 289
285 245
285 278
285 279
285 280
285 281
285 282
285 283
285 284
285 286
285 287
285 288
285 289
285 290
285 291
286 241
286 242
286 244
286 245
286 246
286 275
286 276
286 277
286 278
286 279
286 280
286 281
286 282
286 283
286 284
286 285
286 287
286 288
286 289
286 290
286 291
286 292
287 241
287 242
287 243
287 244
287 245
287 246
287 249
287 279
287 280
287 282
287 283
287 284
287 285
287 286
287 288
287 289
287 290
287 291
287 292
287 293
288 242
288 245
288 279
288 283
288 284
288 285
288 286
288 287
288 289
288 290
288 291
288 292
288 293
288 294
289 241
289 242
289 279
289 283
289 284
289 285
289 286
289 287
289 288
289 290
289 291
289 292
289 293
289 294
289 295
290 238
290 239
290 241
290 242
290 245
290 279
290 285
290 286
290 287
290 288
290 289
290 291
290 292
290 293
290 294
290 295
290 296
291 131
291 134
291 242
291 285
291 286
291 287
291 288
291 289
291 290
291 292
291 293
291 294
291 295
291 296
291 297
292 286
292 287
292 288
292 289
292 290
292 291
292 293
292 294
292 295
292 296
292 297
293 287
293 288
293 289
293 290
293 291
293 292
293 294
293 295
293 296
293 297
293 298
293 299
294 131
294 134
294 135
294 137
294 138
294 288
294 289
294 290
294 291
294 292
294 293
294 295
294 296
294 297
294 298
294 299
294 302
295 130
295 131
295 133
295 134
295 289
295 290
295 291
295 292
295 293
295 294
295 296
295 297
295 298
295 299
295 300
295 301
295 302
295 303
296 134
296 290
296 291
296 292
296 293
296 294
296 295
296 297
296 298
296 299
296 300
296 301
296 302
296 303
297 134
297 137
297 138
297 291
297 292
297 293
297 294
297 295
297 296
297 298
297 299
297 300
297 301
297 302
298 130
298 133
298 134
298 135
298 137
298 138
298 293
298 294
298 295
298 296
298 297
298 299
298 300
298 301
298 302
298 303
299 130
299 134
299 293
299 294
299 295
299 296
299 297
299 298
299 300
299 301
299 302
299 303
299 304
299 305
299 306
300 137
300 295
300 296
300 297
300 298
300 299
300 301
300 302
300 303
300 304
300 305
301 130
301 133
301 134
301 136
301 137
301 295
301 296
301 297
301 298
301 299
301 300
301 302
301 303
301 304
301 305
301 306
302 126
302 129
302 130
302 131
302 132
302 133
302 134
302 137
302 294
302 295
302 296
302 297
302 298
302 299
302 300
302 301
302 303
302 304
302 305
302 306
302 307
303 130
303 295
303 296
303 298
303 299
303 300
303 301
303 302
303 304
303 305
303 306
303 307
303 308
304 130
304 299
304 300
304 301
304 302
304 303
304 305
304 306
304 307
304 308
304 309
304 310
305 126
305 127
305 129
305 130
305 133
305 299
305 300
305 301
305 302
305 303
305 304
305 306
305 307
305 308
305 309
305 310
306 123
306 126
306 127
306 129
306 130
306 299
306 301
306 302
306 303
306 304
306 305
306 307
306 308
306 309
306 310
306 311
307 126
307 302
307 303
307 304
307 305
307 306
307 308
307 309
307 310
307 311
307 312
307 313
308 126
308 303
308 304
308 305
308 306
308 307
308 309
308 310
308 311
308 312
308 313
308 314
309 119
309 122
309 123
309 125
309 126
309 127
309 129
309 304
309 305
309 306
309 307
309 308
309 310
309 311
309 312
309 313
309 314
309 315
310 119
310 122
310 123
310 126
310 304
310 305
310 306
310 307
310 308
310 309
310 311
310 312
310 313
310 314
310 315
311 306
311 307
311 308
311 309
311 310
311 312
311 313
311 314
311 315
311 316
311 317
312 119
312 122
312 307
312 308
312 309
312 310
312 311
312 313
312 314
312 315
312 316
312 317
313 115
313 118
313 119
313 120
313 122
313 123
313 307
313 308
313 309
313 310
313 311
313 312
313 314
313 315
313 316
313 317
313 318
314 119
314 308
314 309
314 310
314 311
314 312
314 313
314 315
314 316
314 317
314 318
314 319
314 320
315 309
315 310
315 311
315 312
315 313
315 314
315 316
315 317
315 318
315 319
315 320
315 321
316 114
316 115
316 116
316 118
316 119
316 311
316 312
316 313
316 314
316 315
316 317
316 318
316 319
316 320
316 321
316 322
317 112
317 115
317 116
317 119
317 311
317 312
317 313
317 314
317 315
317 316
317 318
317 319
317 320
317 321
317 322
317 323
318 313
318 314
318 315
318 316
318 317
318 319
318 320
318 321
318 322
318 323
318 324
319 111
319 115
319 314
319 315
319 316
319 317
319 318
319 320
319 321
319 322
319 323
319 324
319 325
320 108
320 111
320 112
320 114
320 115
320 314
320 315
320 316
320 317
320 318
320 319
320 321
320 322
320 323
320 324
320 325
320 326
321 108
321 111
321 112
321 315
321 316
321 317
321 318
321 319
321 320
321 322
321 323
321 324
321 325
321 326
321 327
322 316
322 317
322 318
322 319
322 320
322 321
322 323
322 324
322 325
322 326
322 327
322 328
323 107
323 108
323 111
323 317
323 318
323 319
323 320
323 321
323 322
323 324
323 325
323 326
323 327
323 328
324 104
324 105
324 107
324 108
324 109
324 111
324 112
324 318
324 319
324 320
324 321
324 322
324 323
324 325
324 326
324 327
324 328
324 329
324 330
325 319
325 320
325 321
325 322
325 323
325 324
325 326
325 327
325 328
325 329
325 330
325 331
326 320
326 321
326 322
326 323
326 324
326 325
326 327
326 328
326 329
326 330
326 331
326 332
327 104
327 105
327 107
327 108
327 321
327 322
327 323
327 324
327 325
327 326
327 328
327 329
327 330
327 331
327 332
327 333
328 104
328 108
328 322
328 323
328 324
328 325
328 326
328 327
328 329
328 330
328 331
328 332
328 333
329 324
329 325
329 326
329 327
329 328
329 330
329 331
329 332
329 333
329 334
329 335
330 104
330 324
330 325
330 326
330 327
330 328
330 329
330 331
330 332
330 333
330 334
330 335
331 104
331 325
331 326
331 327
331 328
331 329
331 330
331 332
331 333
331 334
331 335
331 336
332 326
332 327
332 328
332 329
332 330
332 331
332 333
332 334
332 335
332 336
332 337
333 327
333 328
333 329
333 330
333 331
333 332
333 334
333 335
333 336
333 337
333 338
334 329
334 330
334 331
334 332
334 333
334 335
334 336
334 337
334 338
334 339
335 329
335 330
335 331
335 332
335 333
335 334
335 336
335 337
335 338
335 339
335 340
335 341
336 331
336 332
336 333
336 334
336 335
336 337
336 338
336 339
336 340
336 341
337 332
337 333
337 334
337 335
337 336
337 338
337 339
337 340
337 341
337 342
338 333
338 334
338 335
338 336
338 337
338 339
338 340
338 341
338 342
338 343
339 334
339 335
339 336
339 337
339 338
339 340
339 341
339 342
339 343
339 344
340 335
340 336
340 337
340 338
340 339
340 341
340 342
340 343
340 344
341 335
341 336
341 337
341 338
341 339
341 340
341 342
341 343
341 344
341 345
342 337
342 338
342 339
342 340
342 341
342 343
342 344
342 345
342 346
343 338
343 339
343 340
343 341
343 342
343 344
343 345
343 346
343 347
344 339
344 340
344 341
344 342
344 343
344 345
344 346
344 347
344 348
345 341
345 342
345 343
345 344
345 346
345 347
345 348
345 349
345 350
346 342
346 343
346 344
346 345
346 347
346 348
346 349
346 350
347 343
347 344
347 345
347 346
347 348
347 349
347 350
347 351
348 344
348 345
348 346
348 347
348 349
348 350
348 351
348 352
349 345
349 346
349 347
349 348
349 350
349 351
349 352
349 353
350 345
350 346
350 347
350 348
350 349
350 351
350 352
350 353
351 347
351 348
351 349
351 350
351 352
351 353
351 354
352 348
352 349
352 350
352 351
352 353
352 354
353 349
353 350
353 351
353 352
353 354
353 355
353 356
354 351
354 352
354 353
354 355
354 356
354 357
355 353
355 354
355 356
355 357
355 358
356 353
356 354
356 355
356 357
356 358
357 354
357 355
357 356
357 358
357 359
358 355
358 356
358 357
358 359
358 360
358 361
359 357
359 358
359 360
359 361
360 358
360 359
360 361
360 362
361 358
361 359
361 360
361 362
361 363
362 360
362 361
362 363
362 364
363 361
363 362
363 364
363 365
364 362
364 363
364 365
364 366
364 367
365 363
365 364
365 366
365 367
366 364
366 365
366 367
366 368
367 364
367 365
367 366
367 368
367 369
368 366
368 367
368 369
368 370
369 367
369 368
369 370
369 371
370 368
370 369
370 371
370 372
371 369
371 370
371 372
371 373
372 370
372 371
372 373
372 374
372 375
373 371
373 372
373 374
373 375
374 372
374 373
374 375
374 376
374 377
375 372
375 373
375 374
375 376
375 377
376 374
376 375
376 377
376 378
377 374
377 375
377 376
377 378
377 379
378 376
378 377
378 379
378 380
379 377
379 378
379 380
379 381
380 378
380 379
380 381
380 382
381 379
381 380
381 382
381 383
382 380
382 381
382 383
382 384
383 381
383 382
383 384
383 385
384 382
384 383
384 385
384 386
385 383
385 384
385 386
385 387
386 384
386 385
386 387
386 388
387 385
387 386
387 388
387 389
388 386
388 387
388 389
388 390
389 387
389 388
389 390
389 391
389 392
390 388
390 389
390 391
390 392
391 389
391 390
391 392
391 393
392 389
392 390
392 391
392 393
392 394
392 395
393 391
393 392
393 394
393 395
394 392
394 393
394 395
394 396
395 392
395 393
395 394
395 396
395 397
395 398
396 394
396 395
396 397
396 398
397 395
397 396
397 398
397 399
398 395
398 396
398 397
398 399
398 400
399 397
399 398
399 400
399 401
400 398
400 399
400 401
400 402
401 399
401 400
401 402
401 403
402 400
402 401
402 403
402 404
403 401
403 402
403 404
403 405
404 402
404 403
404 405
404 406
405 403
405 404
405 406
405 407
406 404
406 405
406 407
406 408
407 405
407 406
407 408
407 409
408 406
408 407
408 409
408 410
409 407
409 408
409 410
409 411
410 408
410 409
410 411
410 412
411 409
411 410
411 412
411 413
412 410
412 411
412 413
412 414
413 411
413 412
413 414
413 415
414 412
414 413
414 415
414 416
415 413
415 414
415 416
415 417
416 414
416 415
416 417
416 418
417 415
417 416
417 418
417 419
418 416
418 417
418 419
418 420
419 417
419 418
419 420
419 421
420 418
420 419
420 421
420 422
421 419
421 420
421 422
421 423
422 420
422 421
422 423
422 424
423 421
423 422
423 424
423 425
423 426
424 422
424 423
424 425
424 426
425 423
425 424
425 426
425 427
425 428
426 423
426 424
426 425
426 427
426 428
427 425
427 426
427 428
427 429
427 430
428 425
428 426
428 427
428 429
428 430
428 431
429 427
429 428
429 430
429 431
430 427
430 428
430 429
430 431
430 432
430 433
431 428
431 429
431 430
431 432
431 433
431 434
432 430
432 431
432 433
432 434
433 430
433 431
433 432
433 434
433 435
434 431
434 432
434 433
434 435
434 436
435 433
435 434
435 436
435 437
436 434
436 435
436 437
436 438
437 435
437 436
437 438
437 439
438 436
438 437
438 439
438 440
439 437
439 438
439 440
439 441
440 438
440 439
440 441
440 442
441 439
441 440
441 442
441 443
442 440
442 441
442 443
442 444
443 441
443 442
443 444
443 445
444 442
444 443
444 445
444 446
445 443
445 444
445 446
445 447
446 444
446 445
446 447
446 448
447 445
447 446
447 448
447 449
448 446
448 447
448 449
448 450
449 447
449 448
449 450
449 451
450 448
450 449
450 451
450 452
450 453
451 449
451 450
451 452
451 453
452 450
452 451
452 453
452 454
452 455
453 450
453 451
453 452
453 454
453 455
454 452
454 453
454 455
454 456
455 452
455 453
455 454
455 456
455 457
456 454
456 455
456 457
456 458
457 455
457 456
457 458
457 459
458 456
458 457
458 459
458 460
459 457
459 458
459 460
459 461
460 458
460 459
460 461
460 462
460 463
461 459
461 460
461 462
461 463
461 464
462 460
462 461
462 463
462 464
463 460
463 461
463 462
463 464
463 465
464 461
464 462
464 463
464 465
464 466
465 463
465 464
465 466
465 467
466 464
466 465
466 467
466 468
466 469
467 465
467 466
467 468
467 469
468 466
468 467
468 469
468 470
469 466
469 467
469 468
469 470
469 471
470 468
470 469
470 471
470 472
471 469
471 470
471 472
471 473
472 470
472 471
472 473
472 474
473 471
473 472
473 474
473 475
474 472
474 473
474 475
474 476
475 473
475 474
475 476
475 477
476 474
476 475
476 477
476 478
477 475
477 476
477 478
477 479
478 476
478 477
478 479
478 480
479 477
479 478
479 480
479 481
479 482
479 624
479 626
480 478
480 479
480 481
480 482
480 624
480 625
480 626
480 627
481 479
481 480
481 482
481 483
481 484
481 626
481 627
482 479
482 480
482 481
482 483
482 484
482 485
483 481
483 482
483 484
483 485
483 486
484 481
484 482
484 483
484 485
484 486
484 487
485 482
485 483
485 484
485 486
485 487
485 488
486 483
486 484
486 485
486 487
486 488
486 489
487 484
487 485
487 486
487 488
487 489
487 490
488 485
488 486
488 487
488 489
488 490
488 491
489 486
489 487
489 488
489 490
489 491
489 492
490 487
490 488
490 489
490 491
490 492
490 493
491 488
491 489
491 490
491 492
491 493
491 494
492 489
492 490
492 491
492 493
492 494
493 490
493 491
493 492
493 494
493 495
494 491
494 492
494 493
494 495
494 496
495 493
495 494
495 496
495 497
495 498
496 494
496 495
496 497
496 498
496 499
497 495
497 496
497 498
497 499
497 500
498 495
498 496
498 497
498 499
498 500
499 496
499 497
499 498
499 500
499 501
500 497
500 498
500 499
500 501
500 502
501 499
501 500
501 502
501 503
502 500
502 501
502 503
502 504
503 501
503 502
503 504
503 505
504 502
504 503
504 505
504 506
505 503
505 504
505 506
505 507
506 504
506 505
506 507
506 508
507 505
507 506
507 508
507 509
508 506
508 507
508 509
508 510
509 507
509 508
509 510
509 511
510 508
510 509
510 511
510 512
511 509
511 510
511 512
511 513
512 510
512 511
512 513
512 514
513 511
513 512
513 514
513 515
514 512
514 513
514 515
514 516
515 513
515 514
515 516
515 517
516 514
516 515
516 517
516 518
517 515
517 516
517 518
517 519
518 516
518 517
518 519
518 520
518 521
519 517
519 518
519 520
519 521
520 518
520 519
520 521
520 522
521 518
521 519
521 520
521 522
521 523
521 524
522 520
522 521
522 523
522 524
523 521
523 522
523 524
523 525
523 526
524 521
524 522
524 523
524 525
524 526
524 527
525 523
525 524
525 526
525 527
525 528
526 523
526 524
526 525
526 527
526 528
526 529
527 524
527 525
527 526
527 528
527 529
528 525
528 526
528 527
528 529
528 530
529 526
529 527
529 528
529 530
529 531
530 528
530 529
530 531
530 532
530 533
531 529
531 530
531 532
531 533
532 530
532 531
532 533
532 534
533 530
533 531
533 532
533 534
533 535
533 536
534 532
534 533
534 535
534 536
535 533
535 534
535 536
535 537
536 533
536 534
536 535
536 537
536 538
536 539
537 535
537 536
537 538
537 539
538 536
538 537
538 539
538 540
539 536
539 537
539 538
539 540
539 541
540 538
540 539
540 541
540 542
540 543
541 539
541 540
541 542
541 543
541 544
542 540
542 541
542 543
542 544
542 545
543 540
543 541
543 542
543 544
543 545
543 546
544 541
544 542
544 543
544 545
544 546
545 542
545 543
545 544
545 546
545 547
546 543
546 544
546 545
546 547
546 548
547 545
547 546
547 548
547 549
548 546
548 547
548 549
548 550
549 547
549 548
549 550
549 551
550 548
550 549
550 551
550 552
551 0
551 549
551 550
551 552
551 553
552 0
552 1
552 550
552 551
552 553
552 554
553 0
553 551
553 552
553 554
553 555
554 0
554 552
554 553
554 555
554 556
554 557
555 553
555 554
555 556
555 557
556 554
556 555
556 557
556 558
557 554
557 555
557 556
557 558
557 559
558 556
558 557
558 559
558 560
559 557
559 558
559 560
559 561
560 558
560 559
560 561
560 562
561 559
561 560
561 562
561 563
562 560
562 561
562 563
562 564
563 561
563 562
563 564
563 565
564 562
564 563
564 565
564 566
565 563
565 564
565 566
565 567
566 564
566 565
566 567
566 568
567 565
567 566
567 568
567 569
568 566
568 567
568 569
568 570
569 567
569 568
569 570
569 571
570 568
570 569
570 571
570 572
571 569
571 570
571 572
571 573
571 574
572 570
572 571
572 573
572 574
573 571
573 572
573 574
573 575
574 571
574 572
574 573
574 575
574 576
575 573
575 574
575 576
575 577
576 574
576 575
576 577
576 578
577 575
577 576
577 578
577 579
578 576
578 577
578 579
578 580
579 577
579 578
579 580
579 581
580 578
580 579
580 581
580 582
581 579
581 580
581 582
581 583
582 580
582 581
582 583
582 584
583 581
583 582
583 584
583 585
584 582
584 583
584 585
584 586
585 583
585 584
585 586
585 587
586 584
586 585
586 587
586 588
587 585
587 586
587 588
587 589
588 586
588 587
588 589
588 590
589 587
589 588
589 590
589 591
590 588
590 589
590 591
590 592
591 589
591 590
591 592
591 593
592 590
592 591
592 593
592 594
593 591
593 592
593 594
593 595
594 592
594 593
594 595
594 596
595 593
595 594
595 596
595 597
596 594
596 595
596 597
596 598
597 595
597 596
597 598
597 599
598 596
598 597
598 599
598 600
599 597
599 598
599 600
599 601
600 598
600 599
600 601
600 602
601 599
601 600
601 602
601 603
602 600
602 601
602 603
602 604
603 601
603 602
603 604
603 605
604 602
604 603
604 605
604 606
605 603
605 604
605 606
605 607
606 604
606 605
606 607
606 608
607 605
607 606
607 608
607 609
608 606
608 607
608 609
608 610
609 607
609 608
609 610
609 611
610 608
610 609
610 611
610 612
610 613
611 609
611 610
611 612
611 613
611 614
612 610
612 611
612 613
612 614
613 610
613 611
613 612
613 614
613 615
613 616
614 611
614 612
614 613
614 615
614 616
614 617
615 613
615 614
615 616
615 617
615 618
616 613
616 614
616 615
616 617
616 618
617 614
617 615
617 616
617 618
617 619
617 620
618 615
618 616
618 617
618 619
618 620
618 621
619 617
619 618
619 620
619 621
619 622
620 617
620 618
620 619
620 621
620 622
620 623
621 618
621 619
621 620
621 622
621 623
621 624
622 619
622 620
622 621
622 623
622 624
622 625
623 620
623 621
623 622
623 624
623 625
623 626
624 479
624 480
624 621
624 622
624 623
624 625
624 626
624 627
625 480
625 622
625 623
625 624
625 626
625 627
625 628
626 479
626 480
626 481
626 623
626 624
626 625
626 627
626 628
626 629
627 480
627 481
627 624
627 625
627 626
627 628
627 629
627 630
628 625
628 626
628 627
628 629
628 630
628 631
628 632
629 626
629 627
629 628
629 630
629 631
629 632
630 627
630 628
630 629
630 631
630 632
630 633
631 628
631 629
631 630
631 632
631 633
631 634
632 628
632 629
632 630
632 631
632 633
632 634
632 635
633 630
633 631
633 632
633 634
633 635
633 636
633 637
633 676
633 677
634 631
634 632
634 633
634 635
634 636
634 637
634 638
634 640
634 677
635 632
635 633
635 634
635 636
635 637
635 638
635 639
635 640
635 641
635 672
635 673
635 674
635 675
635 676
635 677
636 633
636 634
636 635
636 637
636 638
636 639
636 640
636 641
636 672
636 674
637 633
637 634
637 635
637 636
637 638
637 639
637 640
637 641
637 674
637 677
638 634
638 635
638 636
638 637
638 639
638 640
638 641
638 642
638 674
639 635
639 636
639 637
639 638
639 640
639 641
639 642
639 643
639 674
639 675
639 677
640 634
640 635
640 636
640 637
640 638
640 639
640 641
640 642
640 643
640 673
640 674
640 675
640 676
640 677
640 678
641 635
641 636
641 637
641 638
641 639
641 640
641 642
641 643
641 644
641 671
641 672
641 673
641 674
641 675
641 676
642 638
642 639
642 640
642 641
642 643
642 644
642 645
642 646
642 648
642 649
642 670
642 671
642 673
642 674
642 675
643 639
643 640
643 641
643 642
643 644
643 645
643 646
643 649
644 641
644 642
644 643
644 645
644 646
644 647
644 648
644 649
645 642
645 643
645 644
645 646
645 647
645 648
645 649
645 670
645 671
646 642
646 643
646 644
646 645
646 647
646 648
646 649
646 650
646 651
646 653
646 654
646 669
646 670
646 671
646 673
646 674
647 644
647 645
647 646
647 648
647 649
647 650
647 651
647 670
648 642
648 644
648 645
648 646
648 647
648 649
648 650
648 651
649 642
649 643
649 644
649 645
649 646
649 647
649 648
649 650
649 651
649 652
649 653
649 654
649 673
649 674
649 675
650 646
650 647
650 648
650 649
650 651
650 652
650 653
650 654
650 675
651 646
651 647
651 648
651 649
651 650
651 652
651 653
651 654
651 655
651 673
652 649
652 650
652 651
652 653
652 654
652 655
652 656
653 646
653 649
653 650
653 651
653 652
653 654
653 655
653 656
653 657
653 672
653 673
653 674
653 675
653 676
654 646
654 649
654 650
654 651
654 652
654 653
654 655
654 656
654 657
654 658
654 668
654 669
654 670
654 672
654 673
654 674
655 651
655 652
655 653
655 654
655 656
655 657
655 658
655 659
655 673
656 652
656 653
656 654
656 655
656 657
656 658
656 659
656 672
656 673
656 674
657 653
657 654
657 655
657 656
657 658
657 659
657 660
657 662
657 668
657 669
657 672
657 673
657 674
658 654
658 655
658 656
658 657
658 659
658 660
658 661
658 662
658 663
658 666
658 667
658 668
659 655
659 656
659 657
659 658
659 660
659 661
659 662
659 663
659 719
659 722
660 657
660 658
660 659
660 661
660 662
660 663
660 715
660 716
660 718
660 719
660 720
660 721
660 722
660 723
661 658
661 659
661 660
661 662
661 663
661 664
661 718
661 719
661 720
661 721
661 722
661 723
661 724
661 725
661 726
661 727
662 657
662 658
662 659
662 660
662 661
662 663
662 664
662 665
662 666
662 719
662 722
662 723
663 658
663 659
663 660
663 661
663 662
663 664
663 665
663 666
663 719
663 720
663 722
663 723
664 661
664 662
664 663
664 665
664 666
664 667
665 662
665 663
665 664
665 666
665 667
665 668
666 658
666 662
666 663
666 664
666 665
666 667
666 668
666 669
667 658
667 664
667 665
667 666
667 668
667 669
667 670
668 654
668 657
668 658
668 665
668 666
668 667
668 669
668 670
668 671
668 672
668 673
669 646
669 654
669 657
669 666
669 667
669 668
669 670
669 671
669 672
669 673
670 642
670 645
670 646
670 647
670 654
670 667
670 668
670 669
670 671
670 672
670 673
670 674
671 641
671 642
671 645
671 646
671 668
671 669
671 670
671 672
671 673
671 674
672 635
672 636
672 641
672 653
672 654
672 656
672 657
672 668
672 669
672 670
672 671
672 673
672 674
673 635
673 640
673 641
673 642
673 646
673 649
673 651
673 653
673 654
673 655
673 656
673 657
673 668
673 669
673 670
673 671
673 672
673 674
673 675
673 676
674 635
674 636
674 637
674 638
674 639
674 640
674 641
674 642
674 646
674 649
674 653
674 654
674 656
674 657
674 670
674 671
674 672
674 673
674 675
674 676
674 677
675 635
675 639
675 640
675 641
675 642
675 649
675 650
675 653
675 673
675 674
675 676
675 677
675 678
676 633
676 635
676 640
676 641
676 653
676 673
676 674
676 675
676 677
676 678
676 679
677 633
677 634
677 635
677 637
677 639
677 640
677 674
677 675
677 676
677 678
677 679
677 680
678 640
678 675
678 676
678 677
678 679
678 680
678 681
679 676
679 677
679 678
679 680
679 681
679 682
680 677
680 678
680 679
680 681
680 682
680 683
680 685
681 678
681 679
681 680
681 682
681 683
681 684
681 685
681 686
681 687
682 679
682 680
682 681
682 683
682 684
682 685
682 686
682 687
682 688
683 680
683 681
683 682
683 684
683 685
683 686
683 687
683 688
683 689
684 681
684 682
684 683
684 685
684 686
684 687
684 688
684 689
684 690
685 680
685 681
685 682
685 683
685 684
685 686
685 687
685 688
685 689
685 690
685 691
686 681
686 682
686 683
686 684
686 685
686 687
686 688
686 689
686 690
686 691
686 692
687 681
687 682
687 683
687 684
687 685
687 686
687 688
687 689
687 690
687 691
687 692
687 693
687 694
688 682
688 683
688 684
688 685
688 686
688 687
688 689
688 690
688 691
688 692
688 693
688 694
689 683
689 684
689 685
689 686
689 687
689 688
689 690
689 691
689 692
689 693
689 694
690 684
690 685
690 686
690 687
690 688
690 689
690 691
690 692
690 693
690 694
690 695
691 685
691 686
691 687
691 688
691 689
691 690
691 692
691 693
691 694
691 695
691 696
691 700
692 686
692 687
692 688
692 689
692 690
692 691
692 693
692 694
692 695
692 696
692 706
692 707
692 708
693 687
693 688
693 689
693 690
693 691
693 692
693 694
693 695
693 696
694 687
694 688
694 689
694 690
694 691
694 692
694 693
694 695
694 696
694 697
694 700
695 690
695 691
695 692
695 693
695 694
695 696
695 697
695 700
695 701
695 702
695 706
696 691
696 692
696 693
696 694
696 695
696 697
696 698
696 699
696 700
696 701
696 702
696 703
696 706
696 707
696 708
696 709
697 694
697 695
697 696
697 698
697 699
697 700
697 701
697 702
697 708
698 696
698 697
698 699
698 700
698 701
698 702
699 696
699 697
699 698
699 700
699 701
699 702
699 708
699 709
700 691
700 694
700 695
700 696
700 697
700 698
700 699
700 701
700 702
700 707
700 708
700 709
700 710
700 711
701 695
701 696
701 697
701 698
701 699
701 700
701 702
701 703
701 706
701 707
701 708
701 709
701 710
701 711
702 695
702 696
702 697
702 698
702 699
702 700
702 701
702 703
702 704
702 705
702 706
702 707
702 708
702 709
702 710
702 711
703 696
703 701
703 702
703 704
703 705
703 706
703 707
703 708
703 709
703 710
704 702
704 703
704 705
704 706
704 707
704 708
704 709
704 879
704 880
704 882
704 883
704 894
705 702
705 703
705 704
705 706
705 707
705 708
705 709
706 692
706 695
706 696
706 701
706 702
706 703
706 704
706 705
706 707
706 708
706 709
707 692
707 696
707 700
707 701
707 702
707 703
707 704
707 705
707 706
707 708
707 709
707 710
707 711
707 712
708 692
708 696
708 697
708 699
708 700
708 701
708 702
708 703
708 704
708 705
708 706
708 707
708 709
708 710
708 711
708 712
709 696
709 699
709 700
709 701
709 702
709 703
709 704
709 705
709 706
709 707
709 708
709 710
709 711
709 712
709 713
709 714
710 700
710 701
710 702
710 703
710 707
710 708
710 709
710 711
710 712
710 713
710 714
710 715
710 716
711 700
711 701
711 702
711 707
711 708
711 709
711 710
711 712
711 713
711 714
711 715
711 716
711 717
712 707
712 708
712 709
712 710
712 711
712 713
712 714
712 715
712 716
712 717
712 718
713 709
713 710
713 711
713 712
713 714
713 715
713 716
713 717
713 718
713 719
714 709
714 710
714 711
714 712
714 713
714 715
714 716
714 717
714 718
714 719
714 720
715 660
715 710
715 711
715 712
715 713
715 714
715 716
715 717
715 718
715 719
715 720
715 721
716 660
716 710
716 711
716 712
716 713
716 714
716 715
716 717
716 718
716 719
716 720
716 721
716 722
717 249
717 250
717 711
717 712
717 713
717 714
717 715
717 716
717 718
717 719
717 720
717 721
717 722
717 723
718 660
718 661
718 712
718 713
718 714
718 715
718 716
718 717
718 719
718 720
718 721
718 722
718 723
718 724
719 659
719 660
719 661
719 662
719 663
719 713
719 714
719 715
719 716
719 717
719 718
719 720
719 721
719 722
719 723
719 724
720 660
720 661
720 663
720 714
720 715
720 716
720 717
720 718
720 719
720 721
720 722
720 723
720 724
720 725
720 726
721 249
721 250
721 251
721 252
721 660
721 661
721 715
721 716
721 717
721 718
721 719
721 720
721 722
721 723
721 724
721 725
721 726
721 727
722 659
722 660
722 661
722 662
722 663
722 716
722 717
722 718
722 719
722 720
722 721
722 723
722 724
722 725
722 726
722 727
722 728
723 660
723 661
723 662
723 663
723 717
723 718
723 719
723 720
723 721
723 722
723 724
723 725
723 726
723 727
723 728
723 729
724 203
724 204
724 661
724 718
724 719
724 720
724 721
724 722
724 723
724 725
724 726
724 727
724 728
724 729
724 730
725 661
725 720
725 721
725 722
725 723
725 724
725 726
725 727
725 728
725 729
725 730
725 731
726 661
726 720
726 721
726 722
726 723
726 724
726 725
726 727
726 728
726 729
726 730
726 731
726 732
727 661
727 721
727 722
727 723
727 724
727 725
727 726
727 728
727 729
727 730
727 731
727 732
727 733
728 204
728 722
728 723
728 724
728 725
728 726
728 727
728 729
728 730
728 731
728 732
728 733
728 734
729 723
729 724
729 725
729 726
729 727
729 728
729 730
729 731
729 732
729 733
729 734
730 724
730 725
730 726
730 727
730 728
730 729
730 731
730 732
730 733
730 734
730 735
731 725
731 726
731 727
731 728
731 729
731 730
731 732
731 733
731 734
731 735
732 726
732 727
732 728
732 729
732 730
732 731
732 733
732 734
732 735
732 736
733 727
733 728
733 729
733 730
733 731
733 732
733 734
733 735
733 736
734 728
734 729
734 730
734 731
734 732
734 733
734 735
734 736
734 737
735 730
735 731
735 732
735 733
735 734
735 736
735 737
735 738
736 732
736 733
736 734
736 735
736 737
736 738
736 739
737 734
737 735
737 736
737 738
737 739
737 740
738 735
738 736
738 737
738 739
738 740
738 741
739 736
739 737
739 738
739 740
739 741
739 742
740 737
740 738
740 739
740 741
740 742
740 743
741 738
741 739
741 740
741 742
741 743
741 744
742 739
742 740
742 741
742 743
742 744
742 745
743 740
743 741
743 742
743 744
743 745
743 746
744 741
744 742
744 743
744 745
744 746
744 747
745 742
745 743
745 744
745 746
745 747
745 748
746 743
746 744
746 745
746 747
746 748
746 749
747 744
747 745
747 746
747 748
747 749
748 745
748 746
748 747
748 749
748 750
749 746
749 747
749 748
749 750
749 751
750 748
750 749
750 751
750 752
751 749
751 750
751 752
751 753
751 754
752 750
752 751
752 753
752 754
753 751
753 752
753 754
753 755
753 756
754 751
754 752
754 753
754 755
754 756
755 753
755 754
755 756
755 757
756 753
756 754
756 755
756 757
756 758
757 755
757 756
757 758
757 759
758 756
758 757
758 759
758 760
759 757
759 758
759 760
759 761
760 758
760 759
760 761
760 762
761 759
761 760
761 762
761 763
762 760
762 761
762 763
762 764
763 761
763 762
763 764
763 765
764 762
764 763
764 765
764 766
765 763
765 764
765 766
765 767
766 764
766 765
766 767
766 768
767 765
767 766
767 768
767 769
768 766
768 767
768 769
768 770
769 767
769 768
769 770
769 771
770 768
770 769
770 771
770 772
771 769
771 770
771 772
771 773
772 770
772 771
772 773
772 774
773 771
773 772
773 774
773 775
774 772
774 773
774 775
774 776
775 773
775 774
775 776
775 777
776 774
776 775
776 777
776 778
777 775
777 776
777 778
777 779
778 776
778 777
778 779
778 780
779 777
779 778
779 780
779 781
780 778
780 779
780 781
780 782
781 779
781 780
781 782
781 783
782 780
782 781
782 783
782 784
783 781
783 782
783 784
783 785
784 782
784 783
784 785
784 786
785 783
785 784
785 786
785 787
786 784
786 785
786 787
786 788
787 785
787 786
787 788
787 789
788 786
788 787
788 789
788 790
789 787
789 788
789 790
789 791
790 788
790 789
790 791
790 792
791 789
791 790
791 792
791 793
792 790
792 791
792 793
792 794
793 791
793 792
793 794
793 795
794 792
794 793
794 795
794 796
795 793
795 794
795 796
795 797
796 794
796 795
796 797
796 798
797 795
797 796
797 798
797 799
798 796
798 797
798 799
798 800
799 797
799 798
799 800
799 801
800 798
800 799
800 801
800 802
801 799
801 800
801 802
801 803
802 800
802 801
802 803
802 804
803 801
803 802
803 804
803 805
804 802
804 803
804 805
804 806
805 803
805 804
805 806
805 807
806 804
806 805
806 807
806 808
807 805
807 806
807 808
807 809
808 806
808 807
808 809
808 810
808 811
809 807
809 808
809 810
809 811
810 808
810 809
810 811
810 812
811 808
811 809
811 810
811 812
811 813
811 814
812 810
812 811
812 813
812 814
812 815
813 811
813 812
813 814
813 815
813 816
814 811
814 812
814 813
814 815
814 816
814 817
815 812
815 813
815 814
815 816
815 817
815 818
816 813
816 814
816 815
816 817
816 818
817 814
817 815
817 816
817 818
817 819
817 820
818 815
818 816
818 817
818 819
818 820
818 821
819 817
819 818
819 820
819 821
819 822
820 817
820 818
820 819
820 821
820 822
820 823
821 818
821 819
821 820
821 822
821 823
822 819
822 820
822 821
822 823
822 824
823 820
823 821
823 822
823 824
823 825
824 822
824 823
824 825
824 826
825 823
825 824
825 826
825 827
826 824
826 825
826 827
826 828
827 825
827 826
827 828
827 829
828 826
828 827
828 829
828 830
829 827
829 828
829 830
829 831
830 828
830 829
830 831
830 832
830 833
831 829
831 830
831 832
831 833
832 830
832 831
832 833
832 834
833 830
833 831
833 832
833 834
833 835
833 836
834 832
834 833
834 835
834 836
834 837
835 833
835 834
835 836
835 837
835 838
836 833
836 834
836 835
836 837
836 838
836 839
837 834
837 835
837 836
837 838
837 839
837 840
837 845
837 855
837 869
838 835
838 836
838 837
838 839
838 840
838 841
838 842
838 843
838 844
838 845
838 846
838 855
839 836
839 837
839 838
839 840
839 841
839 842
839 843
839 844
839 845
839 846
840 837
840 838
840 839
840 841
840 842
840 843
840 844
840 845
840 846
840 849
841 838
841 839
841 840
841 842
841 843
841 844
841 845
841 846
842 838
842 839
842 840
842 841
842 843
842 844
842 845
842 846
842 847
843 838
843 839
843 840
843 841
843 842
843 844
843 845
843 846
843 847
843 848
843 849
844 838
844 839
844 840
844 841
844 842
844 843
844 845
844 846
844 847
844 848
844 849
844 850
845 837
845 838
845 839
845 840
845 841
845 842
845 843
845 844
845 846
845 847
845 848
845 849
845 850
845 851
845 853
845 854
845 855
846 838
846 839
846 840
846 841
846 842
846 843
846 844
846 845
846 847
846 848
846 849
846 850
846 851
846 853
846 854
847 842
847 843
847 844
847 845
847 846
847 848
847 849
847 850
847 851
847 852
847 853
848 843
848 844
848 845
848 846
848 847
848 849
848 850
848 851
848 852
848 853
848 854
848 855
849 840
849 843
849 844
849 845
849 846
849 847
849 848
849 850
849 851
849 852
849 853
849 854
849 855
850 844
850 845
850 846
850 847
850 848
850 849
850 851
850 852
850 853
850 854
851 845
851 846
851 847
851 848
851 849
851 850
851 852
851 853
851 854
851 861
852 847
852 848
852 849
852 850
852 851
852 853
852 854
852 855
852 860
852 861
852 862
852 863
853 845
853 846
853 847
853 848
853 849
853 850
853 851
853 852
853 854
853 855
853 856
853 857
853 858
853 859
853 860
853 861
853 862
853 863
854 845
854 846
854 848
854 849
854 850
854 851
854 852
854 853
854 855
854 856
854 857
854 858
854 859
854 860
854 861
854 862
854 863
855 837
855 838
855 845
855 848
855 849
855 852
855 853
855 854
855 856
855 857
855 858
855 859
855 860
855 863
855 867
856 853
856 854
856 855
856 857
856 858
856 859
856 863
856 867
856 868
857 853
857 854
857 855
857 856
857 858
857 859
857 860
857 861
857 862
857 863
857 864
857 865
857 866
857 867
857 868
858 853
858 854
858 855
858 856
858 857
858 859
858 860
858 861
858 862
858 863
858 864
858 865
858 866
858 867
858 868
858 869
859 853
859 854
859 855
859 856
859 857
859 858
859 860
859 861
859 862
859 863
859 864
859 865
859 866
859 867
860 852
860 853
860 854
860 855
860 857
860 858
860 859
860 861
860 862
860 863
860 864
860 865
860 866
861 851
861 852
861 853
861 854
861 857
861 858
861 859
861 860
861 862
861 863
861 864
861 865
862 852
862 853
862 854
862 857
862 858
862 859
862 860
862 861
862 863
862 864
862 865
863 852
863 853
863 854
863 855
863 856
863 857
863 858
863 859
863 860
863 861
863 862
863 864
863 865
863 866
863 867
864 857
864 858
864 859
864 860
864 861
864 862
864 863
864 865
864 866
864 867
865 857
865 858
865 859
865 860
865 861
865 862
865 863
865 864
865 866
865 867
865 868
866 857
866 858
866 859
866 860
866 863
866 864
866 865
866 867
866 868
866 869
866 870
867 855
867 856
867 857
867 858
867 859
867 863
867 864
867 865
867 866
867 868
867 869
867 870
868 856
868 857
868 858
868 865
868 866
868 867
868 869
868 870
868 871
869 837
869 858
869 866
869 867
869 868
869 870
869 871
869 872
870 866
870 867
870 868
870 869
870 871
870 872
870 873
870 885
871 868
871 869
871 870
871 872
871 873
871 874
872 869
872 870
872 871
872 873
872 874
872 875
872 876
873 870
873 871
873 872
873 874
873 875
873 876
874 871
874 872
874 873
874 875
874 876
874 877
875 872
875 873
875 874
875 876
875 877
875 878
875 880
875 881
876 872
876 873
876 874
876 875
876 877
876 878
876 879
876 880
876 881
876 882
876 883
876 889
877 874
877 875
877 876
877 878
877 879
877 880
877 881
877 882
878 875
878 876
878 877
878 879
878 880
878 881
878 882
879 704
879 876
879 877
879 878
879 880
879 881
879 882
879 883
880 704
880 875
880 876
880 877
880 878
880 879
880 881
880 882
880 883
880 884
880 887
880 889
881 875
881 876
881 877
881 878
881 879
881 880
881 882
881 883
881 884
882 704
882 876
882 877
882 878
882 879
882 880
882 881
882 883
882 884
882 885
883 704
883 876
883 879
883 880
883 881
883 882
883 884
883 885
883 886
883 887
883 888
883 889
884 880
884 881
884 882
884 883
884 885
884 886
884 887
884 888
884 889
885 870
885 882
885 883
885 884
885 886
885 887
885 888
885 889
886 883
886 884
886 885
886 887
886 888
886 889
887 880
887 883
887 884
887 885
887 886
887 888
887 889
887 890
887 891
888 883
888 884
888 885
888 886
888 887
888 889
888 890
888 891
888 892
889 876
889 880
889 883
889 884
889 885
889 886
889 887
889 888
889 890
889 891
889 892
889 894
889 895
890 887
890 888
890 889
890 891
890 892
890 893
890 894
890 895
891 887
891 888
891 889
891 890
891 892
891 893
891 894
891 895
891 896
891 897
892 888
892 889
892 890
892 891
892 893
892 894
892 895
892 896
892 897
892 898
893 890
893 891
893 892
893 894
893 895
893 896
893 897
893 898
893 899
894 704
894 889
894 890
894 891
894 892
894 893
894 895
894 896
894 897
894 898
894 899
894 900
894 901
895 889
895 890
895 891
895 892
895 893
895 894
895 896
895 897
895 898
895 899
895 900
895 901
896 891
896 892
896 893
896 894
896 895
896 897
896 898
896 899
896 900
896 901
896 902
897 891
897 892
897 893
897 894
897 895
897 896
897 898
897 899
897 900
897 901
897 902
897 903
898 892
898 893
898 894
898 895
898 896
898 897
898 899
898 900
898 901
898 902
898 903
898 904
899 893
899 894
899 895
899 896
899 897
899 898
899 900
899 901
899 902
899 903
899 904
900 894
900 895
900 896
900 897
900 898
900 899
900 901
900 902
900 903
900 904
900 905
900 906
901 894
901 895
901 896
901 897
901 898
901 899
901 900
901 902
901 903
901 904
901 905
901 906
901 907
902 896
902 897
902 898
902 899
902 900
902 901
902 903
902 904
902 905
902 906
902 907
902 908
903 897
903 898
903 899
903 900
903 901
903 902
903 904
903 905
903 906
903 907
903 908
904 898
904 899
904 900
904 901
904 902
904 903
904 905
904 906
904 907
904 908
904 909
904 910
905 900
905 901
905 902
905 903
905 904
905 906
905 907
905 908
905 909
905 910
905 911
906 900
906 901
906 902
906 903
906 904
906 905
906 907
906 908
906 909
906 910
906 911
906 912
907 901
907 902
907 903
907 904
907 905
907 906
907 908
907 909
907 910
907 911
907 912
907 913
908 902
908 903
908 904
908 905
908 906
908 907
908 909
908 910
908 911
908 912
908 913
908 914
909 904
909 905
909 906
909 907
909 908
909 910
909 911
909 912
909 913
909 914
910 904
910 905
910 906
910 907
910 908
910 909
910 911
910 912
910 913
910 914
910 915
911 905
911 906
911 907
911 908
911 909
911 910
911 912
911 913
911 914
911 915
912 906
912 907
912 908
912 909
912 910
912 911
912 913
912 914
912 915
913 907
913 908
913 909
913 910
913 911
913 912
913 914
913 915
914 908
914 909
914 910
914 911
914 912
914 913
914 915
915 910
915 911
915 912
915 913
915 914
