0 1
0 2
0 3
0 4
1 0
1 2
1 3
1 4
1 5
1 6
2 0
2 1
2 3
2 4
2 5
2 6
2 7
3 0
3 1
3 2
3 4
3 5
3 6
3 7
3 8
4 0
4 1
4 2
4 3
4 5
4 6
4 7
4 8
4 9
4 10
5 1
5 2
5 3
5 4
5 6
5 7
5 8
5 9
5 10
6 1
6 2
6 3
6 4
6 5
6 7
6 8
6 9
6 10
6 11
6 12
7 2
7 3
7 4
7 5
7 6
7 8
7 9
7 10
7 11
7 12
8 3
8 4
8 5
8 6
8 7
8 9
8 10
8 11
8 12
8 13
9 4
9 5
9 6
9 7
9 8
9 10
9 11
9 12
9 13
9 14
10 4
10 5
10 6
10 7
10 8
10 9
10 11
10 12
10 13
10 14
10 15
11 6
11 7
11 8
11 9
11 10
11 12
11 13
11 14
11 15
11 16
12 6
12 7
12 8
12 9
12 10
12 11
12 13
12 14
12 15
12 16
12 17
13 8
13 9
13 10
13 11
13 12
13 14
13 15
13 16
13 17
13 18
14 9
14 10
14 11
14 12
14 13
14 15
14 16
14 17
14 18
14 19
15 10
15 11
15 12
15 13
15 14
15 16
15 17
15 18
15 19
15 20
16 11
16 12
16 13
16 14
16 15
16 17
16 18
16 19
16 20
17 12
17 13
17 14
17 15
17 16
17 18
17 19
17 20
17 21
18 13
18 14
18 15
18 16
18 17
18 19
18 20
18 21
18 22
19 14
19 15
19 16
19 17
19 18
19 20
19 21
19 22
19 23
19 76
19 79
19 81
20 15
20 16
20 17
20 18
20 19
20 21
20 22
20 23
20 26
20 72
20 75
20 76
20 79
20 80
20 81
20 82
20 83
20 189
20 193
21 17
21 18
21 19
21 20
21 22
21 23
21 24
21 25
21 26
21 27
21 28
21 75
21 79
21 80
21 81
21 82
21 83
21 84
21 189
22 18
22 19
22 20
22 21
22 23
22 24
22 25
22 26
22 27
22 75
22 76
22 78
22 79
22 80
22 81
22 82
22 83
22 84
23 19
23 20
23 21
23 22
23 24
23 25
23 26
23 75
23 76
23 78
23 79
23 80
23 81
23 134
23 149
23 153
24 21
24 22
24 23
24 25
24 26
24 27
24 79
24 80
24 81
24 84
24 134
24 137
24 138
24 141
24 148
24 149
24 150
24 151
24 152
24 153
24 154
24 156
25 21
25 22
25 23
25 24
25 26
25 27
25 28
25 29
25 30
25 80
25 81
25 148
25 149
25 150
25 151
25 152
25 153
25 154
26 20
26 21
26 22
26 23
26 24
26 25
26 27
26 28
26 29
26 30
26 81
26 149
26 150
26 153
26 186
27 21
27 22
27 24
27 25
27 26
27 28
27 29
27 30
27 31
27 32
27 81
27 83
27 84
27 150
27 153
27 182
27 183
27 185
27 186
27 189
28 21
28 25
28 26
28 27
28 29
28 30
28 31
28 182
28 183
28 185
28 186
28 187
28 189
28 190
29 25
29 26
29 27
29 28
29 30
29 31
29 32
29 150
29 186
30 25
30 26
30 27
30 28
30 29
30 31
30 32
30 150
30 151
30 153
30 154
30 179
30 182
30 183
30 186
31 27
31 28
31 29
31 30
31 32
31 33
31 34
31 50
31 150
31 179
31 182
31 183
31 186
32 27
32 29
32 30
32 31
32 33
32 34
32 35
32 49
32 50
32 174
32 176
32 178
32 179
32 180
32 181
32 182
32 183
32 186
33 31
33 32
33 34
33 35
33 36
33 48
33 49
33 50
33 51
33 53
33 174
33 176
33 178
33 179
33 180
33 182
33 183
34 31
34 32
34 33
34 35
34 36
34 37
34 39
34 40
34 48
34 49
34 50
34 51
34 52
34 53
34 54
34 174
34 176
34 177
34 178
34 179
34 180
34 181
34 182
34 183
34 184
35 32
35 33
35 34
35 36
35 37
35 38
35 39
35 40
35 47
35 48
35 49
35 50
35 51
35 52
35 53
35 54
35 56
35 91
35 175
35 176
35 177
35 178
35 179
35 180
35 181
35 182
35 183
35 184
36 33
36 34
36 35
36 37
36 38
36 39
36 40
36 41
36 47
36 48
36 49
36 50
36 52
36 53
36 175
36 176
36 177
36 179
36 180
37 34
37 35
37 36
37 38
37 39
37 40
37 41
37 42
37 43
37 45
37 46
37 47
37 48
37 49
37 52
38 35
38 36
38 37
38 39
38 40
38 41
38 42
38 43
38 45
38 47
38 48
38 176
39 34
39 35
39 36
39 37
39 38
39 40
39 41
39 42
39 43
39 44
39 45
39 47
39 48
39 49
39 52
39 53
39 56
39 91
39 176
39 177
39 180
40 34
40 35
40 36
40 37
40 38
40 39
40 41
40 42
40 43
40 44
40 45
40 46
40 47
40 48
40 49
40 51
40 52
40 53
40 55
40 56
41 36
41 37
41 38
41 39
41 40
41 42
41 43
41 44
41 45
41 46
41 47
41 48
41 52
41 108
42 37
42 38
42 39
42 40
42 41
42 43
42 44
42 45
42 46
42 95
42 96
42 108
43 37
43 38
43 39
43 40
43 41
43 42
43 44
43 45
43 46
43 52
43 55
43 56
43 95
43 96
43 108
43 109
43 110
44 39
44 40
44 41
44 42
44 43
44 45
44 46
44 47
44 108
44 109
44 110
45 37
45 38
45 39
45 40
45 41
45 42
45 43
45 44
45 46
45 47
45 48
45 51
45 52
45 55
45 56
46 37
46 40
46 41
46 42
46 43
46 44
46 45
46 47
46 48
46 52
47 35
47 36
47 37
47 38
47 39
47 40
47 41
47 44
47 45
47 46
47 48
47 49
47 50
47 51
47 52
47 53
48 33
48 34
48 35
48 36
48 37
48 38
48 39
48 40
48 41
48 45
48 46
48 47
48 49
48 50
48 51
48 52
48 53
48 55
48 180
49 32
49 33
49 34
49 35
49 36
49 37
49 39
49 40
49 47
49 48
49 50
49 51
49 52
49 53
49 54
49 179
49 180
49 183
50 31
50 32
50 33
50 34
50 35
50 36
50 47
50 48
50 49
50 51
50 52
50 53
50 54
50 55
50 56
50 179
50 180
50 181
50 182
50 183
50 184
50 186
50 187
51 33
51 34
51 35
51 40
51 45
51 47
51 48
51 49
51 50
51 52
51 53
51 54
51 55
51 56
51 57
51 180
51 183
51 184
51 187
52 34
52 35
52 36
52 37
52 39
52 40
52 41
52 43
52 45
52 46
52 47
52 48
52 49
52 50
52 51
52 53
52 54
52 55
52 56
52 57
52 58
52 180
52 183
52 184
53 33
53 34
53 35
53 36
53 39
53 40
53 47
53 48
53 49
53 50
53 51
53 52
53 54
53 55
53 56
53 57
53 58
53 59
53 87
53 90
53 91
53 179
53 180
53 181
53 182
53 183
53 184
53 185
53 186
53 187
54 34
54 35
54 49
54 50
54 51
54 52
54 53
54 55
54 56
54 57
54 58
54 59
54 60
54 87
54 180
54 181
54 182
54 183
54 184
54 185
54 186
54 187
54 188
55 40
55 43
55 45
55 48
55 50
55 51
55 52
55 53
55 54
55 56
55 57
55 58
55 59
55 60
55 61
55 184
55 187
56 35
56 39
56 40
56 43
56 45
56 50
56 51
56 52
56 53
56 54
56 55
56 57
56 58
56 59
56 60
56 61
56 87
56 90
56 91
56 95
56 180
56 183
56 184
56 187
57 51
57 52
57 53
57 54
57 55
57 56
57 58
57 59
57 60
57 61
57 62
57 64
57 86
57 87
57 89
57 90
57 91
57 180
57 181
57 183
57 184
57 185
57 186
57 187
57 188
58 52
58 53
58 54
58 55
58 56
58 57
58 59
58 60
58 61
58 62
58 63
58 64
58 90
58 184
58 187
58 188
58 191
59 53
59 54
59 55
59 56
59 57
59 58
59 60
59 61
59 62
59 63
59 64
59 90
59 112
60 54
60 55
60 56
60 57
60 58
60 59
60 61
60 62
60 63
60 64
60 65
60 86
60 87
60 89
60 90
60 91
60 93
60 95
60 116
60 184
60 188
61 55
61 56
61 57
61 58
61 59
61 60
61 62
61 63
61 64
61 65
61 66
61 68
61 86
61 90
61 187
61 188
61 191
62 57
62 58
62 59
62 60
62 61
62 63
62 64
62 65
62 66
62 67
63 58
63 59
63 60
63 61
63 62
63 64
63 65
63 66
63 67
63 68
63 90
63 115
63 116
63 117
63 118
63 121
64 57
64 58
64 59
64 60
64 61
64 62
64 63
64 65
64 66
64 67
64 68
64 69
64 71
64 86
64 87
64 89
64 90
64 121
64 188
64 193
65 60
65 61
65 62
65 63
65 64
65 66
65 67
65 68
65 69
65 70
65 71
65 86
65 188
65 191
65 192
65 193
66 61
66 62
66 63
66 64
66 65
66 67
66 68
66 69
66 70
66 71
66 121
67 62
67 63
67 64
67 65
67 66
67 68
67 69
67 70
67 71
67 72
67 86
67 121
67 122
67 123
67 126
68 61
68 63
68 64
68 65
68 66
68 67
68 69
68 70
68 71
68 72
68 73
68 74
68 82
68 83
68 85
68 86
68 192
68 193
69 64
69 65
69 66
69 67
69 68
69 70
69 71
69 72
69 73
69 74
69 75
69 82
69 193
70 65
70 66
70 67
70 68
70 69
70 71
70 72
70 73
70 74
70 75
70 76
70 82
70 122
70 123
70 126
70 127
71 64
71 65
71 66
71 67
71 68
71 69
71 70
71 72
71 73
71 74
71 75
71 76
71 77
71 80
71 81
71 82
71 83
71 84
71 85
71 86
71 123
71 126
71 127
71 130
71 193
72 20
72 67
72 68
72 69
72 70
72 71
72 73
72 74
72 75
72 76
72 77
72 78
72 79
72 80
72 81
72 82
72 83
72 85
72 86
72 193
73 68
73 69
73 70
73 71
73 72
73 74
73 75
73 76
73 77
73 78
73 79
73 80
73 82
73 123
73 127
74 68
74 69
74 70
74 71
74 72
74 73
74 75
74 76
74 77
74 78
74 79
74 80
74 81
74 82
74 85
74 123
74 124
74 126
74 127
74 128
74 130
74 131
75 20
75 21
75 22
75 23
75 69
75 70
75 71
75 72
75 73
75 74
75 76
75 77
75 78
75 79
75 80
75 81
75 82
75 83
75 84
75 85
75 86
75 126
75 127
75 130
75 193
76 19
76 20
76 22
76 23
76 70
76 71
76 72
76 73
76 74
76 75
76 77
76 78
76 79
76 80
76 81
76 82
77 71
77 72
77 73
77 74
77 75
77 76
77 78
77 79
77 80
77 127
77 130
77 131
78 22
78 23
78 72
78 73
78 74
78 75
78 76
78 77
78 79
78 80
78 81
78 82
78 127
78 130
78 131
78 133
78 134
78 135
79 19
79 20
79 21
79 22
79 23
79 24
79 72
79 73
79 74
79 75
79 76
79 77
79 78
79 80
79 81
79 82
79 130
79 134
80 20
80 21
80 22
80 23
80 24
80 25
80 71
80 72
80 73
80 74
80 75
80 76
80 77
80 78
80 79
80 81
80 82
80 83
80 84
80 85
80 130
80 131
80 133
80 134
80 153
81 19
81 20
81 21
81 22
81 23
81 24
81 25
81 26
81 27
81 71
81 72
81 74
81 75
81 76
81 78
81 79
81 80
81 82
81 83
81 84
81 85
81 86
81 87
81 185
81 189
81 193
82 20
82 21
82 22
82 68
82 69
82 70
82 71
82 72
82 73
82 74
82 75
82 76
82 78
82 79
82 80
82 81
82 83
82 84
82 85
82 86
82 87
82 88
82 130
82 185
82 188
82 189
82 192
82 193
83 20
83 21
83 22
83 27
83 68
83 71
83 72
83 75
83 80
83 81
83 82
83 84
83 85
83 86
83 87
83 88
83 89
83 181
83 182
83 184
83 185
83 186
83 187
83 188
83 189
83 190
83 191
83 192
83 193
84 21
84 22
84 24
84 27
84 71
84 75
84 80
84 81
84 82
84 83
84 85
84 86
84 87
84 88
84 89
84 90
84 130
84 133
84 153
84 157
84 181
84 182
84 183
84 184
84 185
84 186
84 188
84 189
84 193
85 68
85 71
85 72
85 74
85 75
85 80
85 81
85 82
85 83
85 84
85 86
85 87
85 88
85 89
85 90
85 91
85 126
85 127
85 129
85 130
85 133
85 181
85 185
85 188
85 193
86 57
86 60
86 61
86 64
86 65
86 67
86 68
86 71
86 72
86 75
86 81
86 82
86 83
86 84
86 85
86 87
86 88
86 89
86 90
86 91
86 92
86 126
86 130
86 181
86 184
86 185
86 188
86 189
86 193
87 53
87 54
87 56
87 57
87 60
87 64
87 81
87 82
87 83
87 84
87 85
87 86
87 88
87 89
87 90
87 91
87 92
87 93
87 178
87 180
87 181
87 182
87 183
87 184
87 185
87 186
87 187
87 188
87 189
87 193
88 82
88 83
88 84
88 85
88 86
88 87
88 89
88 90
88 91
88 92
88 93
88 126
88 129
88 130
88 133
88 157
88 160
88 161
88 177
88 178
88 180
88 181
88 182
88 184
88 185
89 57
89 60
89 64
89 83
89 84
89 85
89 86
89 87
89 88
89 90
89 91
89 92
89 93
89 94
89 120
89 121
89 125
89 126
89 129
89 130
89 181
89 184
89 185
90 53
90 56
90 57
90 58
90 59
90 60
90 61
90 63
90 64
90 84
90 85
90 86
90 87
90 88
90 89
90 91
90 92
90 93
90 94
90 95
90 180
90 181
90 184
90 185
90 188
91 35
91 39
91 53
91 56
91 57
91 60
91 85
91 86
91 87
91 88
91 89
91 90
91 92
91 93
91 94
91 95
91 177
91 178
91 180
91 181
91 182
91 184
91 185
92 86
92 87
92 88
92 89
92 90
92 91
92 93
92 94
92 95
92 129
92 161
92 177
92 181
93 60
93 87
93 88
93 89
93 90
93 91
93 92
93 94
93 95
93 96
93 116
93 117
93 120
93 121
94 89
94 90
94 91
94 92
94 93
94 95
94 96
94 97
94 116
94 117
94 120
95 42
95 43
95 56
95 60
95 90
95 91
95 92
95 93
95 94
95 96
95 97
95 98
95 110
95 114
95 116
96 42
96 43
96 93
96 94
96 95
96 97
96 98
96 99
96 110
97 94
97 95
97 96
97 98
97 99
97 100
97 110
98 95
98 96
98 97
98 99
98 100
98 101
98 108
98 109
98 110
98 111
98 114
99 96
99 97
99 98
99 100
99 101
99 102
99 106
99 107
99 108
99 109
99 110
100 97
100 98
100 99
100 101
100 102
100 103
100 105
100 106
100 107
100 108
100 109
101 98
101 99
101 100
101 102
101 103
101 104
101 105
101 106
101 107
101 108
102 99
102 100
102 101
102 103
102 104
102 105
102 106
102 107
103 100
103 101
103 102
103 104
103 105
103 106
104 101
104 102
104 103
104 105
104 106
104 107
105 100
105 101
105 102
105 103
105 104
105 106
105 107
105 108
106 99
106 100
106 101
106 102
106 103
106 104
106 105
106 107
106 108
106 109
107 99
107 100
107 101
107 102
107 104
107 105
107 106
107 108
107 109
107 110
108 41
108 42
108 43
108 44
108 98
108 99
108 100
108 101
108 105
108 106
108 107
108 109
108 110
108 111
109 43
109 44
109 98
109 99
109 100
109 106
109 107
109 108
109 110
109 111
109 112
110 43
110 44
110 95
110 96
110 97
110 98
110 99
110 107
110 108
110 109
110 111
110 112
110 113
110 114
111 98
111 108
111 109
111 110
111 112
111 113
111 114
111 115
112 59
112 109
112 110
112 111
112 113
112 114
112 115
113 110
113 111
113 112
113 114
113 115
113 116
114 95
114 98
114 110
114 111
114 112
114 113
114 115
114 116
114 117
115 63
115 111
115 112
115 113
115 114
115 116
115 117
115 118
116 60
116 63
116 93
116 94
116 95
116 113
116 114
116 115
116 117
116 118
116 119
116 120
116 121
117 63
117 93
117 94
117 114
117 115
117 116
117 118
117 119
117 120
117 121
118 63
118 115
118 116
118 117
118 119
118 120
118 121
118 122
119 116
119 117
119 118
119 120
119 121
119 122
120 89
120 93
120 94
120 116
120 117
120 118
120 119
120 121
120 122
120 123
120 125
120 126
121 63
121 64
121 66
121 67
121 89
121 93
121 116
121 117
121 118
121 119
121 120
121 122
121 123
121 124
121 125
121 126
122 67
122 70
122 118
122 119
122 120
122 121
122 123
122 124
122 125
122 126
122 127
122 128
123 67
123 70
123 71
123 73
123 74
123 120
123 121
123 122
123 124
123 125
123 126
123 127
123 128
123 129
124 74
124 121
124 122
124 123
124 125
124 126
124 127
124 128
124 129
124 130
125 89
125 120
125 121
125 122
125 123
125 124
125 126
125 127
125 128
125 129
125 130
125 131
126 67
126 70
126 71
126 74
126 75
126 85
126 86
126 88
126 89
126 120
126 121
126 122
126 123
126 124
126 125
126 127
126 128
126 129
126 130
126 131
127 70
127 71
127 73
127 74
127 75
127 77
127 78
127 85
127 122
127 123
127 124
127 125
127 126
127 128
127 129
127 130
127 131
127 132
127 133
128 74
128 122
128 123
128 124
128 125
128 126
128 127
128 129
128 130
128 131
128 132
128 133
128 134
129 85
129 88
129 89
129 92
129 123
129 124
129 125
129 126
129 127
129 128
129 130
129 131
129 132
129 133
129 134
129 135
129 160
130 71
130 74
130 75
130 77
130 78
130 79
130 80
130 82
130 84
130 85
130 86
130 88
130 89
130 124
130 125
130 126
130 127
130 128
130 129
130 131
130 132
130 133
130 134
130 135
130 136
131 74
131 77
131 78
131 80
131 125
131 126
131 127
131 128
131 129
131 130
131 132
131 133
131 134
131 135
131 136
131 137
132 127
132 128
132 129
132 130
132 131
132 133
132 134
132 135
132 136
132 137
132 138
132 156
132 159
132 160
133 78
133 80
133 84
133 85
133 88
133 127
133 128
133 129
133 130
133 131
133 132
133 134
133 135
133 136
133 137
133 138
133 139
133 153
133 156
133 157
133 158
133 159
133 160
133 161
134 23
134 24
134 78
134 79
134 80
134 128
134 129
134 130
134 131
134 132
134 133
134 135
134 136
134 137
134 138
134 139
134 140
134 153
134 156
134 157
134 160
135 78
135 129
135 130
135 131
135 132
135 133
135 134
135 136
135 137
135 138
135 139
135 140
135 141
135 156
135 159
135 160
135 164
136 130
136 131
136 132
136 133
136 134
136 135
136 137
136 138
136 139
136 140
136 141
136 142
136 152
136 153
136 155
136 156
136 157
136 158
136 159
136 160
136 161
136 163
136 164
137 24
137 131
137 132
137 133
137 134
137 135
137 136
137 138
137 139
137 140
137 141
137 142
137 143
137 149
137 151
137 152
137 153
137 154
137 155
137 156
137 157
137 158
137 159
137 160
138 24
138 132
138 133
138 134
138 135
138 136
138 137
138 139
138 140
138 141
138 142
138 143
138 144
138 145
138 152
138 153
138 155
138 156
139 133
139 134
139 135
139 136
139 137
139 138
139 140
139 141
139 142
139 143
139 144
139 145
139 152
139 155
139 156
139 159
139 164
140 134
140 135
140 136
140 137
140 138
140 139
140 141
140 142
140 143
140 144
140 145
140 147
140 151
140 152
140 153
140 154
140 155
140 156
140 157
140 158
140 159
140 164
140 167
140 168
141 24
141 135
141 136
141 137
141 138
141 139
141 140
141 142
141 143
141 144
141 145
141 146
141 147
141 148
141 149
141 151
141 152
141 153
141 155
141 156
142 136
142 137
142 138
142 139
142 140
142 141
142 143
142 144
142 145
142 146
142 152
143 137
143 138
143 139
143 140
143 141
143 142
143 144
143 145
143 146
143 147
143 167
143 168
143 169
144 138
144 139
144 140
144 141
144 142
144 143
144 145
144 146
144 147
144 148
144 151
144 152
144 155
144 167
144 168
144 169
144 170
145 138
145 139
145 140
145 141
145 142
145 143
145 144
145 146
145 147
145 148
145 152
146 141
146 142
146 143
146 144
146 145
146 147
146 148
146 149
146 151
146 152
147 140
147 141
147 143
147 144
147 145
147 146
147 148
147 149
147 150
147 151
147 152
147 155
147 170
148 24
148 25
148 141
148 144
148 145
148 146
148 147
148 149
148 150
148 151
148 152
148 153
148 154
149 23
149 24
149 25
149 26
149 137
149 141
149 146
149 147
149 148
149 150
149 151
149 152
149 153
149 154
149 155
150 24
150 25
150 26
150 27
150 29
150 30
150 31
150 147
150 148
150 149
150 151
150 152
150 153
150 154
150 155
150 156
150 173
151 24
151 25
151 30
151 137
151 140
151 141
151 144
151 146
151 147
151 148
151 149
151 150
151 152
151 153
151 154
151 155
151 156
151 157
151 170
151 173
151 174
152 24
152 25
152 136
152 137
152 138
152 139
152 140
152 141
152 142
152 144
152 145
152 146
152 147
152 148
152 149
152 150
152 151
152 153
152 154
152 155
152 156
152 157
152 158
152 170
152 173
153 23
153 24
153 25
153 26
153 27
153 30
153 80
153 84
153 133
153 134
153 136
153 137
153 138
153 140
153 141
153 148
153 149
153 150
153 151
153 152
153 154
153 155
153 156
153 157
153 158
153 159
153 173
153 178
153 182
154 24
154 25
154 30
154 137
154 140
154 148
154 149
154 150
154 151
154 152
154 153
154 155
154 156
154 157
154 158
154 159
154 160
154 167
154 170
154 172
154 173
154 174
154 175
154 177
154 178
154 179
154 181
154 182
155 136
155 137
155 138
155 139
155 140
155 141
155 144
155 147
155 149
155 150
155 151
155 152
155 153
155 154
155 156
155 157
155 158
155 159
155 160
155 164
155 166
155 167
155 168
155 169
155 170
155 171
155 172
155 173
155 174
155 175
155 178
156 24
156 132
156 133
156 134
156 135
156 136
156 137
156 138
156 139
156 140
156 141
156 150
156 151
156 152
156 153
156 154
156 155
156 157
156 158
156 159
156 160
156 161
156 162
156 163
156 164
156 166
156 167
156 173
156 178
157 84
157 88
157 133
157 134
157 136
157 137
157 140
157 151
157 152
157 153
157 154
157 155
157 156
157 158
157 159
157 160
157 161
157 162
157 163
157 167
157 173
157 174
157 175
157 176
157 177
157 178
157 179
157 181
157 182
158 133
158 136
158 137
158 140
158 152
158 153
158 154
158 155
158 156
158 157
158 159
158 160
158 161
158 162
158 163
158 164
158 165
158 166
158 167
158 172
158 173
158 174
158 175
158 176
158 177
158 178
158 179
159 132
159 133
159 135
159 136
159 137
159 139
159 140
159 153
159 154
159 155
159 156
159 157
159 158
159 160
159 161
159 162
159 163
159 164
159 165
159 166
159 167
159 168
159 172
159 173
159 175
159 177
159 178
160 88
160 129
160 132
160 133
160 134
160 135
160 136
160 137
160 154
160 155
160 156
160 157
160 158
160 159
160 161
160 162
160 163
160 164
160 166
160 167
160 177
160 178
161 88
161 92
161 133
161 136
161 156
161 157
161 158
161 159
161 160
161 162
161 163
161 164
161 166
161 175
161 176
161 177
161 178
162 156
162 157
162 158
162 159
162 160
162 161
162 163
162 164
162 165
162 166
162 167
162 175
162 177
163 136
163 156
163 157
163 158
163 159
163 160
163 161
163 162
163 164
163 165
163 166
163 167
164 135
164 136
164 139
164 140
164 155
164 156
164 158
164 159
164 160
164 161
164 162
164 163
164 165
164 166
164 167
164 168
165 158
165 159
165 162
165 163
165 164
165 166
165 167
165 168
166 155
166 156
166 158
166 159
166 160
166 161
166 162
166 163
166 164
166 165
166 167
166 168
166 169
166 172
166 173
166 175
167 140
167 143
167 144
167 154
167 155
167 156
167 157
167 158
167 159
167 160
167 162
167 163
167 164
167 165
167 166
167 168
167 169
167 170
167 171
167 172
167 173
167 174
167 175
168 140
168 143
168 144
168 155
168 159
168 164
168 165
168 166
168 167
168 169
168 170
168 171
168 172
168 173
169 143
169 144
169 155
169 166
169 167
169 168
169 170
169 171
169 172
169 173
170 144
170 147
170 151
170 152
170 154
170 155
170 167
170 168
170 169
170 171
170 172
170 173
170 174
171 155
171 167
171 168
171 169
171 170
171 172
171 173
171 174
171 175
172 154
172 155
172 158
172 159
172 166
172 167
172 168
172 169
172 170
172 171
172 173
172 174
172 175
173 150
173 151
173 152
173 153
173 154
173 155
173 156
173 157
173 158
173 159
173 166
173 167
173 168
173 169
173 170
173 171
173 172
173 174
173 175
173 176
173 178
173 179
174 32
174 33
174 34
174 151
174 154
174 155
174 157
174 158
174 167
174 170
174 171
174 172
174 173
174 175
174 176
174 177
174 178
174 179
174 180
175 35
175 36
175 154
175 155
175 157
175 158
175 159
175 161
175 162
175 166
175 167
175 171
175 172
175 173
175 174
175 176
175 177
175 178
175 179
175 180
176 32
176 33
176 34
176 35
176 36
176 38
176 39
176 157
176 158
176 161
176 173
176 174
176 175
176 177
176 178
176 179
176 180
176 181
177 34
177 35
177 36
177 39
177 88
177 91
177 92
177 154
177 157
177 158
177 159
177 160
177 161
177 162
177 174
177 175
177 176
177 178
177 179
177 180
177 181
177 182
178 32
178 33
178 34
178 35
178 87
178 88
178 91
178 153
178 154
178 155
178 156
178 157
178 158
178 159
178 160
178 161
178 173
178 174
178 175
178 176
178 177
178 179
178 180
178 181
178 182
178 183
178 184
179 30
179 31
179 32
179 33
179 34
179 35
179 36
179 49
179 50
179 53
179 154
179 157
179 158
179 173
179 174
179 175
179 176
179 177
179 178
179 180
179 181
179 182
179 183
179 184
179 185
180 32
180 33
180 34
180 35
180 36
180 39
180 48
180 49
180 50
180 51
180 52
180 53
180 54
180 56
180 57
180 87
180 88
180 90
180 91
180 174
180 175
180 176
180 177
180 178
180 179
180 181
180 182
180 183
180 184
180 185
180 186
181 32
181 34
181 35
181 50
181 53
181 54
181 57
181 83
181 84
181 85
181 86
181 87
181 88
181 89
181 90
181 91
181 92
181 154
181 157
181 176
181 177
181 178
181 179
181 180
181 182
181 183
181 184
181 185
181 186
181 187
182 27
182 28
182 30
182 31
182 32
182 33
182 34
182 35
182 50
182 53
182 54
182 83
182 84
182 87
182 88
182 91
182 153
182 154
182 157
182 177
182 178
182 179
182 180
182 181
182 183
182 184
182 185
182 186
182 187
182 188
183 27
183 28
183 30
183 31
183 32
183 33
183 34
183 35
183 49
183 50
183 51
183 52
183 53
183 54
183 56
183 57
183 84
183 87
183 178
183 179
183 180
183 181
183 182
183 184
183 185
183 186
183 187
183 188
184 34
184 35
184 50
184 51
184 52
184 53
184 54
184 55
184 56
184 57
184 58
184 60
184 83
184 84
184 86
184 87
184 88
184 89
184 90
184 91
184 178
184 179
184 180
184 181
184 182
184 183
184 185
184 186
184 187
184 188
184 189
185 27
185 28
185 53
185 54
185 57
185 81
185 82
185 83
185 84
185 85
185 86
185 87
185 88
185 89
185 90
185 91
185 179
185 180
185 181
185 182
185 183
185 184
185 186
185 187
185 188
185 189
185 190
185 191
185 193
186 26
186 27
186 28
186 29
186 30
186 31
186 32
186 50
186 53
186 54
186 57
186 83
186 84
186 87
186 180
186 181
186 182
186 183
186 184
186 185
186 187
186 188
186 189
186 190
186 191
186 193
187 28
187 50
187 51
187 53
187 54
187 55
187 56
187 57
187 58
187 61
187 83
187 87
187 181
187 182
187 183
187 184
187 185
187 186
187 188
187 189
187 190
187 191
187 192
187 193
188 54
188 57
188 58
188 60
188 61
188 64
188 65
188 82
188 83
188 84
188 85
188 86
188 87
188 90
188 182
188 183
188 184
188 185
188 186
188 187
188 189
188 190
188 191
188 192
188 193
189 20
189 21
189 27
189 28
189 81
189 82
189 83
189 84
189 86
189 87
189 184
189 185
189 186
189 187
189 188
189 190
189 191
189 192
189 193
190 28
190 83
190 185
190 186
190 187
190 188
190 189
190 191
190 192
190 193
191 58
191 61
191 65
191 83
191 185
191 186
191 187
191 188
191 189
191 190
191 192
191 193
192 65
192 68
192 82
192 83
192 187
192 188
192 189
192 190
192 191
192 193
193 20
193 64
193 65
193 68
193 69
193 71
193 72
193 75
193 81
193 82
193 83
193 84
193 85
193 86
193 87
193 185
193 186
193 187
193 188
193 189
193 190
193 191
193 192
