0 1
0 2
1 0
1 2
1 3
1 4
2 0
2 1
2 3
2 4
2 5
3 1
3 2
3 4
3 5
3 6
4 1
4 2
4 3
4 5
4 6
4 7
5 2
5 3
5 4
5 6
5 7
5 8
6 3
6 4
6 5
6 7
6 8
6 9
7 4
7 5
7 6
7 8
7 9
7 10
8 5
8 6
8 7
8 9
8 10
8 11
9 6
9 7
9 8
9 10
9 11
9 12
10 7
10 8
10 9
10 11
10 12
10 13
11 8
11 9
11 10
11 12
11 13
11 14
11 20
11 23
12 9
12 10
12 11
12 13
12 14
12 15
12 19
12 20
13 10
13 11
13 12
13 14
13 15
13 16
13 17
13 18
13 19
13 20
14 11
14 12
14 13
14 15
14 16
14 17
14 18
14 19
14 20
14 21
15 12
15 13
15 14
15 16
15 17
15 18
15 19
15 20
16 13
16 14
16 15
16 17
16 18
16 19
16 20
17 13
17 14
17 15
17 16
17 18
17 19
17 20
18 13
18 14
18 15
18 16
18 17
18 19
18 20
18 21
18 23
18 24
18 241
18 242
18 245
19 12
19 13
19 14
19 15
19 16
19 17
19 18
19 20
19 21
19 22
19 23
19 24
19 238
19 239
19 241
19 242
19 245
20 11
20 12
20 13
20 14
20 15
20 16
20 17
20 18
20 19
20 21
20 22
20 23
20 24
20 25
21 14
21 18
21 19
21 20
21 22
21 23
21 24
21 25
21 26
22 19
22 20
22 21
22 23
22 24
22 25
22 26
22 27
22 58
22 62
22 63
22 64
23 11
23 18
23 19
23 20
23 21
23 22
23 24
23 25
23 26
23 27
23 28
23 29
23 178
23 179
23 180
23 239
23 242
24 18
24 19
24 20
24 21
24 22
24 23
24 25
24 26
24 27
24 28
24 29
24 30
24 178
24 179
24 239
24 242
24 243
24 245
24 246
25 20
25 21
25 22
25 23
25 24
25 26
25 27
25 28
25 29
25 30
25 31
25 63
25 68
25 69
26 21
26 22
26 23
26 24
26 25
26 27
26 28
26 29
26 30
26 31
26 32
26 51
26 54
26 55
26 58
26 63
26 68
26 69
26 72
26 178
26 179
26 180
27 22
27 23
27 24
27 25
27 26
27 28
27 29
27 30
27 31
27 32
27 33
27 175
27 177
27 178
27 179
27 180
27 239
27 242
27 243
27 246
28 23
28 24
28 25
28 26
28 27
28 29
28 30
28 31
28 32
28 33
28 68
28 69
28 178
28 242
28 243
28 246
29 23
29 24
29 25
29 26
29 27
29 28
29 30
29 31
29 32
29 33
29 34
29 35
29 51
29 54
29 55
29 68
29 69
29 70
29 71
29 72
29 73
29 178
30 24
30 25
30 26
30 27
30 28
30 29
30 31
30 32
30 33
30 34
30 35
30 36
30 47
30 48
30 50
30 51
30 52
30 54
30 55
30 68
30 69
30 72
30 175
30 177
30 178
30 179
30 180
31 25
31 26
31 27
31 28
31 29
31 30
31 32
31 33
31 34
31 35
31 36
31 37
31 51
31 175
31 177
31 178
31 179
31 243
32 26
32 27
32 28
32 29
32 30
32 31
32 33
32 34
32 35
32 36
32 37
32 38
32 51
32 69
32 72
32 73
32 95
32 96
32 99
32 100
32 178
33 27
33 28
33 29
33 30
33 31
33 32
33 34
33 35
33 36
33 37
33 38
33 39
33 47
33 48
33 50
33 51
33 54
33 69
33 72
33 73
33 75
33 76
33 96
33 177
33 178
34 29
34 30
34 31
34 32
34 33
34 35
34 36
34 37
34 38
34 39
34 40
34 42
34 44
34 46
34 47
34 48
34 50
34 51
34 72
34 76
34 174
34 175
34 177
34 178
35 29
35 30
35 31
35 32
35 33
35 34
35 36
35 37
35 38
35 39
35 40
35 42
35 47
35 95
35 96
35 99
36 30
36 31
36 32
36 33
36 34
36 35
36 37
36 38
36 39
36 40
36 41
36 42
36 47
36 72
36 73
36 76
36 91
36 92
36 93
36 94
36 95
36 96
36 98
36 99
37 31
37 32
37 33
37 34
37 35
37 36
37 38
37 39
37 40
37 41
37 42
37 43
37 44
37 46
37 47
37 48
37 50
37 73
37 76
37 77
37 80
37 92
37 95
38 32
38 33
38 34
38 35
38 36
38 37
38 39
38 40
38 41
38 42
38 43
38 44
38 47
38 95
39 33
39 34
39 35
39 36
39 37
39 38
39 40
39 41
39 42
39 91
39 92
39 95
39 96
39 99
40 34
40 35
40 36
40 37
40 38
40 39
40 41
40 42
40 43
40 47
40 76
40 87
40 88
40 91
40 92
40 94
40 95
41 36
41 37
41 38
41 39
41 40
41 42
41 43
41 44
41 47
41 85
41 87
42 34
42 35
42 36
42 37
42 38
42 39
42 40
42 41
42 43
42 44
42 45
42 46
42 47
42 48
42 76
42 79
42 80
42 85
42 86
42 87
43 37
43 38
43 40
43 41
43 42
43 44
43 45
43 46
43 47
43 48
43 80
43 83
43 85
44 34
44 37
44 38
44 41
44 42
44 43
44 45
44 46
44 47
44 48
44 49
44 50
44 139
44 141
44 174
45 42
45 43
45 44
45 46
45 47
45 48
45 49
45 50
45 51
45 79
45 80
45 83
45 85
45 137
45 138
45 139
45 140
45 141
45 142
46 34
46 37
46 42
46 43
46 44
46 45
46 47
46 48
46 49
46 50
46 51
46 52
46 75
46 76
46 77
46 78
46 79
46 80
46 81
46 82
46 83
46 84
46 85
46 86
47 30
47 33
47 34
47 35
47 36
47 37
47 38
47 40
47 41
47 42
47 43
47 44
47 45
47 46
47 48
47 49
47 50
47 51
47 52
47 53
47 75
47 76
47 79
47 80
47 83
47 174
47 177
48 30
48 33
48 34
48 37
48 42
48 43
48 44
48 45
48 46
48 47
48 49
48 50
48 51
48 52
48 53
48 54
48 76
48 79
48 137
48 138
48 139
48 140
48 141
48 173
48 174
48 176
48 177
48 178
48 182
49 44
49 45
49 46
49 47
49 48
49 50
49 51
49 52
49 53
49 54
49 55
49 75
49 76
49 78
49 79
49 80
49 82
49 83
49 135
49 136
49 137
49 138
49 139
49 177
49 182
50 30
50 33
50 34
50 37
50 44
50 45
50 46
50 47
50 48
50 49
50 51
50 52
50 53
50 54
50 55
50 56
50 71
50 72
50 73
50 74
50 75
50 76
50 77
50 78
50 79
50 80
50 82
50 83
50 135
50 177
51 26
51 29
51 30
51 31
51 32
51 33
51 34
51 45
51 46
51 47
51 48
51 49
51 50
51 52
51 53
51 54
51 55
51 56
51 57
51 72
51 75
51 76
51 79
51 176
51 177
51 178
51 179
51 180
51 182
52 30
52 46
52 47
52 48
52 49
52 50
52 51
52 53
52 54
52 55
52 56
52 57
52 75
52 79
52 135
52 136
52 137
52 139
52 177
52 178
52 179
52 180
52 181
52 182
52 183
53 47
53 48
53 49
53 50
53 51
53 52
53 54
53 55
53 56
53 57
53 58
53 59
53 71
53 72
53 74
53 75
53 76
53 78
53 79
53 127
53 128
53 131
53 134
53 135
53 136
53 137
53 183
54 26
54 29
54 30
54 33
54 48
54 49
54 50
54 51
54 52
54 53
54 55
54 56
54 57
54 58
54 59
54 68
54 69
54 71
54 72
54 73
54 74
54 75
54 76
54 79
54 127
54 180
55 26
55 29
55 30
55 49
55 50
55 51
55 52
55 53
55 54
55 56
55 57
55 58
55 59
55 60
55 71
55 72
55 75
55 177
55 178
55 179
55 180
55 181
55 182
55 183
56 50
56 51
56 52
56 53
56 54
56 55
56 57
56 58
56 59
56 60
56 61
56 127
56 130
56 131
56 134
56 135
56 180
56 182
56 183
57 51
57 52
57 53
57 54
57 55
57 56
57 58
57 59
57 60
57 61
57 62
57 63
57 68
57 71
57 72
57 75
57 126
57 127
57 128
57 130
57 131
58 22
58 26
58 53
58 54
58 55
58 56
58 57
58 59
58 60
58 61
58 62
58 63
58 65
58 66
58 68
58 71
58 127
58 130
58 180
59 53
59 54
59 55
59 56
59 57
59 58
59 60
59 61
59 62
59 63
59 131
59 180
59 183
60 55
60 56
60 57
60 58
60 59
60 61
60 62
60 63
60 127
60 130
60 131
61 56
61 57
61 58
61 59
61 60
61 62
61 63
61 64
61 65
61 66
61 130
62 22
62 57
62 58
62 59
62 60
62 61
62 63
62 64
62 65
62 66
63 22
63 25
63 26
63 57
63 58
63 59
63 60
63 61
63 62
63 64
63 65
63 66
63 67
63 68
64 22
64 61
64 62
64 63
64 65
64 66
64 67
64 68
65 58
65 61
65 62
65 63
65 64
65 66
65 67
65 68
66 58
66 61
66 62
66 63
66 64
66 65
66 67
66 68
66 69
66 70
66 71
66 123
67 63
67 64
67 65
67 66
67 68
67 69
67 70
67 71
67 72
68 25
68 26
68 28
68 29
68 30
68 54
68 57
68 58
68 63
68 64
68 65
68 66
68 67
68 69
68 70
68 71
68 72
68 73
68 74
69 25
69 26
69 28
69 29
69 30
69 32
69 33
69 54
69 66
69 67
69 68
69 70
69 71
69 72
69 73
69 74
69 75
69 96
70 29
70 66
70 67
70 68
70 69
70 71
70 72
70 73
70 74
70 75
70 76
70 93
70 96
70 116
70 119
70 120
70 123
70 124
71 29
71 50
71 53
71 54
71 55
71 57
71 58
71 66
71 67
71 68
71 69
71 70
71 72
71 73
71 74
71 75
71 76
71 77
71 119
71 120
71 123
71 124
71 126
71 127
72 26
72 29
72 30
72 32
72 33
72 34
72 36
72 50
72 51
72 53
72 54
72 55
72 57
72 67
72 68
72 69
72 70
72 71
72 73
72 74
72 75
72 76
72 77
72 78
72 96
72 120
72 123
73 29
73 32
73 33
73 36
73 37
73 50
73 54
73 68
73 69
73 70
73 71
73 72
73 74
73 75
73 76
73 77
73 78
73 79
73 89
73 92
73 93
73 95
73 96
73 116
73 117
73 119
73 120
73 121
73 123
73 124
74 50
74 53
74 54
74 68
74 69
74 70
74 71
74 72
74 73
74 75
74 76
74 77
74 78
74 79
74 80
74 89
74 92
74 117
74 119
74 120
74 121
74 122
74 123
74 124
74 125
74 126
74 127
75 33
75 46
75 47
75 49
75 50
75 51
75 52
75 53
75 54
75 55
75 57
75 69
75 70
75 71
75 72
75 73
75 74
75 76
75 77
75 78
75 79
75 80
75 81
75 120
75 123
75 124
75 127
75 128
75 135
76 33
76 34
76 36
76 37
76 40
76 42
76 46
76 47
76 48
76 49
76 50
76 51
76 53
76 54
76 70
76 71
76 72
76 73
76 74
76 75
76 77
76 78
76 79
76 80
76 81
76 82
76 87
76 89
76 92
76 120
76 124
77 37
77 46
77 50
77 71
77 72
77 73
77 74
77 75
77 76
77 78
77 79
77 80
77 81
77 82
77 85
77 86
77 87
77 88
77 89
77 92
77 120
77 121
77 124
78 46
78 49
78 50
78 53
78 72
78 73
78 74
78 75
78 76
78 77
78 79
78 80
78 81
78 82
78 83
78 84
78 85
78 86
78 87
78 120
78 121
78 123
78 124
78 125
78 127
78 128
78 135
79 42
79 45
79 46
79 47
79 48
79 49
79 50
79 51
79 52
79 53
79 54
79 73
79 74
79 75
79 76
79 77
79 78
79 80
79 81
79 82
79 83
79 84
79 85
79 86
79 87
79 135
79 136
80 37
80 42
80 43
80 45
80 46
80 47
80 49
80 50
80 74
80 75
80 76
80 77
80 78
80 79
80 81
80 82
80 83
80 84
80 85
80 86
80 87
80 88
81 46
81 75
81 76
81 77
81 78
81 79
81 80
81 82
81 83
81 84
81 85
81 86
81 87
82 46
82 49
82 50
82 76
82 77
82 78
82 79
82 80
82 81
82 83
82 84
82 85
82 86
82 135
82 136
82 137
83 43
83 45
83 46
83 47
83 49
83 50
83 78
83 79
83 80
83 81
83 82
83 84
83 85
83 86
83 135
83 136
83 137
84 46
84 78
84 79
84 80
84 81
84 82
84 83
84 85
84 86
84 87
85 41
85 42
85 43
85 45
85 46
85 77
85 78
85 79
85 80
85 81
85 82
85 83
85 84
85 86
85 87
86 42
86 46
86 77
86 78
86 79
86 80
86 81
86 82
86 83
86 84
86 85
86 87
86 88
86 89
87 40
87 41
87 42
87 76
87 77
87 78
87 79
87 80
87 81
87 84
87 85
87 86
87 88
87 89
87 90
87 91
87 92
88 40
88 77
88 80
88 86
88 87
88 89
88 90
88 91
88 92
88 93
89 73
89 74
89 76
89 77
89 86
89 87
89 88
89 90
89 91
89 92
89 93
89 94
89 116
89 117
89 118
89 120
89 121
90 87
90 88
90 89
90 91
90 92
90 93
90 94
90 95
90 96
90 109
90 113
90 114
90 116
90 117
91 36
91 39
91 40
91 87
91 88
91 89
91 90
91 92
91 93
91 94
91 95
91 96
91 97
92 36
92 37
92 39
92 40
92 73
92 74
92 76
92 77
92 87
92 88
92 89
92 90
92 91
92 93
92 94
92 95
92 96
92 97
92 98
92 117
92 120
93 36
93 70
93 73
93 88
93 89
93 90
93 91
93 92
93 94
93 95
93 96
93 97
93 98
93 99
93 107
93 113
93 116
93 117
93 120
94 36
94 40
94 89
94 90
94 91
94 92
94 93
94 95
94 96
94 97
94 98
94 99
94 106
94 107
94 108
94 113
95 32
95 35
95 36
95 37
95 38
95 39
95 40
95 73
95 90
95 91
95 92
95 93
95 94
95 96
95 97
95 98
95 99
95 100
95 101
95 102
95 106
95 107
96 32
96 33
96 35
96 36
96 39
96 69
96 70
96 72
96 73
96 90
96 91
96 92
96 93
96 94
96 95
96 97
96 98
96 99
96 100
96 101
96 102
97 91
97 92
97 93
97 94
97 95
97 96
97 98
97 99
97 100
97 101
97 102
97 104
97 105
97 106
97 107
98 36
98 92
98 93
98 94
98 95
98 96
98 97
98 99
98 100
98 101
98 102
98 103
98 104
98 105
98 106
98 107
99 32
99 35
99 36
99 39
99 93
99 94
99 95
99 96
99 97
99 98
99 100
99 101
99 102
99 103
99 104
100 32
100 95
100 96
100 97
100 98
100 99
100 101
100 102
100 103
100 104
101 95
101 96
101 97
101 98
101 99
101 100
101 102
101 103
101 104
101 105
101 106
101 107
102 95
102 96
102 97
102 98
102 99
102 100
102 101
102 103
102 104
102 105
103 98
103 99
103 100
103 101
103 102
103 104
103 105
103 106
104 97
104 98
104 99
104 100
104 101
104 102
104 103
104 105
104 106
104 107
105 97
105 98
105 101
105 102
105 103
105 104
105 106
105 107
105 108
106 94
106 95
106 97
106 98
106 101
106 103
106 104
106 105
106 107
106 108
106 109
107 93
107 94
107 95
107 97
107 98
107 101
107 104
107 105
107 106
107 108
107 109
107 110
107 112
107 113
108 94
108 105
108 106
108 107
108 109
108 110
108 111
108 112
108 113
109 90
109 106
109 107
109 108
109 110
109 111
109 112
109 113
109 114
110 107
110 108
110 109
110 111
110 112
110 113
110 114
110 115
111 108
111 109
111 110
111 112
111 113
111 114
111 115
111 116
111 117
112 107
112 108
112 109
112 110
112 111
112 113
112 114
112 115
112 116
112 117
112 118
113 90
113 93
113 94
113 107
113 108
113 109
113 110
113 111
113 112
113 114
113 115
113 116
113 117
113 118
113 119
114 90
114 109
114 110
114 111
114 112
114 113
114 115
114 116
114 117
114 118
114 119
114 120
115 110
115 111
115 112
115 113
115 114
115 116
115 117
115 118
115 119
115 120
116 70
116 73
116 89
116 90
116 93
116 111
116 112
116 113
116 114
116 115
116 117
116 118
116 119
116 120
116 121
116 122
117 73
117 74
117 89
117 90
117 92
117 93
117 111
117 112
117 113
117 114
117 115
117 116
117 118
117 119
117 120
117 121
117 122
117 123
118 89
118 112
118 113
118 114
118 115
118 116
118 117
118 119
118 120
118 121
118 122
118 123
118 124
119 70
119 71
119 73
119 74
119 113
119 114
119 115
119 116
119 117
119 118
119 120
119 121
119 122
119 123
119 124
119 125
120 70
120 71
120 72
120 73
120 74
120 75
120 76
120 77
120 78
120 89
120 92
120 93
120 114
120 115
120 116
120 117
120 118
120 119
120 121
120 122
120 123
120 124
120 125
120 126
121 73
121 74
121 77
121 78
121 89
121 116
121 117
121 118
121 119
121 120
121 122
121 123
121 124
121 125
121 126
122 74
122 116
122 117
122 118
122 119
122 120
122 121
122 123
122 124
122 125
122 126
122 127
123 66
123 70
123 71
123 72
123 73
123 74
123 75
123 78
123 117
123 118
123 119
123 120
123 121
123 122
123 124
123 125
123 126
123 127
123 128
123 129
124 70
124 71
124 73
124 74
124 75
124 76
124 77
124 78
124 118
124 119
124 120
124 121
124 122
124 123
124 125
124 126
124 127
124 128
124 129
125 74
125 78
125 119
125 120
125 121
125 122
125 123
125 124
125 126
125 127
125 128
125 129
125 130
125 131
125 133
126 57
126 71
126 74
126 120
126 121
126 122
126 123
126 124
126 125
126 127
126 128
126 129
126 130
126 131
126 132
127 53
127 54
127 56
127 57
127 58
127 60
127 71
127 74
127 75
127 78
127 122
127 123
127 124
127 125
127 126
127 128
127 129
127 130
127 131
127 132
127 133
127 134
127 135
128 53
128 57
128 75
128 78
128 123
128 124
128 125
128 126
128 127
128 129
128 130
128 131
128 132
128 133
128 134
128 135
129 123
129 124
129 125
129 126
129 127
129 128
129 130
129 131
129 132
129 133
129 134
130 56
130 57
130 58
130 60
130 61
130 125
130 126
130 127
130 128
130 129
130 131
130 132
130 133
130 134
131 53
131 56
131 57
131 59
131 60
131 125
131 126
131 127
131 128
131 129
131 130
131 132
131 133
131 134
131 135
132 126
132 127
132 128
132 129
132 130
132 131
132 133
132 134
132 135
133 125
133 127
133 128
133 129
133 130
133 131
133 132
133 134
133 135
133 136
134 53
134 56
134 127
134 128
134 129
134 130
134 131
134 132
134 133
134 135
134 136
134 137
135 49
135 50
135 52
135 53
135 56
135 75
135 78
135 79
135 82
135 83
135 127
135 128
135 131
135 132
135 133
135 134
135 136
135 137
136 49
136 52
136 53
136 79
136 82
136 83
136 133
136 134
136 135
136 137
136 138
136 139
137 45
137 48
137 49
137 52
137 53
137 82
137 83
137 134
137 135
137 136
137 138
137 139
137 140
137 182
137 183
137 187
138 45
138 48
138 49
138 136
138 137
138 139
138 140
138 141
138 142
138 143
138 182
138 186
138 187
138 188
139 44
139 45
139 48
139 49
139 52
139 136
139 137
139 138
139 140
139 141
139 142
139 143
139 144
139 182
139 186
139 187
139 188
139 190
139 191
140 45
140 48
140 137
140 138
140 139
140 141
140 142
140 143
140 144
140 145
140 173
140 182
140 186
140 187
140 188
140 189
140 190
140 191
140 192
140 194
141 44
141 45
141 48
141 138
141 139
141 140
141 142
141 143
141 144
141 145
141 146
141 147
141 170
141 173
141 174
141 187
141 188
141 190
141 191
142 45
142 138
142 139
142 140
142 141
142 143
142 144
142 145
142 146
142 147
142 187
142 188
142 191
143 138
143 139
143 140
143 141
143 142
143 144
143 145
143 146
143 147
143 148
143 149
143 187
143 188
143 189
143 190
143 191
143 192
143 220
144 139
144 140
144 141
144 142
144 143
144 145
144 146
144 147
144 148
144 149
144 150
144 166
144 169
144 170
144 173
144 187
144 188
144 189
144 190
144 191
144 192
144 193
144 194
144 195
145 140
145 141
145 142
145 143
145 144
145 146
145 147
145 148
145 149
145 150
145 166
145 169
145 170
145 191
146 141
146 142
146 143
146 144
146 145
146 147
146 148
146 149
146 150
146 151
146 191
146 220
147 141
147 142
147 143
147 144
147 145
147 146
147 148
147 149
147 150
147 151
147 152
147 153
147 166
147 188
147 191
147 192
147 195
147 217
147 219
147 220
148 143
148 144
148 145
148 146
148 147
148 149
148 150
148 151
148 152
148 153
148 154
148 165
148 166
148 169
148 170
148 191
148 192
148 195
149 143
149 144
149 145
149 146
149 147
149 148
149 150
149 151
149 152
149 153
149 154
149 166
150 144
150 145
150 146
150 147
150 148
150 149
150 151
150 152
150 153
150 154
150 155
150 220
151 146
151 147
151 148
151 149
151 150
151 152
151 153
151 154
151 155
151 156
151 160
151 166
151 195
151 206
151 207
151 216
152 147
152 148
152 149
152 150
152 151
152 153
152 154
152 155
152 156
152 157
152 159
152 160
152 161
152 165
152 166
153 147
153 148
153 149
153 150
153 151
153 152
153 154
153 155
153 156
153 157
153 160
154 148
154 149
154 150
154 151
154 152
154 153
154 155
154 156
154 157
154 160
154 206
154 207
154 208
155 150
155 151
155 152
155 153
155 154
155 156
155 157
155 158
155 159
155 160
155 161
155 204
155 205
155 206
155 207
156 151
156 152
156 153
156 154
156 155
156 157
156 158
156 159
156 160
156 161
156 206
156 207
157 152
157 153
157 154
157 155
157 156
157 158
157 159
157 160
157 161
157 162
158 155
158 156
158 157
158 159
158 160
158 161
158 162
158 163
159 152
159 155
159 156
159 157
159 158
159 160
159 161
159 162
159 163
159 164
159 204
160 151
160 152
160 153
160 154
160 155
160 156
160 157
160 158
160 159
160 161
160 162
160 163
160 164
160 165
160 166
160 204
161 152
161 155
161 156
161 157
161 158
161 159
161 160
161 162
161 163
161 164
161 165
161 166
162 157
162 158
162 159
162 160
162 161
162 163
162 164
162 165
163 158
163 159
163 160
163 161
163 162
163 164
163 165
163 166
163 167
163 168
163 198
163 199
163 201
163 202
163 203
163 204
164 159
164 160
164 161
164 162
164 163
164 165
164 166
164 167
164 168
164 169
164 198
164 199
164 202
165 148
165 152
165 160
165 161
165 162
165 163
165 164
165 166
165 167
165 168
165 169
165 170
165 171
165 194
165 195
165 196
165 197
165 198
165 199
165 200
165 201
165 202
165 204
166 144
166 145
166 147
166 148
166 149
166 151
166 152
166 160
166 161
166 163
166 164
166 165
166 167
166 168
166 169
166 170
166 171
166 172
166 194
166 195
166 198
166 199
167 163
167 164
167 165
167 166
167 168
167 169
167 170
167 171
167 172
167 173
167 198
168 163
168 164
168 165
168 166
168 167
168 169
168 170
168 171
168 172
168 173
168 174
168 194
168 195
168 197
168 198
168 199
168 201
168 202
169 144
169 145
169 148
169 164
169 165
169 166
169 167
169 168
169 170
169 171
169 172
169 173
169 174
169 175
169 191
169 192
169 193
169 194
169 195
169 196
169 197
169 198
169 199
170 141
170 144
170 145
170 148
170 165
170 166
170 167
170 168
170 169
170 171
170 172
170 173
170 174
170 175
170 176
170 191
170 194
170 195
170 198
171 165
171 166
171 167
171 168
171 169
171 170
171 172
171 173
171 174
171 175
171 176
171 194
171 198
172 166
172 167
172 168
172 169
172 170
172 171
172 173
172 174
172 175
172 176
172 177
172 190
172 191
172 193
172 194
172 195
172 197
172 198
172 233
172 236
172 237
172 240
173 48
173 140
173 141
173 144
173 167
173 168
173 169
173 170
173 171
173 172
173 174
173 175
173 176
173 177
173 178
173 190
173 191
173 192
173 193
173 194
173 195
173 236
174 34
174 44
174 47
174 48
174 141
174 168
174 169
174 170
174 171
174 172
174 173
174 175
174 176
174 177
174 178
174 194
175 27
175 30
175 31
175 34
175 169
175 170
175 171
175 172
175 173
175 174
175 176
175 177
175 178
175 179
175 194
175 236
175 237
175 239
175 240
176 48
176 51
176 170
176 171
176 172
176 173
176 174
176 175
176 177
176 178
176 179
176 180
176 181
176 182
176 190
176 194
176 232
176 233
176 235
176 236
176 237
176 239
176 240
177 27
177 30
177 31
177 33
177 34
177 47
177 48
177 49
177 50
177 51
177 52
177 55
177 172
177 173
177 174
177 175
177 176
177 178
177 179
177 180
177 181
177 182
177 183
177 236
177 239
178 23
178 24
178 26
178 27
178 28
178 29
178 30
178 31
178 32
178 33
178 34
178 48
178 51
178 52
178 55
178 173
178 174
178 175
178 176
178 177
178 179
178 180
178 181
178 182
178 236
178 239
178 240
178 242
178 243
179 23
179 24
179 26
179 27
179 30
179 31
179 51
179 52
179 55
179 175
179 176
179 177
179 178
179 180
179 181
179 182
179 183
179 184
179 235
179 236
179 238
179 239
180 23
180 26
180 27
180 30
180 51
180 52
180 54
180 55
180 56
180 58
180 59
180 176
180 177
180 178
180 179
180 181
180 182
180 183
180 184
180 185
180 235
181 52
181 55
181 176
181 177
181 178
181 179
181 180
181 182
181 183
181 184
181 185
181 186
181 187
181 190
181 231
181 232
181 235
181 236
182 48
182 49
182 51
182 52
182 55
182 56
182 137
182 138
182 139
182 140
182 176
182 177
182 178
182 179
182 180
182 181
182 183
182 184
182 185
182 186
182 187
182 189
182 190
183 52
183 53
183 55
183 56
183 59
183 137
183 177
183 179
183 180
183 181
183 182
183 184
183 185
183 186
183 187
184 179
184 180
184 181
184 182
184 183
184 185
184 186
184 187
184 190
184 232
185 180
185 181
185 182
185 183
185 184
185 186
185 187
185 188
185 189
185 190
185 228
185 229
185 231
185 232
186 138
186 139
186 140
186 181
186 182
186 183
186 184
186 185
186 187
186 188
186 189
186 190
186 191
186 224
187 137
187 138
187 139
187 140
187 141
187 142
187 143
187 144
187 181
187 182
187 183
187 184
187 185
187 186
187 188
187 189
187 190
187 191
187 192
187 193
188 138
188 139
188 140
188 141
188 142
188 143
188 144
188 147
188 185
188 186
188 187
188 189
188 190
188 191
188 192
188 193
188 220
188 221
188 223
188 224
189 140
189 143
189 144
189 182
189 185
189 186
189 187
189 188
189 190
189 191
189 192
189 193
189 194
189 195
189 217
189 220
189 221
189 223
189 224
189 225
189 228
189 229
189 232
190 139
190 140
190 141
190 143
190 144
190 172
190 173
190 176
190 181
190 182
190 184
190 185
190 186
190 187
190 188
190 189
190 191
190 192
190 193
190 194
190 195
190 196
190 228
190 229
190 232
190 233
190 236
191 139
191 140
191 141
191 142
191 143
191 144
191 145
191 146
191 147
191 148
191 169
191 170
191 172
191 173
191 186
191 187
191 188
191 189
191 190
191 192
191 193
191 194
191 195
191 196
191 220
192 140
192 143
192 144
192 147
192 148
192 169
192 173
192 187
192 188
192 189
192 190
192 191
192 193
192 194
192 195
192 196
192 197
192 198
192 216
192 217
192 218
192 220
192 221
192 224
192 229
192 232
193 144
193 169
193 172
193 173
193 187
193 188
193 189
193 190
193 191
193 192
193 194
193 195
193 196
193 197
193 198
193 199
193 217
193 224
193 226
193 228
193 229
193 230
193 231
193 232
193 233
193 236
194 140
194 144
194 165
194 166
194 168
194 169
194 170
194 171
194 172
194 173
194 174
194 175
194 176
194 189
194 190
194 191
194 192
194 193
194 195
194 196
194 197
194 198
194 199
194 200
194 229
194 232
194 233
194 236
195 144
195 147
195 148
195 151
195 165
195 166
195 168
195 169
195 170
195 172
195 173
195 189
195 190
195 191
195 192
195 193
195 194
195 196
195 197
195 198
195 199
195 200
195 201
195 217
196 165
196 169
196 190
196 191
196 192
196 193
196 194
196 195
196 197
196 198
196 199
196 200
196 201
196 204
196 205
196 206
196 216
196 217
196 229
196 230
196 233
197 165
197 168
197 169
197 172
197 192
197 193
197 194
197 195
197 196
197 198
197 199
197 200
197 201
197 202
197 203
197 229
197 230
197 232
197 233
197 236
197 237
198 163
198 164
198 165
198 166
198 167
198 168
198 169
198 170
198 171
198 172
198 192
198 193
198 194
198 195
198 196
198 197
198 199
198 200
198 201
198 202
198 203
198 204
199 163
199 164
199 165
199 166
199 168
199 169
199 193
199 194
199 195
199 196
199 197
199 198
199 200
199 201
199 202
199 203
199 204
199 205
199 206
200 165
200 194
200 195
200 196
200 197
200 198
200 199
200 201
200 202
200 203
200 204
200 205
201 163
201 165
201 168
201 195
201 196
201 197
201 198
201 199
201 200
201 202
201 203
201 204
202 163
202 164
202 165
202 168
202 197
202 198
202 199
202 200
202 201
202 203
202 204
202 205
203 163
203 197
203 198
203 199
203 200
203 201
203 202
203 204
203 205
203 206
204 155
204 159
204 160
204 163
204 165
204 196
204 198
204 199
204 200
204 201
204 202
204 203
204 205
204 206
204 207
205 155
205 196
205 199
205 200
205 202
205 203
205 204
205 206
205 207
205 208
205 209
206 151
206 154
206 155
206 156
206 196
206 199
206 203
206 204
206 205
206 207
206 208
206 209
206 210
206 215
206 216
206 217
207 151
207 154
207 155
207 156
207 204
207 205
207 206
207 208
207 209
207 210
207 211
207 212
207 216
208 154
208 205
208 206
208 207
208 209
208 210
208 211
208 212
208 213
208 215
208 216
209 205
209 206
209 207
209 208
209 210
209 211
209 212
209 213
209 214
209 215
209 216
210 206
210 207
210 208
210 209
210 211
210 212
210 213
210 214
210 215
211 207
211 208
211 209
211 210
211 212
211 213
211 214
211 215
212 207
212 208
212 209
212 210
212 211
212 213
212 214
212 215
212 216
213 208
213 209
213 210
213 211
213 212
213 214
213 215
213 216
214 209
214 210
214 211
214 212
214 213
214 215
214 216
214 217
214 218
214 219
214 222
215 206
215 208
215 209
215 210
215 211
215 212
215 213
215 214
215 216
215 217
215 218
215 219
215 220
215 222
215 225
215 226
216 151
216 192
216 196
216 206
216 207
216 208
216 209
216 212
216 213
216 214
216 215
216 217
216 218
216 219
216 220
216 221
217 147
217 189
217 192
217 193
217 195
217 196
217 206
217 214
217 215
217 216
217 218
217 219
217 220
217 221
217 222
217 223
217 224
217 225
217 226
217 229
218 192
218 214
218 215
218 216
218 217
218 219
218 220
218 221
218 222
218 223
218 224
218 225
218 226
219 147
219 214
219 215
219 216
219 217
219 218
219 220
219 221
219 222
219 223
219 224
220 143
220 146
220 147
220 150
220 188
220 189
220 191
220 192
220 215
220 216
220 217
220 218
220 219
220 221
220 222
220 223
220 224
221 188
221 189
221 192
221 216
221 217
221 218
221 219
221 220
221 222
221 223
221 224
221 225
222 214
222 215
222 217
222 218
222 219
222 220
222 221
222 223
222 224
222 225
223 188
223 189
223 217
223 218
223 219
223 220
223 221
223 222
223 224
223 225
223 228
224 186
224 188
224 189
224 192
224 193
224 217
224 218
224 219
224 220
224 221
224 222
224 223
224 225
224 226
224 227
224 228
224 229
225 189
225 215
225 217
225 218
225 221
225 222
225 223
225 224
225 226
225 227
225 228
225 229
225 230
226 193
226 215
226 217
226 218
226 224
226 225
226 227
226 228
226 229
226 230
226 231
227 224
227 225
227 226
227 228
227 229
227 230
227 231
227 232
227 233
228 185
228 189
228 190
228 193
228 223
228 224
228 225
228 226
228 227
228 229
228 230
228 231
228 232
228 233
228 234
229 185
229 189
229 190
229 192
229 193
229 194
229 196
229 197
229 217
229 224
229 225
229 226
229 227
229 228
229 230
229 231
229 232
229 233
229 234
229 235
230 193
230 196
230 197
230 225
230 226
230 227
230 228
230 229
230 231
230 232
230 233
230 234
230 235
230 236
231 181
231 185
231 193
231 226
231 227
231 228
231 229
231 230
231 232
231 233
231 234
231 235
231 236
231 237
232 176
232 181
232 184
232 185
232 189
232 190
232 192
232 193
232 194
232 197
232 227
232 228
232 229
232 230
232 231
232 233
232 234
232 235
232 236
232 237
232 238
233 172
233 176
233 190
233 193
233 194
233 196
233 197
233 227
233 228
233 229
233 230
233 231
233 232
233 234
233 235
233 236
233 237
233 238
233 239
234 228
234 229
234 230
234 231
234 232
234 233
234 235
234 236
234 237
234 238
234 239
235 176
235 179
235 180
235 181
235 229
235 230
235 231
235 232
235 233
235 234
235 236
235 237
235 238
235 239
235 240
235 241
236 172
236 173
236 175
236 176
236 177
236 178
236 179
236 181
236 190
236 193
236 194
236 197
236 230
236 231
236 232
236 233
236 234
236 235
236 237
236 238
236 239
236 240
236 241
237 172
237 175
237 176
237 197
237 231
237 232
237 233
237 234
237 235
237 236
237 238
237 239
237 240
237 241
237 242
237 243
238 19
238 179
238 232
238 233
238 234
238 235
238 236
238 237
238 239
238 240
238 241
238 242
238 243
238 244
239 19
239 23
239 24
239 27
239 175
239 176
239 177
239 178
239 179
239 233
239 234
239 235
239 236
239 237
239 238
239 240
239 241
239 242
239 243
239 244
239 245
240 172
240 175
240 176
240 178
240 235
240 236
240 237
240 238
240 239
240 241
240 242
240 243
240 244
240 245
241 18
241 19
241 235
241 236
241 237
241 238
241 239
241 240
241 242
241 243
241 244
241 245
241 246
242 18
242 19
242 23
242 24
242 27
242 28
242 178
242 237
242 238
242 239
242 240
242 241
242 243
242 244
242 245
242 246
243 24
243 27
243 28
243 31
243 178
243 237
243 238
243 239
243 240
243 241
243 242
243 244
243 245
243 246
243 247
244 238
244 239
244 240
244 241
244 242
244 243
244 245
244 246
244 247
245 18
245 19
245 24
245 239
245 240
245 241
245 242
245 243
245 244
245 246
245 247
246 24
246 27
246 28
246 241
246 242
246 243
246 244
246 245
246 247
247 243
247 244
247 245
247 246
