0 1
0 2
0 3
0 4
1 0
1 2
1 3
1 4
1 5
2 0
2 1
2 3
2 4
2 5
2 6
3 0
3 1
3 2
3 4
3 5
3 6
3 7
3 8
4 0
4 1
4 2
4 3
4 5
4 6
4 7
4 8
4 9
5 1
5 2
5 3
5 4
5 6
5 7
5 8
5 9
5 10
6 2
6 3
6 4
6 5
6 7
6 8
6 9
6 10
7 3
7 4
7 5
7 6
7 8
7 9
7 10
7 11
8 3
8 4
8 5
8 6
8 7
8 9
8 10
8 11
8 12
9 4
9 5
9 6
9 7
9 8
9 10
9 11
9 12
10 5
10 6
10 7
10 8
10 9
10 11
10 12
10 13
10 14
11 7
11 8
11 9
11 10
11 12
11 13
11 14
12 8
12 9
12 10
12 11
12 13
12 14
12 15
13 10
13 11
13 12
13 14
13 15
13 16
14 10
14 11
14 12
14 13
14 15
14 16
14 17
15 12
15 13
15 14
15 16
15 17
15 18
16 13
16 14
16 15
16 17
16 18
16 19
17 14
17 15
17 16
17 18
17 19
17 20
18 15
18 16
18 17
18 19
18 20
18 21
18 22
18 23
18 103
18 104
18 105
19 16
19 17
19 18
19 20
19 21
19 22
19 23
19 24
19 105
19 106
19 107
20 17
20 18
20 19
20 21
20 22
20 23
20 24
20 25
20 43
20 96
20 97
20 104
20 105
20 106
20 107
20 108
21 18
21 19
21 20
21 22
21 23
21 24
21 25
21 26
21 27
21 41
21 42
21 43
21 44
21 45
21 105
21 106
21 107
22 18
22 19
22 20
22 21
22 23
22 24
22 25
22 42
22 43
22 44
22 45
22 46
22 104
22 105
23 18
23 19
23 20
23 21
23 22
23 24
23 25
23 41
23 42
23 43
23 44
23 45
23 46
23 47
23 50
23 96
23 97
23 98
23 99
23 103
23 104
23 105
23 106
23 107
24 19
24 20
24 21
24 22
24 23
24 25
24 26
24 27
24 40
24 41
24 42
24 43
24 44
24 45
24 46
24 52
24 95
24 96
24 97
24 104
24 105
24 106
24 107
24 108
25 20
25 21
25 22
25 23
25 24
25 26
25 27
25 28
25 39
25 40
25 41
25 42
25 43
25 44
25 46
25 107
26 21
26 24
26 25
26 27
26 28
26 29
26 39
26 40
26 41
26 42
26 43
26 107
26 108
26 109
27 21
27 24
27 25
27 26
27 28
27 29
27 30
27 38
27 39
27 40
27 41
27 42
27 76
27 77
27 93
27 94
27 95
27 106
27 107
27 108
27 109
27 110
28 25
28 26
28 27
28 29
28 30
28 31
28 37
28 38
28 39
28 40
28 41
28 77
28 92
28 93
28 94
28 95
28 107
28 108
28 109
28 110
28 111
28 112
29 26
29 27
29 28
29 30
29 31
29 32
29 35
29 36
29 37
29 38
29 39
29 40
29 77
29 78
29 79
29 80
29 92
29 93
29 109
29 110
29 111
29 112
29 113
29 114
29 117
29 118
30 27
30 28
30 29
30 31
30 32
30 34
30 35
30 36
30 37
30 38
30 39
30 77
30 79
30 112
30 114
30 117
30 118
30 119
31 28
31 29
31 30
31 32
31 33
31 34
31 35
31 36
31 37
31 38
31 80
31 81
31 112
31 113
31 114
31 115
31 116
31 117
31 118
31 119
31 120
32 29
32 30
32 31
32 33
32 34
32 35
32 36
32 37
32 114
32 117
32 118
32 119
32 120
32 121
32 143
33 31
33 32
33 34
33 35
33 36
33 114
33 115
33 117
33 118
33 119
33 120
33 121
33 122
33 141
33 142
33 143
33 144
33 145
33 154
33 155
33 211
34 30
34 31
34 32
34 33
34 35
34 36
34 37
34 81
34 82
34 84
34 85
34 87
34 114
34 115
34 117
34 118
34 119
34 120
34 121
34 142
34 143
34 144
34 145
34 155
35 29
35 30
35 31
35 32
35 33
35 34
35 36
35 37
35 79
35 80
35 81
35 82
35 84
35 85
35 114
35 118
35 119
35 143
35 144
35 145
36 29
36 30
36 31
36 32
36 33
36 34
36 35
36 37
36 38
36 39
36 78
36 79
36 80
36 81
36 82
36 83
36 84
36 85
36 112
36 114
36 117
36 118
36 144
37 28
37 29
37 30
37 31
37 32
37 34
37 35
37 36
37 38
37 39
37 77
37 78
37 79
37 80
37 81
37 84
38 27
38 28
38 29
38 30
38 31
38 36
38 37
38 39
38 40
38 54
38 56
38 76
38 77
38 78
38 79
38 80
38 81
38 93
38 94
38 95
38 109
39 25
39 26
39 27
39 28
39 29
39 30
39 36
39 37
39 38
39 40
39 41
39 75
39 76
39 77
39 78
39 79
39 95
39 109
40 24
40 25
40 26
40 27
40 28
40 29
40 38
40 39
40 41
40 42
40 43
40 52
40 75
40 76
40 77
40 78
40 94
40 95
40 107
40 109
41 21
41 23
41 24
41 25
41 26
41 27
41 28
41 39
41 40
41 42
41 43
41 44
41 46
41 75
41 76
41 77
42 21
42 22
42 23
42 24
42 25
42 26
42 27
42 40
42 41
42 43
42 44
42 45
42 46
42 47
42 48
42 50
42 52
42 76
42 97
43 20
43 21
43 22
43 23
43 24
43 25
43 26
43 40
43 41
43 42
43 44
43 45
43 46
43 47
43 97
43 105
44 21
44 22
44 23
44 24
44 25
44 41
44 42
44 43
44 45
44 46
44 47
45 21
45 22
45 23
45 24
45 42
45 43
45 44
45 46
45 47
45 48
45 50
45 99
45 103
46 22
46 23
46 24
46 25
46 41
46 42
46 43
46 44
46 45
46 47
46 48
46 49
46 50
46 51
46 97
46 98
46 99
46 100
47 23
47 42
47 43
47 44
47 45
47 46
47 48
47 49
47 50
47 51
47 98
47 99
47 100
47 101
48 42
48 45
48 46
48 47
48 49
48 50
48 51
48 74
48 99
48 100
49 46
49 47
49 48
49 50
49 51
49 52
49 73
49 74
49 98
49 99
49 100
49 101
50 23
50 42
50 45
50 46
50 47
50 48
50 49
50 51
50 52
50 72
50 73
50 74
50 75
50 97
50 98
50 99
50 100
50 101
50 102
50 103
50 104
51 46
51 47
51 48
51 49
51 50
51 52
51 53
51 71
51 72
51 73
51 74
51 75
51 76
51 95
51 96
51 97
51 98
51 99
51 100
51 104
52 24
52 40
52 42
52 49
52 50
52 51
52 53
52 54
52 70
52 71
52 72
52 73
52 74
52 75
52 76
52 77
52 78
52 94
52 95
52 96
52 97
52 98
52 99
52 104
52 105
52 106
53 51
53 52
53 54
53 55
53 66
53 67
53 68
53 69
53 70
53 71
53 72
53 73
53 74
53 78
53 94
53 95
53 96
53 97
53 98
53 106
54 38
54 52
54 53
54 55
54 56
54 64
54 65
54 66
54 67
54 68
54 69
54 70
54 71
54 72
54 73
54 77
54 78
54 80
54 93
54 94
54 95
54 96
54 97
54 106
54 108
55 53
55 54
55 56
55 57
55 63
55 64
55 65
55 66
55 67
55 68
55 70
55 71
55 80
55 92
55 93
55 94
55 95
55 96
55 108
56 38
56 54
56 55
56 57
56 58
56 59
56 63
56 64
56 65
56 66
56 67
56 80
56 83
56 84
56 91
56 92
56 93
56 94
56 95
56 108
56 109
57 55
57 56
57 58
57 59
57 60
57 61
57 62
57 63
57 64
57 65
57 66
57 67
57 83
57 84
57 90
57 91
57 92
57 93
57 94
58 56
58 57
58 59
58 60
58 61
58 62
58 63
58 64
58 65
58 83
58 84
58 86
58 89
58 90
58 91
58 92
58 93
58 111
58 112
59 56
59 57
59 58
59 60
59 61
59 62
59 63
59 89
59 90
59 91
59 92
59 111
59 112
59 113
60 57
60 58
60 59
60 61
60 62
60 63
60 89
60 90
60 91
61 57
61 58
61 59
61 60
61 62
61 63
61 64
61 91
62 57
62 58
62 59
62 60
62 61
62 63
62 64
63 55
63 56
63 57
63 58
63 59
63 60
63 61
63 62
63 64
63 65
64 54
64 55
64 56
64 57
64 58
64 61
64 62
64 63
64 65
64 66
64 67
64 92
64 93
64 94
65 54
65 55
65 56
65 57
65 58
65 63
65 64
65 66
65 67
65 68
65 83
65 93
66 53
66 54
66 55
66 56
66 57
66 64
66 65
66 67
66 68
66 69
66 70
66 71
66 93
66 94
67 53
67 54
67 55
67 56
67 57
67 64
67 65
67 66
67 68
67 69
67 70
67 71
67 78
67 79
67 80
67 83
67 93
68 53
68 54
68 55
68 65
68 66
68 67
68 69
68 70
68 71
68 80
69 53
69 54
69 66
69 67
69 68
69 70
69 71
69 72
69 73
69 78
69 79
70 52
70 53
70 54
70 55
70 66
70 67
70 68
70 69
70 71
70 72
70 73
70 74
70 75
70 76
70 77
70 78
70 79
70 80
70 95
71 51
71 52
71 53
71 54
71 55
71 66
71 67
71 68
71 69
71 70
71 72
71 73
71 74
71 78
71 95
71 96
72 50
72 51
72 52
72 53
72 54
72 69
72 70
72 71
72 73
72 74
72 75
72 96
72 97
72 98
73 49
73 50
73 51
73 52
73 53
73 54
73 69
73 70
73 71
73 72
73 74
73 75
73 76
73 77
73 78
73 97
74 48
74 49
74 50
74 51
74 52
74 53
74 70
74 71
74 72
74 73
74 75
74 76
74 77
74 97
75 39
75 40
75 41
75 50
75 51
75 52
75 70
75 72
75 73
75 74
75 76
75 77
75 78
76 27
76 38
76 39
76 40
76 41
76 42
76 51
76 52
76 70
76 73
76 74
76 75
76 77
76 78
76 95
77 27
77 28
77 29
77 30
77 37
77 38
77 39
77 40
77 41
77 52
77 54
77 70
77 73
77 74
77 75
77 76
77 78
77 79
77 80
77 95
78 29
78 36
78 37
78 38
78 39
78 40
78 52
78 53
78 54
78 67
78 69
78 70
78 71
78 73
78 75
78 76
78 77
78 79
78 80
78 81
78 95
79 29
79 30
79 35
79 36
79 37
79 38
79 39
79 67
79 69
79 70
79 77
79 78
79 80
79 81
79 82
79 83
79 84
80 29
80 31
80 35
80 36
80 37
80 38
80 54
80 55
80 56
80 67
80 68
80 70
80 77
80 78
80 79
80 81
80 82
80 83
80 84
80 85
80 93
81 31
81 34
81 35
81 36
81 37
81 38
81 78
81 79
81 80
81 82
81 83
81 84
81 85
81 86
81 114
81 144
81 145
82 34
82 35
82 36
82 79
82 80
82 81
82 83
82 84
82 85
82 86
82 144
82 145
82 146
83 36
83 56
83 57
83 58
83 65
83 67
83 79
83 80
83 81
83 82
83 84
83 85
83 86
83 91
84 34
84 35
84 36
84 37
84 56
84 57
84 58
84 79
84 80
84 81
84 82
84 83
84 85
84 86
84 87
84 89
84 90
84 91
84 92
84 93
84 112
84 113
84 114
84 145
85 34
85 35
85 36
85 80
85 81
85 82
85 83
85 84
85 86
85 87
85 88
85 89
85 90
85 91
85 114
85 143
85 144
85 145
85 146
86 58
86 81
86 82
86 83
86 84
86 85
86 87
86 88
86 89
86 90
86 91
86 113
86 114
86 115
86 145
86 146
86 147
87 34
87 84
87 85
87 86
87 88
87 89
87 90
87 113
87 114
87 115
87 145
87 146
87 158
88 85
88 86
88 87
88 89
88 90
88 113
88 114
88 115
89 58
89 59
89 60
89 84
89 85
89 86
89 87
89 88
89 90
89 91
89 112
89 113
89 114
89 115
90 57
90 58
90 59
90 60
90 84
90 85
90 86
90 87
90 88
90 89
90 91
90 92
90 111
90 112
90 113
90 114
90 115
90 116
91 56
91 57
91 58
91 59
91 60
91 61
91 83
91 84
91 85
91 86
91 89
91 90
91 92
91 93
91 109
91 110
91 111
91 112
91 113
91 114
92 28
92 29
92 55
92 56
92 57
92 58
92 59
92 64
92 84
92 90
92 91
92 93
92 94
92 108
92 109
92 110
92 111
92 112
92 113
93 27
93 28
93 29
93 38
93 54
93 55
93 56
93 57
93 58
93 64
93 65
93 66
93 67
93 80
93 84
93 91
93 92
93 94
93 95
93 107
93 108
93 109
93 110
93 111
93 112
94 27
94 28
94 38
94 40
94 52
94 53
94 54
94 55
94 56
94 57
94 64
94 66
94 92
94 93
94 95
94 96
94 97
94 106
94 107
94 108
94 109
94 110
95 24
95 27
95 28
95 38
95 39
95 40
95 51
95 52
95 53
95 54
95 55
95 56
95 70
95 71
95 76
95 77
95 78
95 93
95 94
95 96
95 97
95 98
95 105
95 106
95 107
95 108
95 109
96 20
96 23
96 24
96 51
96 52
96 53
96 54
96 55
96 71
96 72
96 94
96 95
96 97
96 98
96 104
96 105
96 106
96 107
96 108
97 20
97 23
97 24
97 42
97 43
97 46
97 50
97 51
97 52
97 53
97 54
97 72
97 73
97 74
97 94
97 95
97 96
97 98
97 99
97 102
97 103
97 104
97 105
97 106
97 107
98 23
98 46
98 47
98 49
98 50
98 51
98 52
98 53
98 72
98 95
98 96
98 97
98 99
98 100
98 101
98 102
98 103
98 104
98 105
98 106
99 23
99 45
99 46
99 47
99 48
99 49
99 50
99 51
99 52
99 97
99 98
99 100
99 101
99 102
99 103
99 104
99 105
100 46
100 47
100 48
100 49
100 50
100 51
100 98
100 99
100 101
100 102
100 103
100 104
101 47
101 49
101 50
101 98
101 99
101 100
101 102
101 103
101 104
102 50
102 97
102 98
102 99
102 100
102 101
102 103
102 104
102 105
103 18
103 23
103 45
103 50
103 97
103 98
103 99
103 100
103 101
103 102
103 104
103 105
104 18
104 20
104 22
104 23
104 24
104 50
104 51
104 52
104 96
104 97
104 98
104 99
104 100
104 101
104 102
104 103
104 105
104 106
105 18
105 19
105 20
105 21
105 22
105 23
105 24
105 43
105 52
105 95
105 96
105 97
105 98
105 99
105 102
105 103
105 104
105 106
105 107
106 19
106 20
106 21
106 23
106 24
106 27
106 52
106 53
106 54
106 94
106 95
106 96
106 97
106 98
106 104
106 105
106 107
106 108
107 19
107 20
107 21
107 23
107 24
107 25
107 26
107 27
107 28
107 40
107 93
107 94
107 95
107 96
107 97
107 105
107 106
107 108
107 109
108 20
108 24
108 26
108 27
108 28
108 54
108 55
108 56
108 92
108 93
108 94
108 95
108 96
108 106
108 107
108 109
108 110
108 111
109 26
109 27
109 28
109 29
109 38
109 39
109 40
109 56
109 91
109 92
109 93
109 94
109 95
109 107
109 108
109 110
109 111
109 112
110 27
110 28
110 29
110 91
110 92
110 93
110 94
110 108
110 109
110 111
110 112
110 113
111 28
111 29
111 58
111 59
111 90
111 91
111 92
111 93
111 108
111 109
111 110
111 112
111 113
111 114
111 117
112 28
112 29
112 30
112 31
112 36
112 58
112 59
112 84
112 89
112 90
112 91
112 92
112 93
112 109
112 110
112 111
112 113
112 114
112 115
112 116
112 117
112 118
113 29
113 31
113 59
113 84
113 86
113 87
113 88
113 89
113 90
113 91
113 92
113 110
113 111
113 112
113 114
113 115
113 116
113 117
113 118
114 29
114 30
114 31
114 32
114 33
114 34
114 35
114 36
114 81
114 84
114 85
114 86
114 87
114 88
114 89
114 90
114 91
114 111
114 112
114 113
114 115
114 116
114 117
114 118
114 119
115 31
115 33
115 34
115 86
115 87
115 88
115 89
115 90
115 112
115 113
115 114
115 116
115 117
115 118
115 119
115 158
115 159
115 207
116 31
116 90
116 112
116 113
116 114
116 115
116 117
116 118
116 119
116 207
116 208
116 209
117 29
117 30
117 31
117 32
117 33
117 34
117 36
117 111
117 112
117 113
117 114
117 115
117 116
117 118
117 119
117 120
117 207
117 209
118 29
118 30
118 31
118 32
118 33
118 34
118 35
118 36
118 112
118 113
118 114
118 115
118 116
118 117
118 119
118 120
118 121
118 209
119 30
119 31
119 32
119 33
119 34
119 35
119 114
119 115
119 116
119 117
119 118
119 120
119 121
119 122
119 209
119 210
119 211
119 212
120 31
120 32
120 33
120 34
120 117
120 118
120 119
120 121
120 122
120 123
120 141
120 155
120 201
120 202
120 203
120 204
120 209
120 210
120 211
120 212
120 213
121 32
121 33
121 34
121 118
121 119
121 120
121 122
121 123
121 124
121 141
121 201
121 202
121 210
121 211
121 212
121 213
121 214
122 33
122 119
122 120
122 121
122 123
122 124
122 125
122 141
122 200
122 201
122 202
122 210
122 211
122 212
122 213
122 214
122 215
123 120
123 121
123 122
123 124
123 125
123 126
123 138
123 139
123 140
123 141
123 155
123 164
123 200
123 201
123 202
123 211
123 212
123 213
123 214
123 215
124 121
124 122
124 123
124 125
124 126
124 137
124 138
124 139
124 140
124 141
124 200
124 201
124 214
124 215
125 122
125 123
125 124
125 126
125 127
125 128
125 136
125 137
125 138
125 139
125 140
125 183
125 184
125 199
125 200
125 201
125 214
125 215
125 216
126 123
126 124
126 125
126 127
126 128
126 129
126 135
126 136
126 137
126 138
126 139
126 184
126 216
127 125
127 126
127 128
127 129
127 130
127 134
127 135
127 136
127 137
127 138
127 185
127 186
127 198
127 215
127 216
127 217
127 218
128 125
128 126
128 127
128 129
128 130
128 133
128 134
128 135
128 136
128 137
128 186
128 216
128 218
128 219
128 220
128 221
129 126
129 127
129 128
129 130
129 131
129 132
129 133
129 134
129 135
129 136
129 186
129 187
129 192
129 193
129 195
129 196
129 218
129 219
129 220
129 221
130 127
130 128
130 129
130 131
130 132
130 133
130 134
130 135
130 186
130 187
130 188
130 190
130 192
130 193
130 219
130 220
130 221
130 222
130 223
131 129
131 130
131 132
131 133
131 134
131 188
131 189
131 190
131 191
131 192
131 193
131 194
131 219
131 220
131 221
131 222
131 223
131 224
131 225
132 129
132 130
132 131
132 133
132 134
132 187
132 188
132 189
132 190
132 191
132 192
132 193
132 194
132 220
132 221
132 222
132 223
133 128
133 129
133 130
133 131
133 132
133 134
133 135
133 136
133 186
133 187
133 188
133 189
133 190
133 191
133 192
133 219
133 220
133 221
134 127
134 128
134 129
134 130
134 131
134 132
134 133
134 135
134 136
134 168
134 185
134 186
134 187
134 188
134 189
134 190
134 196
134 198
134 218
134 219
134 220
134 221
135 126
135 127
135 128
135 129
135 130
135 133
135 134
135 136
135 137
135 184
135 185
135 186
135 187
135 188
135 198
136 125
136 126
136 127
136 128
136 129
136 133
136 134
136 135
136 137
136 138
136 139
136 166
136 183
136 184
136 185
136 186
136 187
136 198
136 200
136 216
137 124
137 125
137 126
137 127
137 128
137 135
137 136
137 138
137 139
137 140
137 182
137 183
137 184
137 185
137 186
138 123
138 124
138 125
138 126
138 127
138 136
138 137
138 139
138 140
138 141
138 164
138 182
138 183
138 184
138 185
138 200
138 201
138 202
139 123
139 124
139 125
139 126
139 136
139 137
139 138
139 140
139 141
139 142
139 154
139 183
139 184
140 123
140 124
140 125
140 137
140 138
140 139
140 141
140 142
140 143
140 153
140 154
140 155
140 156
140 157
140 183
141 33
141 120
141 121
141 122
141 123
141 124
141 138
141 139
141 140
141 142
141 143
141 153
141 154
141 155
141 156
141 157
142 33
142 34
142 139
142 140
142 141
142 143
142 144
142 145
142 152
142 153
142 154
142 155
142 156
142 157
143 32
143 33
143 34
143 35
143 85
143 140
143 141
143 142
143 144
143 145
143 146
143 152
143 153
143 154
143 155
143 156
143 157
143 158
144 33
144 34
144 35
144 36
144 81
144 82
144 85
144 142
144 143
144 145
144 146
144 151
144 152
144 153
144 154
145 33
145 34
145 35
145 81
145 82
145 84
145 85
145 86
145 87
145 142
145 143
145 144
145 146
145 147
145 150
145 151
145 152
145 153
145 154
145 155
145 158
146 82
146 85
146 86
146 87
146 143
146 144
146 145
146 147
146 148
146 149
146 150
146 151
146 152
146 153
146 154
147 86
147 145
147 146
147 148
147 149
147 150
147 151
147 152
147 153
147 157
147 158
148 146
148 147
148 149
148 150
148 151
148 152
149 146
149 147
149 148
149 150
149 151
149 152
150 145
150 146
150 147
150 148
150 149
150 151
150 152
150 153
151 144
151 145
151 146
151 147
151 148
151 149
151 150
151 152
151 153
151 154
152 142
152 143
152 144
152 145
152 146
152 147
152 148
152 149
152 150
152 151
152 153
152 154
152 155
152 157
153 140
153 141
153 142
153 143
153 144
153 145
153 146
153 147
153 150
153 151
153 152
153 154
153 155
153 156
153 157
153 158
154 33
154 139
154 140
154 141
154 142
154 143
154 144
154 145
154 146
154 151
154 152
154 153
154 155
154 156
154 157
154 158
154 159
155 33
155 34
155 120
155 123
155 140
155 141
155 142
155 143
155 145
155 152
155 153
155 154
155 156
155 157
155 158
155 159
155 160
155 162
155 202
155 204
156 140
156 141
156 142
156 143
156 153
156 154
156 155
156 157
156 158
156 159
156 160
156 161
156 162
156 163
156 181
156 202
156 204
157 140
157 141
157 142
157 143
157 147
157 152
157 153
157 154
157 155
157 156
157 158
157 159
157 160
157 161
157 162
158 87
158 115
158 143
158 145
158 147
158 153
158 154
158 155
158 156
158 157
158 159
158 160
158 161
158 162
159 115
159 154
159 155
159 156
159 157
159 158
159 160
159 161
159 162
159 163
159 203
159 204
159 205
159 206
159 207
160 155
160 156
160 157
160 158
160 159
160 161
160 162
160 163
160 181
160 204
160 206
161 156
161 157
161 158
161 159
161 160
161 162
161 163
161 180
161 181
161 203
161 204
161 205
161 206
161 207
162 155
162 156
162 157
162 158
162 159
162 160
162 161
162 163
162 164
162 165
162 180
162 181
162 202
162 203
162 204
162 205
162 206
162 207
162 209
162 210
163 156
163 159
163 160
163 161
163 162
163 164
163 165
163 166
163 179
163 180
163 181
163 182
163 183
163 201
163 202
163 203
163 204
163 205
164 123
164 138
164 162
164 163
164 165
164 166
164 178
164 179
164 180
164 181
164 182
164 183
164 184
164 185
164 200
164 201
164 202
164 203
164 204
164 210
164 211
165 162
165 163
165 164
165 166
165 167
165 177
165 178
165 179
165 180
165 181
165 199
165 200
165 201
165 202
165 203
165 210
165 213
166 136
166 163
166 164
166 165
166 167
166 168
166 169
166 175
166 176
166 177
166 178
166 179
166 180
166 185
166 187
166 198
166 199
166 200
166 201
166 202
166 213
166 214
166 215
167 165
167 166
167 168
167 169
167 170
167 175
167 176
167 177
167 178
167 179
167 187
167 197
167 198
167 199
167 200
167 201
167 215
168 134
168 166
168 167
168 169
168 170
168 171
168 174
168 175
168 176
168 177
168 178
168 187
168 196
168 197
168 198
168 199
168 200
168 215
168 216
168 217
169 166
169 167
169 168
169 170
169 171
169 172
169 173
169 174
169 175
169 176
169 177
169 195
169 196
169 197
169 198
169 199
169 217
170 167
170 168
170 169
170 171
170 172
170 173
170 174
170 175
170 176
170 190
170 191
170 194
170 195
170 196
170 197
170 198
171 168
171 169
171 170
171 172
171 173
171 174
171 175
171 176
171 195
171 196
171 197
172 169
172 170
172 171
172 173
172 174
172 175
173 169
173 170
173 171
173 172
173 174
173 175
174 168
174 169
174 170
174 171
174 172
174 173
174 175
174 176
174 177
175 166
175 167
175 168
175 169
175 170
175 171
175 172
175 173
175 174
175 176
175 177
175 196
175 197
175 198
176 166
176 167
176 168
176 169
176 170
176 171
176 174
176 175
176 177
176 178
176 187
176 188
176 198
177 165
177 166
177 167
177 168
177 169
177 174
177 175
177 176
177 178
177 179
177 187
177 198
177 199
178 164
178 165
178 166
178 167
178 168
178 176
178 177
178 179
178 180
178 185
178 186
178 187
178 200
179 163
179 164
179 165
179 166
179 167
179 177
179 178
179 180
179 181
179 182
179 183
179 184
179 185
179 200
179 201
179 202
179 203
180 161
180 162
180 163
180 164
180 165
180 166
180 178
180 179
180 181
180 182
180 183
180 184
180 185
180 202
180 203
181 156
181 160
181 161
181 162
181 163
181 164
181 165
181 179
181 180
181 182
181 183
181 184
181 202
182 137
182 138
182 163
182 164
182 179
182 180
182 181
182 183
182 184
182 185
183 125
183 136
183 137
183 138
183 139
183 140
183 163
183 164
183 179
183 180
183 181
183 182
183 184
183 185
184 125
184 126
184 135
184 136
184 137
184 138
184 139
184 164
184 179
184 180
184 181
184 182
184 183
184 185
184 186
185 127
185 134
185 135
185 136
185 137
185 138
185 164
185 166
185 178
185 179
185 180
185 182
185 183
185 184
185 186
185 187
185 188
186 127
186 128
186 129
186 130
186 133
186 134
186 135
186 136
186 137
186 178
186 184
186 185
186 187
186 188
186 189
187 129
187 130
187 132
187 133
187 134
187 135
187 136
187 166
187 167
187 168
187 176
187 177
187 178
187 185
187 186
187 188
187 189
187 190
187 198
188 130
188 131
188 132
188 133
188 134
188 135
188 176
188 185
188 186
188 187
188 189
188 190
188 191
189 131
189 132
189 133
189 134
189 186
189 187
189 188
189 190
189 191
189 192
190 130
190 131
190 132
190 133
190 134
190 170
190 187
190 188
190 189
190 191
190 192
190 193
190 194
190 195
190 196
190 220
191 131
191 132
191 133
191 170
191 188
191 189
191 190
191 192
191 193
191 194
191 195
191 196
191 219
191 220
191 221
191 222
191 223
192 129
192 130
192 131
192 132
192 133
192 189
192 190
192 191
192 193
192 194
192 195
192 219
192 220
192 221
192 222
192 223
192 224
193 129
193 130
193 131
193 132
193 190
193 191
193 192
193 194
193 195
193 196
193 218
193 219
193 220
193 221
193 222
193 223
194 131
194 132
194 170
194 190
194 191
194 192
194 193
194 195
194 196
194 218
194 219
194 220
194 221
194 222
195 129
195 169
195 170
195 171
195 190
195 191
195 192
195 193
195 194
195 196
195 197
195 217
195 218
195 219
195 220
195 221
196 129
196 134
196 168
196 169
196 170
196 171
196 175
196 190
196 191
196 193
196 194
196 195
196 197
196 198
196 199
196 216
196 217
196 218
196 219
196 220
197 167
197 168
197 169
197 170
197 171
197 175
197 195
197 196
197 198
197 199
197 215
197 216
197 217
197 218
197 219
198 127
198 134
198 135
198 136
198 166
198 167
198 168
198 169
198 170
198 175
198 176
198 177
198 187
198 196
198 197
198 199
198 200
198 213
198 214
198 215
198 216
198 217
198 218
199 125
199 165
199 166
199 167
199 168
199 169
199 177
199 196
199 197
199 198
199 200
199 201
199 212
199 213
199 214
199 215
199 216
199 217
200 122
200 123
200 124
200 125
200 136
200 138
200 164
200 165
200 166
200 167
200 168
200 178
200 179
200 198
200 199
200 201
200 202
200 203
200 211
200 212
200 213
200 214
200 215
200 216
201 120
201 121
201 122
201 123
201 124
201 125
201 138
201 163
201 164
201 165
201 166
201 167
201 179
201 199
201 200
201 202
201 203
201 210
201 211
201 212
201 213
201 214
201 215
202 120
202 121
202 122
202 123
202 138
202 155
202 156
202 162
202 163
202 164
202 165
202 166
202 179
202 180
202 181
202 200
202 201
202 203
202 204
202 205
202 209
202 210
202 211
202 212
202 213
202 214
203 120
203 159
203 161
203 162
203 163
203 164
203 165
203 179
203 180
203 200
203 201
203 202
203 204
203 205
203 206
203 207
203 208
203 209
203 210
203 211
204 120
204 155
204 156
204 159
204 160
204 161
204 162
204 163
204 164
204 202
204 203
204 205
204 206
204 207
204 208
204 209
204 210
204 211
205 159
205 161
205 162
205 163
205 202
205 203
205 204
205 206
205 207
205 208
205 209
205 210
206 159
206 160
206 161
206 162
206 203
206 204
206 205
206 207
206 208
206 209
207 115
207 116
207 117
207 159
207 161
207 162
207 203
207 204
207 205
207 206
207 208
207 209
207 210
208 116
208 203
208 204
208 205
208 206
208 207
208 209
208 210
209 116
209 117
209 118
209 119
209 120
209 162
209 202
209 203
209 204
209 205
209 206
209 207
209 208
209 210
209 211
210 119
210 120
210 121
210 122
210 162
210 164
210 165
210 201
210 202
210 203
210 204
210 205
210 207
210 208
210 209
210 211
210 212
210 213
211 33
211 119
211 120
211 121
211 122
211 123
211 164
211 200
211 201
211 202
211 203
211 204
211 209
211 210
211 212
211 213
211 214
212 119
212 120
212 121
212 122
212 123
212 199
212 200
212 201
212 202
212 210
212 211
212 213
212 214
212 215
213 120
213 121
213 122
213 123
213 165
213 166
213 198
213 199
213 200
213 201
213 202
213 210
213 211
213 212
213 214
213 215
213 216
214 121
214 122
214 123
214 124
214 125
214 166
214 198
214 199
214 200
214 201
214 202
214 211
214 212
214 213
214 215
214 216
215 122
215 123
215 124
215 125
215 127
215 166
215 167
215 168
215 197
215 198
215 199
215 200
215 201
215 212
215 213
215 214
215 216
215 217
215 218
216 125
216 126
216 127
216 128
216 136
216 168
216 196
216 197
216 198
216 199
216 200
216 213
216 214
216 215
216 217
216 218
216 219
217 127
217 168
217 169
217 195
217 196
217 197
217 198
217 199
217 215
217 216
217 218
217 219
218 127
218 128
218 129
218 134
218 193
218 194
218 195
218 196
218 197
218 198
218 215
218 216
218 217
218 219
218 220
218 221
219 128
219 129
219 130
219 131
219 133
219 134
219 191
219 192
219 193
219 194
219 195
219 196
219 197
219 216
219 217
219 218
219 220
219 221
219 222
220 128
220 129
220 130
220 131
220 132
220 133
220 134
220 190
220 191
220 192
220 193
220 194
220 195
220 196
220 218
220 219
220 221
220 222
220 223
221 128
221 129
221 130
221 131
221 132
221 133
221 134
221 191
221 192
221 193
221 194
221 195
221 218
221 219
221 220
221 222
221 223
221 224
222 130
222 131
222 132
222 191
222 192
222 193
222 194
222 219
222 220
222 221
222 223
222 224
222 225
223 130
223 131
223 132
223 191
223 192
223 193
223 220
223 221
223 222
223 224
223 225
223 226
223 227
224 131
224 192
224 221
224 222
224 223
224 225
224 226
224 227
224 228
224 229
225 131
225 222
225 223
225 224
225 226
225 227
225 228
225 229
225 230
226 223
226 224
226 225
226 227
226 228
226 229
226 230
226 231
226 232
227 223
227 224
227 225
227 226
227 228
227 229
227 230
227 231
227 232
227 233
228 224
228 225
228 226
228 227
228 229
228 230
228 231
228 232
228 233
228 234
229 224
229 225
229 226
229 227
229 228
229 230
229 231
229 232
229 233
229 234
229 235
230 225
230 226
230 227
230 228
230 229
230 231
230 232
230 233
230 234
230 235
230 236
231 226
231 227
231 228
231 229
231 230
231 232
231 233
231 234
231 235
231 236
231 237
232 226
232 227
232 228
232 229
232 230
232 231
232 233
232 234
232 235
232 236
232 237
232 238
233 227
233 228
233 229
233 230
233 231
233 232
233 234
233 235
233 236
233 237
233 238
233 239
234 228
234 229
234 230
234 231
234 232
234 233
234 235
234 236
234 237
234 238
234 239
234 240
235 229
235 230
235 231
235 232
235 233
235 234
235 236
235 237
235 238
235 239
235 240
235 241
236 230
236 231
236 232
236 233
236 234
236 235
236 237
236 238
236 239
236 240
236 241
236 242
237 231
237 232
237 233
237 234
237 235
237 236
237 238
237 239
237 240
237 241
237 242
237 243
238 232
238 233
238 234
238 235
238 236
238 237
238 239
238 240
238 241
238 242
238 243
238 244
239 233
239 234
239 235
239 236
239 237
239 238
239 240
239 241
239 242
239 243
239 244
239 245
240 234
240 235
240 236
240 237
240 238
240 239
240 241
240 242
240 243
240 244
240 245
240 246
241 235
241 236
241 237
241 238
241 239
241 240
241 242
241 243
241 244
241 245
241 246
241 247
242 236
242 237
242 238
242 239
242 240
242 241
242 243
242 244
242 245
242 246
242 247
242 248
243 237
243 238
243 239
243 240
243 241
243 242
243 244
243 245
243 246
243 247
243 248
243 249
244 238
244 239
244 240
244 241
244 242
244 243
244 245
244 246
244 247
244 248
244 249
244 250
245 239
245 240
245 241
245 242
245 243
245 244
245 246
245 247
245 248
245 249
245 250
245 251
246 240
246 241
246 242
246 243
246 244
246 245
246 247
246 248
246 249
246 250
246 251
246 252
247 241
247 242
247 243
247 244
247 245
247 246
247 248
247 249
247 250
247 251
247 252
248 242
248 243
248 244
248 245
248 246
248 247
248 249
248 250
248 251
248 252
248 253
248 254
249 243
249 244
249 245
249 246
249 247
249 248
249 250
249 251
249 252
249 253
249 254
249 255
250 244
250 245
250 246
250 247
250 248
250 249
250 251
250 252
250 253
250 254
250 255
251 245
251 246
251 247
251 248
251 249
251 250
251 252
251 253
251 254
251 255
251 256
252 246
252 247
252 248
252 249
252 250
252 251
252 253
252 254
252 255
252 256
252 257
253 248
253 249
253 250
253 251
253 252
253 254
253 255
253 256
253 257
254 248
254 249
254 250
254 251
254 252
254 253
254 255
254 256
254 257
255 249
255 250
255 251
255 252
255 253
255 254
255 256
255 257
255 258
256 251
256 252
256 253
256 254
256 255
256 257
256 258
256 259
257 252
257 253
257 254
257 255
257 256
257 258
257 259
257 260
258 255
258 256
258 257
258 259
258 260
258 261
258 263
259 256
259 257
259 258
259 260
259 261
259 262
259 263
259 264
260 257
260 258
260 259
260 261
260 262
260 263
260 264
261 258
261 259
261 260
261 262
261 263
261 264
261 265
262 259
262 260
262 261
262 263
262 264
262 265
263 258
263 259
263 260
263 261
263 262
263 264
263 265
263 266
264 259
264 260
264 261
264 262
264 263
264 265
264 266
264 267
264 268
264 269
265 261
265 262
265 263
265 264
265 266
265 267
265 268
265 269
265 270
266 263
266 264
266 265
266 267
266 268
266 269
266 270
267 264
267 265
267 266
267 268
267 269
267 270
268 264
268 265
268 266
268 267
268 269
268 270
268 271
269 264
269 265
269 266
269 267
269 268
269 270
269 271
269 272
269 273
270 265
270 266
270 267
270 268
270 269
270 271
270 272
270 273
271 268
271 269
271 270
271 272
271 273
271 274
272 269
272 270
272 271
272 273
272 274
272 275
273 269
273 270
273 271
273 272
273 274
273 275
273 276
274 271
274 272
274 273
274 275
274 276
274 277
275 272
275 273
275 274
275 276
275 277
275 278
276 273
276 274
276 275
276 277
276 278
276 279
277 274
277 275
277 276
277 278
277 279
277 280
277 281
277 282
278 275
278 276
278 277
278 279
278 280
278 281
279 276
279 277
279 278
279 280
279 281
279 282
280 277
280 278
280 279
280 281
280 282
281 277
281 278
281 279
281 280
281 282
281 283
282 277
282 279
282 280
282 281
282 283
282 284
282 285
283 281
283 282
283 284
283 285
283 286
284 282
284 283
284 285
284 286
284 287
285 282
285 283
285 284
285 286
285 287
285 288
286 283
286 284
286 285
286 287
286 288
286 289
287 284
287 285
287 286
287 288
287 289
287 290
288 285
288 286
288 287
288 289
288 290
288 291
289 286
289 287
289 288
289 290
289 291
289 292
290 287
290 288
290 289
290 291
290 292
291 288
291 289
291 290
291 292
291 293
292 289
292 290
292 291
292 293
292 294
292 295
293 291
293 292
293 294
293 295
294 292
294 293
294 295
294 296
295 292
295 293
295 294
295 296
295 297
295 298
296 294
296 295
296 297
296 298
297 295
297 296
297 298
297 299
297 300
298 295
298 296
298 297
298 299
298 300
299 297
299 298
299 300
299 301
300 297
300 298
300 299
300 301
300 302
300 303
301 299
301 300
301 302
301 303
301 304
302 300
302 301
302 303
302 304
302 305
303 300
303 301
303 302
303 304
303 305
303 306
304 301
304 302
304 303
304 305
304 306
304 307
305 302
305 303
305 304
305 306
305 307
306 303
306 304
306 305
306 307
306 308
306 309
307 304
307 305
307 306
307 308
307 309
307 310
308 306
308 307
308 309
308 310
309 306
309 307
309 308
309 310
309 311
309 312
310 307
310 308
310 309
310 311
310 312
310 313
311 309
311 310
311 312
311 313
311 314
312 309
312 310
312 311
312 313
312 314
312 315
313 310
313 311
313 312
313 314
313 315
314 311
314 312
314 313
314 315
314 316
315 312
315 313
315 314
315 316
315 317
316 314
316 315
316 317
316 318
316 319
317 315
317 316
317 318
317 319
318 316
318 317
318 319
318 320
318 321
319 316
319 317
319 318
319 320
319 321
319 322
320 318
320 319
320 321
320 322
320 323
321 318
321 319
321 320
321 322
321 323
321 324
322 319
322 320
322 321
322 323
322 324
323 320
323 321
323 322
323 324
323 325
323 326
324 321
324 322
324 323
324 325
324 326
324 327
325 323
325 324
325 326
325 327
326 323
326 324
326 325
326 327
326 328
327 324
327 325
327 326
327 328
327 329
328 326
328 327
328 329
328 330
329 327
329 328
329 330
329 331
330 328
330 329
330 331
330 332
331 329
331 330
331 332
331 333
332 330
332 331
332 333
332 334
333 331
333 332
333 334
333 335
334 332
334 333
334 335
334 336
335 333
335 334
335 336
335 337
336 334
336 335
336 337
336 338
337 335
337 336
337 338
337 339
338 336
338 337
338 339
338 340
339 337
339 338
339 340
339 341
340 338
340 339
340 341
340 342
340 343
341 339
341 340
341 342
341 343
341 344
342 340
342 341
342 343
342 344
343 340
343 341
343 342
343 344
343 345
343 346
344 341
344 342
344 343
344 345
344 346
345 343
345 344
345 346
345 347
345 348
346 343
346 344
346 345
346 347
346 348
346 349
347 345
347 346
347 348
347 349
348 345
348 346
348 347
348 349
348 350
348 351
349 346
349 347
349 348
349 350
349 351
349 352
350 348
350 349
350 351
350 352
351 348
351 349
351 350
351 352
351 353
352 349
352 350
352 351
352 353
352 354
353 351
353 352
353 354
353 355
354 352
354 353
354 355
354 356
354 357
355 353
355 354
355 356
355 357
356 354
356 355
356 357
356 358
356 359
357 354
357 355
357 356
357 358
357 359
358 356
358 357
358 359
358 360
358 361
359 356
359 357
359 358
359 360
359 361
359 362
360 358
360 359
360 361
360 362
360 363
361 358
361 359
361 360
361 362
361 363
361 364
362 359
362 360
362 361
362 363
362 364
362 365
363 360
363 361
363 362
363 364
363 365
363 366
364 361
364 362
364 363
364 365
364 366
364 367
365 362
365 363
365 364
365 366
365 367
365 368
366 363
366 364
366 365
366 367
366 368
366 369
367 364
367 365
367 366
367 368
367 369
367 370
368 365
368 366
368 367
368 369
368 370
368 371
369 366
369 367
369 368
369 370
369 371
369 372
370 367
370 368
370 369
370 371
370 372
370 373
371 368
371 369
371 370
371 372
371 373
371 374
372 369
372 370
372 371
372 373
372 374
372 375
373 370
373 371
373 372
373 374
373 375
373 376
374 371
374 372
374 373
374 375
374 376
374 377
375 372
375 373
375 374
375 376
375 377
375 378
376 373
376 374
376 375
376 377
376 378
376 379
377 374
377 375
377 376
377 378
377 379
377 380
378 375
378 376
378 377
378 379
378 380
378 381
379 376
379 377
379 378
379 380
379 381
379 382
380 377
380 378
380 379
380 381
380 382
380 383
381 378
381 379
381 380
381 382
381 383
381 384
382 379
382 380
382 381
382 383
382 384
382 385
383 380
383 381
383 382
383 384
383 385
383 386
384 381
384 382
384 383
384 385
384 386
384 387
385 382
385 383
385 384
385 386
385 387
385 388
386 383
386 384
386 385
386 387
386 388
386 389
387 384
387 385
387 386
387 388
387 389
387 390
388 385
388 386
388 387
388 389
388 390
388 391
389 386
389 387
389 388
389 390
389 391
389 392
390 387
390 388
390 389
390 391
390 392
391 388
391 389
391 390
391 392
391 393
391 394
392 389
392 390
392 391
392 393
392 394
392 395
393 391
393 392
393 394
393 395
394 391
394 392
394 393
394 395
394 396
395 392
395 393
395 394
395 396
395 397
396 394
396 395
396 397
396 398
397 395
397 396
397 398
397 399
398 396
398 397
398 399
398 400
399 397
399 398
399 400
399 401
400 398
400 399
400 401
400 402
401 399
401 400
401 402
401 403
402 400
402 401
402 403
402 404
402 405
403 401
403 402
403 404
403 405
403 406
404 402
404 403
404 405
404 406
404 407
405 402
405 403
405 404
405 406
405 407
405 408
406 403
406 404
406 405
406 407
406 408
407 404
407 405
407 406
407 408
407 409
407 410
408 405
408 406
408 407
408 409
408 410
409 407
409 408
409 410
409 411
409 412
410 407
410 408
410 409
410 411
410 412
411 409
411 410
411 412
411 413
412 409
412 410
412 411
412 413
412 414
413 411
413 412
413 414
413 415
414 412
414 413
414 415
414 416
415 413
415 414
415 416
415 417
416 414
416 415
416 417
416 418
417 415
417 416
417 418
417 419
418 416
418 417
418 419
418 420
419 417
419 418
419 420
419 421
420 418
420 419
420 421
420 422
421 419
421 420
421 422
421 423
422 420
422 421
422 423
422 424
423 421
423 422
423 424
423 425
424 422
424 423
424 425
424 426
424 427
425 423
425 424
425 426
425 427
426 424
426 425
426 427
426 428
427 424
427 425
427 426
427 428
427 429
428 426
428 427
428 429
428 430
429 427
429 428
429 430
429 431
430 428
430 429
430 431
430 432
431 429
431 430
431 432
431 433
431 434
432 430
432 431
432 433
432 434
433 431
433 432
433 434
433 435
434 431
434 432
434 433
434 435
434 436
435 433
435 434
435 436
435 437
436 434
436 435
436 437
436 438
436 439
437 435
437 436
437 438
437 439
437 440
438 436
438 437
438 439
438 440
439 436
439 437
439 438
439 440
439 441
439 442
440 437
440 438
440 439
440 441
440 442
440 443
441 439
441 440
441 442
441 443
442 439
442 440
442 441
442 443
442 444
443 440
443 441
443 442
443 444
443 445
444 442
444 443
444 445
444 446
445 443
445 444
445 446
445 447
446 444
446 445
446 447
446 448
446 449
447 445
447 446
447 448
447 449
448 446
448 447
448 449
448 450
449 446
449 447
449 448
449 450
449 451
450 448
450 449
450 451
450 452
451 449
451 450
451 452
451 453
451 454
452 450
452 451
452 453
452 454
453 451
453 452
453 454
453 455
454 451
454 452
454 453
454 455
454 456
455 453
455 454
455 456
455 457
456 454
456 455
456 457
456 458
457 455
457 456
457 458
457 459
458 456
458 457
458 459
458 460
459 457
459 458
459 460
459 461
459 462
460 458
460 459
460 461
460 462
461 459
461 460
461 462
461 463
461 464
462 459
462 460
462 461
462 463
462 464
462 465
463 461
463 462
463 464
463 465
464 461
464 462
464 463
464 465
464 466
465 462
465 463
465 464
465 466
465 467
465 468
466 464
466 465
466 467
466 468
467 465
467 466
467 468
467 469
468 465
468 466
468 467
468 469
468 470
469 467
469 468
469 470
469 471
470 468
470 469
470 471
470 472
471 469
471 470
471 472
471 473
472 470
472 471
472 473
472 474
473 471
473 472
473 474
473 475
474 472
474 473
474 475
474 476
475 473
475 474
475 476
475 477
476 474
476 475
476 477
476 478
477 475
477 476
477 478
477 479
477 480
478 476
478 477
478 479
478 480
479 477
479 478
479 480
479 481
480 477
480 478
480 479
480 481
480 482
481 479
481 480
481 482
481 483
482 480
482 481
482 483
482 484
482 485
483 481
483 482
483 484
483 485
484 482
484 483
484 485
484 486
484 487
485 482
485 483
485 484
485 486
485 487
486 484
486 485
486 487
486 488
487 484
487 485
487 486
487 488
487 489
487 490
488 486
488 487
488 489
488 490
489 487
489 488
489 490
489 491
489 492
490 487
490 488
490 489
490 491
490 492
490 493
491 489
491 490
491 492
491 493
491 494
492 489
492 490
492 491
492 493
492 494
492 495
493 490
493 491
493 492
493 494
493 495
493 496
494 491
494 492
494 493
494 495
494 496
494 497
495 492
495 493
495 494
495 496
495 497
495 498
496 493
496 494
496 495
496 497
496 498
496 499
497 494
497 495
497 496
497 498
497 499
497 500
498 495
498 496
498 497
498 499
498 500
498 501
499 496
499 497
499 498
499 500
499 501
499 502
500 497
500 498
500 499
500 501
500 502
500 503
501 498
501 499
501 500
501 502
501 503
501 504
502 499
502 500
502 501
502 503
502 504
502 505
503 500
503 501
503 502
503 504
503 505
504 501
504 502
504 503
504 505
504 506
505 502
505 503
505 504
505 506
505 507
506 504
506 505
506 507
506 508
507 505
507 506
507 508
507 509
508 506
508 507
508 509
508 510
509 507
509 508
509 510
509 511
510 508
510 509
510 511
510 512
511 509
511 510
511 512
511 513
512 510
512 511
512 513
512 514
513 511
513 512
513 514
513 515
514 512
514 513
514 515
514 516
515 513
515 514
515 516
515 517
516 514
516 515
516 517
516 518
517 515
517 516
517 518
517 519
518 516
518 517
518 519
518 520
519 517
519 518
519 520
519 521
520 518
520 519
520 521
520 522
521 519
521 520
521 522
521 523
522 520
522 521
522 523
522 524
523 521
523 522
523 524
523 525
524 522
524 523
524 525
524 526
525 523
525 524
525 526
525 527
526 524
526 525
526 527
526 528
527 525
527 526
527 528
527 529
528 526
528 527
528 529
528 530
529 527
529 528
529 530
529 531
529 532
530 528
530 529
530 531
530 532
531 529
531 530
531 532
531 533
531 534
532 529
532 530
532 531
532 533
532 534
533 531
533 532
533 534
533 535
534 531
534 532
534 533
534 535
534 536
534 537
535 533
535 534
535 536
535 537
536 534
536 535
536 537
536 538
537 534
537 535
537 536
537 538
537 539
538 536
538 537
538 539
538 540
539 537
539 538
539 540
539 541
540 538
540 539
540 541
540 542
541 539
541 540
541 542
541 543
542 540
542 541
542 543
542 544
543 541
543 542
543 544
543 545
544 542
544 543
544 545
544 546
545 543
545 544
545 546
545 547
546 544
546 545
546 547
546 548
546 549
547 545
547 546
547 548
547 549
548 546
548 547
548 549
548 550
549 546
549 547
549 548
549 550
549 551
549 552
550 548
550 549
550 551
550 552
550 553
551 549
551 550
551 552
551 553
551 554
552 549
552 550
552 551
552 553
552 554
553 550
553 551
553 552
553 554
553 555
553 556
554 551
554 552
554 553
554 555
554 556
555 553
555 554
555 556
555 557
555 558
556 553
556 554
556 555
556 557
556 558
556 559
556 560
557 555
557 556
557 558
557 559
557 560
557 561
558 555
558 556
558 557
558 559
558 560
558 561
558 562
559 556
559 557
559 558
559 560
559 561
559 562
559 563
560 556
560 557
560 558
560 559
560 561
560 562
560 563
560 564
561 557
561 558
561 559
561 560
561 562
561 563
561 564
561 565
562 558
562 559
562 560
562 561
562 563
562 564
562 565
562 566
563 559
563 560
563 561
563 562
563 564
563 565
563 566
564 560
564 561
564 562
564 563
564 565
564 566
564 567
565 561
565 562
565 563
565 564
565 566
565 567
565 568
566 562
566 563
566 564
566 565
566 567
566 568
566 569
567 564
567 565
567 566
567 568
567 569
567 570
568 565
568 566
568 567
568 569
568 570
568 571
569 566
569 567
569 568
569 570
569 571
569 572
570 567
570 568
570 569
570 571
570 572
570 573
571 568
571 569
571 570
571 572
571 573
572 569
572 570
572 571
572 573
573 570
573 571
573 572
