0 1
0 2
0 3
0 4
1 0
1 2
1 3
1 4
1 5
2 0
2 1
2 3
2 4
2 5
2 6
3 0
3 1
3 2
3 4
3 5
3 6
3 7
4 0
4 1
4 2
4 3
4 5
4 6
4 7
4 8
5 1
5 2
5 3
5 4
5 6
5 7
5 8
5 9
6 2
6 3
6 4
6 5
6 7
6 8
6 9
6 10
7 3
7 4
7 5
7 6
7 8
7 9
7 10
7 11
8 4
8 5
8 6
8 7
8 9
8 10
8 11
8 12
9 5
9 6
9 7
9 8
9 10
9 11
9 12
9 13
10 6
10 7
10 8
10 9
10 11
10 12
10 13
10 14
11 7
11 8
11 9
11 10
11 12
11 13
11 14
12 8
12 9
12 10
12 11
12 13
12 14
12 15
13 9
13 10
13 11
13 12
13 14
13 15
13 16
14 10
14 11
14 12
14 13
14 15
14 16
14 17
15 12
15 13
15 14
15 16
15 17
15 18
16 13
16 14
16 15
16 17
16 18
16 19
16 207
17 14
17 15
17 16
17 18
17 19
17 20
17 207
17 222
17 237
17 238
17 241
18 15
18 16
18 17
18 19
18 20
18 21
18 207
18 220
18 221
18 222
18 237
18 238
18 239
18 240
18 241
18 242
19 16
19 17
19 18
19 20
19 21
19 22
19 206
19 207
19 208
19 219
19 220
19 221
19 222
19 223
19 238
19 241
19 242
19 243
19 257
19 258
19 261
20 17
20 18
20 19
20 21
20 22
20 204
20 205
20 207
20 220
20 221
20 222
20 223
20 224
20 235
20 236
20 237
20 238
20 241
20 242
20 256
20 257
20 258
20 259
20 260
20 261
20 262
21 18
21 19
21 20
21 22
21 23
21 204
21 205
21 206
21 207
21 219
21 220
21 221
21 222
21 223
21 242
21 243
21 255
21 256
21 257
21 258
21 259
21 260
21 261
21 262
21 426
21 444
21 445
22 19
22 20
22 21
22 23
22 24
22 206
22 218
22 219
22 220
22 221
22 222
22 242
22 243
22 244
22 254
22 255
22 256
22 257
22 258
22 446
23 21
23 22
23 24
23 25
23 210
23 216
23 217
23 218
23 219
23 220
23 221
23 244
23 253
23 254
23 255
23 256
23 257
23 426
23 428
23 446
23 447
23 449
24 22
24 23
24 25
24 26
24 29
24 210
24 211
24 212
24 215
24 216
24 217
24 218
24 219
24 220
24 244
24 251
24 252
24 253
24 254
24 255
24 256
24 448
24 449
25 23
25 24
25 26
25 27
25 28
25 29
25 30
25 212
25 215
25 216
25 217
25 218
25 219
25 251
25 252
25 253
25 254
25 255
25 449
26 24
26 25
26 27
26 28
26 29
26 30
26 31
26 80
26 213
26 214
26 215
26 216
26 217
26 218
26 249
26 250
26 251
26 252
26 253
26 254
26 449
27 25
27 26
27 28
27 29
27 30
27 31
27 32
27 78
27 79
27 80
27 215
27 216
27 217
27 251
27 252
27 253
28 25
28 26
28 27
28 29
28 30
28 31
28 32
28 216
28 251
28 252
28 253
28 449
28 450
28 451
29 24
29 25
29 26
29 27
29 28
29 30
29 31
29 32
29 33
29 216
29 251
29 252
29 253
29 254
29 429
29 431
29 449
29 450
29 451
30 25
30 26
30 27
30 28
30 29
30 31
30 32
30 33
30 34
30 78
30 79
30 80
30 86
30 216
30 217
30 253
30 429
31 26
31 27
31 28
31 29
31 30
31 32
31 33
31 34
31 35
31 36
31 76
31 77
31 78
31 79
32 27
32 28
32 29
32 30
32 31
32 33
32 34
32 35
32 36
32 37
32 429
32 431
32 451
33 29
33 30
33 31
33 32
33 34
33 35
33 36
33 37
33 38
33 76
33 78
33 179
33 180
33 182
33 183
33 429
34 30
34 31
34 32
34 33
34 35
34 36
34 37
34 38
34 39
34 73
34 74
34 75
34 76
34 77
34 78
35 31
35 32
35 33
35 34
35 36
35 37
35 38
35 39
35 40
36 31
36 32
36 33
36 34
36 35
36 37
36 38
36 39
36 40
36 41
36 42
36 43
36 182
36 183
37 32
37 33
37 34
37 35
37 36
37 38
37 39
37 40
37 41
37 42
37 43
37 44
37 46
37 73
37 74
37 75
37 76
37 179
38 33
38 34
38 35
38 36
38 37
38 39
38 40
38 41
38 42
38 43
38 44
38 73
38 74
39 34
39 35
39 36
39 37
39 38
39 40
39 41
39 42
39 43
40 35
40 36
40 37
40 38
40 39
40 41
40 42
40 43
40 44
40 45
40 182
41 36
41 37
41 38
41 39
41 40
41 42
41 43
41 44
41 45
41 46
41 47
42 36
42 37
42 38
42 39
42 40
42 41
42 43
42 44
42 45
42 46
42 47
42 48
42 73
42 175
42 178
42 179
42 182
43 36
43 37
43 38
43 39
43 40
43 41
43 42
43 44
43 45
43 46
43 47
43 48
43 49
43 70
43 71
43 72
43 73
43 74
43 175
43 179
44 37
44 38
44 40
44 41
44 42
44 43
44 45
44 46
44 47
44 48
44 49
44 50
44 70
44 71
44 72
44 73
45 40
45 41
45 42
45 43
45 44
45 46
45 47
45 48
45 49
45 50
45 51
45 175
45 178
45 179
46 37
46 41
46 42
46 43
46 44
46 45
46 47
46 48
46 49
46 50
46 51
46 70
46 71
46 171
46 172
46 173
46 174
46 175
46 176
46 177
46 178
46 179
47 41
47 42
47 43
47 44
47 45
47 46
47 48
47 49
47 50
47 51
47 52
47 68
47 69
47 70
47 71
47 72
47 94
47 171
47 172
47 175
48 42
48 43
48 44
48 45
48 46
48 47
48 49
48 50
48 51
48 52
48 68
48 69
48 70
48 71
48 171
48 175
49 43
49 44
49 45
49 46
49 47
49 48
49 50
49 51
49 52
49 53
49 54
49 68
49 171
49 172
49 173
49 174
49 175
49 176
49 177
49 178
49 179
50 44
50 45
50 46
50 47
50 48
50 49
50 51
50 52
50 53
50 54
50 67
50 68
50 69
50 70
50 71
50 94
50 168
50 169
50 170
50 171
50 172
50 173
50 174
50 175
50 176
50 178
51 45
51 46
51 47
51 48
51 49
51 50
51 52
51 53
51 54
51 66
51 67
51 68
51 69
51 70
51 71
51 96
51 171
51 172
51 175
52 47
52 48
52 49
52 50
52 51
52 53
52 54
52 55
52 67
52 68
52 171
52 174
52 175
53 49
53 50
53 51
53 52
53 54
53 55
53 56
53 57
53 66
53 67
53 170
53 171
54 49
54 50
54 51
54 52
54 53
54 55
54 56
54 57
54 58
54 170
54 171
54 174
55 52
55 53
55 54
55 56
55 57
55 58
56 53
56 54
56 55
56 57
56 58
56 59
57 53
57 54
57 55
57 56
57 58
57 59
57 60
57 166
57 167
57 170
57 171
58 54
58 55
58 56
58 57
58 59
58 60
58 61
58 166
58 167
59 56
59 57
59 58
59 60
59 61
59 62
59 63
59 64
59 65
59 66
59 167
60 57
60 58
60 59
60 61
60 62
60 63
60 64
60 65
60 66
60 162
60 163
60 164
60 166
60 167
61 58
61 59
61 60
61 62
61 63
61 64
61 100
61 101
61 159
61 162
61 163
62 59
62 60
62 61
62 63
62 64
62 99
62 100
62 101
62 102
62 103
62 159
62 163
63 59
63 60
63 61
63 62
63 64
63 65
63 66
63 97
63 98
63 99
63 100
63 101
63 102
63 103
63 105
63 106
63 159
63 163
64 59
64 60
64 61
64 62
64 63
64 65
64 66
64 67
64 97
64 98
64 99
64 100
64 101
64 103
64 105
64 106
65 59
65 60
65 63
65 64
65 66
65 67
65 97
65 98
65 99
65 100
65 105
65 106
66 51
66 53
66 59
66 60
66 63
66 64
66 65
66 67
66 68
66 69
66 96
66 97
66 98
66 99
66 100
66 106
66 107
66 167
67 50
67 51
67 52
67 53
67 64
67 65
67 66
67 68
67 69
67 70
67 95
67 96
67 97
67 98
67 99
67 107
68 47
68 48
68 49
68 50
68 51
68 52
68 66
68 67
68 69
68 70
68 71
68 94
68 95
68 96
68 97
68 98
68 107
68 108
68 171
69 47
69 48
69 50
69 51
69 66
69 67
69 68
69 70
69 71
69 94
69 95
69 96
69 97
69 98
69 107
69 108
69 109
70 43
70 44
70 46
70 47
70 48
70 50
70 51
70 67
70 68
70 69
70 71
70 72
70 73
70 93
70 94
70 95
70 96
70 97
70 109
71 43
71 44
71 46
71 47
71 48
71 50
71 51
71 68
71 69
71 70
71 72
71 73
71 74
71 92
71 93
71 94
71 95
71 96
71 109
71 110
71 111
71 172
72 43
72 44
72 47
72 70
72 71
72 73
72 74
72 75
72 91
72 92
72 93
72 94
72 95
72 111
73 34
73 37
73 38
73 42
73 43
73 44
73 70
73 71
73 72
73 74
73 75
73 76
73 90
73 91
73 92
73 93
73 94
74 34
74 37
74 38
74 43
74 71
74 72
74 73
74 75
74 76
74 77
74 89
74 90
74 91
74 92
74 93
74 94
74 112
74 113
74 114
75 34
75 37
75 72
75 73
75 74
75 76
75 77
75 89
75 90
75 91
75 92
75 93
75 113
76 31
76 33
76 34
76 37
76 73
76 74
76 75
76 77
76 78
76 88
76 89
76 90
76 91
76 92
76 113
76 114
76 115
77 31
77 34
77 74
77 75
77 76
77 78
77 79
77 86
77 87
77 88
77 89
77 90
77 91
77 115
78 27
78 30
78 31
78 33
78 34
78 76
78 77
78 79
78 80
78 81
78 86
78 87
78 88
78 89
78 90
78 117
78 118
79 27
79 30
79 31
79 77
79 78
79 80
79 81
79 82
79 85
79 86
79 87
79 88
79 89
79 117
79 214
79 215
79 216
80 26
80 27
80 30
80 78
80 79
80 81
80 82
80 83
80 84
80 85
80 86
80 87
80 88
80 117
80 118
80 212
80 213
80 214
80 215
80 216
80 217
81 78
81 79
81 80
81 82
81 83
81 84
81 85
81 86
81 87
81 117
81 118
81 119
81 120
81 212
81 213
81 214
81 215
81 216
81 217
82 79
82 80
82 81
82 83
82 84
82 85
82 86
82 211
82 212
82 213
82 214
82 215
82 216
82 217
83 80
83 81
83 82
83 84
83 85
83 86
83 119
83 120
83 210
83 211
83 212
83 213
83 214
83 217
84 80
84 81
84 82
84 83
84 85
84 86
84 87
84 117
84 118
84 119
84 120
84 121
84 131
84 210
84 211
84 212
84 213
85 79
85 80
85 81
85 82
85 83
85 84
85 86
85 87
85 88
85 117
85 118
85 119
85 120
85 121
85 131
85 132
85 133
85 210
85 211
85 212
85 213
85 214
85 216
85 217
86 30
86 77
86 78
86 79
86 80
86 81
86 82
86 83
86 84
86 85
86 87
86 88
86 89
86 116
86 117
86 118
86 119
86 120
86 131
86 132
86 133
86 212
86 213
86 214
86 216
86 217
87 77
87 78
87 79
87 80
87 81
87 84
87 85
87 86
87 88
87 89
87 115
87 116
87 117
87 118
87 119
87 133
87 134
87 135
88 76
88 77
88 78
88 79
88 80
88 85
88 86
88 87
88 89
88 90
88 91
88 114
88 115
88 116
88 117
88 118
88 133
88 136
89 74
89 75
89 76
89 77
89 78
89 79
89 86
89 87
89 88
89 90
89 91
89 92
89 113
89 114
89 115
89 116
89 117
89 136
89 137
89 138
90 73
90 74
90 75
90 76
90 77
90 78
90 88
90 89
90 91
90 92
90 112
90 113
90 114
90 115
90 116
90 138
90 176
91 72
91 73
91 74
91 75
91 76
91 77
91 88
91 89
91 90
91 92
91 93
91 111
91 112
91 113
91 114
91 115
91 138
91 139
91 141
92 71
92 72
92 73
92 74
92 75
92 76
92 89
92 90
92 91
92 93
92 94
92 110
92 111
92 112
92 113
92 114
92 141
93 70
93 71
93 72
93 73
93 74
93 75
93 91
93 92
93 94
93 95
93 109
93 110
93 111
93 112
93 113
93 140
93 141
93 142
93 143
94 47
94 50
94 68
94 69
94 70
94 71
94 72
94 73
94 74
94 92
94 93
94 95
94 96
94 108
94 109
94 110
94 111
94 112
94 143
94 168
94 172
95 67
95 68
95 69
95 70
95 71
95 72
95 93
95 94
95 96
95 97
95 107
95 108
95 109
95 110
95 111
95 143
95 144
95 145
96 51
96 66
96 67
96 68
96 69
96 70
96 71
96 94
96 95
96 97
96 98
96 106
96 107
96 108
96 109
96 110
96 145
96 164
96 168
97 63
97 64
97 65
97 66
97 67
97 68
97 69
97 70
97 95
97 96
97 98
97 99
97 100
97 105
97 106
97 107
97 108
97 109
97 145
98 63
98 64
98 65
98 66
98 67
98 68
98 69
98 96
98 97
98 99
98 100
98 101
98 103
98 104
98 105
98 106
98 107
98 108
99 62
99 63
99 64
99 65
99 66
99 67
99 97
99 98
99 100
99 101
99 102
99 103
99 104
99 105
99 106
99 107
100 61
100 62
100 63
100 64
100 65
100 66
100 97
100 98
100 99
100 101
100 102
100 103
100 104
100 105
100 106
100 107
100 147
100 148
101 61
101 62
101 63
101 64
101 98
101 99
101 100
101 102
101 103
101 104
101 105
101 106
102 62
102 63
102 99
102 100
102 101
102 103
102 104
102 105
102 106
102 147
102 148
103 62
103 63
103 64
103 98
103 99
103 100
103 101
103 102
103 104
103 105
103 106
104 98
104 99
104 100
104 101
104 102
104 103
104 105
104 106
104 107
104 147
104 148
105 63
105 64
105 65
105 97
105 98
105 99
105 100
105 101
105 102
105 103
105 104
105 106
105 107
105 146
105 147
106 63
106 64
106 65
106 66
106 96
106 97
106 98
106 99
106 100
106 101
106 102
106 103
106 104
106 105
106 107
106 108
106 145
106 146
106 147
106 148
107 66
107 67
107 68
107 69
107 95
107 96
107 97
107 98
107 99
107 100
107 104
107 105
107 106
107 108
107 109
107 110
107 144
107 145
107 146
107 147
108 68
108 69
108 94
108 95
108 96
108 97
108 98
108 106
108 107
108 109
108 110
108 111
108 143
108 144
108 145
108 146
108 147
108 160
108 164
109 69
109 70
109 71
109 93
109 94
109 95
109 96
109 97
109 107
109 108
109 110
109 111
109 112
109 142
109 143
109 144
109 145
109 146
110 71
110 92
110 93
110 94
110 95
110 96
110 107
110 108
110 109
110 111
110 112
110 140
110 141
110 142
110 143
110 144
110 145
110 164
110 168
111 71
111 72
111 91
111 92
111 93
111 94
111 95
111 108
111 109
111 110
111 112
111 113
111 139
111 140
111 141
111 142
111 143
111 144
112 74
112 90
112 91
112 92
112 93
112 94
112 109
112 110
112 111
112 113
112 114
112 115
112 138
112 139
112 140
112 141
112 142
112 143
112 168
112 172
113 74
113 75
113 76
113 89
113 90
113 91
113 92
113 93
113 111
113 112
113 114
113 115
113 137
113 138
113 139
113 140
113 141
113 142
114 74
114 76
114 88
114 89
114 90
114 91
114 92
114 112
114 113
114 115
114 116
114 136
114 137
114 138
114 139
114 140
114 168
114 169
114 172
114 173
114 176
115 76
115 77
115 87
115 88
115 89
115 90
115 91
115 112
115 113
115 114
115 116
115 117
115 118
115 133
115 134
115 135
115 136
115 137
115 138
115 139
115 173
115 176
116 86
116 87
116 88
116 89
116 90
116 114
116 115
116 117
116 118
116 119
116 132
116 133
116 134
116 135
116 136
116 137
116 138
116 173
116 176
116 177
117 78
117 79
117 80
117 81
117 84
117 85
117 86
117 87
117 88
117 89
117 115
117 116
117 118
117 119
117 120
117 131
117 132
117 133
117 134
117 135
117 136
117 137
118 78
118 80
118 81
118 84
118 85
118 86
118 87
118 88
118 115
118 116
118 117
118 119
118 120
118 121
118 130
118 131
118 132
118 133
118 134
118 135
118 136
118 177
118 180
119 81
119 83
119 84
119 85
119 86
119 87
119 116
119 117
119 118
119 120
119 121
119 130
119 131
119 132
119 133
119 134
119 212
120 81
120 83
120 84
120 85
120 86
120 117
120 118
120 119
120 121
120 122
120 123
120 129
120 130
120 131
120 132
120 133
120 209
120 210
120 211
120 212
120 217
121 84
121 85
121 118
121 119
121 120
121 122
121 123
121 124
121 127
121 128
121 129
121 130
121 131
121 132
121 208
121 209
121 210
121 211
122 120
122 121
122 123
122 124
122 125
122 126
122 127
122 128
122 129
122 130
122 131
122 206
122 207
122 208
122 209
122 210
123 120
123 121
123 122
123 124
123 125
123 126
123 127
123 128
123 129
123 130
123 131
123 209
124 121
124 122
124 123
124 125
124 126
124 127
124 128
124 129
124 130
124 209
125 122
125 123
125 124
125 126
125 127
125 128
126 122
126 123
126 124
126 125
126 127
126 128
126 129
126 130
126 188
126 191
127 121
127 122
127 123
127 124
127 125
127 126
127 128
127 129
127 130
127 190
127 191
127 205
127 206
127 207
127 208
127 209
128 121
128 122
128 123
128 124
128 125
128 126
128 127
128 129
128 130
128 184
128 187
128 188
128 189
128 190
128 191
128 205
128 206
128 208
128 209
128 210
129 120
129 121
129 122
129 123
129 124
129 126
129 127
129 128
129 130
129 131
129 184
129 185
129 187
129 188
129 190
129 206
129 208
129 209
129 210
129 219
129 428
130 118
130 119
130 120
130 121
130 122
130 123
130 124
130 126
130 127
130 128
130 129
130 131
130 132
130 133
130 180
130 181
130 183
130 184
130 185
130 187
130 188
130 209
130 210
131 84
131 85
131 86
131 117
131 118
131 119
131 120
131 121
131 122
131 123
131 129
131 130
131 132
131 133
131 134
131 177
131 180
131 181
131 183
131 184
132 85
132 86
132 116
132 117
132 118
132 119
132 120
132 121
132 130
132 131
132 133
132 134
132 177
132 180
132 181
132 184
133 85
133 86
133 87
133 88
133 115
133 116
133 117
133 118
133 119
133 120
133 130
133 131
133 132
133 134
133 135
133 136
133 173
133 174
133 176
133 177
133 180
134 87
134 115
134 116
134 117
134 118
134 119
134 131
134 132
134 133
134 135
134 136
134 137
134 173
134 177
135 87
135 115
135 116
135 117
135 118
135 133
135 134
135 136
135 137
135 138
135 173
136 88
136 89
136 114
136 115
136 116
136 117
136 118
136 133
136 134
136 135
136 137
136 138
136 169
136 170
136 172
136 173
136 174
136 176
136 177
137 89
137 113
137 114
137 115
137 116
137 117
137 134
137 135
137 136
137 138
137 139
137 165
137 168
137 169
137 170
137 172
137 173
138 89
138 90
138 91
138 112
138 113
138 114
138 115
138 116
138 135
138 136
138 137
138 139
138 140
138 141
138 164
138 165
138 166
138 167
138 168
138 169
138 170
138 171
138 172
138 173
139 91
139 111
139 112
139 113
139 114
139 115
139 137
139 138
139 140
139 141
139 142
139 164
139 165
139 168
139 169
140 93
140 110
140 111
140 112
140 113
140 114
140 138
140 139
140 141
140 142
140 143
140 161
140 164
140 165
140 168
141 91
141 92
141 93
141 110
141 111
141 112
141 113
141 138
141 139
141 140
141 142
141 143
142 93
142 109
142 110
142 111
142 112
142 113
142 139
142 140
142 141
142 143
142 144
143 93
143 94
143 95
143 108
143 109
143 110
143 111
143 112
143 140
143 141
143 142
143 144
143 145
143 157
143 160
143 161
143 164
144 95
144 107
144 108
144 109
144 110
144 111
144 142
144 143
144 145
144 146
144 147
144 160
145 95
145 96
145 97
145 106
145 107
145 108
145 109
145 110
145 143
145 144
145 146
145 147
145 148
145 149
145 156
145 160
146 105
146 106
146 107
146 108
146 109
146 144
146 145
146 147
146 148
146 149
147 100
147 102
147 104
147 105
147 106
147 107
147 108
147 144
147 145
147 146
147 148
147 149
147 150
147 151
147 156
148 100
148 102
148 104
148 106
148 145
148 146
148 147
148 149
148 150
148 151
148 152
148 153
148 156
149 145
149 146
149 147
149 148
149 150
149 151
149 152
149 153
149 156
150 147
150 148
150 149
150 151
150 152
150 153
151 147
151 148
151 149
151 150
151 152
151 153
151 154
151 155
151 156
152 148
152 149
152 150
152 151
152 153
152 154
152 155
152 156
152 157
153 148
153 149
153 150
153 151
153 152
153 154
153 155
153 156
153 157
153 158
153 159
154 151
154 152
154 153
154 155
154 156
154 157
154 158
154 159
154 160
155 151
155 152
155 153
155 154
155 156
155 157
155 158
155 159
155 160
155 161
156 145
156 147
156 148
156 149
156 151
156 152
156 153
156 154
156 155
156 157
156 158
156 159
156 160
156 161
156 162
157 143
157 152
157 153
157 154
157 155
157 156
157 158
157 159
157 160
157 161
157 162
157 163
158 153
158 154
158 155
158 156
158 157
158 159
158 160
158 161
158 162
158 163
158 164
159 61
159 62
159 63
159 153
159 154
159 155
159 156
159 157
159 158
159 160
159 161
159 162
159 163
159 164
159 165
160 108
160 143
160 144
160 145
160 154
160 155
160 156
160 157
160 158
160 159
160 161
160 162
160 163
160 164
160 165
160 166
161 140
161 143
161 155
161 156
161 157
161 158
161 159
161 160
161 162
161 163
161 164
161 165
161 166
162 60
162 61
162 156
162 157
162 158
162 159
162 160
162 161
162 163
162 164
162 165
162 166
162 167
163 60
163 61
163 62
163 63
163 157
163 158
163 159
163 160
163 161
163 162
163 164
163 165
163 166
163 167
163 168
164 60
164 96
164 108
164 110
164 138
164 139
164 140
164 143
164 158
164 159
164 160
164 161
164 162
164 163
164 165
164 166
164 167
164 168
164 169
164 170
165 137
165 138
165 139
165 140
165 159
165 160
165 161
165 162
165 163
165 164
165 166
165 167
165 168
165 169
165 170
166 57
166 58
166 60
166 138
166 160
166 161
166 162
166 163
166 164
166 165
166 167
166 168
166 169
166 170
166 171
167 57
167 58
167 59
167 60
167 66
167 138
167 162
167 163
167 164
167 165
167 166
167 168
167 169
167 170
167 171
167 172
168 50
168 94
168 96
168 110
168 112
168 114
168 137
168 138
168 139
168 140
168 163
168 164
168 165
168 166
168 167
168 169
168 170
168 171
168 172
168 173
169 50
169 114
169 136
169 137
169 138
169 139
169 164
169 165
169 166
169 167
169 168
169 170
169 171
169 172
169 173
169 174
169 175
170 50
170 53
170 54
170 57
170 136
170 137
170 138
170 164
170 165
170 166
170 167
170 168
170 169
170 171
170 172
170 173
170 174
170 175
171 46
171 47
171 48
171 49
171 50
171 51
171 52
171 53
171 54
171 57
171 68
171 138
171 166
171 167
171 168
171 169
171 170
171 172
171 173
171 174
171 175
171 176
172 46
172 47
172 49
172 50
172 51
172 71
172 94
172 112
172 114
172 136
172 137
172 138
172 167
172 168
172 169
172 170
172 171
172 173
172 174
172 175
172 176
172 177
172 178
173 46
173 49
173 50
173 114
173 115
173 116
173 133
173 134
173 135
173 136
173 137
173 138
173 168
173 169
173 170
173 171
173 172
173 174
173 175
173 176
173 177
173 178
173 179
174 46
174 49
174 50
174 52
174 54
174 133
174 136
174 169
174 170
174 171
174 172
174 173
174 175
174 176
174 177
174 178
174 179
174 180
175 42
175 43
175 45
175 46
175 47
175 48
175 49
175 50
175 51
175 52
175 169
175 170
175 171
175 172
175 173
175 174
175 176
175 177
175 178
175 179
175 180
175 181
176 46
176 49
176 50
176 90
176 114
176 115
176 116
176 133
176 136
176 171
176 172
176 173
176 174
176 175
176 177
176 178
176 179
176 180
176 181
177 46
177 49
177 116
177 118
177 131
177 132
177 133
177 134
177 136
177 172
177 173
177 174
177 175
177 176
177 178
177 179
177 180
177 181
177 182
177 183
178 42
178 45
178 46
178 49
178 50
178 172
178 173
178 174
178 175
178 176
178 177
178 179
178 180
178 181
178 182
178 183
179 33
179 37
179 42
179 43
179 45
179 46
179 49
179 173
179 174
179 175
179 176
179 177
179 178
179 180
179 181
179 182
179 183
179 184
180 33
180 118
180 130
180 131
180 132
180 133
180 174
180 175
180 176
180 177
180 178
180 179
180 181
180 182
180 183
180 184
180 185
181 130
181 131
181 132
181 175
181 176
181 177
181 178
181 179
181 180
181 182
181 183
181 184
181 185
181 186
182 33
182 36
182 40
182 42
182 177
182 178
182 179
182 180
182 181
182 183
182 184
182 185
182 186
182 187
183 33
183 36
183 130
183 131
183 177
183 178
183 179
183 180
183 181
183 182
183 184
183 185
183 186
183 187
183 188
183 429
184 128
184 129
184 130
184 131
184 132
184 179
184 180
184 181
184 182
184 183
184 185
184 186
184 187
184 188
184 429
185 129
185 130
185 180
185 181
185 182
185 183
185 184
185 186
185 187
185 188
185 189
185 190
185 428
185 429
185 430
186 181
186 182
186 183
186 184
186 185
186 187
186 188
186 189
186 190
186 427
186 428
186 429
186 430
186 431
187 128
187 129
187 130
187 182
187 183
187 184
187 185
187 186
187 188
187 189
187 190
187 191
187 192
187 426
187 427
187 428
187 429
187 430
187 431
188 126
188 128
188 129
188 130
188 183
188 184
188 185
188 186
188 187
188 189
188 190
188 191
188 192
188 427
188 428
188 429
189 128
189 185
189 186
189 187
189 188
189 190
189 191
189 192
189 193
189 194
189 203
189 204
189 426
189 427
189 428
189 429
189 430
190 127
190 128
190 129
190 185
190 186
190 187
190 188
190 189
190 191
190 192
190 193
190 194
190 203
190 204
190 205
190 206
190 425
190 426
190 427
190 428
190 429
190 430
191 126
191 127
191 128
191 187
191 188
191 189
191 190
191 192
191 193
191 194
191 202
191 203
191 204
191 205
191 206
191 221
191 223
191 224
191 426
191 427
191 428
192 187
192 188
192 189
192 190
192 191
192 193
192 194
192 195
192 201
192 202
192 203
192 204
192 205
192 426
192 427
193 189
193 190
193 191
193 192
193 194
193 195
193 196
193 200
193 201
193 202
193 203
193 204
193 205
193 224
193 225
193 226
193 424
194 189
194 190
194 191
194 192
194 193
194 195
194 196
194 197
194 200
194 201
194 202
194 203
194 204
194 225
194 423
194 424
194 425
194 426
194 427
195 192
195 193
195 194
195 196
195 197
195 198
195 199
195 200
195 201
195 202
195 203
195 225
195 226
195 227
195 228
195 421
195 422
195 423
195 424
196 193
196 194
196 195
196 197
196 198
196 199
196 200
196 201
196 202
196 225
196 226
196 227
196 228
196 265
196 266
196 268
196 269
196 419
196 421
196 422
196 423
196 424
197 194
197 195
197 196
197 198
197 199
197 200
197 201
197 268
197 269
197 418
197 419
197 420
197 421
197 422
197 423
197 424
198 195
198 196
198 197
198 199
198 200
198 201
198 227
198 228
198 268
198 269
198 272
198 421
199 195
199 196
199 197
199 198
199 200
199 201
199 226
199 227
199 228
199 229
199 265
199 266
199 267
199 268
199 269
199 270
199 271
199 272
199 421
200 193
200 194
200 195
200 196
200 197
200 198
200 199
200 201
200 202
200 225
200 226
200 227
200 228
200 229
200 230
200 231
200 232
200 265
200 267
200 268
200 269
201 192
201 193
201 194
201 195
201 196
201 197
201 198
201 199
201 200
201 202
201 203
201 224
201 225
201 226
201 227
201 228
201 230
201 232
201 265
201 268
201 423
201 424
202 191
202 192
202 193
202 194
202 195
202 196
202 200
202 201
202 203
202 204
202 205
202 223
202 224
202 225
202 226
202 227
202 232
202 264
202 265
202 268
202 423
202 424
202 425
202 426
203 189
203 190
203 191
203 192
203 193
203 194
203 195
203 201
203 202
203 204
203 205
203 206
203 221
203 222
203 223
203 224
203 225
203 226
203 424
203 425
203 426
203 427
204 20
204 21
204 189
204 190
204 191
204 192
204 193
204 194
204 202
204 203
204 205
204 206
204 207
204 220
204 221
204 222
204 223
204 224
204 225
204 424
204 425
204 426
204 427
204 428
205 20
205 21
205 127
205 128
205 190
205 191
205 192
205 193
205 202
205 203
205 204
205 206
205 207
205 208
205 219
205 220
205 221
205 222
205 223
205 224
205 426
206 19
206 21
206 22
206 122
206 127
206 128
206 129
206 190
206 191
206 203
206 204
206 205
206 207
206 208
206 209
206 210
206 219
206 220
206 221
206 222
206 223
207 16
207 17
207 18
207 19
207 20
207 21
207 122
207 127
207 204
207 205
207 206
207 208
207 209
207 210
207 219
207 220
207 221
207 222
207 223
208 19
208 121
208 122
208 127
208 128
208 129
208 205
208 206
208 207
208 209
208 210
208 211
208 219
208 220
208 221
208 222
209 120
209 121
209 122
209 123
209 124
209 127
209 128
209 129
209 130
209 206
209 207
209 208
209 210
209 211
209 212
209 218
209 219
209 220
210 23
210 24
210 83
210 84
210 85
210 120
210 121
210 122
210 128
210 129
210 130
210 206
210 207
210 208
210 209
210 211
210 212
210 213
210 217
210 218
210 219
210 220
210 221
211 24
211 82
211 83
211 84
211 85
211 120
211 121
211 208
211 209
211 210
211 212
211 213
211 216
211 217
211 218
211 219
211 220
212 24
212 25
212 80
212 81
212 82
212 83
212 84
212 85
212 86
212 119
212 120
212 209
212 210
212 211
212 213
212 214
212 215
212 216
212 217
212 218
212 219
213 26
213 80
213 81
213 82
213 83
213 84
213 85
213 86
213 210
213 211
213 212
213 214
213 215
213 216
213 217
213 218
213 251
214 26
214 79
214 80
214 81
214 82
214 83
214 85
214 86
214 212
214 213
214 215
214 216
214 217
214 251
215 24
215 25
215 26
215 27
215 79
215 80
215 81
215 82
215 212
215 213
215 214
215 216
215 217
215 218
215 250
215 251
215 252
215 253
216 23
216 24
216 25
216 26
216 27
216 28
216 29
216 30
216 79
216 80
216 81
216 82
216 85
216 86
216 211
216 212
216 213
216 214
216 215
216 217
216 218
216 219
216 250
216 251
216 252
216 253
216 254
217 23
217 24
217 25
217 26
217 27
217 30
217 80
217 81
217 82
217 83
217 85
217 86
217 120
217 210
217 211
217 212
217 213
217 214
217 215
217 216
217 218
217 219
217 251
217 253
218 22
218 23
218 24
218 25
218 26
218 209
218 210
218 211
218 212
218 213
218 215
218 216
218 217
218 219
218 220
218 221
218 253
218 254
218 255
219 19
219 21
219 22
219 23
219 24
219 25
219 129
219 205
219 206
219 207
219 208
219 209
219 210
219 211
219 212
219 216
219 217
219 218
219 220
219 221
219 255
220 18
220 19
220 20
220 21
220 22
220 23
220 24
220 204
220 205
220 206
220 207
220 208
220 209
220 210
220 211
220 218
220 219
220 221
220 222
220 223
221 18
221 19
221 20
221 21
221 22
221 23
221 191
221 203
221 204
221 205
221 206
221 207
221 208
221 210
221 218
221 219
221 220
221 222
221 223
221 224
221 257
221 426
222 17
222 18
222 19
222 20
222 21
222 22
222 203
222 204
222 205
222 206
222 207
222 208
222 220
222 221
222 223
222 224
222 225
222 235
222 261
223 19
223 20
223 21
223 191
223 202
223 203
223 204
223 205
223 206
223 207
223 220
223 221
223 222
223 224
223 225
223 226
223 234
223 235
223 261
223 264
223 426
224 20
224 191
224 193
224 201
224 202
224 203
224 204
224 205
224 221
224 222
224 223
224 225
224 226
224 232
224 233
224 234
224 235
224 261
224 264
224 265
225 193
225 194
225 195
225 196
225 200
225 201
225 202
225 203
225 204
225 222
225 223
225 224
225 226
225 227
225 230
225 231
225 232
225 233
225 234
225 235
225 261
225 262
225 264
225 265
225 266
225 267
225 268
226 193
226 195
226 196
226 199
226 200
226 201
226 202
226 203
226 223
226 224
226 225
226 227
226 228
226 229
226 230
226 231
226 232
226 233
226 234
226 264
226 265
226 268
227 195
227 196
227 198
227 199
227 200
227 201
227 202
227 225
227 226
227 228
227 229
227 230
227 231
227 232
227 233
227 265
227 267
227 268
227 269
228 195
228 196
228 198
228 199
228 200
228 201
228 226
228 227
228 229
228 230
228 231
228 232
228 268
229 199
229 200
229 226
229 227
229 228
229 230
229 231
229 232
230 200
230 201
230 225
230 226
230 227
230 228
230 229
230 231
230 232
230 233
231 200
231 225
231 226
231 227
231 228
231 229
231 230
231 232
231 233
231 234
232 200
232 201
232 202
232 224
232 225
232 226
232 227
232 228
232 229
232 230
232 231
232 233
232 234
232 235
232 264
233 224
233 225
233 226
233 227
233 230
233 231
233 232
233 234
233 235
233 236
233 261
233 264
233 265
233 267
233 268
234 223
234 224
234 225
234 226
234 231
234 232
234 233
234 235
234 236
234 237
234 260
234 261
234 264
235 20
235 222
235 223
235 224
235 225
235 232
235 233
235 234
235 236
235 237
235 238
235 260
235 261
235 262
235 263
235 264
235 265
236 20
236 233
236 234
236 235
236 237
236 238
236 239
236 259
236 260
236 261
236 263
236 264
237 17
237 18
237 20
237 234
237 235
237 236
237 238
237 239
237 240
237 241
237 260
237 261
238 17
238 18
238 19
238 20
238 235
238 236
238 237
238 239
238 240
238 241
238 242
238 258
238 259
238 260
238 261
238 443
238 444
239 18
239 236
239 237
239 238
239 240
239 241
239 242
239 260
240 18
240 237
240 238
240 239
240 241
240 242
240 243
240 443
241 17
241 18
241 19
241 20
241 237
241 238
241 239
241 240
241 242
241 243
241 244
242 18
242 19
242 20
242 21
242 22
242 238
242 239
242 240
242 241
242 243
242 244
242 245
242 256
242 257
242 258
242 442
242 443
242 444
243 19
243 21
243 22
243 240
243 241
243 242
243 244
243 245
243 246
243 256
243 258
243 442
243 444
244 22
244 23
244 24
244 241
244 242
244 243
244 245
244 246
244 247
244 248
244 254
244 255
244 256
244 441
244 442
244 444
244 446
245 242
245 243
245 244
245 246
245 247
245 248
245 256
245 441
245 442
245 444
245 446
246 243
246 244
246 245
246 247
246 248
246 249
246 250
247 244
247 245
247 246
247 248
247 249
247 250
248 244
248 245
248 246
248 247
248 249
248 250
248 251
248 252
248 253
248 254
248 448
249 26
249 246
249 247
249 248
249 250
249 251
249 252
249 253
249 448
250 26
250 215
250 216
250 246
250 247
250 248
250 249
250 251
250 252
250 253
251 24
251 25
251 26
251 27
251 28
251 29
251 213
251 214
251 215
251 216
251 217
251 248
251 249
251 250
251 252
251 253
251 254
252 24
252 25
252 26
252 27
252 28
252 29
252 215
252 216
252 248
252 249
252 250
252 251
252 253
252 254
252 448
252 449
252 450
253 23
253 24
253 25
253 26
253 27
253 28
253 29
253 30
253 215
253 216
253 217
253 218
253 248
253 249
253 250
253 251
253 252
253 254
253 255
253 436
253 447
253 448
253 449
253 450
253 451
254 22
254 23
254 24
254 25
254 26
254 29
254 216
254 218
254 244
254 248
254 251
254 252
254 253
254 255
254 256
254 436
254 437
254 438
254 446
254 447
254 448
254 449
254 450
255 21
255 22
255 23
255 24
255 25
255 218
255 219
255 244
255 253
255 254
255 256
255 257
255 425
255 426
255 433
255 436
255 438
255 445
255 446
255 447
255 448
255 449
256 20
256 21
256 22
256 23
256 24
256 242
256 243
256 244
256 245
256 254
256 255
256 257
256 258
256 259
256 438
256 439
256 440
256 441
256 443
256 444
256 445
256 446
256 447
256 448
257 19
257 20
257 21
257 22
257 23
257 221
257 242
257 255
257 256
257 258
257 259
257 260
257 261
257 262
257 425
257 440
257 441
257 443
257 444
257 445
257 446
257 447
258 19
258 20
258 21
258 22
258 238
258 242
258 243
258 256
258 257
258 259
258 260
258 261
258 262
258 263
258 322
258 323
258 324
258 441
258 442
258 443
258 444
258 445
258 446
259 20
259 21
259 236
259 238
259 256
259 257
259 258
259 260
259 261
259 262
259 263
259 264
259 265
259 321
259 322
259 323
259 324
259 325
259 329
259 330
259 331
259 440
259 441
259 442
259 443
259 444
259 445
260 20
260 21
260 234
260 235
260 236
260 237
260 238
260 239
260 257
260 258
260 259
260 261
260 262
260 263
260 264
260 265
260 266
260 321
260 322
260 323
260 324
260 443
260 444
261 19
261 20
261 21
261 222
261 223
261 224
261 225
261 233
261 234
261 235
261 236
261 237
261 238
261 257
261 258
261 259
261 260
261 262
261 263
261 264
261 265
261 266
261 267
261 321
261 322
261 444
262 20
262 21
262 225
262 235
262 257
262 258
262 259
262 260
262 261
262 263
262 264
262 265
262 266
262 267
262 320
262 321
262 322
262 323
262 331
262 423
262 444
262 445
263 235
263 236
263 258
263 259
263 260
263 261
263 262
263 264
263 265
263 266
263 267
263 268
263 319
263 320
263 321
263 322
263 323
263 331
263 332
264 202
264 223
264 224
264 225
264 226
264 232
264 233
264 234
264 235
264 236
264 259
264 260
264 261
264 262
264 263
264 265
264 266
264 267
264 268
264 269
264 319
264 320
264 321
264 322
265 196
265 199
265 200
265 201
265 202
265 224
265 225
265 226
265 227
265 233
265 235
265 259
265 260
265 261
265 262
265 263
265 264
265 266
265 267
265 268
265 269
265 270
265 319
265 320
265 321
265 423
265 424
266 196
266 199
266 225
266 260
266 261
266 262
266 263
266 264
266 265
266 267
266 268
266 269
266 270
266 273
266 319
266 320
266 321
266 322
266 331
266 419
266 423
267 199
267 200
267 225
267 227
267 233
267 261
267 262
267 263
267 264
267 265
267 266
267 268
267 269
267 270
267 271
267 272
267 318
267 319
267 320
267 321
268 196
268 197
268 198
268 199
268 200
268 201
268 202
268 225
268 226
268 227
268 228
268 233
268 263
268 264
268 265
268 266
268 267
268 269
268 270
268 271
268 272
268 319
268 320
269 196
269 197
269 198
269 199
269 200
269 227
269 264
269 265
269 266
269 267
269 268
269 270
269 271
269 272
269 273
269 274
269 319
269 320
269 415
269 418
269 419
269 421
270 199
270 265
270 266
270 267
270 268
270 269
270 271
270 272
270 273
270 274
270 315
270 316
270 317
270 318
270 319
270 320
270 333
270 418
271 199
271 267
271 268
271 269
271 270
271 272
271 273
271 274
271 275
271 315
271 316
271 317
271 319
272 198
272 199
272 267
272 268
272 269
272 270
272 271
272 273
272 274
272 275
272 315
272 316
272 414
272 415
272 417
272 418
272 419
273 266
273 269
273 270
273 271
273 272
273 274
273 275
273 314
273 315
273 316
273 320
273 333
273 335
273 411
273 412
273 414
273 415
273 416
273 417
273 418
273 419
274 269
274 270
274 271
274 272
274 273
274 275
274 276
274 313
274 314
274 315
274 316
274 317
274 335
274 336
274 411
274 414
274 415
275 271
275 272
275 273
275 274
275 276
275 277
275 278
275 312
275 313
275 314
275 315
275 316
275 337
275 411
275 414
275 415
276 274
276 275
276 277
276 278
276 279
276 311
276 312
276 313
276 314
276 315
276 337
276 338
276 339
276 411
277 275
277 276
277 278
277 279
277 280
277 282
277 310
277 311
277 312
277 313
277 314
277 339
277 410
277 411
277 414
278 275
278 276
278 277
278 279
278 280
278 281
278 282
278 288
278 309
278 310
278 311
278 312
278 313
278 340
278 342
279 276
279 277
279 278
279 280
279 281
279 282
279 287
279 288
279 289
279 309
279 310
279 311
279 312
279 410
280 277
280 278
280 279
280 281
280 282
280 285
280 286
280 287
280 288
280 289
280 308
280 309
280 310
280 311
281 278
281 279
281 280
281 282
281 283
281 284
281 285
281 286
281 287
281 288
281 289
281 309
281 410
282 277
282 278
282 279
282 280
282 281
282 283
282 284
282 285
282 286
282 287
282 288
282 406
282 409
282 410
283 281
283 282
283 284
283 285
283 286
283 287
283 406
283 408
283 409
283 410
284 281
284 282
284 283
284 285
284 286
284 287
284 405
284 406
284 409
284 410
285 280
285 281
285 282
285 283
285 284
285 286
285 287
285 288
285 402
285 405
285 406
285 408
285 409
285 410
286 280
286 281
286 282
286 283
286 284
286 285
286 287
286 288
286 289
286 292
286 293
286 402
286 406
287 279
287 280
287 281
287 282
287 283
287 284
287 285
287 286
287 288
287 289
287 290
287 291
287 292
287 293
287 309
287 310
288 278
288 279
288 280
288 281
288 282
288 285
288 286
288 287
288 289
288 290
288 291
288 292
288 293
288 307
288 308
288 309
288 310
288 311
288 312
288 341
288 406
289 279
289 280
289 281
289 286
289 287
289 288
289 290
289 291
289 292
289 293
289 294
289 306
289 307
289 308
289 309
289 310
289 311
289 340
289 341
289 342
290 287
290 288
290 289
290 291
290 292
290 293
290 294
290 295
290 297
290 300
290 301
290 303
290 304
290 305
290 306
290 307
290 308
290 309
290 310
290 339
290 340
290 341
290 342
290 352
291 287
291 288
291 289
291 290
291 292
291 293
291 294
291 295
291 296
291 297
291 298
291 300
291 301
291 304
291 305
291 306
291 307
291 308
291 309
291 310
292 286
292 287
292 288
292 289
292 290
292 291
292 293
292 294
292 295
292 296
292 297
292 300
292 301
292 307
292 308
292 309
292 310
292 402
293 286
293 287
293 288
293 289
293 290
293 291
293 292
293 294
293 295
293 296
293 297
293 298
293 299
293 300
293 301
293 307
293 310
293 339
293 399
293 402
294 289
294 290
294 291
294 292
294 293
294 295
294 296
294 297
294 298
294 299
294 300
294 301
294 302
294 303
294 304
294 305
294 307
295 290
295 291
295 292
295 293
295 294
295 296
295 297
295 298
295 299
295 300
295 301
295 398
295 399
296 291
296 292
296 293
296 294
296 295
296 297
296 298
296 299
296 300
296 394
296 395
296 396
296 397
296 398
296 399
296 402
297 290
297 291
297 292
297 293
297 294
297 295
297 296
297 298
297 299
297 300
297 301
297 302
297 391
297 392
297 393
297 394
297 395
297 396
297 398
297 399
298 291
298 293
298 294
298 295
298 296
298 297
298 299
298 300
298 301
298 302
298 303
298 391
298 392
298 394
299 293
299 294
299 295
299 296
299 297
299 298
299 300
299 301
299 302
299 303
299 304
299 390
299 391
299 392
299 393
299 394
300 290
300 291
300 292
300 293
300 294
300 295
300 296
300 297
300 298
300 299
300 301
300 302
300 303
300 304
300 305
300 307
300 341
300 352
300 390
300 391
300 392
301 290
301 291
301 292
301 293
301 294
301 295
301 297
301 298
301 299
301 300
301 302
301 303
301 304
301 305
301 306
301 307
301 391
302 294
302 297
302 298
302 299
302 300
302 301
302 303
302 304
302 305
302 306
302 391
303 290
303 294
303 298
303 299
303 300
303 301
303 302
303 304
303 305
303 306
303 352
303 390
303 391
304 290
304 291
304 294
304 299
304 300
304 301
304 302
304 303
304 305
304 306
304 307
304 308
304 341
304 391
305 290
305 291
305 294
305 300
305 301
305 302
305 303
305 304
305 306
305 307
305 308
306 289
306 290
306 291
306 301
306 302
306 303
306 304
306 305
306 307
306 308
307 288
307 289
307 290
307 291
307 292
307 293
307 294
307 300
307 301
307 304
307 305
307 306
307 308
307 309
307 310
307 341
307 342
308 280
308 288
308 289
308 290
308 291
308 292
308 304
308 305
308 306
308 307
308 309
308 310
308 311
308 340
308 341
308 342
308 343
308 344
309 278
309 279
309 280
309 281
309 287
309 288
309 289
309 290
309 291
309 292
309 307
309 308
309 310
309 311
309 340
309 341
309 342
309 343
309 349
310 277
310 278
310 279
310 280
310 287
310 288
310 289
310 290
310 291
310 292
310 293
310 307
310 308
310 309
310 311
310 312
310 339
310 340
310 341
310 342
310 343
310 349
310 350
310 351
310 352
311 276
311 277
311 278
311 279
311 280
311 288
311 289
311 308
311 309
311 310
311 312
311 313
311 338
311 339
311 340
311 341
311 342
311 349
311 350
311 351
312 275
312 276
312 277
312 278
312 279
312 288
312 310
312 311
312 313
312 314
312 337
312 338
312 339
312 340
312 341
312 351
312 354
312 406
312 410
312 411
313 274
313 275
313 276
313 277
313 278
313 311
313 312
313 314
313 315
313 336
313 337
313 338
313 339
313 340
313 351
313 354
314 273
314 274
314 275
314 276
314 277
314 312
314 313
314 315
314 316
314 317
314 335
314 336
314 337
314 338
314 339
314 354
314 355
314 356
314 357
314 407
314 411
315 270
315 271
315 272
315 273
315 274
315 275
315 276
315 313
315 314
315 316
315 317
315 318
315 333
315 334
315 335
315 336
315 337
315 338
315 356
315 357
316 270
316 271
316 272
316 273
316 274
316 275
316 314
316 315
316 317
316 318
316 319
316 320
316 333
316 334
316 335
316 336
316 337
316 356
316 357
316 358
317 270
317 271
317 274
317 314
317 315
317 316
317 318
317 319
317 320
317 333
317 334
317 335
317 336
317 356
317 357
317 358
318 267
318 270
318 315
318 316
318 317
318 319
318 320
318 321
318 332
318 333
318 334
318 335
319 263
319 264
319 265
319 266
319 267
319 268
319 269
319 270
319 271
319 316
319 317
319 318
319 320
319 321
319 322
319 332
319 333
319 334
319 335
320 262
320 263
320 264
320 265
320 266
320 267
320 268
320 269
320 270
320 273
320 316
320 317
320 318
320 319
320 321
320 322
320 331
320 332
320 333
320 334
320 335
320 360
321 259
321 260
321 261
321 262
321 263
321 264
321 265
321 266
321 267
321 318
321 319
321 320
321 322
321 323
321 330
321 331
321 332
321 333
321 334
321 360
322 258
322 259
322 260
322 261
322 262
322 263
322 264
322 266
322 319
322 320
322 321
322 323
322 324
322 329
322 330
322 331
322 332
322 333
322 360
322 361
322 362
322 363
322 443
322 444
323 258
323 259
323 260
323 262
323 263
323 321
323 322
323 324
323 325
323 328
323 329
323 330
323 331
323 332
323 360
323 363
323 442
323 443
323 444
324 258
324 259
324 260
324 322
324 323
324 325
324 326
324 327
324 328
324 329
324 330
324 331
324 363
324 440
324 441
324 442
324 443
324 444
324 445
325 259
325 323
325 324
325 326
325 327
325 328
325 329
325 330
325 440
325 441
325 442
325 443
325 444
325 445
326 324
326 325
326 327
326 328
326 329
326 439
326 440
326 441
326 442
326 443
326 444
326 445
327 324
327 325
327 326
327 328
327 329
327 438
327 439
327 440
327 441
327 442
327 445
328 323
328 324
328 325
328 326
328 327
328 329
328 330
328 362
328 363
328 364
328 439
328 440
328 441
328 442
328 443
328 445
329 259
329 322
329 323
329 324
329 325
329 326
329 327
329 328
329 330
329 331
329 332
329 360
329 361
329 362
329 363
329 364
329 365
329 376
329 440
329 441
329 442
329 443
329 444
329 445
330 259
330 321
330 322
330 323
330 324
330 325
330 328
330 329
330 331
330 332
330 333
330 359
330 360
330 361
330 362
330 363
330 364
330 376
330 377
330 378
330 379
330 380
331 259
331 262
331 263
331 266
331 320
331 321
331 322
331 323
331 324
331 329
331 330
331 332
331 333
331 359
331 360
331 361
331 362
331 363
331 376
331 377
331 378
331 379
332 263
332 318
332 319
332 320
332 321
332 322
332 323
332 329
332 330
332 331
332 333
332 334
332 335
332 358
332 359
332 360
332 361
332 362
332 379
332 380
332 382
333 270
333 273
333 315
333 316
333 317
333 318
333 319
333 320
333 321
333 322
333 330
333 331
333 332
333 334
333 335
333 336
333 357
333 358
333 359
333 360
333 361
333 381
333 382
334 315
334 316
334 317
334 318
334 319
334 320
334 321
334 332
334 333
334 335
334 336
334 356
334 357
334 358
334 359
334 360
334 382
334 383
335 273
335 274
335 314
335 315
335 316
335 317
335 318
335 319
335 320
335 332
335 333
335 334
335 336
335 337
335 338
335 355
335 356
335 357
335 358
335 359
336 274
336 313
336 314
336 315
336 316
336 317
336 333
336 334
336 335
336 337
336 338
336 354
336 355
336 356
336 357
336 358
336 384
336 385
336 386
336 387
337 275
337 276
337 312
337 313
337 314
337 315
337 316
337 335
337 336
337 338
337 339
337 353
337 354
337 355
337 356
337 357
337 384
337 386
337 387
337 403
337 407
338 276
338 311
338 312
338 313
338 314
338 315
338 335
338 336
338 337
338 339
338 340
338 351
338 352
338 353
338 354
338 355
338 356
338 386
338 387
338 388
338 389
339 276
339 277
339 290
339 293
339 310
339 311
339 312
339 313
339 314
339 337
339 338
339 340
339 341
339 349
339 350
339 351
339 352
339 353
339 354
339 355
339 389
340 278
340 289
340 290
340 308
340 309
340 310
340 311
340 312
340 313
340 338
340 339
340 341
340 342
340 343
340 348
340 349
340 350
340 351
340 352
340 353
340 354
341 288
341 289
341 290
341 300
341 304
341 307
341 308
341 309
341 310
341 311
341 312
341 339
341 340
341 342
341 343
341 348
341 349
341 350
341 351
341 352
341 353
342 278
342 289
342 290
342 307
342 308
342 309
342 310
342 311
342 340
342 341
342 343
342 344
342 345
342 346
342 347
342 348
342 349
342 350
342 351
343 308
343 309
343 310
343 340
343 341
343 342
343 344
343 345
343 346
343 347
343 348
343 349
343 350
344 308
344 342
344 343
344 345
344 346
344 347
344 348
344 349
345 342
345 343
345 344
345 346
345 347
345 348
346 342
346 343
346 344
346 345
346 347
346 348
346 349
347 342
347 343
347 344
347 345
347 346
347 348
347 349
347 350
348 340
348 341
348 342
348 343
348 344
348 345
348 346
348 347
348 349
348 350
348 351
349 309
349 310
349 311
349 339
349 340
349 341
349 342
349 343
349 344
349 346
349 347
349 348
349 350
349 351
349 352
350 310
350 311
350 339
350 340
350 341
350 342
350 343
350 347
350 348
350 349
350 351
350 352
350 353
350 390
351 310
351 311
351 312
351 313
351 338
351 339
351 340
351 341
351 342
351 348
351 349
351 350
351 352
351 353
351 354
351 388
351 389
351 390
351 391
352 290
352 300
352 303
352 310
352 338
352 339
352 340
352 341
352 349
352 350
352 351
352 353
352 354
352 388
352 389
352 390
352 391
352 392
353 337
353 338
353 339
353 340
353 341
353 350
353 351
353 352
353 354
353 355
353 386
353 387
353 388
353 389
353 390
353 391
353 392
353 393
353 394
354 312
354 313
354 314
354 336
354 337
354 338
354 339
354 340
354 351
354 352
354 353
354 355
354 356
354 357
354 385
354 386
354 387
354 388
354 389
354 390
355 314
355 335
355 336
355 337
355 338
355 339
355 353
355 354
355 356
355 357
355 358
355 383
355 384
355 385
355 386
355 387
355 388
355 389
355 396
355 403
356 314
356 315
356 316
356 317
356 334
356 335
356 336
356 337
356 338
356 354
356 355
356 357
356 358
356 383
356 384
356 385
356 386
356 387
356 388
357 314
357 315
357 316
357 317
357 333
357 334
357 335
357 336
357 337
357 354
357 355
357 356
357 358
357 359
357 381
357 382
357 383
357 384
357 385
357 386
357 403
358 316
358 317
358 332
358 333
358 334
358 335
358 336
358 355
358 356
358 357
358 359
358 360
358 380
358 381
358 382
358 383
358 384
358 385
359 330
359 331
359 332
359 333
359 334
359 335
359 357
359 358
359 360
359 361
359 378
359 379
359 380
359 381
359 382
359 383
359 384
359 404
359 407
360 320
360 321
360 322
360 323
360 329
360 330
360 331
360 332
360 333
360 334
360 358
360 359
360 361
360 362
360 363
360 376
360 377
360 378
360 379
360 380
360 381
360 382
361 322
361 329
361 330
361 331
361 332
361 333
361 359
361 360
361 362
361 363
361 364
361 375
361 376
361 377
361 378
361 379
361 380
361 381
361 408
361 412
361 415
362 322
362 328
362 329
362 330
362 331
362 332
362 360
362 361
362 363
362 364
362 374
362 375
362 376
362 377
362 378
362 379
362 380
363 322
363 323
363 324
363 328
363 329
363 330
363 331
363 360
363 361
363 362
363 364
363 365
363 373
363 374
363 375
363 376
363 377
363 378
363 379
364 328
364 329
364 330
364 361
364 362
364 363
364 365
364 366
364 373
364 374
364 375
364 376
364 377
364 438
364 440
365 329
365 363
365 364
365 366
365 367
365 372
365 373
365 374
365 375
365 376
365 437
365 438
365 439
365 440
365 445
366 364
366 365
366 367
366 368
366 370
366 371
366 372
366 373
366 374
366 375
366 422
366 433
366 434
366 435
366 436
366 437
366 438
366 447
367 365
367 366
367 368
367 369
367 370
367 371
367 372
367 373
367 374
367 422
367 423
367 425
367 432
367 433
367 434
367 435
367 436
367 437
367 438
367 447
368 366
368 367
368 369
368 370
368 371
368 372
368 373
368 420
368 422
368 432
368 433
368 434
368 435
369 367
369 368
369 370
369 371
369 372
369 373
369 422
369 424
369 432
369 433
369 434
370 366
370 367
370 368
370 369
370 371
370 372
370 373
370 422
370 423
370 424
370 425
370 426
370 427
370 430
370 431
370 432
370 433
370 434
370 435
370 436
371 366
371 367
371 368
371 369
371 370
371 372
371 373
371 374
371 420
371 421
371 422
371 423
371 424
371 425
371 426
371 432
371 433
371 434
372 365
372 366
372 367
372 368
372 369
372 370
372 371
372 373
372 374
372 419
372 420
372 421
372 422
372 423
372 424
372 425
372 433
372 434
372 447
373 363
373 364
373 365
373 366
373 367
373 368
373 369
373 370
373 371
373 372
373 374
373 375
373 416
373 419
373 420
373 421
373 422
373 423
373 424
374 362
374 363
374 364
374 365
374 366
374 367
374 371
374 372
374 373
374 375
374 376
374 415
374 416
374 417
374 418
374 419
374 420
374 421
374 422
374 423
375 361
375 362
375 363
375 364
375 365
375 366
375 373
375 374
375 376
375 377
375 412
375 413
375 415
375 416
375 417
375 419
375 420
376 329
376 330
376 331
376 360
376 361
376 362
376 363
376 364
376 365
376 374
376 375
376 377
376 378
376 379
376 408
376 412
376 413
376 415
376 416
376 419
377 330
377 331
377 360
377 361
377 362
377 363
377 364
377 375
377 376
377 378
377 379
377 380
377 407
377 408
377 412
377 413
377 415
377 416
378 330
378 331
378 359
378 360
378 361
378 362
378 363
378 376
378 377
378 379
378 380
378 381
378 404
378 405
378 407
378 408
378 409
378 412
379 330
379 331
379 332
379 359
379 360
379 361
379 362
379 363
379 376
379 377
379 378
379 380
379 381
379 382
379 408
380 330
380 332
380 358
380 359
380 360
380 361
380 362
380 377
380 378
380 379
380 381
380 382
380 383
380 404
381 333
381 357
381 358
381 359
381 360
381 361
381 378
381 379
381 380
381 382
381 383
381 384
381 400
381 401
381 403
381 404
381 407
382 332
382 333
382 334
382 357
382 358
382 359
382 360
382 379
382 380
382 381
382 383
382 384
383 334
383 355
383 356
383 357
383 358
383 359
383 380
383 381
383 382
383 384
383 385
383 397
383 400
384 336
384 337
384 355
384 356
384 357
384 358
384 359
384 381
384 382
384 383
384 385
384 386
384 387
384 396
384 397
384 399
384 400
384 403
384 404
385 336
385 354
385 355
385 356
385 357
385 358
385 383
385 384
385 386
385 387
385 388
385 395
385 396
385 397
385 399
385 400
386 336
386 337
386 338
386 353
386 354
386 355
386 356
386 357
386 384
386 385
386 387
386 388
386 389
386 393
386 394
386 395
386 396
386 397
387 336
387 337
387 338
387 353
387 354
387 355
387 356
387 384
387 385
387 386
387 388
387 389
388 338
388 351
388 352
388 353
388 354
388 355
388 356
388 385
388 386
388 387
388 389
388 390
388 391
388 392
388 393
389 338
389 339
389 351
389 352
389 353
389 354
389 355
389 386
389 387
389 388
389 390
389 391
389 392
389 393
389 394
390 299
390 300
390 303
390 350
390 351
390 352
390 353
390 354
390 388
390 389
390 391
390 392
390 393
391 297
391 298
391 299
391 300
391 301
391 302
391 303
391 304
391 351
391 352
391 353
391 388
391 389
391 390
391 392
391 393
391 394
392 297
392 298
392 299
392 300
392 352
392 353
392 388
392 389
392 390
392 391
392 393
392 394
393 297
393 299
393 353
393 386
393 388
393 389
393 390
393 391
393 392
393 394
393 395
393 396
394 296
394 297
394 298
394 299
394 353
394 386
394 389
394 391
394 392
394 393
394 395
394 396
394 397
394 398
394 399
395 296
395 297
395 385
395 386
395 393
395 394
395 396
395 397
395 398
395 399
395 400
396 296
396 297
396 355
396 384
396 385
396 386
396 393
396 394
396 395
396 397
396 398
396 399
396 400
396 403
397 296
397 383
397 384
397 385
397 386
397 394
397 395
397 396
397 398
397 399
397 400
397 401
397 402
397 403
398 295
398 296
398 297
398 394
398 395
398 396
398 397
398 399
398 400
398 401
398 402
398 403
399 293
399 295
399 296
399 297
399 384
399 385
399 394
399 395
399 396
399 397
399 398
399 400
399 401
399 402
399 403
399 404
400 381
400 383
400 384
400 385
400 395
400 396
400 397
400 398
400 399
400 401
400 402
400 403
400 404
400 405
400 406
401 381
401 397
401 398
401 399
401 400
401 402
401 403
401 404
401 405
401 406
401 407
402 285
402 286
402 292
402 293
402 296
402 397
402 398
402 399
402 400
402 401
402 403
402 404
402 405
402 406
402 407
403 337
403 355
403 357
403 381
403 384
403 396
403 397
403 398
403 399
403 400
403 401
403 402
403 404
403 405
403 406
403 407
403 408
403 409
403 410
404 359
404 378
404 380
404 381
404 384
404 399
404 400
404 401
404 402
404 403
404 405
404 406
404 407
404 408
404 409
404 410
404 411
405 284
405 285
405 378
405 400
405 401
405 402
405 403
405 404
405 406
405 407
405 408
405 409
405 410
405 411
406 282
406 283
406 284
406 285
406 286
406 288
406 312
406 400
406 401
406 402
406 403
406 404
406 405
406 407
406 408
406 409
406 410
406 411
406 412
407 314
407 337
407 359
407 377
407 378
407 381
407 401
407 402
407 403
407 404
407 405
407 406
407 408
407 409
407 410
407 411
407 412
407 413
407 414
407 415
408 283
408 285
408 361
408 376
408 377
408 378
408 379
408 403
408 404
408 405
408 406
408 407
408 409
408 410
408 411
408 412
408 413
409 282
409 283
409 284
409 285
409 378
409 403
409 404
409 405
409 406
409 407
409 408
409 410
409 411
409 412
409 413
409 414
410 277
410 279
410 281
410 282
410 283
410 284
410 285
410 312
410 403
410 404
410 405
410 406
410 407
410 408
410 409
410 411
410 412
410 413
410 414
410 415
411 273
411 274
411 275
411 276
411 277
411 312
411 314
411 404
411 405
411 406
411 407
411 408
411 409
411 410
411 412
411 413
411 414
411 415
411 416
412 273
412 361
412 375
412 376
412 377
412 378
412 406
412 407
412 408
412 409
412 410
412 411
412 413
412 414
412 415
412 416
412 417
412 418
413 375
413 376
413 377
413 407
413 408
413 409
413 410
413 411
413 412
413 414
413 415
413 416
413 417
413 418
413 419
414 272
414 273
414 274
414 275
414 277
414 407
414 409
414 410
414 411
414 412
414 413
414 415
414 416
414 417
414 418
414 419
415 269
415 272
415 273
415 274
415 275
415 361
415 374
415 375
415 376
415 377
415 407
415 410
415 411
415 412
415 413
415 414
415 416
415 417
415 418
415 419
415 420
416 273
416 373
416 374
416 375
416 376
416 377
416 411
416 412
416 413
416 414
416 415
416 417
416 418
416 419
416 420
416 421
417 272
417 273
417 374
417 375
417 412
417 413
417 414
417 415
417 416
417 418
417 419
417 420
417 421
418 197
418 269
418 270
418 272
418 273
418 374
418 412
418 413
418 414
418 415
418 416
418 417
418 419
418 420
418 421
418 422
419 196
419 197
419 266
419 269
419 272
419 273
419 372
419 373
419 374
419 375
419 376
419 413
419 414
419 415
419 416
419 417
419 418
419 420
419 421
419 422
419 423
420 197
420 368
420 371
420 372
420 373
420 374
420 375
420 415
420 416
420 417
420 418
420 419
420 421
420 422
420 423
421 195
421 196
421 197
421 198
421 199
421 269
421 371
421 372
421 373
421 374
421 416
421 417
421 418
421 419
421 420
421 422
421 423
421 424
422 195
422 196
422 197
422 366
422 367
422 368
422 369
422 370
422 371
422 372
422 373
422 374
422 418
422 419
422 420
422 421
422 423
422 424
422 425
423 194
423 195
423 196
423 197
423 201
423 202
423 262
423 265
423 266
423 367
423 370
423 371
423 372
423 373
423 374
423 419
423 420
423 421
423 422
423 424
423 425
424 193
424 194
424 195
424 196
424 197
424 201
424 202
424 203
424 204
424 265
424 369
424 370
424 371
424 372
424 373
424 421
424 422
424 423
424 425
424 426
424 427
425 190
425 194
425 202
425 203
425 204
425 255
425 257
425 367
425 370
425 371
425 372
425 422
425 423
425 424
425 426
425 427
425 428
425 431
425 433
426 21
426 23
426 187
426 189
426 190
426 191
426 192
426 194
426 202
426 203
426 204
426 205
426 221
426 223
426 255
426 370
426 371
426 424
426 425
426 427
426 428
426 429
426 430
426 431
426 433
427 186
427 187
427 188
427 189
427 190
427 191
427 192
427 194
427 203
427 204
427 370
427 424
427 425
427 426
427 428
427 429
427 430
427 431
427 432
427 433
428 23
428 129
428 185
428 186
428 187
428 188
428 189
428 190
428 191
428 204
428 425
428 426
428 427
428 429
428 430
428 431
428 432
429 29
429 30
429 32
429 33
429 183
429 184
429 185
429 186
429 187
429 188
429 189
429 190
429 426
429 427
429 428
429 430
429 431
429 432
430 185
430 186
430 187
430 189
430 190
430 370
430 426
430 427
430 428
430 429
430 431
430 432
430 433
431 29
431 32
431 186
431 187
431 370
431 425
431 426
431 427
431 428
431 429
431 430
431 432
431 433
431 434
431 435
431 449
431 450
431 451
432 367
432 368
432 369
432 370
432 371
432 427
432 428
432 429
432 430
432 431
432 433
432 434
432 435
432 436
432 449
432 450
432 451
432 452
433 255
433 366
433 367
433 368
433 369
433 370
433 371
433 372
433 425
433 426
433 427
433 430
433 431
433 432
433 434
433 435
433 436
433 437
433 447
433 448
433 449
433 450
433 451
433 452
434 366
434 367
434 368
434 369
434 370
434 371
434 372
434 431
434 432
434 433
434 435
434 436
434 437
434 449
434 450
434 451
434 452
435 366
435 367
435 368
435 370
435 431
435 432
435 433
435 434
435 436
435 437
435 438
435 447
435 448
435 449
435 450
435 451
435 452
436 253
436 254
436 255
436 366
436 367
436 370
436 432
436 433
436 434
436 435
436 437
436 438
436 439
436 446
436 447
436 448
436 449
436 450
436 451
436 452
437 254
437 365
437 366
437 367
437 433
437 434
437 435
437 436
437 438
437 439
437 446
437 447
437 448
437 449
437 450
438 254
438 255
438 256
438 327
438 364
438 365
438 366
438 367
438 435
438 436
438 437
438 439
438 440
438 441
438 445
438 446
438 447
438 448
438 449
439 256
439 326
439 327
439 328
439 365
439 436
439 437
439 438
439 440
439 441
439 442
439 444
439 445
439 446
439 447
439 448
440 256
440 257
440 259
440 324
440 325
440 326
440 327
440 328
440 329
440 364
440 365
440 438
440 439
440 441
440 442
440 443
440 444
440 445
440 446
440 447
441 244
441 245
441 256
441 257
441 258
441 259
441 324
441 325
441 326
441 327
441 328
441 329
441 438
441 439
441 440
441 442
441 443
441 444
441 445
441 446
442 242
442 243
442 244
442 245
442 258
442 259
442 323
442 324
442 325
442 326
442 327
442 328
442 329
442 439
442 440
442 441
442 443
442 444
442 445
442 446
443 238
443 240
443 242
443 256
443 257
443 258
443 259
443 260
443 322
443 323
443 324
443 325
443 326
443 328
443 329
443 440
443 441
443 442
443 444
443 445
443 446
444 21
444 238
444 242
444 243
444 244
444 245
444 256
444 257
444 258
444 259
444 260
444 261
444 262
444 322
444 323
444 324
444 325
444 326
444 329
444 439
444 440
444 441
444 442
444 443
444 445
444 446
444 447
445 21
445 255
445 256
445 257
445 258
445 259
445 262
445 324
445 325
445 326
445 327
445 328
445 329
445 365
445 438
445 439
445 440
445 441
445 442
445 443
445 444
445 446
445 447
445 448
446 22
446 23
446 244
446 245
446 254
446 255
446 256
446 257
446 258
446 436
446 437
446 438
446 439
446 440
446 441
446 442
446 443
446 444
446 445
446 447
446 448
446 449
447 23
447 253
447 254
447 255
447 256
447 257
447 366
447 367
447 372
447 433
447 435
447 436
447 437
447 438
447 439
447 440
447 444
447 445
447 446
447 448
447 449
447 450
448 24
448 248
448 249
448 252
448 253
448 254
448 255
448 256
448 433
448 435
448 436
448 437
448 438
448 439
448 445
448 446
448 447
448 449
448 450
448 451
449 23
449 24
449 25
449 26
449 28
449 29
449 252
449 253
449 254
449 255
449 431
449 432
449 433
449 434
449 435
449 436
449 437
449 438
449 446
449 447
449 448
449 450
449 451
449 452
450 28
450 29
450 252
450 253
450 254
450 431
450 432
450 433
450 434
450 435
450 436
450 437
450 447
450 448
450 449
450 451
450 452
451 28
451 29
451 32
451 253
451 431
451 432
451 433
451 434
451 435
451 436
451 448
451 449
451 450
451 452
452 432
452 433
452 434
452 435
452 436
452 449
452 450
452 451
