0 1
0 2
0 3
1 0
1 2
1 3
1 4
2 0
2 1
2 3
2 4
2 5
3 0
3 1
3 2
3 4
3 5
3 6
4 1
4 2
4 3
4 5
4 6
4 7
5 2
5 3
5 4
5 6
5 7
5 8
6 3
6 4
6 5
6 7
6 8
6 9
7 4
7 5
7 6
7 8
7 9
7 10
8 5
8 6
8 7
8 9
8 10
8 11
9 6
9 7
9 8
9 10
9 11
9 12
10 7
10 8
10 9
10 11
10 12
10 13
11 8
11 9
11 10
11 12
11 13
11 14
11 171
11 172
12 9
12 10
12 11
12 13
12 14
12 15
12 96
12 97
12 171
12 172
12 174
12 175
13 10
13 11
13 12
13 14
13 15
13 94
13 95
13 96
13 97
13 98
13 175
14 11
14 12
14 13
14 15
14 16
14 17
14 93
14 94
14 95
14 96
14 97
14 98
14 99
14 100
14 175
14 176
15 12
15 13
15 14
15 16
15 17
15 18
15 93
15 94
15 95
15 96
15 97
15 99
15 100
15 174
15 175
15 176
15 177
15 182
15 187
16 14
16 15
16 17
16 18
16 19
16 92
16 93
16 94
16 95
16 96
16 97
16 174
16 175
16 176
16 177
16 178
16 179
16 180
16 182
17 14
17 15
17 16
17 18
17 19
17 20
17 83
17 84
17 87
17 91
17 92
17 93
17 94
17 95
17 100
17 175
17 176
17 177
17 178
17 179
17 180
17 181
17 182
18 15
18 16
18 17
18 19
18 20
18 21
18 24
18 84
18 87
18 91
18 92
18 93
18 94
18 176
18 177
18 178
18 179
18 180
18 181
19 16
19 17
19 18
19 20
19 21
19 22
19 23
19 24
19 26
19 27
19 84
19 87
19 88
19 91
19 93
19 177
19 178
19 179
19 180
19 181
19 274
19 277
19 278
20 17
20 18
20 19
20 21
20 22
20 23
20 24
20 25
20 26
20 27
20 178
20 179
20 180
20 272
20 273
20 274
20 275
20 276
20 277
20 278
21 18
21 19
21 20
21 22
21 23
21 24
21 25
21 26
21 27
21 178
21 179
21 272
21 273
21 274
21 277
22 19
22 20
22 21
22 23
22 24
22 25
22 26
22 272
22 273
22 274
23 19
23 20
23 21
23 22
23 24
23 25
23 26
23 27
23 272
23 273
23 274
24 18
24 19
24 20
24 21
24 22
24 23
24 25
24 26
24 27
24 28
24 29
24 88
24 274
25 20
25 21
25 22
25 23
25 24
25 26
25 27
25 28
25 29
25 30
25 88
26 19
26 20
26 21
26 22
26 23
26 24
26 25
26 27
26 28
26 29
26 30
26 31
26 88
26 274
26 278
27 19
27 20
27 21
27 23
27 24
27 25
27 26
27 28
27 29
27 30
27 31
27 32
27 34
27 84
27 85
27 87
27 88
27 89
27 91
28 24
28 25
28 26
28 27
28 29
28 30
28 31
28 32
28 33
28 85
28 88
28 89
29 24
29 25
29 26
29 27
29 28
29 30
29 31
29 32
29 33
29 34
29 88
30 25
30 26
30 27
30 28
30 29
30 31
30 32
30 33
30 34
30 35
30 85
30 88
30 278
31 26
31 27
31 28
31 29
31 30
31 32
31 33
31 34
31 35
31 36
31 84
31 85
31 86
31 87
31 88
31 89
32 27
32 28
32 29
32 30
32 31
32 33
32 34
32 35
32 36
32 37
32 38
32 85
32 88
32 89
33 28
33 29
33 30
33 31
33 32
33 34
33 35
33 36
33 37
33 38
34 27
34 29
34 30
34 31
34 32
34 33
34 35
34 36
34 37
34 38
34 39
34 40
34 81
34 82
34 84
34 85
34 281
34 282
34 285
34 286
35 30
35 31
35 32
35 33
35 34
35 36
35 37
35 38
35 39
35 40
35 41
35 81
35 82
35 84
35 85
36 31
36 32
36 33
36 34
36 35
36 37
36 38
36 39
36 40
36 41
36 289
37 32
37 33
37 34
37 35
37 36
37 38
37 39
37 40
37 41
37 42
37 43
37 77
37 81
37 282
37 285
37 286
37 288
37 289
37 290
38 32
38 33
38 34
38 35
38 36
38 37
38 39
38 40
38 41
38 42
38 43
38 44
38 74
38 77
38 78
38 80
38 81
38 82
38 85
38 284
38 285
38 286
38 288
38 289
39 34
39 35
39 36
39 37
39 38
39 40
39 41
39 42
39 43
39 44
39 45
39 77
39 285
39 289
40 34
40 35
40 36
40 37
40 38
40 39
40 41
40 42
40 43
40 44
40 45
40 46
40 285
40 286
40 288
40 289
40 290
40 292
40 293
41 35
41 36
41 37
41 38
41 39
41 40
41 42
41 43
41 44
41 45
41 46
41 47
41 70
41 73
41 74
41 77
41 78
41 284
41 285
41 286
41 287
41 288
41 289
41 290
41 291
41 292
41 293
42 37
42 38
42 39
42 40
42 41
42 43
42 44
42 45
42 46
42 47
42 48
42 70
42 71
42 73
42 74
42 75
42 76
42 77
42 78
42 285
42 288
42 289
43 37
43 38
43 39
43 40
43 41
43 42
43 44
43 45
43 46
43 47
43 48
43 49
43 74
43 289
43 292
44 38
44 39
44 40
44 41
44 42
44 43
44 45
44 46
44 47
44 48
44 49
44 50
44 70
44 74
44 288
44 289
44 290
44 291
44 292
44 293
44 296
45 39
45 40
45 41
45 42
45 43
45 44
45 46
45 47
45 48
45 49
45 50
45 51
45 66
45 67
45 69
45 70
45 71
45 72
45 73
45 74
45 288
45 289
45 290
45 291
45 292
45 293
46 40
46 41
46 42
46 43
46 44
46 45
46 47
46 48
46 49
46 50
46 51
46 52
46 67
46 70
46 71
46 73
46 74
46 292
47 41
47 42
47 43
47 44
47 45
47 46
47 48
47 49
47 50
47 51
47 52
47 53
47 70
47 292
47 305
47 306
47 309
47 310
48 42
48 43
48 44
48 45
48 46
48 47
48 49
48 50
48 51
48 52
48 53
48 63
48 66
48 67
48 70
48 71
48 291
48 292
48 293
48 295
48 296
48 302
48 303
48 305
48 306
49 43
49 44
49 45
49 46
49 47
49 48
49 50
49 51
49 52
49 53
49 54
49 63
49 64
49 66
49 67
49 68
49 69
49 70
49 71
49 292
50 44
50 45
50 46
50 47
50 48
50 49
50 51
50 52
50 53
50 54
50 55
50 67
50 305
50 306
50 309
51 45
51 46
51 47
51 48
51 49
51 50
51 52
51 53
51 54
51 55
51 56
51 58
51 67
51 301
51 302
51 303
51 304
51 305
51 306
51 307
51 308
51 309
51 310
52 46
52 47
52 48
52 49
52 50
52 51
52 53
52 54
52 55
52 56
52 57
52 58
52 59
52 60
52 63
52 64
52 66
52 67
52 301
52 302
52 305
52 306
53 47
53 48
53 49
53 50
53 51
53 52
53 54
53 55
53 56
53 57
53 58
53 59
53 63
53 64
53 67
53 305
54 49
54 50
54 51
54 52
54 53
54 55
54 56
54 57
54 58
54 59
54 305
54 306
54 308
54 309
55 50
55 51
55 52
55 53
55 54
55 56
55 57
55 58
55 59
55 301
55 302
55 304
55 305
55 306
55 308
55 309
56 51
56 52
56 53
56 54
56 55
56 57
56 58
56 59
56 60
56 305
57 52
57 53
57 54
57 55
57 56
57 58
57 59
57 60
57 63
57 301
57 302
57 305
58 51
58 52
58 53
58 54
58 55
58 56
58 57
58 59
58 60
58 61
58 62
58 63
58 64
58 301
58 302
58 305
59 52
59 53
59 54
59 55
59 56
59 57
59 58
59 60
59 61
59 62
59 63
59 64
59 141
60 52
60 56
60 57
60 58
60 59
60 61
60 62
60 63
60 64
60 65
60 139
60 140
60 141
60 144
61 58
61 59
61 60
61 62
61 63
61 64
61 65
61 66
61 67
61 121
61 124
61 136
61 139
61 140
61 141
61 142
61 143
61 144
61 145
62 58
62 59
62 60
62 61
62 63
62 64
62 65
62 66
62 67
62 68
62 120
62 121
62 124
62 125
62 139
62 140
62 141
62 144
63 48
63 49
63 52
63 53
63 57
63 58
63 59
63 60
63 61
63 62
63 64
63 65
63 66
63 67
63 68
63 69
63 121
63 144
63 302
64 49
64 52
64 53
64 58
64 59
64 60
64 61
64 62
64 63
64 65
64 66
64 67
64 68
64 69
64 70
64 141
64 144
64 145
64 148
65 60
65 61
65 62
65 63
65 64
65 66
65 67
65 68
65 69
65 70
65 71
65 117
65 118
65 120
65 121
65 124
65 144
65 145
65 147
65 148
66 45
66 48
66 49
66 52
66 61
66 62
66 63
66 64
66 65
66 67
66 68
66 69
66 70
66 71
66 72
66 117
66 118
66 121
66 291
66 292
66 295
67 45
67 46
67 48
67 49
67 50
67 51
67 52
67 53
67 61
67 62
67 63
67 64
67 65
67 66
67 68
67 69
67 70
67 71
67 72
67 73
68 49
68 62
68 63
68 64
68 65
68 66
68 67
68 69
68 70
68 71
68 72
68 73
68 113
68 114
68 117
68 148
68 151
69 45
69 49
69 63
69 64
69 65
69 66
69 67
69 68
69 70
69 71
69 72
69 73
69 74
69 110
69 113
69 114
69 115
69 116
69 117
69 118
69 288
69 291
69 292
70 41
70 42
70 44
70 45
70 46
70 47
70 48
70 49
70 64
70 65
70 66
70 67
70 68
70 69
70 71
70 72
70 73
70 74
70 75
70 76
70 114
70 288
70 289
70 291
70 292
71 42
71 45
71 46
71 48
71 49
71 65
71 66
71 67
71 68
71 69
71 70
71 72
71 73
71 74
71 75
71 76
71 77
71 110
71 114
71 288
72 45
72 66
72 67
72 68
72 69
72 70
72 71
72 73
72 74
72 75
72 76
72 77
72 78
72 106
72 107
72 109
72 110
72 111
72 112
72 113
72 114
72 117
72 288
73 41
73 42
73 45
73 46
73 67
73 68
73 69
73 70
73 71
73 72
73 74
73 75
73 76
73 77
73 78
73 79
73 110
73 111
73 114
73 284
73 285
73 286
73 287
73 288
73 289
73 291
74 38
74 41
74 42
74 43
74 44
74 45
74 46
74 69
74 70
74 71
74 72
74 73
74 75
74 76
74 77
74 78
74 79
74 284
74 285
74 288
74 289
75 42
75 70
75 71
75 72
75 73
75 74
75 76
75 77
75 78
75 79
75 80
75 106
75 107
75 110
75 284
76 42
76 70
76 71
76 72
76 73
76 74
76 75
76 77
76 78
76 79
76 80
76 81
76 103
76 106
76 107
76 108
76 109
76 110
76 111
76 114
76 284
76 285
76 288
77 37
77 38
77 39
77 41
77 42
77 71
77 72
77 73
77 74
77 75
77 76
77 78
77 79
77 80
77 81
77 82
77 83
77 107
77 281
77 284
77 285
77 286
77 288
77 289
78 38
78 41
78 42
78 72
78 73
78 74
78 75
78 76
78 77
78 79
78 80
78 81
78 82
78 83
78 284
78 285
79 73
79 74
79 75
79 76
79 77
79 78
79 80
79 81
79 82
79 83
79 84
79 102
79 103
79 104
79 106
79 107
79 181
79 284
80 38
80 75
80 76
80 77
80 78
80 79
80 81
80 82
80 83
80 84
80 85
80 103
80 104
80 106
80 107
80 180
80 181
80 182
80 280
80 281
80 284
80 285
81 34
81 35
81 37
81 38
81 76
81 77
81 78
81 79
81 80
81 82
81 83
81 84
81 85
81 86
81 87
81 180
81 181
81 281
81 282
81 284
81 285
82 34
82 35
82 38
82 77
82 78
82 79
82 80
82 81
82 83
82 84
82 85
82 86
82 87
82 88
83 17
83 77
83 78
83 79
83 80
83 81
83 82
83 84
83 85
83 86
83 87
83 88
83 92
83 93
83 94
83 95
83 103
83 180
83 181
84 17
84 18
84 19
84 27
84 31
84 34
84 35
84 79
84 80
84 81
84 82
84 83
84 85
84 86
84 87
84 88
84 89
84 91
84 92
84 93
84 179
84 180
84 181
84 281
85 27
85 28
85 30
85 31
85 32
85 34
85 35
85 38
85 80
85 81
85 82
85 83
85 84
85 86
85 87
85 88
85 89
85 90
85 91
85 92
85 180
86 31
86 81
86 82
86 83
86 84
86 85
86 87
86 88
86 89
86 90
86 91
86 92
86 93
87 17
87 18
87 19
87 27
87 31
87 81
87 82
87 83
87 84
87 85
87 86
87 88
87 89
87 90
87 91
87 92
87 93
87 94
87 180
88 19
88 24
88 25
88 26
88 27
88 28
88 29
88 30
88 31
88 32
88 82
88 83
88 84
88 85
88 86
88 87
88 89
88 90
88 91
88 92
88 93
88 180
89 27
89 28
89 31
89 32
89 84
89 85
89 86
89 87
89 88
89 90
89 91
89 92
90 85
90 86
90 87
90 88
90 89
90 91
90 92
90 93
91 17
91 18
91 19
91 27
91 84
91 85
91 86
91 87
91 88
91 89
91 90
91 92
91 93
91 94
92 16
92 17
92 18
92 83
92 84
92 85
92 86
92 87
92 88
92 89
92 90
92 91
92 93
92 94
92 95
93 14
93 15
93 16
93 17
93 18
93 19
93 83
93 84
93 86
93 87
93 88
93 90
93 91
93 92
93 94
93 95
93 176
93 177
93 180
94 13
94 14
94 15
94 16
94 17
94 18
94 83
94 87
94 91
94 92
94 93
94 95
94 96
94 97
94 100
94 175
94 176
95 13
95 14
95 15
95 16
95 17
95 83
95 92
95 93
95 94
95 96
95 97
95 98
95 99
95 100
95 101
95 103
95 181
95 182
96 12
96 13
96 14
96 15
96 16
96 94
96 95
96 97
96 98
96 99
96 100
96 101
96 102
97 12
97 13
97 14
97 15
97 16
97 94
97 95
97 96
97 98
97 99
97 100
97 101
97 102
97 103
97 167
97 175
97 182
98 13
98 14
98 95
98 96
98 97
98 99
98 100
98 101
98 102
98 103
98 104
98 163
98 167
99 14
99 15
99 95
99 96
99 97
99 98
99 100
99 101
99 102
99 103
99 104
99 105
99 182
100 14
100 15
100 17
100 94
100 95
100 96
100 97
100 98
100 99
100 101
100 102
100 103
100 104
100 105
100 163
100 167
100 181
100 182
100 183
100 184
100 187
101 95
101 96
101 97
101 98
101 99
101 100
101 102
101 103
101 104
101 105
101 106
101 107
101 162
101 163
101 164
101 165
101 166
101 167
101 182
101 183
101 184
101 187
102 79
102 96
102 97
102 98
102 99
102 100
102 101
102 103
102 104
102 105
102 106
102 107
102 163
102 164
102 182
103 76
103 79
103 80
103 83
103 95
103 97
103 98
103 99
103 100
103 101
103 102
103 104
103 105
103 106
103 107
103 108
103 163
103 181
103 182
103 183
103 184
104 79
104 80
104 98
104 99
104 100
104 101
104 102
104 103
104 105
104 106
104 107
104 108
104 109
104 159
104 162
104 163
104 166
104 181
104 182
104 183
104 184
104 187
105 99
105 100
105 101
105 102
105 103
105 104
105 106
105 107
105 108
105 109
105 110
105 111
105 156
105 159
105 160
105 161
105 162
105 163
105 164
105 182
105 183
105 184
106 72
106 75
106 76
106 79
106 80
106 101
106 102
106 103
106 104
106 105
106 107
106 108
106 109
106 110
106 111
106 112
106 156
106 159
106 160
106 163
107 72
107 75
107 76
107 77
107 79
107 80
107 101
107 102
107 103
107 104
107 105
107 106
107 108
107 109
107 110
107 111
107 112
107 113
107 159
107 181
107 182
107 183
107 184
107 284
108 76
108 103
108 104
108 105
108 106
108 107
108 109
108 110
108 111
108 112
108 113
108 155
108 156
108 158
108 159
108 160
108 162
108 163
108 183
108 184
108 202
108 205
108 206
108 209
109 72
109 76
109 104
109 105
109 106
109 107
109 108
109 110
109 111
109 112
109 113
109 114
109 151
109 152
109 154
109 155
109 156
109 157
109 158
109 159
109 160
109 162
109 209
110 69
110 71
110 72
110 73
110 75
110 76
110 105
110 106
110 107
110 108
110 109
110 111
110 112
110 113
110 114
110 115
110 116
110 151
110 152
110 155
110 156
110 159
111 72
111 73
111 76
111 105
111 106
111 107
111 108
111 109
111 110
111 112
111 113
111 114
111 115
111 116
111 117
111 155
111 209
111 210
111 253
111 283
111 284
112 72
112 106
112 107
112 108
112 109
112 110
112 111
112 113
112 114
112 115
112 116
112 117
112 118
112 151
112 152
112 154
112 155
112 156
112 158
112 159
112 205
112 206
112 208
112 209
112 210
112 213
113 68
113 69
113 72
113 107
113 108
113 109
113 110
113 111
113 112
113 114
113 115
113 116
113 117
113 118
113 119
113 148
113 150
113 151
113 152
113 153
113 154
113 155
113 156
113 209
113 210
114 68
114 69
114 70
114 71
114 72
114 73
114 76
114 109
114 110
114 111
114 112
114 113
114 115
114 116
114 117
114 118
114 119
114 151
114 155
114 210
114 253
115 69
115 110
115 111
115 112
115 113
115 114
115 116
115 117
115 118
115 119
115 120
115 121
115 151
115 209
115 210
115 211
115 212
115 213
115 214
115 217
115 250
115 253
115 254
116 69
116 110
116 111
116 112
116 113
116 114
116 115
116 117
116 118
116 119
116 120
116 121
116 122
116 147
116 148
116 150
116 151
116 152
116 154
116 155
116 209
116 210
116 212
116 213
116 214
116 216
116 217
117 65
117 66
117 68
117 69
117 72
117 111
117 112
117 113
117 114
117 115
117 116
117 118
117 119
117 120
117 121
117 122
117 123
117 147
117 148
117 151
117 152
117 213
118 65
118 66
118 69
118 112
118 113
118 114
118 115
118 116
118 117
118 119
118 120
118 121
118 122
118 123
118 124
118 213
118 214
118 217
118 246
118 247
118 249
118 250
118 253
119 113
119 114
119 115
119 116
119 117
119 118
119 120
119 121
119 122
119 123
119 124
119 125
119 151
119 210
119 212
119 213
119 214
119 215
119 216
119 217
119 218
119 220
119 250
120 62
120 65
120 115
120 116
120 117
120 118
120 119
120 121
120 122
120 123
120 124
120 125
120 126
120 144
120 147
120 148
120 151
120 213
120 216
120 217
120 220
121 61
121 62
121 63
121 65
121 66
121 115
121 116
121 117
121 118
121 119
121 120
121 122
121 123
121 124
121 125
121 126
121 127
121 217
121 220
121 246
122 116
122 117
122 118
122 119
122 120
122 121
122 123
122 124
122 125
122 126
122 127
122 128
122 213
122 216
122 217
122 218
122 219
122 220
122 221
122 224
122 243
122 246
122 247
122 250
123 117
123 118
123 119
123 120
123 121
123 122
123 124
123 125
123 126
123 127
123 128
123 139
123 216
123 217
123 219
123 220
123 221
123 224
124 61
124 62
124 65
124 118
124 119
124 120
124 121
124 122
124 123
124 125
124 126
124 127
124 128
124 129
124 135
124 138
124 139
124 143
124 144
124 220
125 62
125 119
125 120
125 121
125 122
125 123
125 124
125 126
125 127
125 128
125 129
125 130
125 131
125 132
125 135
125 139
125 220
125 221
125 224
125 242
125 243
125 246
126 120
126 121
126 122
126 123
126 124
126 125
126 127
126 128
126 129
126 130
126 131
126 132
126 135
126 217
126 219
126 220
126 221
126 222
126 223
126 224
126 225
126 227
126 243
127 121
127 122
127 123
127 124
127 125
127 126
127 128
127 129
127 130
127 131
127 132
127 133
127 134
127 135
127 136
127 138
127 139
127 220
127 223
127 224
128 122
128 123
128 124
128 125
128 126
128 127
128 129
128 130
128 131
128 132
128 133
128 134
128 135
128 136
128 138
128 139
128 224
129 124
129 125
129 126
129 127
129 128
129 130
129 131
129 132
129 133
129 135
129 223
129 224
129 225
129 227
129 228
129 236
129 239
129 240
129 243
130 125
130 126
130 127
130 128
130 129
130 131
130 132
130 133
130 134
130 135
130 220
130 223
130 224
130 225
130 226
130 227
130 228
131 125
131 126
131 127
131 128
131 129
131 130
131 132
131 133
131 134
131 135
131 136
131 138
131 227
132 125
132 126
132 127
132 128
132 129
132 130
132 131
132 133
132 134
132 135
132 136
132 137
132 138
133 127
133 128
133 129
133 130
133 131
133 132
133 134
133 135
133 136
133 137
133 138
134 127
134 128
134 130
134 131
134 132
134 133
134 135
134 136
134 137
134 138
134 139
135 124
135 125
135 126
135 127
135 128
135 129
135 130
135 131
135 132
135 133
135 134
135 136
135 137
135 138
135 139
135 140
136 61
136 127
136 128
136 131
136 132
136 133
136 134
136 135
136 137
136 138
136 139
136 140
136 141
137 132
137 133
137 134
137 135
137 136
137 138
137 139
137 140
137 143
138 124
138 127
138 128
138 131
138 132
138 133
138 134
138 135
138 136
138 137
138 139
138 140
138 141
138 142
138 143
139 60
139 61
139 62
139 123
139 124
139 125
139 127
139 128
139 134
139 135
139 136
139 137
139 138
139 140
139 141
139 142
139 143
139 144
140 60
140 61
140 62
140 135
140 136
140 137
140 138
140 139
140 141
140 142
140 143
140 144
140 145
140 146
141 59
141 60
141 61
141 62
141 64
141 136
141 138
141 139
141 140
141 142
141 143
141 144
141 145
141 146
141 147
142 61
142 138
142 139
142 140
142 141
142 143
142 144
142 145
142 146
142 147
142 148
143 61
143 124
143 137
143 138
143 139
143 140
143 141
143 142
143 144
143 145
143 146
143 147
143 148
143 149
144 60
144 61
144 62
144 63
144 64
144 65
144 120
144 124
144 139
144 140
144 141
144 142
144 143
144 145
144 146
144 147
144 148
144 149
144 150
145 61
145 64
145 65
145 140
145 141
145 142
145 143
145 144
145 146
145 147
145 148
145 149
145 150
145 151
146 140
146 141
146 142
146 143
146 144
146 145
146 147
146 148
146 149
146 150
146 151
146 152
147 65
147 116
147 117
147 120
147 141
147 142
147 143
147 144
147 145
147 146
147 148
147 149
147 150
147 151
147 152
147 153
148 64
148 65
148 68
148 113
148 116
148 117
148 120
148 142
148 143
148 144
148 145
148 146
148 147
148 149
148 150
148 151
148 152
148 153
148 154
149 143
149 144
149 145
149 146
149 147
149 148
149 150
149 151
149 152
149 153
149 154
149 155
150 113
150 116
150 144
150 145
150 146
150 147
150 148
150 149
150 151
150 152
150 153
150 154
150 155
150 156
151 68
151 109
151 110
151 112
151 113
151 114
151 115
151 116
151 117
151 119
151 120
151 145
151 146
151 147
151 148
151 149
151 150
151 152
151 153
151 154
151 155
151 156
152 109
152 110
152 112
152 113
152 116
152 117
152 146
152 147
152 148
152 149
152 150
152 151
152 153
152 154
152 155
152 156
152 157
153 113
153 147
153 148
153 149
153 150
153 151
153 152
153 154
153 155
153 156
153 157
153 158
154 109
154 112
154 113
154 116
154 148
154 149
154 150
154 151
154 152
154 153
154 155
154 156
154 157
154 158
154 159
154 209
155 108
155 109
155 110
155 111
155 112
155 113
155 114
155 116
155 149
155 150
155 151
155 152
155 153
155 154
155 156
155 157
155 158
155 159
155 160
155 205
155 209
156 105
156 106
156 108
156 109
156 110
156 112
156 113
156 150
156 151
156 152
156 153
156 154
156 155
156 157
156 158
156 159
156 160
156 161
157 109
157 152
157 153
157 154
157 155
157 156
157 158
157 159
157 160
157 161
158 108
158 109
158 112
158 153
158 154
158 155
158 156
158 157
158 159
158 160
158 161
158 162
158 201
158 202
158 205
158 206
158 208
158 209
159 104
159 105
159 106
159 107
159 108
159 109
159 110
159 112
159 154
159 155
159 156
159 157
159 158
159 160
159 161
159 162
159 163
159 164
159 201
159 202
159 205
159 206
159 209
160 105
160 106
160 108
160 109
160 155
160 156
160 157
160 158
160 159
160 161
160 162
160 163
160 164
160 165
161 105
161 156
161 157
161 158
161 159
161 160
161 162
161 163
161 164
161 165
161 166
161 167
161 198
161 201
161 202
161 205
162 101
162 104
162 105
162 108
162 109
162 158
162 159
162 160
162 161
162 163
162 164
162 165
162 166
162 167
162 184
162 198
162 199
162 201
162 202
162 205
163 98
163 100
163 101
163 102
163 103
163 104
163 105
163 106
163 108
163 159
163 160
163 161
163 162
163 164
163 165
163 166
163 167
163 168
163 184
163 198
164 101
164 102
164 105
164 159
164 160
164 161
164 162
164 163
164 165
164 166
164 167
164 168
164 169
164 198
165 101
165 160
165 161
165 162
165 163
165 164
165 166
165 167
165 168
165 169
165 184
165 188
165 195
165 197
165 198
165 201
166 101
166 104
166 161
166 162
166 163
166 164
166 165
166 167
166 168
166 169
166 170
166 171
166 184
166 185
166 187
166 188
166 191
166 195
166 198
167 97
167 98
167 100
167 101
167 161
167 162
167 163
167 164
167 165
167 166
167 168
167 169
167 170
167 171
167 187
167 188
168 163
168 164
168 165
168 166
168 167
168 169
168 170
168 171
168 191
168 193
169 164
169 165
169 166
169 167
169 168
169 170
169 171
169 172
169 187
169 188
169 190
169 191
169 192
169 193
169 194
169 195
169 198
170 166
170 167
170 168
170 169
170 171
170 172
170 173
170 188
170 190
170 191
170 192
170 193
170 194
171 11
171 12
171 166
171 167
171 168
171 169
171 170
171 172
171 173
171 174
171 175
171 187
171 188
171 189
171 190
171 191
171 192
171 193
172 11
172 12
172 169
172 170
172 171
172 173
172 174
172 175
172 190
172 191
172 192
172 193
173 170
173 171
173 172
173 174
173 175
173 176
173 177
173 189
173 190
173 191
173 192
174 12
174 15
174 16
174 171
174 172
174 173
174 175
174 176
174 177
174 190
174 191
175 12
175 13
175 14
175 15
175 16
175 17
175 94
175 97
175 171
175 172
175 173
175 174
175 176
175 177
175 178
175 187
175 190
175 191
176 14
176 15
176 16
176 17
176 18
176 93
176 94
176 173
176 174
176 175
176 177
176 178
176 179
176 186
176 187
176 190
177 15
177 16
177 17
177 18
177 19
177 93
177 173
177 174
177 175
177 176
177 178
177 179
177 180
177 181
177 182
177 183
177 186
177 187
177 188
177 189
177 190
178 16
178 17
178 18
178 19
178 20
178 21
178 175
178 176
178 177
178 179
178 180
178 181
178 182
178 183
178 186
178 187
178 273
178 274
178 277
179 16
179 17
179 18
179 19
179 20
179 21
179 84
179 176
179 177
179 178
179 180
179 181
179 182
179 183
179 186
179 187
179 273
179 274
179 276
179 277
179 278
179 280
179 281
180 16
180 17
180 18
180 19
180 20
180 80
180 81
180 83
180 84
180 85
180 87
180 88
180 93
180 177
180 178
180 179
180 181
180 182
180 183
180 274
180 277
180 278
180 280
180 281
181 17
181 18
181 19
181 79
181 80
181 81
181 83
181 84
181 95
181 100
181 103
181 104
181 107
181 177
181 178
181 179
181 180
181 182
181 183
181 184
181 186
181 187
181 277
181 280
181 281
182 15
182 16
182 17
182 80
182 95
182 97
182 99
182 100
182 101
182 102
182 103
182 104
182 105
182 107
182 177
182 178
182 179
182 180
182 181
182 183
182 184
182 185
182 186
182 187
182 188
183 100
183 101
183 103
183 104
183 105
183 107
183 108
183 177
183 178
183 179
183 180
183 181
183 182
183 184
183 185
183 186
183 187
183 188
183 277
183 280
184 100
184 101
184 103
184 104
184 105
184 107
184 108
184 162
184 163
184 165
184 166
184 181
184 182
184 183
184 185
184 186
184 187
184 188
184 189
184 198
184 199
184 202
185 166
185 182
185 183
185 184
185 186
185 187
185 188
185 189
185 190
185 195
185 198
185 199
185 202
185 264
186 176
186 177
186 178
186 179
186 181
186 182
186 183
186 184
186 185
186 187
186 188
186 189
186 190
187 15
187 100
187 101
187 104
187 166
187 167
187 169
187 171
187 175
187 176
187 177
187 178
187 179
187 181
187 182
187 183
187 184
187 185
187 186
187 188
187 189
187 190
187 191
188 165
188 166
188 167
188 169
188 170
188 171
188 177
188 182
188 183
188 184
188 185
188 186
188 187
188 189
188 190
188 191
188 192
188 193
188 194
188 195
188 196
188 198
188 199
189 171
189 173
189 177
189 184
189 185
189 186
189 187
189 188
189 190
189 191
189 192
189 193
189 194
189 195
190 169
190 170
190 171
190 172
190 173
190 174
190 175
190 176
190 177
190 185
190 186
190 187
190 188
190 189
190 191
190 192
190 193
190 195
191 166
191 168
191 169
191 170
191 171
191 172
191 173
191 174
191 175
191 187
191 188
191 189
191 190
191 192
191 193
191 194
191 195
192 169
192 170
192 171
192 172
192 173
192 188
192 189
192 190
192 191
192 193
192 194
192 195
193 168
193 169
193 170
193 171
193 172
193 188
193 189
193 190
193 191
193 192
193 194
193 195
193 196
194 169
194 170
194 188
194 189
194 191
194 192
194 193
194 195
194 196
194 197
194 198
194 199
195 165
195 166
195 169
195 185
195 188
195 189
195 190
195 191
195 192
195 193
195 194
195 196
195 197
195 198
195 199
195 200
195 201
196 188
196 193
196 194
196 195
196 197
196 198
196 199
196 200
196 201
196 202
197 165
197 194
197 195
197 196
197 198
197 199
197 200
197 201
197 202
197 203
198 161
198 162
198 163
198 164
198 165
198 166
198 169
198 184
198 185
198 188
198 194
198 195
198 196
198 197
198 199
198 200
198 201
198 202
198 203
198 204
199 162
199 184
199 185
199 188
199 194
199 195
199 196
199 197
199 198
199 200
199 201
199 202
199 203
199 204
199 205
200 195
200 196
200 197
200 198
200 199
200 201
200 202
200 203
200 204
200 205
200 206
201 158
201 159
201 161
201 162
201 165
201 195
201 196
201 197
201 198
201 199
201 200
201 202
201 203
201 204
201 205
201 206
201 207
202 108
202 158
202 159
202 161
202 162
202 184
202 185
202 196
202 197
202 198
202 199
202 200
202 201
202 203
202 204
202 205
202 206
202 207
202 208
203 197
203 198
203 199
203 200
203 201
203 202
203 204
203 205
203 206
203 207
203 208
203 209
204 198
204 199
204 200
204 201
204 202
204 203
204 205
204 206
204 207
204 208
204 209
204 211
205 108
205 112
205 155
205 158
205 159
205 161
205 162
205 199
205 200
205 201
205 202
205 203
205 204
205 206
205 207
205 208
205 209
205 210
205 211
206 108
206 112
206 158
206 159
206 200
206 201
206 202
206 203
206 204
206 205
206 207
206 208
206 209
206 210
206 211
206 212
207 201
207 202
207 203
207 204
207 205
207 206
207 208
207 209
207 210
207 211
207 212
207 213
207 214
208 112
208 158
208 202
208 203
208 204
208 205
208 206
208 207
208 209
208 210
208 211
208 212
208 213
209 108
209 109
209 111
209 112
209 113
209 115
209 116
209 154
209 155
209 158
209 159
209 203
209 204
209 205
209 206
209 207
209 208
209 210
209 211
209 212
209 213
209 214
210 111
210 112
210 113
210 114
210 115
210 116
210 119
210 205
210 206
210 207
210 208
210 209
210 211
210 212
210 213
210 214
210 215
210 254
210 257
211 115
211 204
211 205
211 206
211 207
211 208
211 209
211 210
211 212
211 213
211 214
211 215
211 216
211 217
211 254
212 115
212 116
212 119
212 206
212 207
212 208
212 209
212 210
212 211
212 213
212 214
212 215
212 216
212 217
212 218
213 112
213 115
213 116
213 117
213 118
213 119
213 120
213 122
213 207
213 208
213 209
213 210
213 211
213 212
213 214
213 215
213 216
213 217
213 218
213 219
214 115
214 116
214 118
214 119
214 207
214 209
214 210
214 211
214 212
214 213
214 215
214 216
214 217
214 218
214 219
214 220
214 250
214 254
215 119
215 210
215 211
215 212
215 213
215 214
215 216
215 217
215 218
215 219
215 220
216 116
216 119
216 120
216 122
216 123
216 211
216 212
216 213
216 214
216 215
216 217
216 218
216 219
216 220
216 221
216 222
217 115
217 116
217 118
217 119
217 120
217 121
217 122
217 123
217 126
217 211
217 212
217 213
217 214
217 215
217 216
217 218
217 219
217 220
217 221
217 222
217 247
217 250
218 119
218 122
218 212
218 213
218 214
218 215
218 216
218 217
218 219
218 220
218 221
218 222
218 223
218 224
219 122
219 123
219 126
219 213
219 214
219 215
219 216
219 217
219 218
219 220
219 221
219 222
219 223
219 224
219 225
220 119
220 120
220 121
220 122
220 123
220 124
220 125
220 126
220 127
220 130
220 214
220 215
220 216
220 217
220 218
220 219
220 221
220 222
220 223
220 224
220 225
221 122
221 123
221 125
221 126
221 216
221 217
221 218
221 219
221 220
221 222
221 223
221 224
221 225
221 226
221 227
221 243
221 247
222 126
222 216
222 217
222 218
222 219
222 220
222 221
222 223
222 224
222 225
222 226
222 227
223 126
223 127
223 129
223 130
223 218
223 219
223 220
223 221
223 222
223 224
223 225
223 226
223 227
223 228
223 229
224 122
224 123
224 125
224 126
224 127
224 128
224 129
224 130
224 218
224 219
224 220
224 221
224 222
224 223
224 225
224 226
224 227
224 228
224 229
224 230
224 240
224 243
225 126
225 129
225 130
225 219
225 220
225 221
225 222
225 223
225 224
225 226
225 227
225 228
225 229
225 230
225 240
225 243
226 130
226 221
226 222
226 223
226 224
226 225
226 227
226 228
226 229
226 230
226 231
227 126
227 129
227 130
227 131
227 221
227 222
227 223
227 224
227 225
227 226
227 228
227 229
227 230
227 231
227 236
228 129
228 130
228 223
228 224
228 225
228 226
228 227
228 229
228 230
228 231
228 232
228 233
228 236
228 237
228 239
228 240
229 223
229 224
229 225
229 226
229 227
229 228
229 230
229 231
229 232
229 233
229 236
229 237
229 240
230 224
230 225
230 226
230 227
230 228
230 229
230 231
230 232
230 233
230 236
231 226
231 227
231 228
231 229
231 230
231 232
231 233
231 234
231 235
231 236
231 237
232 228
232 229
232 230
232 231
232 233
232 234
232 235
232 236
233 228
233 229
233 230
233 231
233 232
233 234
233 235
233 236
233 237
234 231
234 232
234 233
234 235
234 236
234 237
234 238
234 239
235 231
235 232
235 233
235 234
235 236
235 237
235 238
235 239
235 240
235 241
236 129
236 227
236 228
236 229
236 230
236 231
236 232
236 233
236 234
236 235
236 237
236 238
236 239
236 240
236 241
237 228
237 229
237 231
237 233
237 234
237 235
237 236
237 238
237 239
237 240
237 241
237 242
238 234
238 235
238 236
238 237
238 239
238 240
238 241
238 242
238 243
239 129
239 228
239 234
239 235
239 236
239 237
239 238
239 240
239 241
239 242
239 243
239 244
240 129
240 224
240 225
240 228
240 229
240 235
240 236
240 237
240 238
240 239
240 241
240 242
240 243
240 244
240 245
241 235
241 236
241 237
241 238
241 239
241 240
241 242
241 243
241 244
241 245
241 246
241 247
241 298
242 125
242 237
242 238
242 239
242 240
242 241
242 243
242 244
242 245
242 246
242 247
242 298
242 299
243 122
243 125
243 126
243 129
243 221
243 224
243 225
243 238
243 239
243 240
243 241
243 242
243 244
243 245
243 246
243 247
243 248
244 239
244 240
244 241
244 242
244 243
244 245
244 246
244 247
244 248
244 249
244 250
244 294
244 298
245 240
245 241
245 242
245 243
245 244
245 246
245 247
245 248
245 249
245 250
245 251
245 291
245 294
245 295
245 297
245 298
245 299
246 118
246 121
246 122
246 125
246 241
246 242
246 243
246 244
246 245
246 247
246 248
246 249
246 250
246 251
246 252
246 291
246 294
246 295
247 118
247 122
247 217
247 221
247 241
247 242
247 243
247 244
247 245
247 246
247 248
247 249
247 250
247 251
247 252
247 253
248 243
248 244
248 245
248 246
248 247
248 249
248 250
248 251
248 252
248 253
248 254
248 290
248 291
248 294
249 118
249 244
249 245
249 246
249 247
249 248
249 250
249 251
249 252
249 253
249 254
249 255
249 287
249 288
249 290
249 291
249 294
249 295
250 115
250 118
250 119
250 122
250 214
250 217
250 244
250 245
250 246
250 247
250 248
250 249
250 251
250 252
250 253
250 254
250 255
250 256
250 287
250 291
251 245
251 246
251 247
251 248
251 249
251 250
251 252
251 253
251 254
251 255
251 256
251 257
252 246
252 247
252 248
252 249
252 250
252 251
252 253
252 254
252 255
252 256
252 257
252 258
252 283
252 286
252 287
252 290
253 111
253 114
253 115
253 118
253 247
253 248
253 249
253 250
253 251
253 252
253 254
253 255
253 256
253 257
253 258
253 283
253 284
253 286
253 287
253 288
253 291
254 115
254 210
254 211
254 214
254 248
254 249
254 250
254 251
254 252
254 253
254 255
254 256
254 257
254 258
254 259
254 260
254 283
255 249
255 250
255 251
255 252
255 253
255 254
255 256
255 257
255 258
255 259
255 260
255 261
255 283
256 250
256 251
256 252
256 253
256 254
256 255
256 257
256 258
256 259
256 260
256 261
256 262
256 279
256 280
256 282
256 283
256 284
256 286
256 287
257 210
257 251
257 252
257 253
257 254
257 255
257 256
257 258
257 259
257 260
257 261
257 262
257 279
257 280
257 283
258 252
258 253
258 254
258 255
258 256
258 257
258 259
258 260
258 261
258 262
258 263
258 264
259 254
259 255
259 256
259 257
259 258
259 260
259 261
259 262
259 263
259 264
259 265
259 276
259 279
259 280
259 283
260 254
260 255
260 256
260 257
260 258
260 259
260 261
260 262
260 263
260 264
260 265
260 266
260 267
260 275
260 276
260 277
260 278
260 279
260 280
260 282
260 283
261 255
261 256
261 257
261 258
261 259
261 260
261 262
261 263
261 264
261 265
261 266
261 267
261 276
261 279
261 280
262 256
262 257
262 258
262 259
262 260
262 261
262 263
262 264
262 265
262 266
262 267
262 268
262 276
263 258
263 259
263 260
263 261
263 262
263 264
263 265
263 266
263 267
263 268
263 269
263 270
263 271
263 272
263 273
263 275
263 276
263 277
263 279
264 185
264 258
264 259
264 260
264 261
264 262
264 263
264 265
264 266
264 267
264 268
264 269
264 271
264 273
264 275
264 276
264 277
264 279
264 280
265 259
265 260
265 261
265 262
265 263
265 264
265 266
265 267
265 268
265 269
265 276
266 260
266 261
266 262
266 263
266 264
266 265
266 267
266 268
266 269
266 270
266 271
267 260
267 261
267 262
267 263
267 264
267 265
267 266
267 268
267 269
267 270
267 271
267 272
267 273
267 276
268 262
268 263
268 264
268 265
268 266
268 267
268 269
268 270
268 271
268 272
268 273
268 276
269 263
269 264
269 265
269 266
269 267
269 268
269 270
269 271
269 272
269 273
270 263
270 266
270 267
270 268
270 269
270 271
270 272
270 273
271 263
271 264
271 266
271 267
271 268
271 269
271 270
271 272
271 273
271 274
271 275
271 276
272 20
272 21
272 22
272 23
272 263
272 267
272 268
272 269
272 270
272 271
272 273
272 274
272 275
272 276
272 277
273 20
273 21
273 22
273 23
273 178
273 179
273 263
273 264
273 267
273 268
273 269
273 270
273 271
273 272
273 274
273 275
273 276
273 277
273 278
274 19
274 20
274 21
274 22
274 23
274 24
274 26
274 178
274 179
274 180
274 271
274 272
274 273
274 275
274 276
274 277
274 278
274 279
274 280
275 20
275 260
275 263
275 264
275 271
275 272
275 273
275 274
275 276
275 277
275 278
275 279
275 280
275 281
276 20
276 179
276 259
276 260
276 261
276 262
276 263
276 264
276 265
276 267
276 268
276 271
276 272
276 273
276 274
276 275
276 277
276 278
276 279
276 280
276 281
276 282
277 19
277 20
277 21
277 178
277 179
277 180
277 181
277 183
277 260
277 263
277 264
277 272
277 273
277 274
277 275
277 276
277 278
277 279
277 280
277 281
277 282
278 19
278 20
278 26
278 30
278 179
278 180
278 260
278 273
278 274
278 275
278 276
278 277
278 279
278 280
278 281
278 282
278 283
279 256
279 257
279 259
279 260
279 261
279 263
279 264
279 274
279 275
279 276
279 277
279 278
279 280
279 281
279 282
279 283
279 284
279 286
280 80
280 179
280 180
280 181
280 183
280 256
280 257
280 259
280 260
280 261
280 264
280 274
280 275
280 276
280 277
280 278
280 279
280 281
280 282
280 283
280 284
280 285
281 34
281 77
281 80
281 81
281 84
281 179
281 180
281 181
281 275
281 276
281 277
281 278
281 279
281 280
281 282
281 283
281 284
281 285
281 286
282 34
282 37
282 81
282 256
282 260
282 276
282 277
282 278
282 279
282 280
282 281
282 283
282 284
282 285
282 286
282 287
282 288
283 111
283 252
283 253
283 254
283 255
283 256
283 257
283 259
283 260
283 278
283 279
283 280
283 281
283 282
283 284
283 285
283 286
283 287
283 288
284 38
284 41
284 73
284 74
284 75
284 76
284 77
284 78
284 79
284 80
284 81
284 107
284 111
284 253
284 256
284 279
284 280
284 281
284 282
284 283
284 285
284 286
284 287
284 288
284 289
285 34
285 37
285 38
285 39
285 40
285 41
285 42
285 73
285 74
285 76
285 77
285 78
285 80
285 81
285 280
285 281
285 282
285 283
285 284
285 286
285 287
285 288
285 289
285 290
286 34
286 37
286 38
286 40
286 41
286 73
286 77
286 252
286 253
286 256
286 279
286 281
286 282
286 283
286 284
286 285
286 287
286 288
286 289
286 290
286 291
287 41
287 73
287 249
287 250
287 252
287 253
287 256
287 282
287 283
287 284
287 285
287 286
287 288
287 289
287 290
287 291
287 292
288 37
288 38
288 40
288 41
288 42
288 44
288 45
288 69
288 70
288 71
288 72
288 73
288 74
288 76
288 77
288 249
288 253
288 282
288 283
288 284
288 285
288 286
288 287
288 289
288 290
288 291
288 292
288 293
289 36
289 37
289 38
289 39
289 40
289 41
289 42
289 43
289 44
289 45
289 70
289 73
289 74
289 77
289 284
289 285
289 286
289 287
289 288
289 290
289 291
289 292
289 293
289 294
290 37
290 40
290 41
290 44
290 45
290 248
290 249
290 252
290 285
290 286
290 287
290 288
290 289
290 291
290 292
290 293
290 294
290 295
290 296
291 41
291 44
291 45
291 48
291 66
291 69
291 70
291 73
291 245
291 246
291 248
291 249
291 250
291 253
291 286
291 287
291 288
291 289
291 290
291 292
291 293
291 294
291 295
291 296
292 40
292 41
292 43
292 44
292 45
292 46
292 47
292 48
292 49
292 66
292 69
292 70
292 287
292 288
292 289
292 290
292 291
292 293
292 294
292 295
292 296
292 297
292 298
292 302
293 40
293 41
293 44
293 45
293 48
293 288
293 289
293 290
293 291
293 292
293 294
293 295
293 296
293 297
293 298
293 299
293 303
294 244
294 245
294 246
294 248
294 249
294 289
294 290
294 291
294 292
294 293
294 295
294 296
294 297
294 298
294 299
295 48
295 66
295 245
295 246
295 249
295 290
295 291
295 292
295 293
295 294
295 296
295 297
295 298
295 299
295 300
295 301
295 302
295 303
296 44
296 48
296 290
296 291
296 292
296 293
296 294
296 295
296 297
296 298
296 299
296 300
296 301
296 302
296 303
296 304
296 305
296 306
297 245
297 292
297 293
297 294
297 295
297 296
297 298
297 299
297 300
297 301
297 302
297 303
298 241
298 242
298 244
298 245
298 292
298 293
298 294
298 295
298 296
298 297
298 299
298 300
298 301
298 302
298 303
299 242
299 245
299 293
299 294
299 295
299 296
299 297
299 298
299 300
299 301
299 302
299 303
299 304
300 295
300 296
300 297
300 298
300 299
300 301
300 302
300 303
300 304
300 305
300 306
301 51
301 52
301 55
301 57
301 58
301 295
301 296
301 297
301 298
301 299
301 300
301 302
301 303
301 304
301 305
301 306
301 307
302 48
302 51
302 52
302 55
302 57
302 58
302 63
302 292
302 295
302 296
302 297
302 298
302 299
302 300
302 301
302 303
302 304
302 305
302 306
302 307
302 308
303 48
303 51
303 293
303 295
303 296
303 297
303 298
303 299
303 300
303 301
303 302
303 304
303 305
303 306
303 307
303 308
303 309
304 51
304 55
304 296
304 299
304 300
304 301
304 302
304 303
304 305
304 306
304 307
304 308
304 309
304 310
305 47
305 48
305 50
305 51
305 52
305 53
305 54
305 55
305 56
305 57
305 58
305 296
305 300
305 301
305 302
305 303
305 304
305 306
305 307
305 308
305 309
305 310
305 311
306 47
306 48
306 50
306 51
306 52
306 54
306 55
306 296
306 300
306 301
306 302
306 303
306 304
306 305
306 307
306 308
306 309
306 310
306 311
306 312
307 51
307 301
307 302
307 303
307 304
307 305
307 306
307 308
307 309
307 310
307 311
307 312
308 51
308 54
308 55
308 302
308 303
308 304
308 305
308 306
308 307
308 309
308 310
308 311
308 312
308 313
309 47
309 50
309 51
309 54
309 55
309 303
309 304
309 305
309 306
309 307
309 308
309 310
309 311
309 312
309 313
309 314
310 47
310 51
310 304
310 305
310 306
310 307
310 308
310 309
310 311
310 312
310 313
310 314
311 305
311 306
311 307
311 308
311 309
311 310
311 312
311 313
311 314
312 306
312 307
312 308
312 309
312 310
312 311
312 313
312 314
313 308
313 309
313 310
313 311
313 312
313 314
314 309
314 310
314 311
314 312
314 313
