0 1
0 2
1 0
1 2
1 3
2 0
2 1
2 3
2 4
3 1
3 2
3 4
3 5
4 2
4 3
4 5
4 6
5 3
5 4
5 6
5 7
6 4
6 5
6 7
6 8
7 5
7 6
7 8
7 9
8 6
8 7
8 9
8 10
9 7
9 8
9 10
9 11
10 8
10 9
10 11
10 12
11 9
11 10
11 12
11 13
12 10
12 11
12 13
12 14
13 11
13 12
13 14
13 15
14 12
14 13
14 15
14 16
15 13
15 14
15 16
15 17
16 14
16 15
16 17
16 18
17 15
17 16
17 18
17 19
18 16
18 17
18 19
18 20
18 21
19 17
19 18
19 20
19 21
20 18
20 19
20 21
20 22
20 23
21 18
21 19
21 20
21 22
21 23
21 24
22 20
22 21
22 23
22 24
22 25
23 20
23 21
23 22
23 24
23 25
23 26
24 21
24 22
24 23
24 25
24 26
24 27
25 22
25 23
25 24
25 26
25 27
25 28
26 23
26 24
26 25
26 27
26 28
26 29
27 24
27 25
27 26
27 28
27 29
27 30
28 25
28 26
28 27
28 29
28 30
28 31
28 32
29 26
29 27
29 28
29 30
29 31
29 32
29 33
29 34
30 27
30 28
30 29
30 31
30 32
30 33
30 34
30 35
31 28
31 29
31 30
31 32
31 33
31 34
31 35
31 36
31 37
32 28
32 29
32 30
32 31
32 33
32 34
32 35
32 36
32 37
33 29
33 30
33 31
33 32
33 34
33 35
33 36
33 37
33 38
33 39
34 29
34 30
34 31
34 32
34 33
34 35
34 36
34 37
34 38
34 39
34 40
35 30
35 31
35 32
35 33
35 34
35 36
35 37
35 38
35 39
35 40
35 41
36 31
36 32
36 33
36 34
36 35
36 37
36 38
36 39
36 40
36 41
36 42
37 31
37 32
37 33
37 34
37 35
37 36
37 38
37 39
37 40
37 41
37 42
37 43
38 33
38 34
38 35
38 36
38 37
38 39
38 40
38 41
38 42
38 43
38 44
39 33
39 34
39 35
39 36
39 37
39 38
39 40
39 41
39 42
39 43
39 44
39 45
40 34
40 35
40 36
40 37
40 38
40 39
40 41
40 42
40 43
40 44
40 45
41 35
41 36
41 37
41 38
41 39
41 40
41 42
41 43
41 44
41 45
42 36
42 37
42 38
42 39
42 40
42 41
42 43
42 44
42 45
42 46
42 48
42 49
43 37
43 38
43 39
43 40
43 41
43 42
43 44
43 45
43 46
44 38
44 39
44 40
44 41
44 42
44 43
44 45
44 46
44 47
44 48
44 49
45 39
45 40
45 41
45 42
45 43
45 44
45 46
45 47
45 48
45 49
45 50
45 51
46 42
46 43
46 44
46 45
46 47
46 48
46 49
46 50
46 51
46 52
47 44
47 45
47 46
47 48
47 49
47 50
47 51
47 52
47 53
48 42
48 44
48 45
48 46
48 47
48 49
48 50
48 51
48 52
48 53
48 54
49 42
49 44
49 45
49 46
49 47
49 48
49 50
49 51
49 52
49 53
49 54
49 55
50 45
50 46
50 47
50 48
50 49
50 51
50 52
50 53
50 54
50 55
50 56
51 45
51 46
51 47
51 48
51 49
51 50
51 52
51 53
51 54
51 55
51 56
51 57
52 46
52 47
52 48
52 49
52 50
52 51
52 53
52 54
52 55
52 56
52 57
52 58
53 47
53 48
53 49
53 50
53 51
53 52
53 54
53 55
53 56
53 57
53 58
53 59
54 48
54 49
54 50
54 51
54 52
54 53
54 55
54 56
54 57
54 58
54 59
54 60
55 49
55 50
55 51
55 52
55 53
55 54
55 56
55 57
55 58
55 59
55 60
55 61
55 103
55 106
55 107
56 50
56 51
56 52
56 53
56 54
56 55
56 57
56 58
56 59
56 60
56 61
56 62
56 106
56 107
57 51
57 52
57 53
57 54
57 55
57 56
57 58
57 59
57 60
57 61
57 62
57 63
57 107
57 564
57 565
57 567
57 568
58 52
58 53
58 54
58 55
58 56
58 57
58 59
58 60
58 61
58 62
58 63
58 64
58 106
58 107
58 564
59 53
59 54
59 55
59 56
59 57
59 58
59 60
59 61
59 62
59 63
59 64
59 65
59 103
59 104
59 105
59 106
59 107
59 108
59 109
60 54
60 55
60 56
60 57
60 58
60 59
60 61
60 62
60 63
60 64
60 65
60 106
60 107
60 108
60 109
60 117
60 564
60 567
61 55
61 56
61 57
61 58
61 59
61 60
61 62
61 63
61 64
61 65
61 66
61 67
61 107
61 560
61 561
61 563
61 564
62 56
62 57
62 58
62 59
62 60
62 61
62 63
62 64
62 65
62 66
62 67
62 68
62 104
62 106
62 107
62 108
62 109
63 57
63 58
63 59
63 60
63 61
63 62
63 64
63 65
63 66
63 67
63 68
63 69
63 80
63 106
63 107
63 108
63 109
63 110
63 113
63 114
63 117
64 58
64 59
64 60
64 61
64 62
64 63
64 65
64 66
64 67
64 68
64 69
64 70
64 107
64 108
64 109
64 113
64 114
64 116
64 117
64 118
64 120
64 121
64 560
64 563
64 564
65 59
65 60
65 61
65 62
65 63
65 64
65 66
65 67
65 68
65 69
65 70
65 114
65 117
65 118
65 121
65 558
65 560
66 61
66 62
66 63
66 64
66 65
66 67
66 68
66 69
66 70
66 71
66 72
66 77
66 79
66 80
66 84
66 85
66 107
66 108
66 109
66 114
66 117
66 118
67 61
67 62
67 63
67 64
67 65
67 66
67 68
67 69
67 70
67 71
67 72
67 73
67 75
67 77
67 79
67 80
67 109
67 111
67 113
67 114
67 115
67 116
67 117
67 118
67 119
67 121
67 548
67 551
68 62
68 63
68 64
68 65
68 66
68 67
68 69
68 70
68 71
68 72
68 73
68 74
68 114
68 117
68 118
68 121
68 122
68 548
68 551
68 552
68 557
68 558
69 63
69 64
69 65
69 66
69 67
69 68
69 70
69 71
69 72
69 73
69 74
69 75
69 80
69 118
69 551
69 552
70 64
70 65
70 66
70 67
70 68
70 69
70 71
70 72
70 73
70 74
70 75
70 76
70 77
70 78
70 79
70 80
70 84
70 114
70 115
70 118
70 548
70 551
70 552
71 66
71 67
71 68
71 69
71 70
71 72
71 73
71 74
71 75
71 76
71 77
71 114
71 115
71 118
71 121
71 122
71 535
71 545
71 547
71 548
71 549
71 550
71 551
71 552
71 553
72 66
72 67
72 68
72 69
72 70
72 71
72 73
72 74
72 75
72 118
72 548
72 549
72 550
72 551
72 552
72 553
72 554
73 67
73 68
73 69
73 70
73 71
73 72
73 74
73 75
73 76
73 548
73 551
73 552
74 68
74 69
74 70
74 71
74 72
74 73
74 75
74 76
74 77
74 531
74 532
74 534
74 535
74 548
74 549
74 551
74 552
74 553
75 67
75 69
75 70
75 71
75 72
75 73
75 74
75 76
75 77
75 78
75 79
75 80
75 534
75 535
75 548
75 552
76 70
76 71
76 73
76 74
76 75
76 77
76 78
76 79
76 80
76 81
76 82
76 111
76 114
76 115
76 535
76 540
77 66
77 67
77 70
77 71
77 74
77 75
77 76
77 78
77 79
77 80
77 81
77 82
77 109
77 110
77 111
77 112
77 113
77 114
77 115
77 118
77 548
78 70
78 75
78 76
78 77
78 79
78 80
78 81
78 82
78 83
78 84
78 109
78 110
78 111
78 112
78 113
78 114
78 115
79 66
79 67
79 70
79 75
79 76
79 77
79 78
79 80
79 81
79 82
79 83
79 84
79 85
79 109
79 110
79 111
79 114
80 63
80 66
80 67
80 69
80 70
80 75
80 76
80 77
80 78
80 79
80 81
80 82
80 83
80 84
80 85
80 86
80 87
80 108
80 109
80 110
80 111
80 113
80 114
81 76
81 77
81 78
81 79
81 80
81 82
81 83
81 84
81 85
81 86
81 87
81 105
81 107
81 108
81 109
81 110
81 111
81 113
81 114
82 76
82 77
82 78
82 79
82 80
82 81
82 83
82 84
82 85
82 86
82 87
82 109
82 110
82 111
83 78
83 79
83 80
83 81
83 82
83 84
83 85
83 86
83 87
83 88
84 66
84 70
84 78
84 79
84 80
84 81
84 82
84 83
84 85
84 86
84 87
84 88
84 89
84 109
85 66
85 79
85 80
85 81
85 82
85 83
85 84
85 86
85 87
85 88
85 89
85 90
85 101
85 104
85 105
85 107
85 108
85 109
86 80
86 81
86 82
86 83
86 84
86 85
86 87
86 88
86 89
86 90
86 91
86 92
86 101
86 104
86 105
87 80
87 81
87 82
87 83
87 84
87 85
87 86
87 88
87 89
87 90
87 91
87 92
87 93
88 83
88 84
88 85
88 86
88 87
88 89
88 90
88 91
88 92
88 93
88 94
88 101
88 104
89 84
89 85
89 86
89 87
89 88
89 90
89 91
89 92
89 93
89 94
89 95
89 97
89 98
89 100
89 101
89 102
89 103
89 104
89 105
90 85
90 86
90 87
90 88
90 89
90 91
90 92
90 93
90 94
90 95
90 96
90 97
90 98
90 101
91 86
91 87
91 88
91 89
91 90
91 92
91 93
91 94
91 95
91 96
91 97
91 101
92 86
92 87
92 88
92 89
92 90
92 91
92 93
92 94
92 95
92 96
92 97
92 98
92 99
92 100
92 101
92 102
92 103
92 104
93 87
93 88
93 89
93 90
93 91
93 92
93 94
93 95
93 96
93 97
93 98
93 99
93 100
93 101
93 102
94 88
94 89
94 90
94 91
94 92
94 93
94 95
94 96
94 97
94 98
94 101
95 89
95 90
95 91
95 92
95 93
95 94
95 96
95 97
95 98
95 100
95 101
96 90
96 91
96 92
96 93
96 94
96 95
96 97
96 98
96 99
96 100
96 101
97 89
97 90
97 91
97 92
97 93
97 94
97 95
97 96
97 98
97 99
97 100
97 101
97 102
98 89
98 90
98 92
98 93
98 94
98 95
98 96
98 97
98 99
98 100
98 101
98 102
98 103
99 92
99 93
99 96
99 97
99 98
99 100
99 101
99 102
99 103
99 104
100 89
100 92
100 93
100 95
100 96
100 97
100 98
100 99
100 101
100 102
100 103
100 104
100 105
101 85
101 86
101 88
101 89
101 90
101 91
101 92
101 93
101 94
101 95
101 96
101 97
101 98
101 99
101 100
101 102
101 103
101 104
101 105
102 89
102 92
102 93
102 97
102 98
102 99
102 100
102 101
102 103
102 104
102 105
102 106
103 55
103 59
103 89
103 92
103 98
103 99
103 100
103 101
103 102
103 104
103 105
103 106
103 107
104 59
104 62
104 85
104 86
104 88
104 89
104 92
104 99
104 100
104 101
104 102
104 103
104 105
104 106
104 107
104 108
105 59
105 81
105 85
105 86
105 89
105 100
105 101
105 102
105 103
105 104
105 106
105 107
105 108
105 109
106 55
106 56
106 58
106 59
106 60
106 62
106 63
106 102
106 103
106 104
106 105
106 107
106 108
106 109
107 55
107 56
107 57
107 58
107 59
107 60
107 61
107 62
107 63
107 64
107 66
107 81
107 85
107 103
107 104
107 105
107 106
107 108
107 109
107 110
108 59
108 60
108 62
108 63
108 64
108 66
108 80
108 81
108 85
108 104
108 105
108 106
108 107
108 109
108 110
108 111
108 112
108 113
108 114
109 59
109 60
109 62
109 63
109 64
109 66
109 67
109 77
109 78
109 79
109 80
109 81
109 82
109 84
109 85
109 105
109 106
109 107
109 108
109 110
109 111
109 112
109 113
109 114
109 115
109 117
110 63
110 77
110 78
110 79
110 80
110 81
110 82
110 107
110 108
110 109
110 111
110 112
110 113
110 114
110 115
111 67
111 76
111 77
111 78
111 79
111 80
111 81
111 82
111 108
111 109
111 110
111 112
111 113
111 114
111 115
111 116
112 77
112 78
112 108
112 109
112 110
112 111
112 113
112 114
112 115
112 116
112 117
112 118
113 63
113 64
113 67
113 77
113 78
113 80
113 81
113 108
113 109
113 110
113 111
113 112
113 114
113 115
113 116
113 117
113 118
113 119
114 63
114 64
114 65
114 66
114 67
114 68
114 70
114 71
114 76
114 77
114 78
114 79
114 80
114 81
114 108
114 109
114 110
114 111
114 112
114 113
114 115
114 116
114 117
114 118
114 119
114 120
115 67
115 70
115 71
115 76
115 77
115 78
115 109
115 110
115 111
115 112
115 113
115 114
115 116
115 117
115 118
115 119
115 120
115 544
115 547
115 548
116 64
116 67
116 111
116 112
116 113
116 114
116 115
116 117
116 118
116 119
116 120
116 121
116 122
116 547
117 60
117 63
117 64
117 65
117 66
117 67
117 68
117 109
117 112
117 113
117 114
117 115
117 116
117 118
117 119
117 120
117 121
117 122
117 123
117 547
118 64
118 65
118 66
118 67
118 68
118 69
118 70
118 71
118 72
118 77
118 112
118 113
118 114
118 115
118 116
118 117
118 119
118 120
118 121
118 122
118 123
118 124
118 546
118 547
118 548
118 549
118 550
118 551
118 552
119 67
119 113
119 114
119 115
119 116
119 117
119 118
119 120
119 121
119 122
119 123
119 124
119 125
119 545
119 546
119 547
119 548
119 550
119 551
120 64
120 114
120 115
120 116
120 117
120 118
120 119
120 121
120 122
120 123
120 124
120 125
120 126
120 547
120 551
120 563
121 64
121 65
121 67
121 68
121 71
121 116
121 117
121 118
121 119
121 120
121 122
121 123
121 124
121 125
121 126
121 127
121 547
121 548
121 550
121 551
121 557
121 558
121 559
121 560
121 563
122 68
122 71
122 116
122 117
122 118
122 119
122 120
122 121
122 123
122 124
122 125
122 126
122 127
122 128
122 546
122 547
122 548
122 549
122 550
122 551
122 552
122 554
122 558
123 117
123 118
123 119
123 120
123 121
123 122
123 124
123 125
123 126
123 127
123 128
123 129
123 547
123 550
123 551
123 558
124 118
124 119
124 120
124 121
124 122
124 123
124 125
124 126
124 127
124 128
124 129
124 130
124 550
124 551
124 557
124 558
124 559
124 560
124 562
124 563
125 119
125 120
125 121
125 122
125 123
125 124
125 126
125 127
125 128
125 129
125 130
125 131
125 170
125 171
125 547
125 550
125 551
125 554
125 555
125 556
125 557
125 558
125 559
126 120
126 121
126 122
126 123
126 124
126 125
126 127
126 128
126 129
126 130
126 131
126 132
126 170
126 171
126 172
126 173
126 198
126 547
126 550
126 551
126 554
126 556
126 558
127 121
127 122
127 123
127 124
127 125
127 126
127 128
127 129
127 130
127 131
127 132
127 133
127 198
128 122
128 123
128 124
128 125
128 126
128 127
128 129
128 130
128 131
128 132
128 133
128 556
128 557
128 558
128 559
129 123
129 124
129 125
129 126
129 127
129 128
129 130
129 131
129 132
129 133
129 134
129 159
129 168
129 170
129 171
129 172
129 198
129 554
129 555
129 556
130 124
130 125
130 126
130 127
130 128
130 129
130 131
130 132
130 133
130 134
130 135
130 172
130 194
130 197
130 198
130 199
130 200
131 125
131 126
131 127
131 128
131 129
131 130
131 132
131 133
131 134
131 135
131 136
131 198
131 199
131 200
132 126
132 127
132 128
132 129
132 130
132 131
132 133
132 134
132 135
132 136
132 137
132 161
132 162
132 163
133 127
133 128
133 129
133 130
133 131
133 132
133 134
133 135
133 136
133 137
133 138
133 139
133 159
133 160
133 161
133 162
133 163
133 198
133 199
133 200
133 201
133 204
134 129
134 130
134 131
134 132
134 133
134 135
134 136
134 137
134 138
134 198
134 199
134 200
134 201
134 204
135 130
135 131
135 132
135 133
135 134
135 136
135 137
135 138
135 200
136 131
136 132
136 133
136 134
136 135
136 137
136 138
136 139
136 200
136 201
136 203
136 204
136 205
137 132
137 133
137 134
137 135
137 136
137 138
137 139
137 161
137 162
137 163
137 200
137 201
137 204
137 205
138 133
138 134
138 135
138 136
138 137
138 139
138 140
138 160
138 161
138 162
138 201
138 202
138 203
138 204
138 205
138 206
138 207
138 513
138 514
138 517
139 133
139 136
139 137
139 138
139 140
139 141
139 159
139 160
139 161
139 162
139 167
139 168
139 169
139 202
139 203
139 204
139 205
139 206
139 207
139 208
139 235
139 514
139 517
139 518
140 138
140 139
140 141
140 142
140 158
140 159
140 160
140 161
140 162
140 169
140 202
140 204
140 205
140 206
140 207
140 208
140 209
140 235
140 236
140 237
140 514
140 516
140 517
140 518
140 519
141 139
141 140
141 142
141 143
141 157
141 158
141 159
141 160
141 161
141 169
141 170
141 171
141 172
141 205
141 206
141 207
141 208
141 209
141 210
141 235
141 237
141 517
141 518
141 519
141 522
142 140
142 141
142 143
142 144
142 156
142 157
142 158
142 159
142 160
142 171
142 172
142 207
142 208
142 209
142 210
142 211
142 237
142 238
142 239
142 240
142 518
142 519
142 520
142 521
142 522
142 523
142 524
142 525
143 141
143 142
143 144
143 145
143 155
143 156
143 157
143 158
143 159
143 172
143 173
143 174
143 190
143 208
143 209
143 210
143 211
143 216
143 240
143 519
143 521
143 522
143 523
143 524
143 525
143 526
144 142
144 143
144 145
144 146
144 154
144 155
144 156
144 157
144 158
144 209
144 210
144 211
144 212
144 213
144 215
144 216
144 240
144 522
144 523
144 524
144 525
144 526
144 528
144 529
145 143
145 144
145 146
145 147
145 148
145 153
145 154
145 155
145 156
145 157
145 175
145 176
145 177
145 181
145 186
145 210
145 211
145 213
145 215
145 216
145 525
145 526
145 529
146 144
146 145
146 147
146 148
146 149
146 151
146 152
146 153
146 154
146 155
146 156
146 525
146 526
146 529
147 145
147 146
147 148
147 149
147 150
147 151
147 152
147 153
147 154
147 155
147 176
147 177
147 529
147 533
148 145
148 146
148 147
148 149
148 150
148 151
148 152
148 153
148 154
148 176
148 529
148 530
148 532
148 533
148 536
148 537
148 541
149 146
149 147
149 148
149 150
149 151
149 152
149 153
149 532
149 533
149 536
149 537
149 538
149 540
149 541
149 542
150 147
150 148
150 149
150 151
150 152
150 153
150 536
150 537
150 538
150 540
150 541
150 542
151 146
151 147
151 148
151 149
151 150
151 152
151 153
151 154
151 541
152 146
152 147
152 148
152 149
152 150
152 151
152 153
152 154
152 155
152 176
152 177
152 178
152 179
152 180
152 541
153 145
153 146
153 147
153 148
153 149
153 150
153 151
153 152
153 154
153 155
153 156
153 175
153 176
153 177
153 178
153 179
153 180
153 181
154 144
154 145
154 146
154 147
154 148
154 151
154 152
154 153
154 155
154 156
154 157
154 174
154 175
154 176
154 177
154 178
154 186
154 529
154 532
155 143
155 144
155 145
155 146
155 147
155 152
155 153
155 154
155 156
155 157
155 173
155 174
155 175
155 176
155 177
155 186
155 189
155 190
155 525
155 529
156 142
156 143
156 144
156 145
156 146
156 153
156 154
156 155
156 157
156 158
156 171
156 172
156 173
156 174
156 175
156 176
156 522
156 524
156 525
156 526
156 528
156 529
157 141
157 142
157 143
157 144
157 145
157 154
157 155
157 156
157 158
157 159
157 170
157 171
157 172
157 173
157 174
157 175
157 190
157 209
157 210
157 522
157 524
157 525
157 528
158 140
158 141
158 142
158 143
158 144
158 156
158 157
158 159
158 160
158 169
158 170
158 171
158 172
158 173
158 174
158 209
158 519
158 522
158 523
158 524
158 525
158 528
158 553
158 554
159 129
159 133
159 139
159 140
159 141
159 142
159 143
159 157
159 158
159 160
159 161
159 167
159 168
159 169
159 170
159 171
159 172
159 173
159 205
159 207
159 208
159 517
159 518
159 519
159 524
160 133
160 138
160 139
160 140
160 141
160 142
160 158
160 159
160 161
160 162
160 163
160 167
160 168
160 169
160 170
160 171
160 172
160 205
160 207
160 517
160 518
160 519
161 132
161 133
161 137
161 138
161 139
161 140
161 141
161 159
161 160
161 162
161 163
161 164
161 166
161 167
161 168
161 169
161 170
161 204
161 205
161 206
161 513
161 517
161 518
162 132
162 133
162 137
162 138
162 139
162 140
162 160
162 161
162 163
162 164
162 165
162 166
162 167
162 168
162 169
162 495
162 496
162 499
162 513
162 517
163 132
163 133
163 137
163 160
163 161
163 162
163 164
163 165
163 166
163 167
163 168
163 169
163 496
163 499
164 161
164 162
164 163
164 165
164 166
164 167
164 168
164 496
164 499
164 500
165 162
165 163
165 164
165 166
165 167
165 168
165 492
165 493
165 495
165 496
165 497
165 498
165 499
165 500
166 161
166 162
166 163
166 164
166 165
166 167
166 168
166 169
166 364
166 492
166 493
166 494
166 495
166 496
166 497
166 498
166 499
166 500
167 139
167 159
167 160
167 161
167 162
167 163
167 164
167 165
167 166
167 168
167 169
167 364
167 493
167 495
167 496
167 499
167 513
167 516
167 517
168 129
168 139
168 159
168 160
168 161
168 162
168 163
168 164
168 165
168 166
168 167
168 169
168 170
168 364
168 555
168 556
169 139
169 140
169 141
169 158
169 159
169 160
169 161
169 162
169 163
169 166
169 167
169 168
169 170
169 171
169 172
169 363
169 364
169 519
169 524
169 553
169 554
169 555
169 556
170 125
170 126
170 129
170 141
170 157
170 158
170 159
170 160
170 161
170 168
170 169
170 171
170 172
170 173
170 524
170 550
170 553
170 554
170 555
170 556
171 125
171 126
171 129
171 141
171 142
171 156
171 157
171 158
171 159
171 160
171 169
171 170
171 172
171 173
171 174
171 524
171 525
171 528
171 549
171 550
171 551
171 552
171 553
171 554
171 555
171 556
172 126
172 129
172 130
172 141
172 142
172 143
172 156
172 157
172 158
172 159
172 160
172 169
172 170
172 171
172 173
172 174
172 175
172 193
172 194
172 198
172 550
172 554
173 126
173 143
173 155
173 156
173 157
173 158
173 159
173 170
173 171
173 172
173 174
173 175
173 176
173 190
173 193
173 194
173 198
173 546
173 549
173 550
174 143
174 154
174 155
174 156
174 157
174 158
174 171
174 172
174 173
174 175
174 176
174 177
174 190
174 193
174 525
174 528
174 545
174 546
174 547
174 549
174 550
175 145
175 153
175 154
175 155
175 156
175 157
175 172
175 173
175 174
175 176
175 177
175 178
175 186
175 189
175 190
175 193
175 546
176 145
176 147
176 148
176 152
176 153
176 154
176 155
176 156
176 173
176 174
176 175
176 177
176 178
176 179
176 189
176 544
176 546
177 145
177 147
177 152
177 153
177 154
177 155
177 174
177 175
177 176
177 178
177 179
177 180
177 181
177 185
177 186
177 189
178 152
178 153
178 154
178 175
178 176
178 177
178 179
178 180
178 181
178 185
179 152
179 153
179 176
179 177
179 178
179 180
179 181
179 182
179 185
180 152
180 153
180 177
180 178
180 179
180 181
180 182
180 183
180 185
181 145
181 153
181 177
181 178
181 179
181 180
181 182
181 183
181 184
181 185
181 186
181 215
181 221
182 179
182 180
182 181
182 183
182 184
182 185
182 186
182 187
182 214
182 215
182 216
182 218
182 220
182 221
182 222
182 223
183 180
183 181
183 182
183 184
183 185
183 186
183 187
183 188
183 214
183 215
183 216
183 217
183 218
183 219
183 220
183 221
183 222
183 223
183 224
183 225
183 226
184 181
184 182
184 183
184 185
184 186
184 187
184 188
184 189
184 190
184 215
184 216
184 220
184 221
184 222
184 223
184 224
184 226
185 177
185 178
185 179
185 180
185 181
185 182
185 183
185 184
185 186
185 187
185 188
185 189
185 190
185 191
185 221
185 223
186 145
186 154
186 155
186 175
186 177
186 181
186 182
186 183
186 184
186 185
186 187
186 188
186 189
186 190
186 191
186 192
186 215
186 216
186 221
186 222
186 223
187 182
187 183
187 184
187 185
187 186
187 188
187 189
187 190
187 191
187 192
187 193
187 216
187 221
187 222
187 223
187 224
187 225
187 226
187 227
188 183
188 184
188 185
188 186
188 187
188 189
188 190
188 191
188 192
188 193
188 194
188 223
188 226
189 155
189 175
189 176
189 177
189 184
189 185
189 186
189 187
189 188
189 190
189 191
189 192
189 193
189 194
189 196
190 143
190 155
190 157
190 173
190 174
190 175
190 184
190 185
190 186
190 187
190 188
190 189
190 191
190 192
190 193
190 194
190 195
190 196
190 197
190 227
191 185
191 186
191 187
191 188
191 189
191 190
191 192
191 193
191 194
191 195
191 196
191 197
191 198
191 199
191 200
191 201
191 202
191 227
191 230
192 186
192 187
192 188
192 189
192 190
192 191
192 193
192 194
192 195
192 196
192 197
192 198
192 199
193 172
193 173
193 174
193 175
193 187
193 188
193 189
193 190
193 191
193 192
193 194
193 195
193 196
193 197
193 198
193 199
193 200
194 130
194 172
194 173
194 188
194 189
194 190
194 191
194 192
194 193
194 195
194 196
194 197
194 198
194 199
194 200
194 201
194 202
195 190
195 191
195 192
195 193
195 194
195 196
195 197
195 198
195 199
195 200
195 201
195 202
196 189
196 190
196 191
196 192
196 193
196 194
196 195
196 197
196 198
196 199
196 200
197 130
197 190
197 191
197 192
197 193
197 194
197 195
197 196
197 198
197 199
197 200
198 126
198 127
198 129
198 130
198 131
198 133
198 134
198 172
198 173
198 191
198 192
198 193
198 194
198 195
198 196
198 197
198 199
198 200
198 201
199 130
199 131
199 133
199 134
199 191
199 192
199 193
199 194
199 195
199 196
199 197
199 198
199 200
199 201
199 202
200 130
200 131
200 133
200 134
200 135
200 136
200 137
200 191
200 193
200 194
200 195
200 196
200 197
200 198
200 199
200 201
200 202
200 203
200 204
200 205
201 133
201 134
201 136
201 137
201 138
201 191
201 194
201 195
201 198
201 199
201 200
201 202
201 203
201 204
201 205
201 230
201 231
202 138
202 139
202 140
202 191
202 194
202 195
202 199
202 200
202 201
202 203
202 204
202 205
202 206
202 227
202 228
202 229
202 230
202 231
202 232
202 233
202 234
202 235
203 136
203 138
203 139
203 200
203 201
203 202
203 204
203 205
203 206
203 230
203 231
203 232
203 233
203 234
203 235
204 133
204 134
204 136
204 137
204 138
204 139
204 140
204 161
204 200
204 201
204 202
204 203
204 205
204 206
204 207
204 231
204 234
204 235
205 136
205 137
205 138
205 139
205 140
205 141
205 159
205 160
205 161
205 200
205 201
205 202
205 203
205 204
205 206
205 207
205 208
205 227
205 228
205 230
205 231
205 232
205 233
205 234
205 235
205 236
205 517
205 518
206 138
206 139
206 140
206 141
206 161
206 202
206 203
206 204
206 205
206 207
206 208
206 228
206 231
206 233
206 234
206 235
206 236
206 237
206 514
206 515
206 517
206 518
207 138
207 139
207 140
207 141
207 142
207 159
207 160
207 204
207 205
207 206
207 208
207 209
207 228
207 231
207 234
207 235
207 236
207 237
207 238
207 514
207 515
207 516
207 517
207 518
207 519
207 520
208 139
208 140
208 141
208 142
208 143
208 159
208 205
208 206
208 207
208 209
208 210
208 224
208 227
208 228
208 231
208 235
208 236
208 237
208 238
208 239
208 240
208 517
208 518
208 519
208 520
209 140
209 141
209 142
209 143
209 144
209 157
209 158
209 207
209 208
209 210
209 211
209 212
209 216
209 224
209 236
209 237
209 238
209 239
209 240
209 241
209 518
209 519
209 520
209 521
209 522
210 141
210 142
210 143
210 144
210 145
210 157
210 208
210 209
210 211
210 212
210 213
210 216
210 217
210 224
210 237
210 238
210 239
210 240
210 241
210 243
210 519
210 520
210 521
210 522
210 523
210 525
211 142
211 143
211 144
211 145
211 209
211 210
211 212
211 213
211 214
211 215
211 216
211 217
211 238
211 239
211 240
211 241
211 242
211 243
211 244
211 521
211 522
211 523
211 525
212 144
212 209
212 210
212 211
212 213
212 214
212 215
212 216
212 217
212 218
212 224
212 237
212 238
212 239
212 240
212 241
212 243
212 244
213 144
213 145
213 210
213 211
213 212
213 214
213 215
213 216
213 217
213 218
213 221
213 239
213 240
213 243
214 182
214 183
214 211
214 212
214 213
214 215
214 216
214 217
214 218
214 219
214 220
214 221
214 222
214 223
215 144
215 145
215 181
215 182
215 183
215 184
215 186
215 211
215 212
215 213
215 214
215 216
215 217
215 218
215 219
215 220
215 221
215 222
215 223
215 224
216 143
216 144
216 145
216 182
216 183
216 184
216 186
216 187
216 209
216 210
216 211
216 212
216 213
216 214
216 215
216 217
216 218
216 219
216 220
216 221
216 222
216 223
216 224
216 225
216 239
217 183
217 210
217 211
217 212
217 213
217 214
217 215
217 216
217 218
217 219
217 220
217 221
217 222
217 223
217 224
217 225
217 239
218 182
218 183
218 212
218 213
218 214
218 215
218 216
218 217
218 219
218 220
218 221
218 222
218 223
218 224
218 225
219 183
219 214
219 215
219 216
219 217
219 218
219 220
219 221
219 222
219 223
219 225
220 182
220 183
220 184
220 214
220 215
220 216
220 217
220 218
220 219
220 221
220 222
220 223
221 181
221 182
221 183
221 184
221 185
221 186
221 187
221 213
221 214
221 215
221 216
221 217
221 218
221 219
221 220
221 222
221 223
221 224
221 225
221 226
222 182
222 183
222 184
222 186
222 187
222 214
222 215
222 216
222 217
222 218
222 219
222 220
222 221
222 223
222 224
222 225
222 226
222 227
222 228
223 182
223 183
223 184
223 185
223 186
223 187
223 188
223 214
223 215
223 216
223 217
223 218
223 219
223 220
223 221
223 222
223 224
223 225
223 226
223 227
223 228
223 229
224 183
224 184
224 187
224 208
224 209
224 210
224 212
224 215
224 216
224 217
224 218
224 221
224 222
224 223
224 225
224 226
224 227
224 228
224 229
224 230
224 237
224 238
225 183
225 187
225 216
225 217
225 218
225 219
225 221
225 222
225 223
225 224
225 226
225 227
225 228
225 229
225 230
225 231
225 233
225 237
226 183
226 184
226 187
226 188
226 221
226 222
226 223
226 224
226 225
226 227
226 228
226 229
226 230
226 231
226 232
226 233
227 187
227 190
227 191
227 202
227 205
227 208
227 222
227 223
227 224
227 225
227 226
227 228
227 229
227 230
227 231
227 232
227 233
227 235
227 237
228 202
228 205
228 206
228 207
228 208
228 222
228 223
228 224
228 225
228 226
228 227
228 229
228 230
228 231
228 232
228 233
228 234
228 235
228 236
228 237
229 202
229 223
229 224
229 225
229 226
229 227
229 228
229 230
229 231
229 232
229 233
229 234
229 235
230 191
230 201
230 202
230 203
230 205
230 224
230 225
230 226
230 227
230 228
230 229
230 231
230 232
230 233
230 234
230 235
231 201
231 202
231 203
231 204
231 205
231 206
231 207
231 208
231 225
231 226
231 227
231 228
231 229
231 230
231 232
231 233
231 234
231 235
231 236
232 202
232 203
232 205
232 226
232 227
232 228
232 229
232 230
232 231
232 233
232 234
232 235
233 202
233 203
233 205
233 206
233 225
233 226
233 227
233 228
233 229
233 230
233 231
233 232
233 234
233 235
233 236
233 237
234 202
234 203
234 204
234 205
234 206
234 207
234 228
234 229
234 230
234 231
234 232
234 233
234 235
234 236
234 237
235 139
235 140
235 141
235 202
235 203
235 204
235 205
235 206
235 207
235 208
235 227
235 228
235 229
235 230
235 231
235 232
235 233
235 234
235 236
235 237
235 238
235 514
235 518
236 140
236 205
236 206
236 207
236 208
236 209
236 228
236 231
236 233
236 234
236 235
236 237
236 238
236 514
236 515
236 518
236 519
237 140
237 141
237 142
237 206
237 207
237 208
237 209
237 210
237 212
237 224
237 225
237 227
237 228
237 233
237 234
237 235
237 236
237 238
237 239
237 240
237 518
237 519
237 520
238 142
238 207
238 208
238 209
238 210
238 211
238 212
238 224
238 235
238 236
238 237
238 239
238 240
238 241
238 518
238 519
238 520
238 521
238 522
239 142
239 208
239 209
239 210
239 211
239 212
239 213
239 216
239 217
239 237
239 238
239 240
239 241
239 242
239 243
239 244
239 436
239 519
239 520
239 521
239 522
240 142
240 143
240 144
240 208
240 209
240 210
240 211
240 212
240 213
240 237
240 238
240 239
240 241
240 242
240 243
240 244
240 245
240 246
240 519
240 520
240 521
240 522
240 523
241 209
241 210
241 211
241 212
241 238
241 239
241 240
241 242
241 243
241 244
241 245
241 246
241 247
241 357
241 360
241 361
241 367
241 370
241 371
241 374
241 436
241 437
241 519
241 520
241 521
241 522
241 523
242 211
242 239
242 240
242 241
242 243
242 244
242 245
242 246
242 247
242 248
242 303
242 354
242 356
242 357
242 358
242 360
242 361
242 370
242 520
242 521
242 522
242 523
243 210
243 211
243 212
243 213
243 239
243 240
243 241
243 242
243 244
243 245
243 246
243 247
243 248
243 249
243 301
243 302
243 357
243 521
243 522
243 523
244 211
244 212
244 239
244 240
244 241
244 242
244 243
244 245
244 246
244 247
244 248
244 249
244 432
244 433
244 435
244 436
244 437
244 521
245 240
245 241
245 242
245 243
245 244
245 246
245 247
245 248
245 249
245 250
245 353
245 354
245 356
245 357
245 360
245 374
245 432
245 433
245 436
245 437
246 240
246 241
246 242
246 243
246 244
246 245
246 247
246 248
246 249
246 250
246 251
246 301
246 302
246 303
246 353
246 354
246 357
247 241
247 242
247 243
247 244
247 245
247 246
247 248
247 249
247 250
247 251
247 302
247 432
247 433
247 436
248 242
248 243
248 244
248 245
248 246
248 247
248 249
248 250
248 251
248 252
248 353
248 428
248 429
248 430
248 431
248 432
248 433
248 434
248 435
248 436
248 437
249 243
249 244
249 245
249 246
249 247
249 248
249 250
249 251
249 252
249 302
249 303
249 349
249 350
249 353
249 354
249 425
249 428
249 429
249 432
249 433
250 245
250 246
250 247
250 248
250 249
250 251
250 252
250 253
250 257
250 302
250 429
250 432
251 246
251 247
251 248
251 249
251 250
251 252
251 253
251 254
251 257
251 425
251 428
251 429
251 431
251 432
252 248
252 249
252 250
252 251
252 253
252 254
252 255
252 256
252 257
252 258
252 260
252 424
252 425
252 426
252 428
252 429
253 250
253 251
253 252
253 254
253 255
253 256
253 257
253 258
253 421
253 422
253 424
253 425
253 428
254 251
254 252
254 253
254 255
254 256
254 257
254 258
254 259
254 260
255 252
255 253
255 254
255 256
255 257
255 258
255 259
255 260
255 339
255 342
255 421
256 252
256 253
256 254
256 255
256 257
256 258
256 259
256 260
256 261
256 262
256 339
256 342
256 343
256 345
256 346
256 421
256 422
256 425
257 250
257 251
257 252
257 253
257 254
257 255
257 256
257 258
257 259
257 260
257 261
257 262
257 263
257 346
258 252
258 253
258 254
258 255
258 256
258 257
258 259
258 260
258 261
258 262
258 263
258 264
258 339
259 254
259 255
259 256
259 257
259 258
259 260
259 261
259 262
259 263
259 264
259 265
259 309
259 333
259 338
259 339
259 340
259 341
259 342
259 343
259 346
260 252
260 254
260 255
260 256
260 257
260 258
260 259
260 261
260 262
260 263
260 264
260 265
260 266
260 305
260 306
260 308
260 309
260 342
260 343
260 346
260 347
261 256
261 257
261 258
261 259
261 260
261 262
261 263
261 264
261 265
261 266
261 267
262 256
262 257
262 258
262 259
262 260
262 261
262 263
262 264
262 265
262 266
262 267
262 268
262 330
262 333
262 339
262 343
263 257
263 258
263 259
263 260
263 261
263 262
263 264
263 265
263 266
263 267
263 268
263 269
263 305
263 308
263 309
263 312
263 313
263 330
263 333
263 334
263 343
264 258
264 259
264 260
264 261
264 262
264 263
264 265
264 266
264 267
264 268
264 269
264 296
264 297
264 305
264 308
264 309
264 312
265 259
265 260
265 261
265 262
265 263
265 264
265 266
265 267
265 268
265 269
265 270
265 271
265 272
265 297
265 330
266 260
266 261
266 262
266 263
266 264
266 265
266 267
266 268
266 269
266 270
266 271
266 272
266 312
266 319
266 320
266 323
266 328
266 330
266 331
266 333
267 261
267 262
267 263
267 264
267 265
267 266
267 268
267 269
267 270
267 271
267 272
267 277
267 294
267 295
267 296
267 297
267 308
267 309
267 311
267 312
267 319
268 262
268 263
268 264
268 265
268 266
268 267
268 269
268 270
268 271
268 272
268 273
268 294
268 295
268 296
268 297
269 263
269 264
269 265
269 266
269 267
269 268
269 270
269 271
269 272
269 273
269 276
269 277
269 323
269 328
269 330
270 265
270 266
270 267
270 268
270 269
270 271
270 272
270 273
270 274
270 275
270 276
270 277
270 278
270 279
270 280
270 294
270 296
270 319
270 322
270 323
271 265
271 266
271 267
271 268
271 269
271 270
271 272
271 273
271 274
271 275
271 276
271 277
271 278
271 280
271 293
271 294
271 295
271 296
271 297
272 265
272 266
272 267
272 268
272 269
272 270
272 271
272 273
272 274
272 275
272 276
272 277
272 296
273 268
273 269
273 270
273 271
273 272
273 274
273 275
273 276
273 277
273 278
273 279
274 270
274 271
274 272
274 273
274 275
274 276
274 277
274 278
274 279
275 270
275 271
275 272
275 273
275 274
275 276
275 277
275 278
275 279
275 280
275 281
276 269
276 270
276 271
276 272
276 273
276 274
276 275
276 277
276 278
276 279
276 280
276 281
276 282
276 322
276 323
276 326
277 267
277 269
277 270
277 271
277 272
277 273
277 274
277 275
277 276
277 278
277 279
277 280
277 281
277 282
277 283
277 292
277 293
277 294
278 270
278 271
278 273
278 274
278 275
278 276
278 277
278 279
278 280
278 281
278 282
278 283
278 284
278 292
278 293
279 270
279 273
279 274
279 275
279 276
279 277
279 278
279 280
279 281
279 282
279 283
279 284
279 285
279 292
279 322
280 270
280 271
280 275
280 276
280 277
280 278
280 279
280 281
280 282
280 283
280 284
280 285
280 286
280 292
280 293
280 294
280 315
280 318
280 319
280 321
280 322
280 323
281 275
281 276
281 277
281 278
281 279
281 280
281 282
281 283
281 284
281 285
281 286
281 287
281 289
281 291
281 292
281 293
281 294
281 318
282 276
282 277
282 278
282 279
282 280
282 281
282 283
282 284
282 285
282 286
282 287
282 288
282 292
282 293
283 277
283 278
283 279
283 280
283 281
283 282
283 284
283 285
283 286
283 287
283 288
283 289
283 292
283 318
283 319
283 321
283 322
284 278
284 279
284 280
284 281
284 282
284 283
284 285
284 286
284 287
284 288
284 289
284 290
284 291
284 292
284 293
284 315
284 318
284 319
285 279
285 280
285 281
285 282
285 283
285 284
285 286
285 287
285 288
285 289
285 290
285 291
285 292
285 293
286 280
286 281
286 282
286 283
286 284
286 285
286 287
286 288
286 289
286 292
287 281
287 282
287 283
287 284
287 285
287 286
287 288
287 289
287 290
287 292
287 318
288 282
288 283
288 284
288 285
288 286
288 287
288 289
288 290
288 291
288 292
289 281
289 283
289 284
289 285
289 286
289 287
289 288
289 290
289 291
289 292
289 293
289 314
289 315
289 318
290 284
290 285
290 287
290 288
290 289
290 291
290 292
290 293
290 314
290 315
291 281
291 284
291 285
291 288
291 289
291 290
291 292
291 293
291 294
291 311
291 314
291 315
292 277
292 278
292 279
292 280
292 281
292 282
292 283
292 284
292 285
292 286
292 287
292 288
292 289
292 290
292 291
292 293
292 294
292 311
292 315
293 271
293 277
293 278
293 280
293 281
293 282
293 284
293 285
293 289
293 290
293 291
293 292
293 294
293 295
293 296
293 311
293 312
293 315
294 267
294 268
294 270
294 271
294 277
294 280
294 281
294 291
294 292
294 293
294 295
294 296
294 297
294 307
294 308
294 309
294 310
294 311
294 312
294 314
294 315
294 319
295 267
295 268
295 271
295 293
295 294
295 296
295 297
295 298
295 304
295 305
295 307
295 308
295 309
295 310
295 311
295 312
296 264
296 267
296 268
296 270
296 271
296 272
296 293
296 294
296 295
296 297
296 298
296 299
296 304
296 305
296 307
296 308
297 264
297 265
297 267
297 268
297 271
297 294
297 295
297 296
297 298
297 299
297 300
297 301
297 302
297 304
297 305
297 307
297 308
298 295
298 296
298 297
298 299
298 300
298 301
298 302
298 304
298 305
299 296
299 297
299 298
299 300
299 301
299 302
299 304
299 305
300 297
300 298
300 299
300 301
300 302
300 303
300 304
301 243
301 246
301 297
301 298
301 299
301 300
301 302
301 303
301 304
301 305
302 243
302 246
302 247
302 249
302 250
302 297
302 298
302 299
302 300
302 301
302 303
302 304
302 305
302 306
302 350
302 353
302 354
303 242
303 246
303 249
303 300
303 301
303 302
303 304
303 305
303 306
303 307
303 308
303 350
303 351
303 353
303 354
303 355
303 357
303 358
304 295
304 296
304 297
304 298
304 299
304 300
304 301
304 302
304 303
304 305
304 306
304 307
304 308
304 309
304 350
304 351
304 354
305 260
305 263
305 264
305 295
305 296
305 297
305 298
305 299
305 301
305 302
305 303
305 304
305 306
305 307
305 308
305 309
305 310
305 311
305 346
305 347
305 350
305 351
305 354
306 260
306 302
306 303
306 304
306 305
306 307
306 308
306 309
306 310
306 311
306 312
306 346
306 347
306 348
306 349
306 350
306 351
306 352
306 353
306 354
306 355
307 294
307 295
307 296
307 297
307 303
307 304
307 305
307 306
307 308
307 309
307 310
307 311
307 312
307 313
307 347
307 348
307 350
307 351
307 354
308 260
308 263
308 264
308 267
308 294
308 295
308 296
308 297
308 303
308 304
308 305
308 306
308 307
308 309
308 310
308 311
308 312
308 313
308 314
308 347
308 350
308 351
309 259
309 260
309 263
309 264
309 267
309 294
309 295
309 304
309 305
309 306
309 307
309 308
309 310
309 311
309 312
309 313
309 314
309 315
309 316
309 343
309 344
309 345
309 346
309 347
309 348
309 350
309 351
310 294
310 295
310 305
310 306
310 307
310 308
310 309
310 311
310 312
310 313
310 314
310 315
310 316
310 343
310 344
310 345
310 346
310 347
310 348
310 350
310 351
310 400
311 267
311 291
311 292
311 293
311 294
311 295
311 305
311 306
311 307
311 308
311 309
311 310
311 312
311 313
311 314
311 315
311 316
311 347
312 263
312 264
312 266
312 267
312 293
312 294
312 295
312 306
312 307
312 308
312 309
312 310
312 311
312 313
312 314
312 315
312 316
312 317
312 318
312 319
312 340
312 343
312 344
312 347
313 263
313 307
313 308
313 309
313 310
313 311
313 312
313 314
313 315
313 316
313 317
313 318
313 319
313 334
313 340
313 341
313 343
313 344
313 345
313 346
313 347
313 400
313 404
314 289
314 290
314 291
314 294
314 308
314 309
314 310
314 311
314 312
314 313
314 315
314 316
314 317
314 318
314 319
314 344
314 347
314 400
315 280
315 284
315 289
315 290
315 291
315 292
315 293
315 294
315 309
315 310
315 311
315 312
315 313
315 314
315 316
315 317
315 318
315 319
315 320
316 309
316 310
316 311
316 312
316 313
316 314
316 315
316 317
316 318
316 319
316 320
316 321
316 322
316 331
316 334
316 335
316 340
316 343
317 312
317 313
317 314
317 315
317 316
317 318
317 319
317 320
317 321
317 322
317 323
317 331
317 334
317 335
318 280
318 281
318 283
318 284
318 287
318 289
318 312
318 313
318 314
318 315
318 316
318 317
318 319
318 320
318 321
318 322
318 323
318 324
319 266
319 267
319 270
319 280
319 283
319 284
319 294
319 312
319 313
319 314
319 315
319 316
319 317
319 318
319 320
319 321
319 322
319 323
319 324
319 325
319 330
319 331
319 334
320 266
320 315
320 316
320 317
320 318
320 319
320 321
320 322
320 323
320 324
320 325
320 326
320 328
320 330
320 331
320 332
320 333
320 334
320 335
321 280
321 283
321 316
321 317
321 318
321 319
321 320
321 322
321 323
321 324
321 325
321 326
321 327
321 331
321 334
322 270
322 276
322 279
322 280
322 283
322 316
322 317
322 318
322 319
322 320
322 321
322 323
322 324
322 325
322 326
322 327
322 328
322 331
323 266
323 269
323 270
323 276
323 280
323 317
323 318
323 319
323 320
323 321
323 322
323 324
323 325
323 326
323 327
323 328
323 329
323 330
323 331
323 332
323 334
324 318
324 319
324 320
324 321
324 322
324 323
324 325
324 326
324 327
324 328
324 329
324 330
324 331
324 332
325 319
325 320
325 321
325 322
325 323
325 324
325 326
325 327
325 328
325 331
326 276
326 320
326 321
326 322
326 323
326 324
326 325
326 327
326 328
326 329
326 330
326 331
327 321
327 322
327 323
327 324
327 325
327 326
327 328
327 329
327 330
327 331
328 266
328 269
328 320
328 322
328 323
328 324
328 325
328 326
328 327
328 329
328 330
328 331
328 332
329 323
329 324
329 326
329 327
329 328
329 330
329 331
329 332
329 333
330 262
330 263
330 265
330 266
330 269
330 319
330 320
330 323
330 324
330 326
330 327
330 328
330 329
330 331
330 332
330 333
330 334
330 335
331 266
331 316
331 317
331 319
331 320
331 321
331 322
331 323
331 324
331 325
331 326
331 327
331 328
331 329
331 330
331 332
331 333
331 334
331 335
331 336
332 320
332 323
332 324
332 328
332 329
332 330
332 331
332 333
332 334
332 335
332 336
333 259
333 262
333 263
333 266
333 320
333 329
333 330
333 331
333 332
333 334
333 335
333 336
333 337
333 338
333 339
333 340
334 263
334 313
334 316
334 317
334 319
334 320
334 321
334 323
334 330
334 331
334 332
334 333
334 335
334 336
334 337
334 338
334 339
334 340
334 341
334 343
335 316
335 317
335 320
335 330
335 331
335 332
335 333
335 334
335 336
335 337
335 338
335 339
335 340
336 331
336 332
336 333
336 334
336 335
336 337
336 338
336 339
336 340
336 341
336 342
337 333
337 334
337 335
337 336
337 338
337 339
337 340
337 341
337 342
337 343
337 404
337 408
337 409
337 410
337 411
337 414
338 259
338 333
338 334
338 335
338 336
338 337
338 339
338 340
338 341
338 342
338 343
338 344
338 410
338 411
338 414
338 415
338 417
338 418
339 255
339 256
339 258
339 259
339 262
339 333
339 334
339 335
339 336
339 337
339 338
339 340
339 341
339 342
339 343
339 344
339 345
339 418
340 259
340 312
340 313
340 316
340 333
340 334
340 335
340 336
340 337
340 338
340 339
340 341
340 342
340 343
340 344
340 345
340 346
340 401
340 404
341 259
341 313
341 334
341 336
341 337
341 338
341 339
341 340
341 342
341 343
341 344
341 345
341 346
341 347
341 400
341 401
341 402
341 404
341 405
341 408
341 410
341 414
341 415
341 418
342 255
342 256
342 259
342 260
342 336
342 337
342 338
342 339
342 340
342 341
342 343
342 344
342 345
342 346
342 347
342 401
342 418
342 419
342 421
342 422
343 256
343 259
343 260
343 262
343 263
343 309
343 310
343 312
343 313
343 316
343 334
343 337
343 338
343 339
343 340
343 341
343 342
343 344
343 345
343 346
343 347
343 348
343 400
343 401
344 309
344 310
344 312
344 313
344 314
344 338
344 339
344 340
344 341
344 342
344 343
344 345
344 346
344 347
344 348
344 349
344 398
344 399
344 400
344 401
344 402
344 403
344 404
344 405
345 256
345 309
345 310
345 313
345 339
345 340
345 341
345 342
345 343
345 344
345 346
345 347
345 348
345 349
345 350
345 351
345 395
345 397
345 398
345 399
345 400
345 401
345 402
345 404
345 418
345 422
346 256
346 257
346 259
346 260
346 305
346 306
346 309
346 310
346 313
346 340
346 341
346 342
346 343
346 344
346 345
346 347
346 348
346 349
346 350
346 351
346 352
346 398
346 400
346 401
346 422
347 260
347 305
347 306
347 307
347 308
347 309
347 310
347 311
347 312
347 313
347 314
347 341
347 342
347 343
347 344
347 345
347 346
347 348
347 349
347 350
347 351
347 352
347 398
347 399
347 400
347 401
348 306
348 307
348 309
348 310
348 343
348 344
348 345
348 346
348 347
348 349
348 350
348 351
348 352
348 353
348 354
348 397
348 398
348 399
348 400
348 401
348 402
349 249
349 306
349 344
349 345
349 346
349 347
349 348
349 350
349 351
349 352
349 353
349 354
349 355
349 397
349 398
349 399
349 400
349 401
349 422
349 425
349 426
350 249
350 302
350 303
350 304
350 305
350 306
350 307
350 308
350 309
350 310
350 345
350 346
350 347
350 348
350 349
350 351
350 352
350 353
350 354
350 355
350 356
351 303
351 304
351 305
351 306
351 307
351 308
351 309
351 310
351 345
351 346
351 347
351 348
351 349
351 350
351 352
351 353
351 354
351 355
351 356
351 357
351 398
352 306
352 346
352 347
352 348
352 349
352 350
352 351
352 353
352 354
352 355
352 356
352 357
352 358
352 377
352 397
352 398
353 245
353 246
353 248
353 249
353 302
353 303
353 306
353 348
353 349
353 350
353 351
353 352
353 354
353 355
353 356
353 357
353 358
353 377
354 242
354 245
354 246
354 249
354 302
354 303
354 304
354 305
354 306
354 307
354 348
354 349
354 350
354 351
354 352
354 353
354 355
354 356
354 357
354 358
354 359
354 360
355 303
355 306
355 349
355 350
355 351
355 352
355 353
355 354
355 356
355 357
355 358
355 359
355 360
355 361
356 242
356 245
356 350
356 351
356 352
356 353
356 354
356 355
356 357
356 358
356 359
356 360
356 361
356 370
356 373
356 374
356 376
356 377
357 241
357 242
357 243
357 245
357 246
357 303
357 351
357 352
357 353
357 354
357 355
357 356
357 358
357 359
357 360
357 361
357 362
357 370
357 373
357 374
358 242
358 303
358 352
358 353
358 354
358 355
358 356
358 357
358 359
358 360
358 361
358 362
359 354
359 355
359 356
359 357
359 358
359 360
359 361
359 362
359 365
359 369
359 370
359 373
360 241
360 242
360 245
360 354
360 355
360 356
360 357
360 358
360 359
360 361
360 362
360 363
360 365
360 366
360 367
360 369
360 370
360 371
360 373
360 374
360 520
360 521
360 523
361 241
361 242
361 355
361 356
361 357
361 358
361 359
361 360
361 362
361 363
361 364
361 365
361 370
361 520
361 521
361 522
361 523
361 524
362 357
362 358
362 359
362 360
362 361
362 363
362 364
362 365
362 366
362 521
362 523
362 524
363 169
363 360
363 361
363 362
363 364
363 365
363 366
363 523
363 524
364 166
364 167
364 168
364 169
364 361
364 362
364 363
364 365
364 366
364 367
364 369
364 493
364 494
364 495
364 519
365 359
365 360
365 361
365 362
365 363
365 364
365 366
365 367
365 368
365 369
365 370
365 516
365 519
365 520
365 521
366 360
366 362
366 363
366 364
366 365
366 367
366 368
366 369
366 370
366 371
366 493
366 494
366 495
366 515
366 516
366 517
366 518
366 519
366 520
366 521
367 241
367 360
367 364
367 365
367 366
367 368
367 369
367 370
367 371
367 372
367 445
367 515
367 516
367 517
367 518
367 519
367 520
367 521
368 365
368 366
368 367
368 369
368 370
368 371
368 372
368 373
368 442
368 445
368 446
368 448
368 449
368 451
368 452
368 515
368 516
368 520
369 359
369 360
369 364
369 365
369 366
369 367
369 368
369 370
369 371
369 372
369 373
369 374
369 375
369 452
370 241
370 242
370 356
370 357
370 359
370 360
370 361
370 365
370 366
370 367
370 368
370 369
370 371
370 372
370 373
370 374
370 375
370 376
370 520
370 521
371 241
371 360
371 366
371 367
371 368
371 369
371 370
371 372
371 373
371 374
371 375
371 376
371 377
371 437
371 441
371 442
371 445
372 367
372 368
372 369
372 370
372 371
372 373
372 374
372 375
372 376
372 377
372 378
372 442
373 356
373 357
373 359
373 360
373 368
373 369
373 370
373 371
373 372
373 374
373 375
373 376
373 377
373 378
374 241
374 245
374 356
374 357
374 360
374 369
374 370
374 371
374 372
374 373
374 375
374 376
374 377
374 378
374 379
374 380
374 433
374 434
374 437
375 369
375 370
375 371
375 372
375 373
375 374
375 376
375 377
375 378
375 379
375 380
375 381
375 433
375 434
375 437
375 439
375 442
376 356
376 370
376 371
376 372
376 373
376 374
376 375
376 377
376 378
376 379
376 380
376 381
377 352
377 353
377 356
377 371
377 372
377 373
377 374
377 375
377 376
377 378
377 379
377 380
377 381
377 382
377 383
377 430
377 433
378 372
378 373
378 374
378 375
378 376
378 377
378 379
378 380
378 381
378 382
378 383
378 429
378 430
378 431
378 433
378 434
378 437
379 374
379 375
379 376
379 377
379 378
379 380
379 381
379 382
379 383
379 384
379 430
380 374
380 375
380 376
380 377
380 378
380 379
380 381
380 382
380 383
380 384
380 385
380 386
380 397
380 430
381 375
381 376
381 377
381 378
381 379
381 380
381 382
381 383
381 384
381 385
381 386
381 387
381 423
381 426
381 427
381 429
381 430
381 433
382 377
382 378
382 379
382 380
382 381
382 383
382 384
382 385
382 386
382 387
382 426
382 427
382 430
383 377
383 378
383 379
383 380
383 381
383 382
383 384
383 385
383 386
383 387
383 388
383 389
384 379
384 380
384 381
384 382
384 383
384 385
384 386
384 387
384 388
384 389
384 390
384 393
384 394
384 395
384 396
384 397
384 398
384 422
384 423
384 426
384 427
385 380
385 381
385 382
385 383
385 384
385 386
385 387
385 388
385 389
385 390
385 393
385 422
385 423
385 424
385 425
385 426
385 427
385 430
386 380
386 381
386 382
386 383
386 384
386 385
386 387
386 388
386 389
386 390
386 393
386 394
386 423
387 381
387 382
387 383
387 384
387 385
387 386
387 388
387 389
387 390
387 391
387 392
387 393
387 394
387 395
387 396
387 397
387 423
388 383
388 384
388 385
388 386
388 387
388 389
388 390
388 391
388 392
388 393
388 394
388 395
388 419
388 420
388 422
388 423
389 383
389 384
389 385
389 386
389 387
389 388
389 390
389 391
389 392
389 393
389 394
389 419
389 420
389 423
390 384
390 385
390 386
390 387
390 388
390 389
390 391
390 392
390 393
390 394
391 387
391 388
391 389
391 390
391 392
391 393
391 394
392 387
392 388
392 389
392 390
392 391
392 393
392 394
393 384
393 385
393 386
393 387
393 388
393 389
393 390
393 391
393 392
393 394
393 395
393 396
393 419
394 384
394 386
394 387
394 388
394 389
394 390
394 391
394 392
394 393
394 395
394 396
394 397
394 398
394 402
394 419
395 345
395 384
395 387
395 388
395 393
395 394
395 396
395 397
395 398
395 399
395 400
395 401
395 402
395 403
395 405
395 419
396 384
396 387
396 393
396 394
396 395
396 397
396 398
396 399
396 400
396 401
396 402
396 403
397 345
397 348
397 349
397 352
397 380
397 384
397 387
397 394
397 395
397 396
397 398
397 399
397 400
397 401
397 402
398 344
398 345
398 346
398 347
398 348
398 349
398 351
398 352
398 384
398 394
398 395
398 396
398 397
398 399
398 400
398 401
398 402
398 403
398 404
399 344
399 345
399 347
399 348
399 349
399 395
399 396
399 397
399 398
399 400
399 401
399 402
399 403
399 404
399 405
400 310
400 313
400 314
400 341
400 343
400 344
400 345
400 346
400 347
400 348
400 349
400 395
400 396
400 397
400 398
400 399
400 401
400 402
400 403
400 404
400 405
400 406
401 340
401 341
401 342
401 343
401 344
401 345
401 346
401 347
401 348
401 349
401 395
401 396
401 397
401 398
401 399
401 400
401 402
401 403
401 404
401 405
401 406
401 407
402 341
402 344
402 345
402 348
402 394
402 395
402 396
402 397
402 398
402 399
402 400
402 401
402 403
402 404
402 405
402 406
402 407
403 344
403 395
403 396
403 398
403 399
403 400
403 401
403 402
403 404
403 405
403 406
403 407
403 408
404 313
404 337
404 340
404 341
404 344
404 345
404 398
404 399
404 400
404 401
404 402
404 403
404 405
404 406
404 407
404 408
404 409
404 410
405 341
405 344
405 395
405 399
405 400
405 401
405 402
405 403
405 404
405 406
405 407
405 408
405 409
405 410
405 411
405 415
406 400
406 401
406 402
406 403
406 404
406 405
406 407
406 408
406 409
406 410
407 401
407 402
407 403
407 404
407 405
407 406
407 408
407 409
407 410
408 337
408 341
408 403
408 404
408 405
408 406
408 407
408 409
408 410
408 411
409 337
409 404
409 405
409 406
409 407
409 408
409 410
409 411
409 412
410 337
410 338
410 341
410 404
410 405
410 406
410 407
410 408
410 409
410 411
410 412
410 413
410 414
410 415
411 337
411 338
411 405
411 408
411 409
411 410
411 412
411 413
411 414
411 415
411 416
412 409
412 410
412 411
412 413
412 414
412 415
412 416
412 417
412 418
413 410
413 411
413 412
413 414
413 415
413 416
413 417
413 418
413 419
414 337
414 338
414 341
414 410
414 411
414 412
414 413
414 415
414 416
414 417
414 418
414 419
414 420
415 338
415 341
415 405
415 410
415 411
415 412
415 413
415 414
415 416
415 417
415 418
415 419
415 420
415 421
416 411
416 412
416 413
416 414
416 415
416 417
416 418
416 419
416 420
416 421
416 422
417 338
417 412
417 413
417 414
417 415
417 416
417 418
417 419
417 420
417 421
417 422
417 423
418 338
418 339
418 341
418 342
418 345
418 412
418 413
418 414
418 415
418 416
418 417
418 419
418 420
418 421
418 422
418 423
418 424
419 342
419 388
419 389
419 393
419 394
419 395
419 413
419 414
419 415
419 416
419 417
419 418
419 420
419 421
419 422
419 423
419 424
419 425
420 388
420 389
420 414
420 415
420 416
420 417
420 418
420 419
420 421
420 422
420 423
420 424
420 425
420 426
421 253
421 255
421 256
421 342
421 415
421 416
421 417
421 418
421 419
421 420
421 422
421 423
421 424
421 425
421 426
421 427
422 253
422 256
422 342
422 345
422 346
422 349
422 384
422 385
422 388
422 416
422 417
422 418
422 419
422 420
422 421
422 423
422 424
422 425
422 426
422 427
422 428
423 381
423 384
423 385
423 386
423 387
423 388
423 389
423 417
423 418
423 419
423 420
423 421
423 422
423 424
423 425
423 426
423 427
423 428
423 429
424 252
424 253
424 385
424 418
424 419
424 420
424 421
424 422
424 423
424 425
424 426
424 427
424 428
424 429
424 430
425 249
425 251
425 252
425 253
425 256
425 349
425 385
425 419
425 420
425 421
425 422
425 423
425 424
425 426
425 427
425 428
425 429
425 430
425 431
426 252
426 349
426 381
426 382
426 384
426 385
426 420
426 421
426 422
426 423
426 424
426 425
426 427
426 428
426 429
426 430
426 431
426 432
427 381
427 382
427 384
427 385
427 421
427 422
427 423
427 424
427 425
427 426
427 428
427 429
427 430
427 431
427 432
427 433
428 248
428 249
428 251
428 252
428 253
428 422
428 423
428 424
428 425
428 426
428 427
428 429
428 430
428 431
428 432
428 433
428 434
429 248
429 249
429 250
429 251
429 252
429 378
429 381
429 423
429 424
429 425
429 426
429 427
429 428
429 430
429 431
429 432
429 433
429 434
429 435
430 248
430 377
430 378
430 379
430 380
430 381
430 382
430 385
430 424
430 425
430 426
430 427
430 428
430 429
430 431
430 432
430 433
430 434
430 435
431 248
431 251
431 378
431 425
431 426
431 427
431 428
431 429
431 430
431 432
431 433
431 434
431 435
431 436
431 437
431 438
432 244
432 245
432 247
432 248
432 249
432 250
432 251
432 426
432 427
432 428
432 429
432 430
432 431
432 433
432 434
432 435
432 436
432 437
432 438
433 244
433 245
433 247
433 248
433 249
433 374
433 375
433 377
433 378
433 381
433 427
433 428
433 429
433 430
433 431
433 432
433 434
433 435
433 436
433 437
433 438
433 439
434 248
434 374
434 375
434 378
434 428
434 429
434 430
434 431
434 432
434 433
434 435
434 436
434 437
434 438
434 439
434 440
435 244
435 248
435 429
435 430
435 431
435 432
435 433
435 434
435 436
435 437
435 438
435 439
436 239
436 241
436 244
436 245
436 247
436 248
436 431
436 432
436 433
436 434
436 435
436 437
436 438
436 439
437 241
437 244
437 245
437 248
437 371
437 374
437 375
437 378
437 431
437 432
437 433
437 434
437 435
437 436
437 438
437 439
437 440
437 441
437 442
438 431
438 432
438 433
438 434
438 435
438 436
438 437
438 439
438 440
438 441
438 442
438 443
439 375
439 433
439 434
439 435
439 436
439 437
439 438
439 440
439 441
439 442
439 443
439 444
440 434
440 437
440 438
440 439
440 441
440 442
440 443
440 444
440 445
440 446
441 371
441 437
441 438
441 439
441 440
441 442
441 443
441 444
441 445
441 446
442 368
442 371
442 372
442 375
442 437
442 438
442 439
442 440
442 441
442 443
442 444
442 445
442 446
442 447
442 448
443 438
443 439
443 440
443 441
443 442
443 444
443 445
443 446
443 447
443 448
443 449
444 439
444 440
444 441
444 442
444 443
444 445
444 446
444 447
444 448
444 449
444 467
445 367
445 368
445 371
445 440
445 441
445 442
445 443
445 444
445 446
445 447
445 448
445 449
445 450
445 451
445 515
446 368
446 440
446 441
446 442
446 443
446 444
446 445
446 447
446 448
446 449
446 450
446 451
446 452
446 466
447 442
447 443
447 444
447 445
447 446
447 448
447 449
447 450
447 451
447 465
447 466
447 467
447 468
448 368
448 442
448 443
448 444
448 445
448 446
448 447
448 449
448 450
448 451
448 452
448 453
448 454
448 466
448 467
448 468
448 511
448 512
448 515
449 368
449 443
449 444
449 445
449 446
449 447
449 448
449 450
449 451
449 452
449 453
449 454
449 456
449 466
450 445
450 446
450 447
450 448
450 449
450 451
450 452
450 453
450 454
450 455
450 456
450 457
450 462
450 463
450 466
450 476
450 480
450 508
450 512
451 368
451 445
451 446
451 447
451 448
451 449
451 450
451 452
451 453
451 454
451 455
451 476
451 494
451 495
451 498
451 508
451 509
451 511
451 512
451 513
451 515
451 516
452 368
452 369
452 446
452 448
452 449
452 450
452 451
452 453
452 454
452 455
452 456
452 489
452 494
452 512
453 448
453 449
453 450
453 451
453 452
453 454
453 455
453 456
453 457
453 480
453 486
453 489
453 494
454 448
454 449
454 450
454 451
454 452
454 453
454 455
454 456
454 457
454 458
454 476
454 477
454 479
454 480
454 481
454 486
454 489
454 508
455 450
455 451
455 452
455 453
455 454
455 456
455 457
455 458
455 476
455 477
455 478
455 479
455 480
455 481
455 482
455 483
455 485
455 486
455 489
456 449
456 450
456 452
456 453
456 454
456 455
456 457
456 458
456 459
456 462
456 463
456 476
456 477
456 480
456 481
457 450
457 453
457 454
457 455
457 456
457 458
457 459
457 460
457 461
457 462
457 463
457 464
457 466
457 473
457 476
457 477
457 478
457 479
457 480
457 481
458 454
458 455
458 456
458 457
458 459
458 460
458 461
458 462
458 463
458 476
458 477
458 478
458 479
458 480
458 481
459 456
459 457
459 458
459 460
459 461
459 462
459 463
459 464
459 476
459 477
459 480
459 481
460 457
460 458
460 459
460 461
460 462
460 463
460 464
460 465
460 473
460 474
460 476
460 477
461 457
461 458
461 459
461 460
461 462
461 463
461 464
461 465
461 466
462 450
462 456
462 457
462 458
462 459
462 460
462 461
462 463
462 464
462 465
462 466
462 477
463 450
463 456
463 457
463 458
463 459
463 460
463 461
463 462
463 464
463 465
463 466
463 467
463 468
463 470
463 472
463 473
463 474
463 476
463 477
464 457
464 459
464 460
464 461
464 462
464 463
464 465
464 466
464 467
464 468
464 469
464 470
464 473
465 447
465 460
465 461
465 462
465 463
465 464
465 466
465 467
465 468
466 446
466 447
466 448
466 449
466 450
466 457
466 461
466 462
466 463
466 464
466 465
466 467
466 468
466 469
466 472
466 473
467 444
467 447
467 448
467 463
467 464
467 465
467 466
467 468
467 469
467 470
467 472
467 473
468 447
468 448
468 463
468 464
468 465
468 466
468 467
468 469
468 470
468 471
468 472
468 473
468 474
468 476
468 508
468 511
469 464
469 466
469 467
469 468
469 470
469 471
469 472
469 473
469 474
469 475
469 507
470 463
470 464
470 467
470 468
470 469
470 471
470 472
470 473
470 474
470 475
470 476
471 468
471 469
471 470
471 472
471 473
471 474
471 475
471 476
471 507
471 508
472 463
472 466
472 467
472 468
472 469
472 470
472 471
472 473
472 474
472 475
472 476
472 477
472 478
472 505
472 506
472 507
472 508
472 509
472 511
473 457
473 460
473 463
473 464
473 466
473 467
473 468
473 469
473 470
473 471
473 472
473 474
473 475
473 476
473 477
473 478
473 479
473 507
473 508
474 460
474 463
474 468
474 469
474 470
474 471
474 472
474 473
474 475
474 476
474 477
474 478
474 479
474 505
474 508
475 469
475 470
475 471
475 472
475 473
475 474
475 476
475 477
475 478
475 479
475 480
475 504
475 505
475 506
475 507
475 508
475 509
476 450
476 451
476 454
476 455
476 456
476 457
476 458
476 459
476 460
476 463
476 468
476 470
476 471
476 472
476 473
476 474
476 475
476 477
476 478
476 479
476 480
476 481
476 505
476 507
476 508
477 454
477 455
477 456
477 457
477 458
477 459
477 460
477 462
477 463
477 472
477 473
477 474
477 475
477 476
477 478
477 479
477 480
477 481
477 482
478 455
478 457
478 458
478 472
478 473
478 474
478 475
478 476
478 477
478 479
478 480
478 481
478 482
478 504
478 505
479 454
479 455
479 457
479 458
479 473
479 474
479 475
479 476
479 477
479 478
479 480
479 481
479 482
479 483
479 484
479 485
479 486
479 501
479 504
479 505
479 508
480 450
480 453
480 454
480 455
480 456
480 457
480 458
480 459
480 475
480 476
480 477
480 478
480 479
480 481
480 482
480 483
480 485
480 486
481 454
481 455
481 456
481 457
481 458
481 459
481 476
481 477
481 478
481 479
481 480
481 482
481 483
481 484
481 485
481 486
482 455
482 477
482 478
482 479
482 480
482 481
482 483
482 484
482 485
482 486
482 487
483 455
483 479
483 480
483 481
483 482
483 484
483 485
483 486
483 487
483 488
483 489
484 479
484 481
484 482
484 483
484 485
484 486
484 487
484 488
484 489
485 455
485 479
485 480
485 481
485 482
485 483
485 484
485 486
485 487
485 488
485 489
485 490
485 497
485 500
485 501
486 453
486 454
486 455
486 479
486 480
486 481
486 482
486 483
486 484
486 485
486 487
486 488
486 489
486 490
486 491
486 497
487 482
487 483
487 484
487 485
487 486
487 488
487 489
487 490
487 491
487 492
488 483
488 484
488 485
488 486
488 487
488 489
488 490
488 491
488 492
488 493
488 496
488 497
488 500
488 501
489 452
489 453
489 454
489 455
489 483
489 484
489 485
489 486
489 487
489 488
489 490
489 491
489 492
489 493
489 494
489 496
489 497
489 498
489 500
489 501
490 485
490 486
490 487
490 488
490 489
490 491
490 492
490 493
490 494
490 497
491 486
491 487
491 488
491 489
491 490
491 492
491 493
491 494
491 496
491 497
492 165
492 166
492 487
492 488
492 489
492 490
492 491
492 493
492 494
492 495
492 496
492 497
492 498
492 500
493 165
493 166
493 167
493 364
493 366
493 488
493 489
493 490
493 491
493 492
493 494
493 495
493 496
493 497
493 498
493 499
494 166
494 364
494 366
494 451
494 452
494 453
494 489
494 490
494 491
494 492
494 493
494 495
494 496
494 497
494 498
494 499
494 512
494 513
494 516
495 162
495 165
495 166
495 167
495 364
495 366
495 451
495 492
495 493
495 494
495 496
495 497
495 498
495 499
495 500
495 509
495 512
495 513
495 515
495 516
495 517
496 162
496 163
496 164
496 165
496 166
496 167
496 488
496 489
496 491
496 492
496 493
496 494
496 495
496 497
496 498
496 499
496 500
496 501
496 513
497 165
497 166
497 485
497 486
497 488
497 489
497 490
497 491
497 492
497 493
497 494
497 495
497 496
497 498
497 499
497 500
497 501
497 502
497 509
497 512
497 513
498 165
498 166
498 451
498 489
498 492
498 493
498 494
498 495
498 496
498 497
498 499
498 500
498 501
498 502
498 505
498 506
498 508
498 509
498 510
498 511
498 512
498 513
498 516
499 162
499 163
499 164
499 165
499 166
499 167
499 493
499 494
499 495
499 496
499 497
499 498
499 500
499 501
499 502
499 503
499 505
499 506
499 509
499 510
499 512
499 513
500 164
500 165
500 166
500 485
500 488
500 489
500 492
500 495
500 496
500 497
500 498
500 499
500 501
500 502
500 503
500 504
500 505
500 509
501 479
501 485
501 488
501 489
501 496
501 497
501 498
501 499
501 500
501 502
501 503
501 504
501 505
501 506
501 508
501 509
501 510
502 497
502 498
502 499
502 500
502 501
502 503
502 504
502 505
502 506
502 507
502 508
502 509
502 510
502 513
503 499
503 500
503 501
503 502
503 504
503 505
503 506
503 507
503 509
504 475
504 478
504 479
504 500
504 501
504 502
504 503
504 505
504 506
504 507
504 508
504 509
505 472
505 474
505 475
505 476
505 478
505 479
505 498
505 499
505 500
505 501
505 502
505 503
505 504
505 506
505 507
505 508
505 509
505 510
506 472
506 475
506 498
506 499
506 501
506 502
506 503
506 504
506 505
506 507
506 508
506 509
506 510
506 511
506 512
507 469
507 471
507 472
507 473
507 475
507 476
507 502
507 503
507 504
507 505
507 506
507 508
507 509
507 510
507 511
507 512
507 513
508 450
508 451
508 454
508 468
508 471
508 472
508 473
508 474
508 475
508 476
508 479
508 498
508 501
508 502
508 504
508 505
508 506
508 507
508 509
508 510
508 511
508 512
508 513
508 514
509 451
509 472
509 475
509 495
509 497
509 498
509 499
509 500
509 501
509 502
509 503
509 504
509 505
509 506
509 507
509 508
509 510
509 511
509 512
509 513
509 514
509 515
510 498
510 499
510 501
510 502
510 505
510 506
510 507
510 508
510 509
510 511
510 512
510 513
510 514
510 515
511 448
511 451
511 468
511 472
511 498
511 506
511 507
511 508
511 509
511 510
511 512
511 513
511 514
511 515
511 516
512 448
512 450
512 451
512 452
512 494
512 495
512 497
512 498
512 499
512 506
512 507
512 508
512 509
512 510
512 511
512 513
512 514
512 515
512 516
512 517
513 138
513 161
513 162
513 167
513 451
513 494
513 495
513 496
513 497
513 498
513 499
513 502
513 507
513 508
513 509
513 510
513 511
513 512
513 514
513 515
513 516
513 517
513 518
514 138
514 139
514 140
514 206
514 207
514 235
514 236
514 508
514 509
514 510
514 511
514 512
514 513
514 515
514 516
514 517
514 518
515 206
515 207
515 236
515 366
515 367
515 368
515 445
515 448
515 451
515 495
515 509
515 510
515 511
515 512
515 513
515 514
515 516
515 517
515 518
515 519
516 140
516 167
516 207
516 365
516 366
516 367
516 368
516 451
516 494
516 495
516 498
516 511
516 512
516 513
516 514
516 515
516 517
516 518
516 519
516 520
517 138
517 139
517 140
517 141
517 159
517 160
517 161
517 162
517 167
517 205
517 206
517 207
517 208
517 366
517 367
517 495
517 512
517 513
517 514
517 515
517 516
517 518
517 519
517 520
518 139
518 140
518 141
518 142
518 159
518 160
518 161
518 205
518 206
518 207
518 208
518 209
518 235
518 236
518 237
518 238
518 366
518 367
518 513
518 514
518 515
518 516
518 517
518 519
518 520
518 521
519 140
519 141
519 142
519 143
519 158
519 159
519 160
519 169
519 207
519 208
519 209
519 210
519 236
519 237
519 238
519 239
519 240
519 241
519 364
519 365
519 366
519 367
519 515
519 516
519 517
519 518
519 520
519 521
519 522
519 523
519 524
520 142
520 207
520 208
520 209
520 210
520 237
520 238
520 239
520 240
520 241
520 242
520 360
520 361
520 365
520 366
520 367
520 368
520 370
520 516
520 517
520 518
520 519
520 521
520 522
520 523
521 142
521 143
521 209
521 210
521 211
521 238
521 239
521 240
521 241
521 242
521 243
521 244
521 360
521 361
521 362
521 365
521 366
521 367
521 370
521 518
521 519
521 520
521 522
521 523
521 524
521 525
521 526
522 141
522 142
522 143
522 144
522 156
522 157
522 158
522 209
522 210
522 211
522 238
522 239
522 240
522 241
522 242
522 243
522 361
522 519
522 520
522 521
522 523
522 524
522 525
522 526
522 527
522 528
523 142
523 143
523 144
523 158
523 210
523 211
523 240
523 241
523 242
523 243
523 360
523 361
523 362
523 363
523 519
523 520
523 521
523 522
523 524
523 525
523 526
523 527
523 528
523 529
524 142
524 143
524 144
524 156
524 157
524 158
524 159
524 169
524 170
524 171
524 361
524 362
524 363
524 519
524 521
524 522
524 523
524 525
524 526
524 527
524 528
524 529
524 530
524 553
525 142
525 143
525 144
525 145
525 146
525 155
525 156
525 157
525 158
525 171
525 174
525 210
525 211
525 521
525 522
525 523
525 524
525 526
525 527
525 528
525 529
525 530
525 531
526 143
526 144
526 145
526 146
526 156
526 521
526 522
526 523
526 524
526 525
526 527
526 528
526 529
526 530
526 531
526 532
527 522
527 523
527 524
527 525
527 526
527 528
527 529
527 530
527 531
527 532
527 553
528 144
528 156
528 157
528 158
528 171
528 174
528 522
528 523
528 524
528 525
528 526
528 527
528 529
528 530
528 531
528 532
528 533
528 534
528 549
528 550
528 552
528 553
529 144
529 145
529 146
529 147
529 148
529 154
529 155
529 156
529 523
529 524
529 525
529 526
529 527
529 528
529 530
529 531
529 532
529 533
529 534
529 535
529 549
530 148
530 524
530 525
530 526
530 527
530 528
530 529
530 531
530 532
530 533
530 534
530 535
531 74
531 525
531 526
531 527
531 528
531 529
531 530
531 532
531 533
531 534
531 535
531 536
531 545
531 548
531 549
531 552
531 553
532 74
532 148
532 149
532 154
532 526
532 527
532 528
532 529
532 530
532 531
532 533
532 534
532 535
532 536
532 537
532 545
532 546
532 548
532 549
532 552
533 147
533 148
533 149
533 528
533 529
533 530
533 531
533 532
533 534
533 535
533 536
533 537
533 538
533 541
533 545
534 74
534 75
534 528
534 529
534 530
534 531
534 532
534 533
534 535
534 536
534 537
534 538
534 540
535 71
535 74
535 75
535 76
535 529
535 530
535 531
535 532
535 533
535 534
535 536
535 537
535 538
535 539
535 540
535 541
535 543
535 544
535 545
535 546
535 548
535 549
535 552
536 148
536 149
536 150
536 531
536 532
536 533
536 534
536 535
536 537
536 538
536 539
536 540
536 541
536 542
536 543
536 544
536 545
537 148
537 149
537 150
537 532
537 533
537 534
537 535
537 536
537 538
537 539
537 540
537 541
537 542
537 543
538 149
538 150
538 533
538 534
538 535
538 536
538 537
538 539
538 540
538 541
538 542
539 535
539 536
539 537
539 538
539 540
539 541
539 542
539 543
540 76
540 149
540 150
540 534
540 535
540 536
540 537
540 538
540 539
540 541
540 542
540 543
540 544
540 545
541 148
541 149
541 150
541 151
541 152
541 533
541 535
541 536
541 537
541 538
541 539
541 540
541 542
541 543
541 544
541 545
542 149
542 150
542 536
542 537
542 538
542 539
542 540
542 541
542 543
542 544
542 545
543 535
543 536
543 537
543 539
543 540
543 541
543 542
543 544
543 545
543 546
543 547
543 548
544 115
544 176
544 535
544 536
544 540
544 541
544 542
544 543
544 545
544 546
544 547
544 548
544 549
545 71
545 119
545 174
545 531
545 532
545 533
545 535
545 536
545 540
545 541
545 542
545 543
545 544
545 546
545 547
545 548
545 549
545 550
546 118
546 119
546 122
546 173
546 174
546 175
546 176
546 532
546 535
546 543
546 544
546 545
546 547
546 548
546 549
546 550
546 551
546 552
547 71
547 115
547 116
547 117
547 118
547 119
547 120
547 121
547 122
547 123
547 125
547 126
547 174
547 543
547 544
547 545
547 546
547 548
547 549
547 550
547 551
547 552
547 553
548 67
548 68
548 70
548 71
548 72
548 73
548 74
548 75
548 77
548 115
548 118
548 119
548 121
548 122
548 531
548 532
548 535
548 543
548 544
548 545
548 546
548 547
548 549
548 550
548 551
548 552
548 553
549 71
549 72
549 74
549 118
549 122
549 171
549 173
549 174
549 528
549 529
549 531
549 532
549 535
549 544
549 545
549 546
549 547
549 548
549 550
549 551
549 552
549 553
549 554
550 71
550 72
550 118
550 119
550 121
550 122
550 123
550 124
550 125
550 126
550 170
550 171
550 172
550 173
550 174
550 528
550 545
550 546
550 547
550 548
550 549
550 551
550 552
550 553
550 554
550 555
550 556
551 67
551 68
551 69
551 70
551 71
551 72
551 73
551 74
551 118
551 119
551 120
551 121
551 122
551 123
551 124
551 125
551 126
551 171
551 546
551 547
551 548
551 549
551 550
551 552
551 553
551 554
551 555
551 556
551 557
551 558
552 68
552 69
552 70
552 71
552 72
552 73
552 74
552 75
552 118
552 122
552 171
552 528
552 531
552 532
552 535
552 546
552 547
552 548
552 549
552 550
552 551
552 553
552 554
552 555
553 71
553 72
553 74
553 158
553 169
553 170
553 171
553 524
553 527
553 528
553 531
553 547
553 548
553 549
553 550
553 551
553 552
553 554
553 555
553 556
554 72
554 122
554 125
554 126
554 129
554 158
554 169
554 170
554 171
554 172
554 549
554 550
554 551
554 552
554 553
554 555
554 556
554 557
554 558
555 125
555 129
555 168
555 169
555 170
555 171
555 550
555 551
555 552
555 553
555 554
555 556
555 557
555 558
556 125
556 126
556 128
556 129
556 168
556 169
556 170
556 171
556 550
556 551
556 553
556 554
556 555
556 557
556 558
556 559
557 68
557 121
557 124
557 125
557 128
557 551
557 554
557 555
557 556
557 558
557 559
557 560
558 65
558 68
558 121
558 122
558 123
558 124
558 125
558 126
558 128
558 551
558 554
558 555
558 556
558 557
558 559
558 560
558 561
558 562
558 563
559 121
559 124
559 125
559 128
559 556
559 557
559 558
559 560
559 561
559 562
559 563
559 564
560 61
560 64
560 65
560 121
560 124
560 557
560 558
560 559
560 561
560 562
560 563
560 564
560 565
561 61
561 558
561 559
561 560
561 562
561 563
561 564
561 565
561 566
562 124
562 558
562 559
562 560
562 561
562 563
562 564
562 565
562 566
562 567
563 61
563 64
563 120
563 121
563 124
563 558
563 559
563 560
563 561
563 562
563 564
563 565
563 566
563 567
563 568
564 57
564 58
564 60
564 61
564 64
564 559
564 560
564 561
564 562
564 563
564 565
564 566
564 567
564 568
564 569
565 57
565 560
565 561
565 562
565 563
565 564
565 566
565 567
565 568
565 569
566 561
566 562
566 563
566 564
566 565
566 567
566 568
566 569
566 570
567 57
567 60
567 562
567 563
567 564
567 565
567 566
567 568
567 569
567 570
567 571
568 57
568 563
568 564
568 565
568 566
568 567
568 569
568 570
568 571
569 564
569 565
569 566
569 567
569 568
569 570
569 571
569 572
570 566
570 567
570 568
570 569
570 571
570 572
571 567
571 568
571 569
571 570
571 572
572 569
572 570
572 571
