0 1
0 2
0 3
1 0
1 2
1 3
2 0
2 1
2 3
2 4
3 0
3 1
3 2
3 4
3 5
4 2
4 3
4 5
4 6
5 3
5 4
5 6
5 7
6 4
6 5
6 7
6 8
7 5
7 6
7 8
7 9
8 6
8 7
8 9
8 10
9 7
9 8
9 10
9 11
10 8
10 9
10 11
10 12
11 9
11 10
11 12
11 13
12 10
12 11
12 13
12 14
12 15
13 11
13 12
13 14
13 15
13 16
14 12
14 13
14 15
14 16
14 17
15 12
15 13
15 14
15 16
15 17
15 18
16 13
16 14
16 15
16 17
16 18
16 19
17 14
17 15
17 16
17 18
17 19
17 20
17 290
18 15
18 16
18 17
18 19
18 20
18 21
19 16
19 17
19 18
19 20
19 21
19 22
19 299
20 17
20 18
20 19
20 21
20 22
20 23
20 288
20 290
21 18
21 19
21 20
21 22
21 23
21 24
22 19
22 20
22 21
22 23
22 24
22 25
23 20
23 21
23 22
23 24
23 25
23 26
23 40
23 301
24 21
24 22
24 23
24 25
24 26
24 27
24 40
24 41
25 22
25 23
25 24
25 26
25 27
25 28
25 29
25 39
25 40
25 41
25 42
25 301
25 302
26 23
26 24
26 25
26 27
26 28
26 29
26 30
26 39
26 40
26 41
26 42
26 45
26 46
26 301
27 24
27 25
27 26
27 28
27 29
27 30
27 39
27 40
27 41
27 42
27 43
27 44
27 45
27 46
27 47
27 48
27 49
27 301
28 25
28 26
28 27
28 29
28 30
28 31
28 38
28 39
28 40
28 41
28 42
28 43
28 45
28 46
28 47
28 49
28 50
29 25
29 26
29 27
29 28
29 30
29 31
29 32
29 37
29 38
29 39
29 40
29 41
29 42
29 43
29 46
29 302
29 303
29 304
30 26
30 27
30 28
30 29
30 31
30 32
30 33
30 34
30 37
30 38
30 39
30 40
30 41
30 303
30 304
31 28
31 29
31 30
31 32
31 33
31 34
31 35
31 36
31 37
31 38
31 39
31 40
31 303
31 304
31 305
32 29
32 30
32 31
32 33
32 34
32 35
32 36
32 37
32 38
32 39
32 40
32 303
32 304
33 30
33 31
33 32
33 34
33 35
33 36
33 37
33 38
33 39
33 305
34 30
34 31
34 32
34 33
34 35
34 36
34 37
34 38
35 31
35 32
35 33
35 34
35 36
35 37
35 38
35 304
35 305
36 31
36 32
36 33
36 34
36 35
36 37
36 38
36 303
36 304
36 305
36 306
36 323
37 29
37 30
37 31
37 32
37 33
37 34
37 35
37 36
37 38
37 39
37 40
37 302
37 303
37 304
37 305
37 306
37 307
37 322
37 323
38 28
38 29
38 30
38 31
38 32
38 33
38 34
38 35
38 36
38 37
38 39
38 40
38 41
38 302
38 303
38 304
38 305
38 306
39 25
39 26
39 27
39 28
39 29
39 30
39 31
39 32
39 33
39 37
39 38
39 40
39 41
39 301
39 302
39 303
39 304
39 305
39 306
40 23
40 24
40 25
40 26
40 27
40 28
40 29
40 30
40 31
40 32
40 37
40 38
40 39
40 41
40 42
40 43
40 254
40 300
40 301
40 302
40 303
40 304
40 306
41 24
41 25
41 26
41 27
41 28
41 29
41 30
41 38
41 39
41 40
41 42
41 43
41 44
41 45
41 46
41 300
41 301
41 302
41 303
41 304
42 25
42 26
42 27
42 28
42 29
42 40
42 41
42 43
42 44
42 45
42 46
42 47
42 297
42 298
42 299
42 300
42 301
42 302
42 303
43 27
43 28
43 29
43 40
43 41
43 42
43 44
43 45
43 46
43 47
43 48
43 179
43 181
43 207
43 296
43 297
43 298
43 299
43 300
43 301
43 302
43 303
43 325
44 27
44 41
44 42
44 43
44 45
44 46
44 47
44 48
44 49
44 50
44 178
44 179
44 207
44 208
44 296
44 297
44 298
44 299
44 300
44 301
45 26
45 27
45 28
45 41
45 42
45 43
45 44
45 46
45 47
45 48
45 49
45 50
45 51
45 298
45 299
45 300
45 301
46 26
46 27
46 28
46 29
46 41
46 42
46 43
46 44
46 45
46 47
46 48
46 49
46 50
46 51
46 52
46 179
46 298
46 325
47 27
47 28
47 42
47 43
47 44
47 45
47 46
47 48
47 49
47 50
47 51
47 52
47 177
47 178
47 179
47 180
47 207
47 298
47 325
47 326
47 327
48 27
48 43
48 44
48 45
48 46
48 47
48 49
48 50
48 51
48 52
48 53
48 177
48 178
48 179
48 298
49 27
49 28
49 44
49 45
49 46
49 47
49 48
49 50
49 51
49 52
49 53
49 54
50 28
50 44
50 45
50 46
50 47
50 48
50 49
50 51
50 52
50 53
50 54
50 177
50 326
50 327
51 45
51 46
51 47
51 48
51 49
51 50
51 52
51 53
51 54
51 55
51 56
51 57
51 59
51 60
51 176
51 177
51 178
51 327
52 46
52 47
52 48
52 49
52 50
52 51
52 53
52 54
52 55
52 56
53 48
53 49
53 50
53 51
53 52
53 54
53 55
53 56
54 49
54 50
54 51
54 52
54 53
54 55
54 56
54 57
54 58
54 59
54 60
55 51
55 52
55 53
55 54
55 56
55 57
55 58
55 59
55 60
56 51
56 52
56 53
56 54
56 55
56 57
56 58
56 59
56 60
56 61
57 51
57 54
57 55
57 56
57 58
57 59
57 60
57 61
57 62
57 176
57 177
58 54
58 55
58 56
58 57
58 59
58 60
58 61
58 62
58 63
58 65
58 176
59 51
59 54
59 55
59 56
59 57
59 58
59 60
59 61
59 62
59 176
59 177
59 329
60 51
60 54
60 55
60 56
60 57
60 58
60 59
60 61
60 62
60 63
60 175
60 176
60 177
60 178
60 327
60 328
60 329
60 330
61 56
61 57
61 58
61 59
61 60
61 62
61 63
61 64
61 65
61 175
61 176
61 177
61 328
61 329
61 330
62 57
62 58
62 59
62 60
62 61
62 63
62 64
62 65
62 173
62 174
62 175
62 176
62 177
62 328
62 329
62 330
62 331
62 332
62 334
63 58
63 60
63 61
63 62
63 64
63 65
63 66
63 176
63 329
63 330
63 331
64 61
64 62
64 63
64 65
64 66
64 67
64 69
64 164
64 329
64 330
64 331
65 58
65 61
65 62
65 63
65 64
65 66
65 67
65 68
65 69
65 70
65 330
66 63
66 64
66 65
66 67
66 68
66 69
66 70
67 64
67 65
67 66
67 68
67 69
67 70
67 71
67 73
68 65
68 66
68 67
68 69
68 70
68 71
68 72
68 73
68 74
69 64
69 65
69 66
69 67
69 68
69 70
69 71
69 72
69 73
69 74
69 77
70 65
70 66
70 67
70 68
70 69
70 71
70 72
70 73
70 74
71 67
71 68
71 69
71 70
71 72
71 73
71 74
71 75
71 77
71 78
71 81
71 100
71 104
71 105
72 68
72 69
72 70
72 71
72 73
72 74
72 75
72 77
72 78
72 104
72 105
72 106
73 67
73 68
73 69
73 70
73 71
73 72
73 74
73 75
73 76
73 77
73 78
74 68
74 69
74 70
74 71
74 72
74 73
74 75
74 76
74 77
74 78
75 71
75 72
75 73
75 74
75 76
75 77
75 78
75 79
75 80
76 73
76 74
76 75
76 77
76 78
76 79
76 80
76 81
77 69
77 71
77 72
77 73
77 74
77 75
77 76
77 78
77 79
77 80
77 81
77 82
77 83
78 71
78 72
78 73
78 74
78 75
78 76
78 77
78 79
78 80
78 81
78 82
78 83
78 84
78 97
78 100
79 75
79 76
79 77
79 78
79 80
79 81
79 82
79 83
79 84
79 85
79 93
79 96
79 97
80 75
80 76
80 77
80 78
80 79
80 81
80 82
80 83
80 84
80 85
80 86
80 93
81 71
81 76
81 77
81 78
81 79
81 80
81 82
81 83
81 84
81 85
81 86
81 87
81 93
81 96
81 97
81 100
82 77
82 78
82 79
82 80
82 81
82 83
82 84
82 85
82 86
82 87
82 88
82 91
82 92
82 93
82 94
82 95
82 96
82 97
82 98
82 99
82 100
83 77
83 78
83 79
83 80
83 81
83 82
83 84
83 85
83 86
83 87
83 88
83 91
83 92
83 93
83 94
83 96
83 97
84 78
84 79
84 80
84 81
84 82
84 83
84 85
84 86
84 87
84 88
84 89
84 90
84 93
84 96
85 79
85 80
85 81
85 82
85 83
85 84
85 86
85 87
85 88
85 89
85 90
85 91
85 92
85 93
85 95
85 96
85 97
85 99
85 100
86 80
86 81
86 82
86 83
86 84
86 85
86 87
86 88
86 89
86 90
86 91
86 92
86 93
86 94
86 95
86 96
86 97
86 99
87 81
87 82
87 83
87 84
87 85
87 86
87 88
87 89
87 90
87 91
87 92
87 93
87 96
88 82
88 83
88 84
88 85
88 86
88 87
88 89
88 90
88 91
88 96
89 84
89 85
89 86
89 87
89 88
89 90
89 91
89 92
89 95
89 96
90 84
90 85
90 86
90 87
90 88
90 89
90 91
90 92
90 93
90 95
90 96
91 82
91 83
91 85
91 86
91 87
91 88
91 89
91 90
91 92
91 93
91 94
91 95
91 96
92 82
92 83
92 85
92 86
92 87
92 89
92 90
92 91
92 93
92 94
92 95
92 96
92 97
92 98
93 79
93 80
93 81
93 82
93 83
93 84
93 85
93 86
93 87
93 90
93 91
93 92
93 94
93 95
93 96
93 97
93 98
93 99
94 82
94 83
94 86
94 91
94 92
94 93
94 95
94 96
94 97
94 98
94 99
94 100
95 82
95 85
95 86
95 89
95 90
95 91
95 92
95 93
95 94
95 96
95 97
95 98
95 99
95 100
95 101
96 79
96 81
96 82
96 83
96 84
96 85
96 86
96 87
96 88
96 89
96 90
96 91
96 92
96 93
96 94
96 95
96 97
96 98
96 99
96 100
96 101
96 102
97 78
97 79
97 81
97 82
97 83
97 85
97 86
97 92
97 93
97 94
97 95
97 96
97 98
97 99
97 100
97 101
97 102
97 103
97 104
98 82
98 92
98 93
98 94
98 95
98 96
98 97
98 99
98 100
98 101
98 102
98 103
98 104
99 82
99 85
99 86
99 93
99 94
99 95
99 96
99 97
99 98
99 100
99 101
99 102
99 103
99 104
100 71
100 78
100 81
100 82
100 85
100 94
100 95
100 96
100 97
100 98
100 99
100 101
100 102
100 103
100 104
100 105
100 106
100 107
101 95
101 96
101 97
101 98
101 99
101 100
101 102
101 103
101 104
101 105
101 106
101 107
102 96
102 97
102 98
102 99
102 100
102 101
102 103
102 104
102 105
102 106
102 107
102 108
103 97
103 98
103 99
103 100
103 101
103 102
103 104
103 105
103 106
103 107
103 108
104 71
104 72
104 97
104 98
104 99
104 100
104 101
104 102
104 103
104 105
104 106
104 107
104 108
105 71
105 72
105 100
105 101
105 102
105 103
105 104
105 106
105 107
105 108
105 109
105 110
106 72
106 100
106 101
106 102
106 103
106 104
106 105
106 107
106 108
106 109
106 110
107 100
107 101
107 102
107 103
107 104
107 105
107 106
107 108
107 109
107 110
108 102
108 103
108 104
108 105
108 106
108 107
108 109
108 110
108 111
109 105
109 106
109 107
109 108
109 110
109 111
109 112
110 105
110 106
110 107
110 108
110 109
110 111
110 112
110 113
110 115
110 117
111 108
111 109
111 110
111 112
111 113
111 114
111 115
111 116
111 117
112 109
112 110
112 111
112 113
112 114
112 115
112 116
112 117
113 110
113 111
113 112
113 114
113 115
113 116
114 111
114 112
114 113
114 115
114 116
114 117
115 110
115 111
115 112
115 113
115 114
115 116
115 117
115 118
115 119
116 111
116 112
116 113
116 114
116 115
116 117
116 118
116 119
116 120
117 110
117 111
117 112
117 114
117 115
117 116
117 118
117 119
117 120
118 115
118 116
118 117
118 119
118 120
118 121
118 132
118 133
118 136
119 115
119 116
119 117
119 118
119 120
119 121
119 122
119 132
119 133
119 136
120 116
120 117
120 118
120 119
120 121
120 122
120 123
120 124
120 129
120 130
120 132
120 133
120 136
121 118
121 119
121 120
121 122
121 123
121 124
121 125
121 129
121 130
121 133
122 119
122 120
122 121
122 123
122 124
122 125
122 129
122 130
122 133
123 120
123 121
123 122
123 124
123 125
123 126
124 120
124 121
124 122
124 123
124 125
124 126
124 127
124 128
124 129
124 130
125 121
125 122
125 123
125 124
125 126
125 127
125 128
125 129
125 130
126 123
126 124
126 125
126 127
126 128
126 129
126 130
126 131
127 124
127 125
127 126
127 128
127 129
127 130
127 131
127 132
127 133
128 124
128 125
128 126
128 127
128 129
128 130
128 131
128 132
128 133
129 120
129 121
129 122
129 124
129 125
129 126
129 127
129 128
129 130
129 131
129 132
129 133
129 134
129 135
130 120
130 121
130 122
130 124
130 125
130 126
130 127
130 128
130 129
130 131
130 132
130 133
130 134
130 135
131 126
131 127
131 128
131 129
131 130
131 132
131 133
131 134
131 135
131 136
132 118
132 119
132 120
132 127
132 128
132 129
132 130
132 131
132 133
132 134
132 135
132 136
132 137
132 138
133 118
133 119
133 120
133 121
133 122
133 127
133 128
133 129
133 130
133 131
133 132
133 134
133 135
133 136
133 137
133 138
133 139
134 129
134 130
134 131
134 132
134 133
134 135
134 136
134 137
134 138
134 139
134 140
135 129
135 130
135 131
135 132
135 133
135 134
135 136
135 137
135 138
135 139
135 140
135 141
136 118
136 119
136 120
136 131
136 132
136 133
136 134
136 135
136 137
136 138
136 139
136 140
136 141
136 142
137 132
137 133
137 134
137 135
137 136
137 138
137 139
137 140
137 141
137 142
138 132
138 133
138 134
138 135
138 136
138 137
138 139
138 140
138 141
138 142
138 143
138 144
139 133
139 134
139 135
139 136
139 137
139 138
139 140
139 141
139 142
139 143
139 144
139 145
139 146
140 134
140 135
140 136
140 137
140 138
140 139
140 141
140 142
140 143
140 144
140 145
141 135
141 136
141 137
141 138
141 139
141 140
141 142
141 143
141 144
142 136
142 137
142 138
142 139
142 140
142 141
142 143
142 144
142 145
143 138
143 139
143 140
143 141
143 142
143 144
143 145
143 146
144 138
144 139
144 140
144 141
144 142
144 143
144 145
144 146
144 147
145 139
145 140
145 142
145 143
145 144
145 146
145 147
145 148
146 139
146 143
146 144
146 145
146 147
146 148
146 149
147 144
147 145
147 146
147 148
147 149
147 150
147 152
147 153
148 145
148 146
148 147
148 149
148 150
148 151
148 152
148 153
148 154
149 146
149 147
149 148
149 150
149 151
149 152
149 153
149 154
149 155
150 147
150 148
150 149
150 151
150 152
150 153
150 154
150 155
151 148
151 149
151 150
151 152
151 153
151 154
151 155
151 156
151 157
151 347
151 348
151 410
152 147
152 148
152 149
152 150
152 151
152 153
152 154
152 155
152 156
152 157
152 158
152 347
153 147
153 148
153 149
153 150
153 151
153 152
153 154
153 155
153 156
153 157
153 158
153 159
154 148
154 149
154 150
154 151
154 152
154 153
154 155
154 156
154 157
154 158
154 159
154 160
154 347
154 410
155 149
155 150
155 151
155 152
155 153
155 154
155 156
155 157
155 158
155 159
155 160
155 343
155 344
155 345
155 346
155 347
155 410
156 151
156 152
156 153
156 154
156 155
156 157
156 158
156 159
156 160
156 161
156 343
156 344
157 151
157 152
157 153
157 154
157 155
157 156
157 158
157 159
157 160
157 161
157 162
158 152
158 153
158 154
158 155
158 156
158 157
158 159
158 160
158 161
158 162
158 163
158 342
158 343
158 344
158 345
159 153
159 154
159 155
159 156
159 157
159 158
159 160
159 161
159 162
159 163
159 341
159 342
159 343
159 344
159 345
160 154
160 155
160 156
160 157
160 158
160 159
160 161
160 162
160 163
160 164
160 165
160 333
160 343
161 156
161 157
161 158
161 159
161 160
161 162
161 163
161 164
161 165
161 333
161 343
162 157
162 158
162 159
162 160
162 161
162 163
162 164
162 165
162 166
162 331
162 332
162 333
162 334
162 335
162 338
162 339
162 341
162 342
162 343
163 158
163 159
163 160
163 161
163 162
163 164
163 165
163 166
163 330
163 331
163 332
163 333
163 334
164 64
164 160
164 161
164 162
164 163
164 165
164 166
164 329
164 330
164 331
164 332
164 333
164 334
164 335
165 160
165 161
165 162
165 163
165 164
165 166
165 167
165 168
165 330
165 331
165 332
165 333
165 334
165 335
165 336
165 338
166 162
166 163
166 164
166 165
166 167
166 168
166 169
166 170
166 172
166 173
166 174
166 330
166 331
166 332
166 333
166 334
166 335
166 336
167 165
167 166
167 168
167 169
167 170
167 171
167 172
167 173
167 174
167 333
167 334
167 335
167 336
167 337
167 338
168 165
168 166
168 167
168 169
168 170
168 171
168 172
168 173
168 335
169 166
169 167
169 168
169 170
169 171
169 172
169 173
169 335
170 166
170 167
170 168
170 169
170 171
170 172
170 173
170 174
170 334
170 335
171 167
171 168
171 169
171 170
171 172
171 173
171 174
171 175
171 335
171 336
172 166
172 167
172 168
172 169
172 170
172 171
172 173
172 174
172 175
172 334
172 335
172 336
172 337
172 338
173 62
173 166
173 167
173 168
173 169
173 170
173 171
173 172
173 174
173 175
173 176
173 333
173 334
173 335
173 336
173 337
174 62
174 166
174 167
174 170
174 171
174 172
174 173
174 175
174 176
174 177
174 178
174 179
174 206
174 208
174 328
174 329
174 330
174 332
174 333
174 334
174 335
174 336
174 337
175 60
175 61
175 62
175 171
175 172
175 173
175 174
175 176
175 177
175 178
175 179
175 208
175 328
175 334
175 336
176 51
176 57
176 58
176 59
176 60
176 61
176 62
176 63
176 173
176 174
176 175
176 177
176 178
176 179
176 327
176 328
176 329
176 330
176 334
177 47
177 48
177 50
177 51
177 57
177 59
177 60
177 61
177 62
177 174
177 175
177 176
177 178
177 179
177 180
177 326
177 327
177 328
177 329
178 44
178 47
178 48
178 51
178 60
178 174
178 175
178 176
178 177
178 179
178 180
178 181
178 206
178 207
178 208
178 298
178 326
178 327
178 328
178 329
179 43
179 44
179 46
179 47
179 48
179 174
179 175
179 176
179 177
179 178
179 180
179 181
179 204
179 205
179 206
179 207
179 208
179 209
179 297
179 298
179 325
179 326
179 327
179 328
179 329
180 47
180 177
180 178
180 179
180 181
180 182
180 183
180 203
180 204
180 205
180 206
180 207
180 208
180 209
180 297
180 324
180 325
180 326
180 327
180 328
180 329
180 332
180 339
180 340
181 43
181 178
181 179
181 180
181 182
181 183
181 184
181 203
181 204
181 205
181 206
181 207
181 297
181 298
181 304
181 322
181 323
181 324
181 325
181 326
181 327
181 328
181 340
182 180
182 181
182 183
182 184
182 185
182 202
182 203
182 204
182 205
182 206
182 304
182 321
182 322
182 323
182 324
182 325
182 326
182 340
182 341
182 343
183 180
183 181
183 182
183 184
183 185
183 199
183 201
183 202
183 203
183 204
183 205
183 214
183 305
183 320
183 321
183 322
183 323
183 324
183 325
183 340
183 341
183 342
183 343
184 181
184 182
184 183
184 185
184 186
184 198
184 199
184 200
184 201
184 202
184 203
184 204
184 305
184 307
184 319
184 320
184 321
184 322
184 323
184 324
184 344
185 182
185 183
185 184
185 186
185 187
185 188
185 198
185 199
185 200
185 201
185 202
185 203
185 218
185 219
185 220
185 307
185 308
185 309
185 310
185 318
185 319
185 320
185 321
185 322
185 345
186 184
186 185
186 187
186 188
186 189
186 193
186 194
186 195
186 197
186 198
186 199
186 200
186 201
186 202
186 220
186 307
186 309
186 310
186 317
186 318
186 319
186 320
186 321
187 185
187 186
187 188
187 189
187 190
187 191
187 192
187 193
187 194
187 195
187 196
187 197
187 198
187 199
187 200
187 201
187 220
187 221
187 316
187 317
187 318
187 319
187 320
188 185
188 186
188 187
188 189
188 190
188 191
188 192
188 193
188 194
188 195
188 220
188 221
188 222
188 310
188 311
188 315
188 316
188 317
188 318
188 319
189 186
189 187
189 188
189 190
189 191
189 192
189 193
189 194
189 195
189 315
189 316
189 317
189 318
189 319
190 187
190 188
190 189
190 191
190 192
190 193
190 194
190 195
190 315
190 316
190 317
190 318
191 187
191 188
191 189
191 190
191 192
191 193
191 194
191 195
191 196
191 316
191 317
192 187
192 188
192 189
192 190
192 191
192 193
192 194
192 195
192 196
192 197
193 186
193 187
193 188
193 189
193 190
193 191
193 192
193 194
193 195
193 196
193 197
193 198
193 200
194 186
194 187
194 188
194 189
194 190
194 191
194 192
194 193
194 195
194 196
194 197
194 198
194 199
194 200
194 318
194 319
195 186
195 187
195 188
195 189
195 190
195 191
195 192
195 193
195 194
195 196
195 197
195 198
195 199
196 187
196 191
196 192
196 193
196 194
196 195
196 197
196 198
196 199
196 200
197 186
197 187
197 192
197 193
197 194
197 195
197 196
197 198
197 199
197 200
197 201
197 346
198 184
198 185
198 186
198 187
198 193
198 194
198 195
198 196
198 197
198 199
198 200
198 201
198 202
198 319
198 346
199 183
199 184
199 185
199 186
199 187
199 194
199 195
199 196
199 197
199 198
199 200
199 201
199 202
199 319
199 320
199 321
199 344
199 345
199 346
200 184
200 185
200 186
200 187
200 193
200 194
200 196
200 197
200 198
200 199
200 201
200 202
200 219
200 344
200 345
200 346
200 347
200 348
201 183
201 184
201 185
201 186
201 187
201 197
201 198
201 199
201 200
201 202
201 203
201 218
201 219
201 220
201 320
201 342
201 343
201 344
201 345
201 346
201 347
202 182
202 183
202 184
202 185
202 186
202 198
202 199
202 200
202 201
202 203
202 204
202 205
202 218
202 320
202 321
202 322
202 323
202 340
202 341
202 342
202 343
202 344
202 345
202 346
203 180
203 181
203 182
203 183
203 184
203 185
203 201
203 202
203 204
203 205
203 214
203 217
203 218
203 322
203 339
203 340
203 341
203 342
203 343
203 344
203 345
204 179
204 180
204 181
204 182
204 183
204 184
204 202
204 203
204 205
204 206
204 207
204 214
204 322
204 324
204 325
204 333
204 338
204 339
204 340
204 341
204 342
204 343
204 344
205 179
205 180
205 181
205 182
205 183
205 202
205 203
205 204
205 206
205 207
205 208
205 209
205 210
205 211
205 213
205 214
205 297
205 325
205 336
205 338
205 339
205 340
205 341
205 342
206 174
206 178
206 179
206 180
206 181
206 182
206 204
206 205
206 207
206 208
206 209
206 210
206 214
206 296
206 297
206 298
206 325
206 326
206 327
206 328
206 336
206 339
206 340
206 341
207 43
207 44
207 47
207 178
207 179
207 180
207 181
207 204
207 205
207 206
207 208
207 209
207 210
207 211
207 296
207 297
207 298
207 299
207 300
207 325
207 326
207 327
208 44
208 174
208 175
208 178
208 179
208 180
208 205
208 206
208 207
208 209
208 210
208 211
208 295
208 296
208 297
208 298
208 299
209 179
209 180
209 205
209 206
209 207
209 208
209 210
209 211
209 212
209 213
209 214
209 295
209 296
209 297
209 298
209 336
209 339
209 340
210 205
210 206
210 207
210 208
210 209
210 211
210 212
210 213
210 214
210 215
210 292
210 293
210 294
210 295
210 296
210 297
210 298
210 299
210 340
211 205
211 207
211 208
211 209
211 210
211 212
211 213
211 214
211 215
211 216
211 250
211 251
211 258
211 259
211 260
211 291
211 292
211 293
211 294
211 295
211 296
211 297
211 299
211 300
212 209
212 210
212 211
212 213
212 214
212 215
212 216
212 217
212 249
212 250
212 251
212 258
212 259
212 260
212 261
212 262
212 291
212 292
212 293
212 294
212 295
212 296
213 205
213 209
213 210
213 211
213 212
213 214
213 215
213 216
213 217
213 218
213 292
213 293
213 296
213 339
213 340
214 183
214 203
214 204
214 205
214 206
214 209
214 210
214 211
214 212
214 213
214 215
214 216
214 217
214 218
214 297
214 339
214 340
214 341
215 210
215 211
215 212
215 213
215 214
215 216
215 217
215 218
215 219
215 249
215 250
215 251
215 260
215 292
215 310
215 311
215 312
215 340
216 211
216 212
216 213
216 214
216 215
216 217
216 218
216 219
216 243
216 340
217 203
217 212
217 213
217 214
217 215
217 216
217 218
217 219
217 220
217 339
217 340
217 341
217 342
218 185
218 201
218 202
218 203
218 213
218 214
218 215
218 216
218 217
218 219
218 220
218 221
218 223
218 310
218 340
218 342
219 185
219 200
219 201
219 215
219 216
219 217
219 218
219 220
219 221
219 222
219 223
219 224
219 345
219 406
219 409
220 185
220 186
220 187
220 188
220 201
220 217
220 218
220 219
220 221
220 222
220 223
220 224
220 225
220 243
220 312
220 316
220 318
220 406
220 409
221 187
221 188
221 218
221 219
221 220
221 222
221 223
221 224
221 225
221 242
221 243
221 404
221 405
221 406
221 407
221 408
221 409
222 188
222 219
222 220
222 221
222 223
222 224
222 225
222 226
222 241
222 242
222 243
222 312
222 313
222 316
222 404
222 406
223 218
223 219
223 220
223 221
223 222
223 224
223 225
223 226
223 241
223 242
223 243
223 244
223 245
223 246
223 247
223 312
223 313
223 316
223 404
224 219
224 220
224 221
224 222
224 223
224 225
224 226
224 227
224 240
224 241
224 242
224 243
224 244
224 403
224 404
224 405
224 406
224 408
224 409
225 220
225 221
225 222
225 223
225 224
225 226
225 227
225 228
225 240
225 241
225 242
225 243
225 401
225 402
225 403
225 404
225 405
225 406
226 222
226 223
226 224
226 225
226 227
226 228
226 229
226 237
226 238
226 239
226 240
226 241
226 242
226 243
226 245
226 401
226 402
226 403
226 404
227 224
227 225
227 226
227 228
227 229
227 230
227 237
227 238
227 240
227 241
227 242
227 245
227 401
227 402
227 403
228 225
228 226
228 227
228 229
228 230
228 231
228 237
228 238
228 400
228 401
228 402
229 226
229 227
229 228
229 230
229 231
229 232
229 233
229 234
229 237
229 365
229 399
229 400
229 401
229 402
230 227
230 228
230 229
230 231
230 232
230 233
230 234
230 235
230 236
230 237
230 238
230 363
230 365
230 399
230 400
230 401
230 402
231 228
231 229
231 230
231 232
231 233
231 234
231 235
231 236
231 237
231 363
231 365
231 387
231 388
231 394
231 396
231 397
231 398
231 399
231 400
231 401
231 402
232 229
232 230
232 231
232 233
232 234
232 235
232 236
232 388
232 392
232 393
232 394
232 398
232 399
232 400
233 229
233 230
233 231
233 232
233 234
233 235
233 236
233 237
233 392
233 393
233 394
233 400
234 229
234 230
234 231
234 232
234 233
234 235
234 236
234 237
234 238
234 363
234 380
234 383
234 384
234 392
234 400
234 401
234 402
235 230
235 231
235 232
235 233
235 234
235 236
235 237
235 238
235 392
236 230
236 231
236 232
236 233
236 234
236 235
236 237
236 238
236 239
237 226
237 227
237 228
237 229
237 230
237 231
237 233
237 234
237 235
237 236
237 238
237 239
237 240
237 401
237 402
238 226
238 227
238 228
238 230
238 234
238 235
238 236
238 237
238 239
238 240
238 241
238 402
239 226
239 236
239 237
239 238
239 240
239 241
239 242
239 244
240 224
240 225
240 226
240 227
240 237
240 238
240 239
240 241
240 242
240 243
240 244
240 245
241 222
241 223
241 224
241 225
241 226
241 227
241 238
241 239
241 240
241 242
241 243
241 244
241 245
241 246
241 404
242 221
242 222
242 223
242 224
242 225
242 226
242 227
242 239
242 240
242 241
242 243
242 244
242 245
242 246
242 247
242 313
243 216
243 220
243 221
243 222
243 223
243 224
243 225
243 226
243 240
243 241
243 242
243 244
243 245
243 246
243 247
243 248
243 312
243 313
244 223
244 224
244 239
244 240
244 241
244 242
244 243
244 245
244 246
244 247
244 248
245 223
245 226
245 227
245 240
245 241
245 242
245 243
245 244
245 246
245 247
245 248
245 265
245 266
245 313
246 223
246 241
246 242
246 243
246 244
246 245
246 247
246 248
246 249
246 265
246 266
246 267
246 312
246 313
246 314
247 223
247 242
247 243
247 244
247 245
247 246
247 248
247 249
247 260
247 261
247 262
247 263
247 264
247 265
247 266
247 267
247 312
247 313
247 314
248 243
248 244
248 245
248 246
248 247
248 249
248 250
248 259
248 260
248 261
248 262
248 263
248 264
248 265
248 266
248 267
248 268
248 269
248 311
248 312
248 313
248 314
249 212
249 215
249 246
249 247
249 248
249 250
249 251
249 257
249 258
249 259
249 260
249 261
249 266
249 267
249 268
249 269
249 270
249 292
249 310
249 311
249 312
249 313
249 314
249 315
249 316
249 317
250 211
250 212
250 215
250 248
250 249
250 251
250 252
250 253
250 256
250 257
250 258
250 259
250 260
250 261
250 268
250 269
250 270
250 289
250 290
250 291
250 292
250 309
250 310
250 311
250 312
250 313
250 314
250 317
251 211
251 212
251 215
251 249
251 250
251 252
251 253
251 256
251 257
251 258
251 259
251 260
251 270
251 290
251 292
251 308
251 309
251 310
251 311
251 312
251 317
251 318
251 319
251 320
252 250
252 251
252 253
252 254
252 255
252 256
252 257
252 258
252 259
252 270
252 287
252 288
252 289
252 290
252 307
252 308
252 309
252 310
252 311
252 319
252 320
253 250
253 251
253 252
253 254
253 255
253 256
253 257
253 258
253 288
253 300
253 301
253 302
253 303
253 306
253 307
253 308
253 309
253 310
253 320
254 40
254 252
254 253
254 255
254 256
254 257
254 287
254 288
254 300
254 301
254 302
254 303
254 308
255 252
255 253
255 254
255 256
255 257
255 258
255 284
255 285
255 286
255 287
255 288
255 289
255 301
256 250
256 251
256 252
256 253
256 254
256 255
256 257
256 258
256 259
256 270
256 286
256 287
256 288
256 289
256 290
256 300
256 301
257 249
257 250
257 251
257 252
257 253
257 254
257 255
257 256
257 258
257 259
257 260
257 268
257 269
257 270
257 271
257 273
257 274
257 287
257 288
257 289
257 290
257 291
257 292
257 309
257 310
258 211
258 212
258 249
258 250
258 251
258 252
258 253
258 255
258 256
258 257
258 259
258 260
258 261
258 268
258 270
258 288
258 289
258 290
258 291
258 292
258 293
258 294
258 295
258 310
259 211
259 212
259 248
259 249
259 250
259 251
259 252
259 256
259 257
259 258
259 260
259 261
259 262
259 266
259 267
259 268
259 269
259 270
259 271
259 289
259 290
259 291
259 292
259 293
259 311
259 312
260 211
260 212
260 215
260 247
260 248
260 249
260 250
260 251
260 257
260 258
260 259
260 261
260 262
260 263
260 266
260 267
260 268
260 269
260 290
260 291
260 292
260 293
260 294
260 312
261 212
261 247
261 248
261 249
261 250
261 258
261 259
261 260
261 262
261 263
261 264
261 265
261 266
261 267
261 268
261 290
261 291
261 292
261 293
261 294
262 212
262 247
262 248
262 259
262 260
262 261
262 263
262 264
262 265
262 266
262 291
262 292
262 293
262 294
263 247
263 248
263 260
263 261
263 262
263 264
263 265
263 266
263 267
264 247
264 248
264 261
264 262
264 263
264 265
264 266
264 267
265 245
265 246
265 247
265 248
265 261
265 262
265 263
265 264
265 266
265 267
265 268
266 245
266 246
266 247
266 248
266 249
266 259
266 260
266 261
266 262
266 263
266 264
266 265
266 267
266 268
266 269
266 313
267 246
267 247
267 248
267 249
267 259
267 260
267 261
267 263
267 264
267 265
267 266
267 268
267 269
267 270
267 271
267 313
267 314
268 248
268 249
268 250
268 257
268 258
268 259
268 260
268 261
268 265
268 266
268 267
268 269
268 270
268 271
268 272
268 289
268 314
269 248
269 249
269 250
269 257
269 259
269 260
269 266
269 267
269 268
269 270
269 271
269 272
269 273
269 274
269 311
269 312
269 313
269 314
269 315
270 249
270 250
270 251
270 252
270 256
270 257
270 258
270 259
270 267
270 268
270 269
270 271
270 272
270 273
270 274
270 275
270 276
270 287
270 288
270 289
270 311
270 314
271 257
271 259
271 267
271 268
271 269
271 270
271 272
271 273
271 274
271 275
271 276
271 277
271 287
271 289
272 268
272 269
272 270
272 271
272 273
272 274
272 275
272 276
272 277
273 257
273 269
273 270
273 271
273 272
273 274
273 275
273 276
273 277
273 278
273 279
273 287
274 257
274 269
274 270
274 271
274 272
274 273
274 275
274 276
274 277
274 278
274 279
274 286
274 287
274 288
274 289
275 270
275 271
275 272
275 273
275 274
275 276
275 277
275 278
275 279
275 280
275 287
276 270
276 271
276 272
276 273
276 274
276 275
276 277
276 278
276 279
276 280
276 281
277 271
277 272
277 273
277 274
277 275
277 276
277 278
277 279
277 280
277 281
277 282
277 283
277 284
277 285
277 286
277 287
278 273
278 274
278 275
278 276
278 277
278 279
278 280
278 281
278 282
278 283
278 284
278 285
278 286
278 287
279 273
279 274
279 275
279 276
279 277
279 278
279 280
279 281
279 282
280 275
280 276
280 277
280 278
280 279
280 281
280 282
280 283
280 284
281 276
281 277
281 278
281 279
281 280
281 282
281 283
281 284
281 285
282 277
282 278
282 279
282 280
282 281
282 283
282 284
282 285
283 277
283 278
283 280
283 281
283 282
283 284
283 285
283 286
284 255
284 277
284 278
284 280
284 281
284 282
284 283
284 285
284 286
284 287
285 255
285 277
285 278
285 281
285 282
285 283
285 284
285 286
285 287
285 288
286 255
286 256
286 274
286 277
286 278
286 283
286 284
286 285
286 287
286 288
286 289
287 252
287 254
287 255
287 256
287 257
287 270
287 271
287 273
287 274
287 275
287 277
287 278
287 284
287 285
287 286
287 288
287 289
288 20
288 252
288 253
288 254
288 255
288 256
288 257
288 258
288 270
288 274
288 285
288 286
288 287
288 289
288 290
289 250
289 252
289 255
289 256
289 257
289 258
289 259
289 268
289 270
289 271
289 274
289 286
289 287
289 288
289 290
289 291
289 292
290 17
290 20
290 250
290 251
290 252
290 256
290 257
290 258
290 259
290 260
290 261
290 288
290 289
290 291
290 292
290 293
290 294
290 295
291 211
291 212
291 250
291 257
291 258
291 259
291 260
291 261
291 262
291 289
291 290
291 292
291 293
291 294
291 295
292 210
292 211
292 212
292 213
292 215
292 249
292 250
292 251
292 257
292 258
292 259
292 260
292 261
292 262
292 289
292 290
292 291
292 293
292 294
292 295
292 296
293 210
293 211
293 212
293 213
293 258
293 259
293 260
293 261
293 262
293 290
293 291
293 292
293 294
293 295
293 296
294 210
294 211
294 212
294 258
294 260
294 261
294 262
294 290
294 291
294 292
294 293
294 295
294 296
294 299
295 208
295 209
295 210
295 211
295 212
295 258
295 290
295 291
295 292
295 293
295 294
295 296
295 297
295 298
295 299
295 300
296 43
296 44
296 206
296 207
296 208
296 209
296 210
296 211
296 212
296 213
296 292
296 293
296 294
296 295
296 297
296 298
296 299
296 300
297 42
297 43
297 44
297 179
297 180
297 181
297 205
297 206
297 207
297 208
297 209
297 210
297 211
297 214
297 295
297 296
297 298
297 299
297 300
297 301
297 302
298 42
298 43
298 44
298 45
298 46
298 47
298 48
298 178
298 179
298 181
298 206
298 207
298 208
298 209
298 210
298 295
298 296
298 297
298 299
298 300
298 301
299 19
299 42
299 43
299 44
299 45
299 207
299 208
299 210
299 211
299 294
299 295
299 296
299 297
299 298
299 300
299 301
299 302
300 40
300 41
300 42
300 43
300 44
300 45
300 207
300 211
300 253
300 254
300 256
300 295
300 296
300 297
300 298
300 299
300 301
300 302
300 303
301 23
301 25
301 26
301 27
301 39
301 40
301 41
301 42
301 43
301 44
301 45
301 253
301 254
301 255
301 256
301 297
301 298
301 299
301 300
301 302
301 303
302 25
302 29
302 37
302 38
302 39
302 40
302 41
302 42
302 43
302 253
302 254
302 297
302 299
302 300
302 301
302 303
302 304
302 305
302 306
302 308
302 321
302 322
303 29
303 30
303 31
303 32
303 36
303 37
303 38
303 39
303 40
303 41
303 42
303 43
303 253
303 254
303 300
303 301
303 302
303 304
303 305
303 306
303 307
303 308
303 321
303 322
303 323
304 29
304 30
304 31
304 32
304 35
304 36
304 37
304 38
304 39
304 40
304 41
304 181
304 182
304 302
304 303
304 305
304 306
304 307
304 321
304 322
304 323
304 324
304 325
305 31
305 33
305 35
305 36
305 37
305 38
305 39
305 183
305 184
305 302
305 303
305 304
305 306
305 307
305 308
305 320
305 321
305 322
305 323
305 324
306 36
306 37
306 38
306 39
306 40
306 253
306 302
306 303
306 304
306 305
306 307
306 308
306 319
306 320
306 321
306 322
306 323
307 37
307 184
307 185
307 186
307 252
307 253
307 303
307 304
307 305
307 306
307 308
307 309
307 318
307 319
307 320
307 321
307 322
307 323
308 185
308 251
308 252
308 253
308 254
308 302
308 303
308 305
308 306
308 307
308 309
308 310
308 318
308 319
308 320
308 321
308 322
309 185
309 186
309 250
309 251
309 252
309 253
309 257
309 307
309 308
309 310
309 311
309 317
309 318
309 319
309 320
309 321
310 185
310 186
310 188
310 215
310 218
310 249
310 250
310 251
310 252
310 253
310 257
310 258
310 308
310 309
310 311
310 312
310 316
310 317
310 318
310 319
310 320
311 188
311 215
311 248
311 249
311 250
311 251
311 252
311 259
311 269
311 270
311 309
311 310
311 312
311 313
311 314
311 315
311 316
311 317
311 318
311 319
312 215
312 220
312 222
312 223
312 243
312 246
312 247
312 248
312 249
312 250
312 251
312 259
312 260
312 269
312 310
312 311
312 313
312 314
312 315
312 316
312 317
312 318
313 222
313 223
313 242
313 243
313 245
313 246
313 247
313 248
313 249
313 250
313 266
313 267
313 269
313 311
313 312
313 314
313 315
313 316
313 317
314 246
314 247
314 248
314 249
314 250
314 267
314 268
314 269
314 270
314 311
314 312
314 313
314 315
314 316
314 317
315 188
315 189
315 190
315 249
315 269
315 311
315 312
315 313
315 314
315 316
315 317
315 318
316 187
316 188
316 189
316 190
316 191
316 220
316 222
316 223
316 249
316 310
316 311
316 312
316 313
316 314
316 315
316 317
316 318
317 186
317 187
317 188
317 189
317 190
317 191
317 249
317 250
317 251
317 309
317 310
317 311
317 312
317 313
317 314
317 315
317 316
317 318
317 319
317 320
318 185
318 186
318 187
318 188
318 189
318 190
318 194
318 220
318 251
318 307
318 308
318 309
318 310
318 311
318 312
318 315
318 316
318 317
318 319
318 320
318 321
319 184
319 185
319 186
319 187
319 188
319 189
319 194
319 198
319 199
319 251
319 252
319 306
319 307
319 308
319 309
319 310
319 311
319 317
319 318
319 320
319 321
320 183
320 184
320 185
320 186
320 187
320 199
320 201
320 202
320 251
320 252
320 253
320 305
320 306
320 307
320 308
320 309
320 310
320 317
320 318
320 319
320 321
320 322
320 323
321 182
321 183
321 184
321 185
321 186
321 199
321 202
321 302
321 303
321 304
321 305
321 306
321 307
321 308
321 309
321 318
321 319
321 320
321 322
321 323
321 324
322 37
322 181
322 182
322 183
322 184
322 185
322 202
322 203
322 204
322 302
322 303
322 304
322 305
322 306
322 307
322 308
322 320
322 321
322 323
322 324
322 325
323 36
323 37
323 181
323 182
323 183
323 184
323 202
323 303
323 304
323 305
323 306
323 307
323 320
323 321
323 322
323 324
323 325
324 180
324 181
324 182
324 183
324 184
324 204
324 304
324 305
324 321
324 322
324 323
324 325
324 326
325 43
325 46
325 47
325 179
325 180
325 181
325 182
325 183
325 204
325 205
325 206
325 207
325 304
325 322
325 323
325 324
325 326
325 327
325 328
326 47
326 50
326 177
326 178
326 179
326 180
326 181
326 182
326 206
326 207
326 324
326 325
326 327
326 328
326 329
327 47
327 50
327 51
327 60
327 176
327 177
327 178
327 179
327 180
327 181
327 206
327 207
327 325
327 326
327 328
327 329
328 60
328 61
328 62
328 174
328 175
328 176
328 177
328 178
328 179
328 180
328 181
328 206
328 325
328 326
328 327
328 329
328 330
328 331
328 332
328 333
328 334
329 59
329 60
329 61
329 62
329 63
329 64
329 164
329 174
329 176
329 177
329 178
329 179
329 180
329 326
329 327
329 328
329 330
329 331
329 332
329 333
329 334
330 60
330 61
330 62
330 63
330 64
330 65
330 163
330 164
330 165
330 166
330 174
330 176
330 328
330 329
330 331
330 332
330 333
330 334
331 62
331 63
331 64
331 162
331 163
331 164
331 165
331 166
331 328
331 329
331 330
331 332
331 333
331 334
332 62
332 162
332 163
332 164
332 165
332 166
332 174
332 180
332 328
332 329
332 330
332 331
332 333
332 334
332 335
333 160
333 161
333 162
333 163
333 164
333 165
333 166
333 167
333 173
333 174
333 204
333 328
333 329
333 330
333 331
333 332
333 334
333 335
333 336
333 337
333 338
333 339
333 341
334 62
334 162
334 163
334 164
334 165
334 166
334 167
334 170
334 172
334 173
334 174
334 175
334 176
334 328
334 329
334 330
334 331
334 332
334 333
334 335
334 336
334 337
334 338
334 339
335 162
335 164
335 165
335 166
335 167
335 168
335 169
335 170
335 171
335 172
335 173
335 174
335 332
335 333
335 334
335 336
335 337
335 338
335 339
335 341
336 165
336 166
336 167
336 171
336 172
336 173
336 174
336 175
336 205
336 206
336 209
336 333
336 334
336 335
336 337
336 338
336 339
336 340
336 341
337 167
337 172
337 173
337 174
337 333
337 334
337 335
337 336
337 338
337 339
337 340
337 341
338 162
338 165
338 167
338 172
338 204
338 205
338 333
338 334
338 335
338 336
338 337
338 339
338 340
338 341
338 342
339 162
339 180
339 203
339 204
339 205
339 206
339 209
339 213
339 214
339 217
339 333
339 334
339 335
339 336
339 337
339 338
339 340
339 341
339 342
340 180
340 181
340 182
340 183
340 202
340 203
340 204
340 205
340 206
340 209
340 210
340 213
340 214
340 215
340 216
340 217
340 218
340 336
340 337
340 338
340 339
340 341
340 342
340 343
341 159
341 162
341 182
341 183
341 202
341 203
341 204
341 205
341 206
341 214
341 217
341 333
341 335
341 336
341 337
341 338
341 339
341 340
341 342
341 343
341 344
342 158
342 159
342 162
342 183
342 201
342 202
342 203
342 204
342 205
342 217
342 218
342 338
342 339
342 340
342 341
342 343
342 344
342 345
343 155
343 156
343 158
343 159
343 160
343 161
343 162
343 182
343 183
343 201
343 202
343 203
343 204
343 340
343 341
343 342
343 344
343 345
344 155
344 156
344 158
344 159
344 184
344 199
344 200
344 201
344 202
344 203
344 204
344 341
344 342
344 343
344 345
344 346
344 347
345 155
345 158
345 159
345 185
345 199
345 200
345 201
345 202
345 203
345 219
345 342
345 343
345 344
345 346
345 347
345 348
345 409
345 410
346 155
346 197
346 198
346 199
346 200
346 201
346 202
346 344
346 345
346 347
346 348
346 349
346 407
346 409
346 410
347 151
347 152
347 154
347 155
347 200
347 201
347 344
347 345
347 346
347 348
347 349
347 350
347 406
347 407
347 408
347 409
347 410
348 151
348 200
348 345
348 346
348 347
348 349
348 350
348 351
348 405
348 406
348 407
348 408
348 409
348 410
349 346
349 347
349 348
349 350
349 351
349 352
349 405
349 406
349 407
349 408
349 410
350 347
350 348
350 349
350 351
350 352
350 353
350 359
350 360
350 361
350 404
350 405
350 406
350 407
350 408
350 409
350 410
351 348
351 349
351 350
351 352
351 353
351 354
351 357
351 358
351 359
351 360
351 361
351 362
351 377
351 378
351 379
351 403
351 404
351 405
351 406
351 407
351 408
352 349
352 350
352 351
352 353
352 354
352 355
352 356
352 357
352 358
352 359
352 360
352 361
352 362
352 377
352 378
352 379
352 405
353 350
353 351
353 352
353 354
353 355
353 356
353 357
353 358
353 359
353 360
353 361
353 362
353 363
353 364
353 376
353 377
353 378
353 379
353 380
353 381
353 382
353 383
354 351
354 352
354 353
354 355
354 356
354 357
354 358
354 359
354 360
354 361
354 371
354 372
354 373
354 376
354 377
354 378
354 379
354 382
354 383
355 352
355 353
355 354
355 356
355 357
355 358
355 359
355 361
355 371
355 372
355 376
355 377
355 378
355 379
355 381
355 382
355 383
355 386
356 352
356 353
356 354
356 355
356 357
356 358
356 359
356 360
356 361
356 378
356 379
356 381
356 382
357 351
357 352
357 353
357 354
357 355
357 356
357 358
357 359
357 360
357 361
357 377
357 378
357 379
358 351
358 352
358 353
358 354
358 355
358 356
358 357
358 359
358 360
358 361
358 379
359 350
359 351
359 352
359 353
359 354
359 355
359 356
359 357
359 358
359 360
359 361
359 362
359 378
359 379
359 380
359 381
359 382
360 350
360 351
360 352
360 353
360 354
360 356
360 357
360 358
360 359
360 361
360 362
360 363
360 377
360 378
360 379
360 380
360 403
360 404
360 405
360 407
360 408
361 350
361 351
361 352
361 353
361 354
361 355
361 356
361 357
361 358
361 359
361 360
361 362
361 363
361 364
361 376
361 377
361 378
361 379
361 380
361 381
361 382
361 383
361 402
361 403
361 404
361 405
362 351
362 352
362 353
362 359
362 360
362 361
362 363
362 364
362 377
362 378
362 379
362 380
362 381
362 383
362 401
362 402
362 403
362 404
362 405
363 230
363 231
363 234
363 353
363 360
363 361
363 362
363 364
363 365
363 376
363 377
363 378
363 379
363 380
363 382
363 383
363 384
363 400
363 401
363 402
363 403
363 404
363 405
364 353
364 361
364 362
364 363
364 365
364 366
364 368
364 374
364 375
364 376
364 377
364 378
364 379
364 383
364 399
364 400
364 401
364 402
364 403
364 404
365 229
365 230
365 231
365 363
365 364
365 366
365 367
365 368
365 369
365 370
365 371
365 373
365 374
365 375
365 376
365 377
365 378
365 383
365 398
365 399
365 400
365 401
365 402
365 403
366 364
366 365
366 367
366 368
366 369
366 371
366 373
366 374
366 375
366 376
366 377
366 397
366 398
366 399
366 400
366 401
367 365
367 366
367 368
367 369
367 370
367 371
367 373
367 374
367 375
367 376
367 397
367 398
367 399
367 400
368 364
368 365
368 366
368 367
368 369
368 370
368 371
368 372
368 373
368 374
368 375
368 376
368 387
368 396
368 397
368 398
368 399
368 400
369 365
369 366
369 367
369 368
369 370
369 371
369 372
369 373
369 374
369 387
369 395
369 396
369 397
369 398
370 365
370 367
370 368
370 369
370 371
370 372
370 373
370 376
370 386
370 387
370 395
370 396
370 397
370 398
371 354
371 355
371 365
371 366
371 367
371 368
371 369
371 370
371 372
371 373
371 374
371 375
371 376
371 377
371 378
371 383
371 386
371 387
371 398
372 354
372 355
372 368
372 369
372 370
372 371
372 373
372 374
372 375
372 376
373 354
373 365
373 366
373 367
373 368
373 369
373 370
373 371
373 372
373 374
373 375
373 376
373 377
374 364
374 365
374 366
374 367
374 368
374 369
374 371
374 372
374 373
374 375
374 376
374 377
375 364
375 365
375 366
375 367
375 368
375 371
375 372
375 373
375 374
375 376
375 377
375 399
375 400
376 353
376 354
376 355
376 361
376 363
376 364
376 365
376 366
376 367
376 368
376 370
376 371
376 372
376 373
376 374
376 375
376 377
376 378
376 400
377 351
377 352
377 353
377 354
377 355
377 357
377 360
377 361
377 362
377 363
377 364
377 365
377 366
377 371
377 373
377 374
377 375
377 376
377 378
377 379
377 380
377 382
377 383
377 400
377 401
377 402
377 403
378 351
378 352
378 353
378 354
378 355
378 356
378 357
378 359
378 360
378 361
378 362
378 363
378 364
378 365
378 371
378 376
378 377
378 379
378 380
378 381
378 382
378 383
378 384
378 386
378 400
378 402
378 403
379 351
379 352
379 353
379 354
379 355
379 356
379 357
379 358
379 359
379 360
379 361
379 362
379 363
379 364
379 377
379 378
379 380
379 381
379 382
379 383
379 384
379 403
380 234
380 353
380 359
380 360
380 361
380 362
380 363
380 377
380 378
380 379
380 381
380 382
380 383
380 384
380 385
380 402
381 353
381 355
381 356
381 359
381 361
381 362
381 378
381 379
381 380
381 382
381 383
381 384
381 385
381 386
382 353
382 354
382 355
382 356
382 359
382 361
382 363
382 377
382 378
382 379
382 380
382 381
382 383
382 384
382 385
382 386
382 387
383 234
383 353
383 354
383 355
383 361
383 362
383 363
383 364
383 365
383 371
383 377
383 378
383 379
383 380
383 381
383 382
383 384
383 385
383 386
383 387
383 388
383 400
384 234
384 363
384 378
384 379
384 380
384 381
384 382
384 383
384 385
384 386
384 387
384 388
384 389
384 390
384 392
384 393
384 394
385 380
385 381
385 382
385 383
385 384
385 386
385 387
385 388
385 389
385 390
385 392
385 395
386 355
386 370
386 371
386 378
386 381
386 382
386 383
386 384
386 385
386 387
386 388
386 389
386 394
386 395
386 396
387 231
387 368
387 369
387 370
387 371
387 382
387 383
387 384
387 385
387 386
387 388
387 389
387 392
387 393
387 394
387 395
387 396
387 397
387 398
387 400
388 231
388 232
388 383
388 384
388 385
388 386
388 387
388 389
388 390
388 391
388 392
388 393
388 394
388 395
388 396
389 384
389 385
389 386
389 387
389 388
389 390
389 391
389 392
389 393
389 394
389 395
390 384
390 385
390 388
390 389
390 391
390 392
390 393
390 394
391 388
391 389
391 390
391 392
391 393
391 394
392 232
392 233
392 234
392 235
392 384
392 385
392 387
392 388
392 389
392 390
392 391
392 393
392 394
392 395
393 232
393 233
393 384
393 387
393 388
393 389
393 390
393 391
393 392
393 394
393 395
393 396
394 231
394 232
394 233
394 384
394 386
394 387
394 388
394 389
394 390
394 391
394 392
394 393
394 395
394 396
394 397
394 398
395 369
395 370
395 385
395 386
395 387
395 388
395 389
395 392
395 393
395 394
395 396
395 397
395 398
396 231
396 368
396 369
396 370
396 386
396 387
396 388
396 393
396 394
396 395
396 397
396 398
396 399
397 231
397 366
397 367
397 368
397 369
397 370
397 387
397 394
397 395
397 396
397 398
397 399
397 400
398 231
398 232
398 365
398 366
398 367
398 368
398 369
398 370
398 371
398 387
398 394
398 395
398 396
398 397
398 399
398 400
399 229
399 230
399 231
399 232
399 364
399 365
399 366
399 367
399 368
399 375
399 396
399 397
399 398
399 400
399 401
400 228
400 229
400 230
400 231
400 232
400 233
400 234
400 363
400 364
400 365
400 366
400 367
400 368
400 375
400 376
400 377
400 378
400 383
400 387
400 397
400 398
400 399
400 401
400 402
400 403
401 225
401 226
401 227
401 228
401 229
401 230
401 231
401 234
401 237
401 362
401 363
401 364
401 365
401 366
401 377
401 399
401 400
401 402
401 403
401 404
402 225
402 226
402 227
402 228
402 229
402 230
402 231
402 234
402 237
402 238
402 361
402 362
402 363
402 364
402 365
402 377
402 378
402 380
402 400
402 401
402 403
402 404
402 405
403 224
403 225
403 226
403 227
403 351
403 360
403 361
403 362
403 363
403 364
403 365
403 377
403 378
403 379
403 400
403 401
403 402
403 404
403 405
403 406
404 221
404 222
404 223
404 224
404 225
404 226
404 241
404 350
404 351
404 360
404 361
404 362
404 363
404 364
404 401
404 402
404 403
404 405
404 406
404 407
404 408
405 221
405 224
405 225
405 348
405 349
405 350
405 351
405 352
405 360
405 361
405 362
405 363
405 402
405 403
405 404
405 406
405 407
405 408
405 409
406 219
406 220
406 221
406 222
406 224
406 225
406 347
406 348
406 349
406 350
406 351
406 403
406 404
406 405
406 407
406 408
406 409
406 410
407 221
407 346
407 347
407 348
407 349
407 350
407 351
407 360
407 404
407 405
407 406
407 408
407 409
407 410
408 221
408 224
408 347
408 348
408 349
408 350
408 351
408 360
408 404
408 405
408 406
408 407
408 409
408 410
409 219
409 220
409 221
409 224
409 345
409 346
409 347
409 348
409 350
409 405
409 406
409 407
409 408
409 410
410 151
410 154
410 155
410 345
410 346
410 347
410 348
410 349
410 350
410 406
410 407
410 408
410 409
