0 1
0 2
0 3
1 0
1 2
1 3
1 4
1 194
1 271
1 272
1 273
2 0
2 1
2 3
2 4
2 5
2 194
2 273
3 0
3 1
3 2
3 4
3 5
3 6
3 272
3 273
4 1
4 2
4 3
4 5
4 6
4 7
4 197
5 2
5 3
5 4
5 6
5 7
5 8
6 3
6 4
6 5
6 7
6 8
6 9
7 4
7 5
7 6
7 8
7 9
7 10
8 5
8 6
8 7
8 9
8 10
8 11
8 88
9 6
9 7
9 8
9 10
9 11
9 12
10 7
10 8
10 9
10 11
10 12
10 13
11 8
11 9
11 10
11 12
11 13
11 14
12 9
12 10
12 11
12 13
12 14
12 15
13 10
13 11
13 12
13 14
13 15
13 16
14 11
14 12
14 13
14 15
14 16
15 12
15 13
15 14
15 16
15 17
15 18
16 13
16 14
16 15
16 17
16 18
17 15
17 16
17 18
17 19
18 15
18 16
18 17
18 19
18 20
18 21
19 17
19 18
19 20
19 21
20 18
20 19
20 21
20 22
21 18
21 19
21 20
21 22
21 23
22 20
22 21
22 23
22 24
23 21
23 22
23 24
23 25
24 22
24 23
24 25
24 26
25 23
25 24
25 26
25 27
26 24
26 25
26 27
26 28
27 25
27 26
27 28
27 29
28 26
28 27
28 29
28 30
29 27
29 28
29 30
29 31
30 28
30 29
30 31
30 32
31 29
31 30
31 32
31 33
32 30
32 31
32 33
32 34
33 31
33 32
33 34
33 35
33 36
34 32
34 33
34 35
34 36
34 37
35 33
35 34
35 36
35 37
36 33
36 34
36 35
36 37
36 38
37 34
37 35
37 36
37 38
37 39
37 40
38 36
38 37
38 39
38 40
38 41
39 37
39 38
39 40
39 41
39 42
40 37
40 38
40 39
40 41
40 42
40 43
41 38
41 39
41 40
41 42
41 43
41 44
42 39
42 40
42 41
42 43
42 44
42 45
43 40
43 41
43 42
43 44
43 45
43 46
44 41
44 42
44 43
44 45
44 46
44 47
45 42
45 43
45 44
45 46
45 47
45 48
46 43
46 44
46 45
46 47
46 48
46 49
47 44
47 45
47 46
47 48
47 49
47 50
48 45
48 46
48 47
48 49
48 50
48 51
49 46
49 47
49 48
49 50
49 51
49 52
50 47
50 48
50 49
50 51
50 52
50 53
51 48
51 49
51 50
51 52
51 53
51 54
51 110
51 111
52 49
52 50
52 51
52 53
52 54
52 55
52 110
52 111
53 50
53 51
53 52
53 54
53 55
53 56
53 108
53 110
53 111
53 145
53 146
53 149
54 51
54 52
54 53
54 55
54 56
54 57
54 58
54 59
54 107
54 108
54 109
54 110
54 111
54 118
54 120
54 146
54 149
54 151
55 52
55 53
55 54
55 56
55 57
55 58
55 59
55 108
55 109
55 149
55 151
56 53
56 54
56 55
56 57
56 58
56 59
56 60
56 108
56 149
56 150
56 151
56 154
57 54
57 55
57 56
57 58
57 59
57 60
57 108
57 154
58 54
58 55
58 56
58 57
58 59
58 60
58 107
58 108
58 109
59 54
59 55
59 56
59 57
59 58
59 60
59 61
59 62
59 105
59 106
59 107
59 108
59 109
59 117
59 118
59 119
59 120
59 151
59 154
59 155
59 158
60 56
60 57
60 58
60 59
60 61
60 62
60 104
60 105
60 106
60 107
60 108
60 109
60 117
60 119
60 120
60 154
60 155
60 158
61 59
61 60
61 62
61 63
61 64
61 104
61 105
61 106
61 107
61 108
61 119
61 120
61 121
61 122
61 154
61 155
61 158
61 159
61 162
62 59
62 60
62 61
62 63
62 64
62 65
62 66
62 67
62 103
62 104
62 105
62 106
62 107
62 122
62 158
62 162
63 61
63 62
63 64
63 65
63 66
63 67
63 68
63 93
63 96
63 97
63 98
63 102
63 103
63 104
63 105
63 106
63 122
63 123
63 124
64 61
64 62
64 63
64 65
64 66
64 67
64 68
64 69
64 70
64 71
64 74
64 93
64 94
64 95
64 96
64 97
64 102
64 103
64 104
64 105
64 106
64 122
64 124
65 62
65 63
65 64
65 66
65 67
65 68
65 69
65 70
65 71
65 93
65 94
65 95
65 96
65 97
65 98
65 102
65 103
65 104
66 62
66 63
66 64
66 65
66 67
66 68
66 69
66 70
66 71
66 96
66 97
66 98
66 104
67 62
67 63
67 64
67 65
67 66
67 68
67 69
67 70
67 71
67 105
68 63
68 64
68 65
68 66
68 67
68 69
68 70
68 71
68 72
68 73
68 74
68 93
68 94
69 64
69 65
69 66
69 67
69 68
69 70
69 71
69 72
69 73
69 74
69 116
70 64
70 65
70 66
70 67
70 68
70 69
70 71
70 72
70 73
70 74
70 75
70 105
70 107
70 116
70 117
70 118
70 119
71 64
71 65
71 66
71 67
71 68
71 69
71 70
71 72
71 73
71 74
71 75
71 76
71 77
71 89
71 90
71 91
71 93
71 94
71 105
71 119
72 68
72 69
72 70
72 71
72 73
72 74
72 75
72 76
72 77
72 78
72 86
72 89
72 90
72 93
73 68
73 69
73 70
73 71
73 72
73 74
73 75
73 76
73 77
73 78
73 79
73 90
73 118
73 119
73 120
74 64
74 68
74 69
74 70
74 71
74 72
74 73
74 75
74 76
74 77
74 78
74 79
74 89
74 90
74 93
74 103
74 104
74 105
74 106
74 118
74 119
74 120
74 121
74 122
74 143
75 70
75 71
75 72
75 73
75 74
75 76
75 77
75 78
75 79
75 80
75 83
75 84
75 85
75 86
75 87
75 88
75 89
75 90
75 91
75 92
75 93
75 122
76 71
76 72
76 73
76 74
76 75
76 77
76 78
76 79
76 80
76 81
76 82
76 83
76 86
76 89
76 90
76 119
76 143
77 71
77 72
77 73
77 74
77 75
77 76
77 78
77 79
77 80
77 81
77 82
77 83
77 119
77 120
77 121
77 122
77 141
77 142
77 143
77 144
78 72
78 73
78 74
78 75
78 76
78 77
78 79
78 80
78 81
78 82
78 83
78 84
78 86
78 89
78 121
78 122
78 123
78 139
78 140
78 141
78 142
78 143
79 73
79 74
79 75
79 76
79 77
79 78
79 80
79 81
79 82
79 83
79 84
79 85
79 86
79 89
80 75
80 76
80 77
80 78
80 79
80 81
80 82
80 83
80 84
80 141
80 143
80 144
81 76
81 77
81 78
81 79
81 80
81 82
81 83
81 84
81 139
81 140
81 141
81 142
81 143
81 144
82 76
82 77
82 78
82 79
82 80
82 81
82 83
82 84
82 139
82 141
83 75
83 76
83 77
83 78
83 79
83 80
83 81
83 82
83 84
83 85
83 86
83 89
84 75
84 78
84 79
84 80
84 81
84 82
84 83
84 85
84 86
84 87
84 88
84 89
85 75
85 79
85 83
85 84
85 86
85 87
85 88
85 89
85 90
86 72
86 75
86 76
86 78
86 79
86 83
86 84
86 85
86 87
86 88
86 89
86 90
86 91
86 92
87 75
87 84
87 85
87 86
87 88
87 89
87 90
87 91
87 92
87 93
88 8
88 75
88 84
88 85
88 86
88 87
88 89
88 90
88 91
88 92
88 93
88 94
89 71
89 72
89 74
89 75
89 76
89 78
89 79
89 83
89 84
89 85
89 86
89 87
89 88
89 90
89 91
89 92
89 93
89 94
90 71
90 72
90 73
90 74
90 75
90 76
90 85
90 86
90 87
90 88
90 89
90 91
90 92
90 93
90 94
90 95
91 71
91 75
91 86
91 87
91 88
91 89
91 90
91 92
91 93
91 94
91 95
91 96
92 75
92 86
92 87
92 88
92 89
92 90
92 91
92 93
92 94
92 95
92 96
92 101
92 102
92 103
92 124
92 198
93 63
93 64
93 65
93 68
93 71
93 72
93 74
93 75
93 87
93 88
93 89
93 90
93 91
93 92
93 94
93 95
93 96
93 97
93 101
93 102
93 103
93 104
93 124
94 64
94 65
94 68
94 71
94 88
94 89
94 90
94 91
94 92
94 93
94 95
94 96
94 97
94 101
94 102
94 103
95 64
95 65
95 90
95 91
95 92
95 93
95 94
95 96
95 97
95 100
95 101
95 102
95 103
95 197
95 198
95 199
95 200
96 63
96 64
96 65
96 66
96 91
96 92
96 93
96 94
96 95
96 97
96 98
96 99
96 100
96 101
96 102
96 103
96 104
96 124
96 125
96 126
96 198
97 63
97 64
97 65
97 66
97 93
97 94
97 95
97 96
97 98
97 99
97 100
97 101
97 102
97 103
97 198
98 63
98 65
98 66
98 96
98 97
98 99
98 100
98 101
98 102
98 103
99 96
99 97
99 98
99 100
99 101
99 102
99 126
99 127
99 198
99 199
99 201
100 95
100 96
100 97
100 98
100 99
100 101
100 102
100 103
100 124
100 125
100 126
100 127
100 135
100 196
100 197
100 198
100 199
101 92
101 93
101 94
101 95
101 96
101 97
101 98
101 99
101 100
101 102
101 103
101 124
101 125
101 126
101 127
101 135
101 136
101 137
101 195
101 196
101 197
101 198
101 199
102 63
102 64
102 65
102 92
102 93
102 94
102 95
102 96
102 97
102 98
102 99
102 100
102 101
102 103
102 104
102 123
102 124
102 125
102 126
102 127
102 137
102 198
103 62
103 63
103 64
103 65
103 74
103 92
103 93
103 94
103 95
103 96
103 97
103 98
103 100
103 101
103 102
103 104
103 105
103 122
103 123
103 124
103 125
103 126
103 137
103 138
103 139
104 60
104 61
104 62
104 63
104 64
104 65
104 66
104 74
104 93
104 96
104 102
104 103
104 105
104 106
104 107
104 121
104 122
104 123
104 124
104 125
104 140
104 155
104 158
104 159
104 162
105 59
105 60
105 61
105 62
105 63
105 64
105 67
105 70
105 71
105 74
105 103
105 104
105 106
105 107
105 108
105 118
105 119
105 120
105 121
105 122
105 123
105 124
105 140
105 141
105 142
105 155
106 59
106 60
106 61
106 62
106 63
106 64
106 74
106 104
106 105
106 107
106 108
106 117
106 118
106 119
106 120
106 121
106 122
106 123
106 141
106 142
106 151
106 152
106 154
106 155
106 156
106 158
106 159
107 54
107 58
107 59
107 60
107 61
107 62
107 70
107 104
107 105
107 106
107 108
107 109
107 110
107 116
107 117
107 118
107 119
107 120
107 121
107 122
107 155
108 53
108 54
108 55
108 56
108 57
108 58
108 59
108 60
108 61
108 105
108 106
108 107
108 109
108 110
108 111
108 116
108 117
108 118
108 119
108 120
108 121
109 54
109 55
109 58
109 59
109 60
109 107
109 108
109 110
109 111
109 112
109 113
109 114
109 115
109 116
109 117
109 118
109 119
109 120
110 51
110 52
110 53
110 54
110 107
110 108
110 109
110 111
110 112
110 113
110 114
110 115
110 116
110 117
110 118
110 119
111 51
111 52
111 53
111 54
111 108
111 109
111 110
111 112
111 113
111 114
111 115
111 116
111 117
111 118
112 109
112 110
112 111
112 113
112 114
112 115
112 116
112 117
113 109
113 110
113 111
113 112
113 114
113 115
113 116
113 117
114 109
114 110
114 111
114 112
114 113
114 115
114 116
114 117
115 109
115 110
115 111
115 112
115 113
115 114
115 116
115 117
115 118
116 69
116 70
116 107
116 108
116 109
116 110
116 111
116 112
116 113
116 114
116 115
116 117
116 118
116 119
117 59
117 60
117 70
117 106
117 107
117 108
117 109
117 110
117 111
117 112
117 113
117 114
117 115
117 116
117 118
117 119
117 120
118 54
118 59
118 70
118 73
118 74
118 105
118 106
118 107
118 108
118 109
118 110
118 111
118 115
118 116
118 117
118 119
118 120
118 121
118 143
119 59
119 60
119 61
119 70
119 71
119 73
119 74
119 76
119 77
119 105
119 106
119 107
119 108
119 109
119 110
119 116
119 117
119 118
119 120
119 121
119 122
119 142
119 143
120 54
120 59
120 60
120 61
120 73
120 74
120 77
120 105
120 106
120 107
120 108
120 109
120 117
120 118
120 119
120 121
120 122
120 141
120 142
120 143
120 144
120 145
120 146
120 147
120 151
120 152
120 155
121 61
121 74
121 77
121 78
121 104
121 105
121 106
121 107
121 108
121 118
121 119
121 120
121 122
121 123
121 139
121 140
121 141
121 142
121 143
121 144
121 146
121 147
121 151
121 152
121 154
121 155
122 61
122 62
122 63
122 64
122 74
122 75
122 77
122 78
122 103
122 104
122 105
122 106
122 107
122 119
122 120
122 121
122 123
122 124
122 138
122 139
122 140
122 141
122 142
122 143
122 152
122 155
122 156
123 63
123 78
123 102
123 103
123 104
123 105
123 106
123 121
123 122
123 124
123 125
123 137
123 138
123 139
123 140
123 141
123 142
123 155
123 156
123 159
124 63
124 64
124 92
124 93
124 96
124 100
124 101
124 102
124 103
124 104
124 105
124 122
124 123
124 125
124 126
124 135
124 136
124 137
124 138
124 139
124 140
124 141
124 159
125 96
125 100
125 101
125 102
125 103
125 104
125 123
125 124
125 126
125 127
125 128
125 135
125 136
125 137
125 138
125 139
125 140
125 159
125 163
125 171
125 172
125 173
125 195
125 196
126 96
126 99
126 100
126 101
126 102
126 103
126 124
126 125
126 127
126 128
126 129
126 134
126 135
126 136
126 137
126 138
126 171
126 172
126 194
126 195
126 196
126 197
126 198
127 99
127 100
127 101
127 102
127 125
127 126
127 128
127 129
127 130
127 131
127 132
127 133
127 134
127 135
127 136
127 137
127 168
127 171
127 172
127 193
127 194
127 195
127 196
127 197
127 198
128 125
128 126
128 127
128 129
128 130
128 131
128 132
128 133
128 134
128 135
128 136
128 137
128 170
128 171
128 172
128 193
128 194
128 195
128 196
128 197
129 126
129 127
129 128
129 130
129 131
129 132
129 134
129 135
129 136
129 193
129 194
129 195
129 196
129 197
130 127
130 128
130 129
130 131
130 132
130 133
130 134
130 193
130 194
130 195
130 196
131 127
131 128
131 129
131 130
131 132
131 133
131 134
131 135
131 168
131 170
131 193
131 194
131 195
132 127
132 128
132 129
132 130
132 131
132 133
132 134
132 135
132 167
132 168
132 169
132 170
133 127
133 128
133 130
133 131
133 132
133 134
133 135
133 163
133 164
133 166
133 167
133 168
133 169
133 170
133 171
134 126
134 127
134 128
134 129
134 130
134 131
134 132
134 133
134 135
134 136
134 137
134 163
134 167
134 168
134 169
134 170
134 171
134 172
134 193
134 195
134 282
134 283
134 284
134 285
135 100
135 101
135 124
135 125
135 126
135 127
135 128
135 129
135 131
135 132
135 133
135 134
135 136
135 137
135 138
135 163
135 168
135 169
135 170
135 171
135 172
135 173
135 193
135 194
135 195
135 196
135 282
136 101
136 124
136 125
136 126
136 127
136 128
136 129
136 134
136 135
136 137
136 138
136 170
136 171
136 172
136 173
136 174
136 193
136 194
136 195
136 196
136 281
136 282
137 101
137 102
137 103
137 123
137 124
137 125
137 126
137 127
137 128
137 134
137 135
137 136
137 138
137 139
137 140
137 156
137 159
137 171
137 172
137 173
137 174
137 195
137 281
137 282
138 103
138 122
138 123
138 124
138 125
138 126
138 135
138 136
138 137
138 139
138 140
138 141
138 172
138 173
138 174
138 175
138 195
139 78
139 81
139 82
139 103
139 121
139 122
139 123
139 124
139 125
139 137
139 138
139 140
139 141
139 142
139 173
139 174
140 78
140 81
140 104
140 105
140 121
140 122
140 123
140 124
140 125
140 137
140 138
140 139
140 141
140 142
140 152
140 155
140 156
140 173
140 175
141 77
141 78
141 80
141 81
141 82
141 105
141 106
141 120
141 121
141 122
141 123
141 124
141 138
141 139
141 140
141 142
141 143
141 144
141 147
141 151
141 152
141 155
142 77
142 78
142 81
142 105
142 106
142 119
142 120
142 121
142 122
142 123
142 139
142 140
142 141
142 143
142 144
142 145
142 146
142 147
142 148
142 149
142 150
142 151
142 152
142 155
143 74
143 76
143 77
143 78
143 80
143 81
143 118
143 119
143 120
143 121
143 122
143 141
143 142
143 144
143 145
143 146
143 147
143 151
143 152
144 77
144 80
144 81
144 120
144 121
144 141
144 142
144 143
144 145
144 146
144 147
144 148
145 53
145 120
145 142
145 143
145 144
145 146
145 147
145 148
145 149
146 53
146 54
146 120
146 121
146 142
146 143
146 144
146 145
146 147
146 148
146 149
146 150
146 151
146 152
147 120
147 121
147 141
147 142
147 143
147 144
147 145
147 146
147 148
147 149
147 150
147 151
147 152
148 142
148 144
148 145
148 146
148 147
148 149
148 150
148 151
148 152
148 153
149 53
149 54
149 55
149 56
149 142
149 145
149 146
149 147
149 148
149 150
149 151
149 152
149 153
149 154
150 56
150 142
150 146
150 147
150 148
150 149
150 151
150 152
150 153
150 154
150 155
151 54
151 55
151 56
151 59
151 106
151 120
151 121
151 141
151 142
151 143
151 146
151 147
151 148
151 149
151 150
151 152
151 153
151 154
151 155
151 156
151 157
152 106
152 120
152 121
152 122
152 140
152 141
152 142
152 143
152 146
152 147
152 148
152 149
152 150
152 151
152 153
152 154
152 155
152 156
152 157
152 158
152 181
152 182
152 185
153 148
153 149
153 150
153 151
153 152
153 154
153 155
153 156
153 157
153 158
153 159
153 181
153 182
153 184
153 185
154 56
154 57
154 59
154 60
154 61
154 106
154 121
154 149
154 150
154 151
154 152
154 153
154 155
154 156
154 157
154 158
154 159
154 160
155 59
155 60
155 61
155 104
155 105
155 106
155 107
155 120
155 121
155 122
155 123
155 140
155 141
155 142
155 150
155 151
155 152
155 153
155 154
155 156
155 157
155 158
155 159
155 160
156 106
156 122
156 123
156 137
156 140
156 151
156 152
156 153
156 154
156 155
156 157
156 158
156 159
156 160
156 161
156 162
156 182
156 185
157 151
157 152
157 153
157 154
157 155
157 156
157 158
157 159
157 160
157 161
157 162
157 163
157 185
157 285
158 59
158 60
158 61
158 62
158 104
158 106
158 152
158 153
158 154
158 155
158 156
158 157
158 159
158 160
158 161
158 162
158 163
158 164
159 61
159 104
159 106
159 123
159 124
159 125
159 137
159 153
159 154
159 155
159 156
159 157
159 158
159 160
159 161
159 162
159 163
159 164
159 165
159 171
159 285
160 154
160 155
160 156
160 157
160 158
160 159
160 161
160 162
160 163
160 164
160 165
160 166
160 168
160 169
160 170
160 171
160 283
160 284
160 285
161 156
161 157
161 158
161 159
161 160
161 162
161 163
161 164
161 165
161 166
161 168
161 285
162 61
162 62
162 104
162 156
162 157
162 158
162 159
162 160
162 161
162 163
162 164
162 165
162 166
162 167
162 168
163 125
163 133
163 134
163 135
163 157
163 158
163 159
163 160
163 161
163 162
163 164
163 165
163 166
163 167
163 168
163 169
163 170
163 171
163 285
164 133
164 158
164 159
164 160
164 161
164 162
164 163
164 165
164 166
164 167
164 168
164 169
164 170
164 171
164 284
164 285
165 159
165 160
165 161
165 162
165 163
165 164
165 166
165 167
165 168
165 169
166 133
166 160
166 161
166 162
166 163
166 164
166 165
166 167
166 168
166 169
167 132
167 133
167 134
167 162
167 163
167 164
167 165
167 166
167 168
167 169
167 170
167 285
168 127
168 131
168 132
168 133
168 134
168 135
168 160
168 161
168 162
168 163
168 164
168 165
168 166
168 167
168 169
168 170
168 171
168 284
168 285
169 132
169 133
169 134
169 135
169 160
169 163
169 164
169 165
169 166
169 167
169 168
169 170
169 171
169 283
169 284
169 285
170 128
170 131
170 132
170 133
170 134
170 135
170 136
170 160
170 163
170 164
170 167
170 168
170 169
170 171
170 172
170 282
170 283
170 284
170 285
171 125
171 126
171 127
171 128
171 133
171 134
171 135
171 136
171 137
171 159
171 160
171 163
171 164
171 168
171 169
171 170
171 172
171 173
171 187
171 281
171 282
171 283
171 284
171 285
172 125
172 126
172 127
172 128
172 134
172 135
172 136
172 137
172 138
172 170
172 171
172 173
172 174
172 187
172 188
172 189
172 190
172 191
172 192
172 193
172 194
172 195
172 280
172 281
172 282
172 283
172 284
173 125
173 135
173 136
173 137
173 138
173 139
173 140
173 171
173 172
173 174
173 175
173 182
173 187
173 189
173 190
173 191
173 192
173 193
173 195
173 279
173 280
173 281
173 282
173 283
174 136
174 137
174 138
174 139
174 172
174 173
174 175
174 176
174 177
174 178
174 179
174 182
174 189
174 190
174 192
174 193
174 272
174 278
174 279
174 280
174 281
174 282
175 138
175 140
175 173
175 174
175 176
175 177
175 178
175 179
175 180
175 181
175 182
175 272
175 277
175 278
175 279
175 280
175 281
176 174
176 175
176 177
176 178
176 179
176 268
176 271
176 272
176 276
176 277
176 278
176 279
176 280
177 174
177 175
177 176
177 178
177 179
177 180
177 181
177 277
177 278
177 279
178 174
178 175
178 176
178 177
178 179
178 180
178 181
178 182
178 183
178 279
179 174
179 175
179 176
179 177
179 178
179 180
179 181
179 182
179 183
179 184
179 185
179 187
179 188
179 189
179 265
179 266
179 278
179 279
179 280
179 281
180 175
180 177
180 178
180 179
180 181
180 182
180 183
180 184
180 185
180 186
180 187
180 188
180 265
181 152
181 153
181 175
181 177
181 178
181 179
181 180
181 182
181 183
181 184
181 185
181 186
181 187
182 152
182 153
182 156
182 173
182 174
182 175
182 178
182 179
182 180
182 181
182 183
182 184
182 185
182 186
182 187
182 188
182 189
182 281
182 282
182 283
183 178
183 179
183 180
183 181
183 182
183 184
183 185
183 186
183 187
183 188
183 189
183 265
183 281
183 282
183 283
184 153
184 179
184 180
184 181
184 182
184 183
184 185
184 186
184 187
184 188
185 152
185 153
185 156
185 157
185 179
185 180
185 181
185 182
185 183
185 184
185 186
185 187
185 188
185 283
186 180
186 181
186 182
186 183
186 184
186 185
186 187
186 188
186 281
186 282
186 283
186 284
187 171
187 172
187 173
187 179
187 180
187 181
187 182
187 183
187 184
187 185
187 186
187 188
187 189
187 190
187 280
187 281
187 282
187 283
187 284
188 172
188 179
188 180
188 182
188 183
188 184
188 185
188 186
188 187
188 189
188 190
188 265
188 279
188 280
188 281
188 282
188 283
188 284
189 172
189 173
189 174
189 179
189 182
189 183
189 187
189 188
189 190
189 191
189 192
189 263
189 264
189 265
189 268
189 279
189 280
189 281
189 282
189 283
190 172
190 173
190 174
190 187
190 188
190 189
190 191
190 192
190 193
190 279
190 280
190 281
190 282
190 283
191 172
191 173
191 189
191 190
191 192
191 193
191 270
191 279
191 280
191 281
191 282
192 172
192 173
192 174
192 189
192 190
192 191
192 193
192 194
192 195
192 270
192 278
192 279
192 280
192 281
192 282
193 127
193 128
193 129
193 130
193 131
193 134
193 135
193 136
193 172
193 173
193 174
193 190
193 191
193 192
193 194
193 195
193 196
193 280
193 281
193 282
194 1
194 2
194 126
194 127
194 128
194 129
194 130
194 131
194 135
194 136
194 172
194 192
194 193
194 195
194 196
194 197
195 101
195 125
195 126
195 127
195 128
195 129
195 130
195 131
195 134
195 135
195 136
195 137
195 138
195 172
195 173
195 192
195 193
195 194
195 196
195 197
195 198
196 100
196 101
196 125
196 126
196 127
196 128
196 129
196 130
196 135
196 136
196 193
196 194
196 195
196 197
196 198
196 199
197 4
197 95
197 100
197 101
197 126
197 127
197 128
197 129
197 194
197 195
197 196
197 198
197 199
197 200
198 92
198 95
198 96
198 97
198 99
198 100
198 101
198 102
198 126
198 127
198 195
198 196
198 197
198 199
198 200
198 201
199 95
199 99
199 100
199 101
199 196
199 197
199 198
199 200
199 201
199 202
199 203
199 204
199 205
199 208
200 95
200 197
200 198
200 199
200 201
200 202
200 203
200 204
200 205
201 99
201 198
201 199
201 200
201 202
201 203
201 204
201 205
202 199
202 200
202 201
202 203
202 204
202 205
203 199
203 200
203 201
203 202
203 204
203 205
203 206
203 207
203 208
204 199
204 200
204 201
204 202
204 203
204 205
204 206
204 207
204 208
204 209
205 199
205 200
205 201
205 202
205 203
205 204
205 206
205 207
205 208
205 209
205 210
206 203
206 204
206 205
206 207
206 208
206 209
206 210
206 211
207 203
207 204
207 205
207 206
207 208
207 209
207 210
207 211
208 199
208 203
208 204
208 205
208 206
208 207
208 209
208 210
208 211
208 212
208 213
209 204
209 205
209 206
209 207
209 208
209 210
209 211
209 212
209 213
210 205
210 206
210 207
210 208
210 209
210 211
210 212
210 213
211 206
211 207
211 208
211 209
211 210
211 212
211 213
211 214
212 208
212 209
212 210
212 211
212 213
212 214
212 215
213 208
213 209
213 210
213 211
213 212
213 214
213 215
213 216
214 211
214 212
214 213
214 215
214 216
214 217
215 212
215 213
215 214
215 216
215 217
215 218
216 213
216 214
216 215
216 217
216 218
216 219
217 214
217 215
217 216
217 218
217 219
217 220
218 215
218 216
218 217
218 219
218 220
218 221
219 216
219 217
219 218
219 220
219 221
219 222
220 217
220 218
220 219
220 221
220 222
220 223
221 218
221 219
221 220
221 222
221 223
221 224
222 219
222 220
222 221
222 223
222 224
222 225
223 220
223 221
223 222
223 224
223 225
223 226
224 221
224 222
224 223
224 225
224 226
224 227
225 222
225 223
225 224
225 226
225 227
225 228
226 223
226 224
226 225
226 227
226 228
226 229
227 224
227 225
227 226
227 228
227 229
227 230
228 225
228 226
228 227
228 229
228 230
228 231
229 226
229 227
229 228
229 230
229 231
229 232
230 227
230 228
230 229
230 231
230 232
230 233
231 228
231 229
231 230
231 232
231 233
231 234
232 229
232 230
232 231
232 233
232 234
232 235
233 230
233 231
233 232
233 234
233 235
233 236
234 231
234 232
234 233
234 235
234 236
234 237
235 232
235 233
235 234
235 236
235 237
235 238
236 233
236 234
236 235
236 237
236 238
236 239
237 234
237 235
237 236
237 238
237 239
237 240
238 235
238 236
238 237
238 239
238 240
238 241
239 236
239 237
239 238
239 240
239 241
239 242
240 237
240 238
240 239
240 241
240 242
240 243
241 238
241 239
241 240
241 242
241 243
241 244
242 239
242 240
242 241
242 243
242 244
242 245
243 240
243 241
243 242
243 244
243 245
243 246
244 241
244 242
244 243
244 245
244 246
244 247
245 242
245 243
245 244
245 246
245 247
245 248
245 249
246 243
246 244
246 245
246 247
246 248
246 249
247 244
247 245
247 246
247 248
247 249
247 250
248 245
248 246
248 247
248 249
248 250
248 251
249 245
249 246
249 247
249 248
249 250
249 251
249 252
249 253
250 247
250 248
250 249
250 251
250 252
250 253
251 248
251 249
251 250
251 252
251 253
251 254
251 255
252 249
252 250
252 251
252 253
252 254
252 255
253 249
253 250
253 251
253 252
253 254
253 255
253 256
254 251
254 252
254 253
254 255
254 256
254 257
255 251
255 252
255 253
255 254
255 256
255 257
255 258
256 253
256 254
256 255
256 257
256 258
256 259
256 261
257 254
257 255
257 256
257 258
257 259
257 260
257 261
257 262
258 255
258 256
258 257
258 259
258 260
258 261
259 256
259 257
259 258
259 260
259 261
259 262
260 257
260 258
260 259
260 261
260 262
260 263
261 256
261 257
261 258
261 259
261 260
261 262
261 263
261 264
262 257
262 259
262 260
262 261
262 263
262 264
262 265
263 189
263 260
263 261
263 262
263 264
263 265
263 266
263 267
263 268
264 189
264 261
264 262
264 263
264 265
264 266
264 267
264 268
265 179
265 180
265 183
265 188
265 189
265 262
265 263
265 264
265 266
265 267
265 268
265 279
266 179
266 263
266 264
266 265
266 267
266 268
266 277
266 279
267 263
267 264
267 265
267 266
267 268
267 269
267 270
267 277
267 278
267 279
268 176
268 189
268 263
268 264
268 265
268 266
268 267
268 269
268 270
268 271
268 276
268 277
268 278
268 279
268 280
269 267
269 268
269 270
269 271
269 277
269 278
269 279
269 280
270 191
270 192
270 267
270 268
270 269
270 271
270 272
270 275
270 276
270 277
270 278
270 279
270 280
271 1
271 176
271 268
271 269
271 270
271 272
271 273
271 274
271 275
271 276
271 277
271 278
271 279
272 1
272 3
272 174
272 175
272 176
272 270
272 271
272 273
272 274
272 275
272 276
272 277
272 278
272 279
273 1
273 2
273 3
273 271
273 272
273 274
273 275
273 276
273 277
273 278
274 271
274 272
274 273
274 275
274 276
274 277
275 270
275 271
275 272
275 273
275 274
275 276
275 277
275 278
276 176
276 268
276 270
276 271
276 272
276 273
276 274
276 275
276 277
276 278
277 175
277 176
277 177
277 266
277 267
277 268
277 269
277 270
277 271
277 272
277 273
277 274
277 275
277 276
277 278
277 279
277 280
278 174
278 175
278 176
278 177
278 179
278 192
278 267
278 268
278 269
278 270
278 271
278 272
278 273
278 275
278 276
278 277
278 279
278 280
278 281
279 173
279 174
279 175
279 176
279 177
279 178
279 179
279 188
279 189
279 190
279 191
279 192
279 265
279 266
279 267
279 268
279 269
279 270
279 271
279 272
279 277
279 278
279 280
279 281
279 282
280 172
280 173
280 174
280 175
280 176
280 179
280 187
280 188
280 189
280 190
280 191
280 192
280 193
280 268
280 269
280 270
280 277
280 278
280 279
280 281
280 282
281 136
281 137
281 171
281 172
281 173
281 174
281 175
281 179
281 182
281 183
281 186
281 187
281 188
281 189
281 190
281 191
281 192
281 193
281 278
281 279
281 280
281 282
281 283
282 134
282 135
282 136
282 137
282 170
282 171
282 172
282 173
282 174
282 182
282 183
282 186
282 187
282 188
282 189
282 190
282 191
282 192
282 193
282 279
282 280
282 281
282 283
282 284
282 285
283 134
283 160
283 169
283 170
283 171
283 172
283 173
283 182
283 183
283 185
283 186
283 187
283 188
283 189
283 190
283 281
283 282
283 284
283 285
284 134
284 160
284 164
284 168
284 169
284 170
284 171
284 172
284 186
284 187
284 188
284 282
284 283
284 285
285 134
285 157
285 159
285 160
285 161
285 163
285 164
285 167
285 168
285 169
285 170
285 171
285 282
285 283
285 284
