0 1
0 2
0 3
0 4
0 5
1 0
1 2
1 3
1 4
1 5
1 6
2 0
2 1
2 3
2 4
2 5
2 6
2 7
3 0
3 1
3 2
3 4
3 5
3 6
3 7
3 8
4 0
4 1
4 2
4 3
4 5
4 6
4 7
4 8
4 9
4 10
5 0
5 1
5 2
5 3
5 4
5 6
5 7
5 8
5 9
5 10
5 11
6 1
6 2
6 3
6 4
6 5
6 7
6 8
6 9
6 10
6 11
6 12
7 2
7 3
7 4
7 5
7 6
7 8
7 9
7 10
7 11
7 12
7 13
8 3
8 4
8 5
8 6
8 7
8 9
8 10
8 11
8 12
8 13
8 14
9 4
9 5
9 6
9 7
9 8
9 10
9 11
9 12
9 13
9 14
9 15
10 4
10 5
10 6
10 7
10 8
10 9
10 11
10 12
10 13
10 14
10 15
10 16
11 5
11 6
11 7
11 8
11 9
11 10
11 12
11 13
11 14
11 15
11 16
11 17
12 6
12 7
12 8
12 9
12 10
12 11
12 13
12 14
12 15
12 16
12 17
12 18
13 7
13 8
13 9
13 10
13 11
13 12
13 14
13 15
13 16
13 17
13 18
13 19
14 8
14 9
14 10
14 11
14 12
14 13
14 15
14 16
14 17
14 18
14 19
14 20
15 9
15 10
15 11
15 12
15 13
15 14
15 16
15 17
15 18
15 19
15 20
15 21
16 10
16 11
16 12
16 13
16 14
16 15
16 17
16 18
16 19
16 20
16 21
16 22
17 11
17 12
17 13
17 14
17 15
17 16
17 18
17 19
17 20
17 21
17 22
17 23
18 12
18 13
18 14
18 15
18 16
18 17
18 19
18 20
18 21
18 22
18 23
18 24
19 13
19 14
19 15
19 16
19 17
19 18
19 20
19 21
19 22
19 23
19 24
19 25
20 14
20 15
20 16
20 17
20 18
20 19
20 21
20 22
20 23
20 24
20 25
20 26
21 15
21 16
21 17
21 18
21 19
21 20
21 22
21 23
21 24
21 25
21 26
21 27
22 16
22 17
22 18
22 19
22 20
22 21
22 23
22 24
22 25
22 26
22 27
22 28
23 17
23 18
23 19
23 20
23 21
23 22
23 24
23 25
23 26
23 27
23 28
23 29
24 18
24 19
24 20
24 21
24 22
24 23
24 25
24 26
24 27
24 28
24 29
24 30
25 19
25 20
25 21
25 22
25 23
25 24
25 26
25 27
25 28
25 29
25 30
25 31
26 20
26 21
26 22
26 23
26 24
26 25
26 27
26 28
26 29
26 30
26 31
26 32
27 21
27 22
27 23
27 24
27 25
27 26
27 28
27 29
27 30
27 31
27 32
27 33
28 22
28 23
28 24
28 25
28 26
28 27
28 29
28 30
28 31
28 32
28 33
28 34
29 23
29 24
29 25
29 26
29 27
29 28
29 30
29 31
29 32
29 33
29 34
29 35
30 24
30 25
30 26
30 27
30 28
30 29
30 31
30 32
30 33
30 34
30 35
30 36
31 25
31 26
31 27
31 28
31 29
31 30
31 32
31 33
31 34
31 35
31 36
32 26
32 27
32 28
32 29
32 30
32 31
32 33
32 34
32 35
32 36
32 37
33 27
33 28
33 29
33 30
33 31
33 32
33 34
33 35
33 36
33 37
33 38
33 474
34 28
34 29
34 30
34 31
34 32
34 33
34 35
34 36
34 37
34 38
35 29
35 30
35 31
35 32
35 33
35 34
35 36
35 37
35 38
35 39
36 30
36 31
36 32
36 33
36 34
36 35
36 37
36 38
36 39
36 40
36 474
36 475
37 32
37 33
37 34
37 35
37 36
37 38
37 39
37 40
37 41
37 516
38 33
38 34
38 35
38 36
38 37
38 39
38 40
38 41
39 35
39 36
39 37
39 38
39 40
39 41
39 42
39 335
39 516
39 518
40 36
40 37
40 38
40 39
40 41
40 42
40 43
40 514
40 515
40 516
40 517
40 518
41 37
41 38
41 39
41 40
41 42
41 43
41 44
41 334
41 335
41 513
41 514
41 516
41 517
41 518
41 519
42 39
42 40
42 41
42 43
42 44
42 45
42 334
42 509
42 510
42 512
42 513
42 514
42 515
42 516
42 517
42 518
42 519
43 40
43 41
43 42
43 44
43 45
43 46
43 317
43 318
43 319
43 509
43 510
43 513
43 514
44 41
44 42
44 43
44 45
44 46
44 47
44 48
44 317
44 318
44 510
44 513
44 514
45 42
45 43
45 44
45 46
45 47
45 48
45 317
45 318
45 513
46 43
46 44
46 45
46 47
46 48
46 49
46 318
46 510
46 513
47 44
47 45
47 46
47 48
47 49
47 50
48 44
48 45
48 46
48 47
48 49
48 50
48 51
48 76
48 79
49 46
49 47
49 48
49 50
49 51
49 52
49 79
50 47
50 48
50 49
50 51
50 52
50 53
50 75
50 79
51 48
51 49
51 50
51 52
51 53
51 54
51 79
51 82
52 49
52 50
52 51
52 53
52 54
52 55
52 75
52 79
53 50
53 51
53 52
53 54
53 55
53 56
53 75
53 78
53 79
53 82
54 51
54 52
54 53
54 55
54 56
54 57
54 78
55 52
55 53
55 54
55 56
55 57
55 58
55 75
55 78
56 53
56 54
56 55
56 57
56 58
56 59
56 78
56 82
57 54
57 55
57 56
57 58
57 59
57 60
58 55
58 56
58 57
58 59
58 60
58 61
58 63
58 78
59 56
59 57
59 58
59 60
59 61
59 62
59 63
59 64
59 65
60 57
60 58
60 59
60 61
60 62
60 63
60 64
60 65
60 451
60 453
60 454
61 58
61 59
61 60
61 62
61 63
61 64
61 65
61 201
61 204
61 226
61 227
61 450
61 451
61 452
61 453
61 454
62 59
62 60
62 61
62 63
62 64
62 65
62 226
62 227
62 228
62 229
63 58
63 59
63 60
63 61
63 62
63 64
63 65
63 66
63 227
64 59
64 60
64 61
64 62
64 63
64 65
64 66
64 67
64 226
64 227
64 243
64 244
64 245
65 59
65 60
65 61
65 62
65 63
65 64
65 66
65 67
65 68
65 69
65 243
66 63
66 64
66 65
66 67
66 68
66 69
66 238
66 242
66 243
66 244
66 245
67 64
67 65
67 66
67 68
67 69
67 70
67 242
67 243
67 244
67 245
67 457
67 461
68 65
68 66
68 67
68 69
68 70
68 71
68 73
68 74
68 243
69 65
69 66
69 67
69 68
69 70
69 71
69 72
69 73
69 74
69 75
69 77
69 457
69 460
70 67
70 68
70 69
70 71
70 72
70 73
70 74
70 75
70 76
71 68
71 69
71 70
71 72
71 73
71 74
71 75
71 76
71 77
72 69
72 70
72 71
72 73
72 74
72 75
72 76
72 77
72 78
73 68
73 69
73 70
73 71
73 72
73 74
73 75
73 76
73 77
73 78
73 79
73 456
73 457
73 460
74 68
74 69
74 70
74 71
74 72
74 73
74 75
74 76
74 77
74 78
74 79
74 80
75 50
75 52
75 53
75 55
75 69
75 70
75 71
75 72
75 73
75 74
75 76
75 77
75 78
75 79
75 80
75 81
76 48
76 70
76 71
76 72
76 73
76 74
76 75
76 77
76 78
76 79
76 80
76 81
76 82
76 456
76 510
76 511
77 69
77 71
77 72
77 73
77 74
77 75
77 76
77 78
77 79
77 80
77 81
77 82
77 83
77 452
77 453
77 456
77 457
77 460
77 507
77 511
78 53
78 54
78 55
78 56
78 58
78 72
78 73
78 74
78 75
78 76
78 77
78 79
78 80
78 81
78 82
78 83
78 453
79 48
79 49
79 50
79 51
79 52
79 53
79 73
79 74
79 75
79 76
79 77
79 78
79 80
79 81
79 82
79 83
79 84
80 74
80 75
80 76
80 77
80 78
80 79
80 81
80 82
80 83
80 84
80 85
80 452
80 453
80 456
80 503
80 506
80 507
80 510
80 511
81 75
81 76
81 77
81 78
81 79
81 80
81 82
81 83
81 84
81 85
81 86
81 451
81 452
81 453
81 456
81 503
81 507
82 51
82 53
82 56
82 76
82 77
82 78
82 79
82 80
82 81
82 83
82 84
82 85
82 86
82 87
83 77
83 78
83 79
83 80
83 81
83 82
83 84
83 85
83 86
83 87
83 503
83 506
83 507
84 79
84 80
84 81
84 82
84 83
84 85
84 86
84 87
84 88
84 452
84 502
84 503
84 506
84 507
85 80
85 81
85 82
85 83
85 84
85 86
85 87
85 88
85 89
85 197
85 503
86 81
86 82
86 83
86 84
86 85
86 87
86 88
86 89
86 90
86 140
87 82
87 83
87 84
87 85
87 86
87 88
87 89
87 90
87 139
87 140
87 141
87 142
87 162
87 164
87 190
87 193
88 84
88 85
88 86
88 87
88 89
88 90
88 91
88 138
88 139
88 140
88 141
88 142
88 164
88 190
88 191
88 193
88 194
88 197
89 85
89 86
89 87
89 88
89 90
89 91
89 92
89 138
89 139
89 140
89 141
89 164
89 165
89 190
89 191
89 193
89 194
90 86
90 87
90 88
90 89
90 91
90 92
90 93
90 138
90 140
90 194
91 88
91 89
91 90
91 92
91 93
91 94
91 138
91 190
91 191
91 194
92 89
92 90
92 91
92 93
92 94
92 95
92 191
93 90
93 91
93 92
93 94
93 95
93 96
93 191
93 194
93 275
93 276
94 91
94 92
94 93
94 95
94 96
94 97
94 98
94 99
94 190
94 191
94 275
94 276
95 92
95 93
95 94
95 96
95 97
95 98
95 99
95 191
95 275
95 276
95 278
95 279
96 93
96 94
96 95
96 97
96 98
96 99
96 100
96 101
96 130
96 131
96 191
96 192
96 275
96 276
96 277
96 278
96 279
97 94
97 95
97 96
97 98
97 99
97 100
97 101
97 130
97 131
97 132
97 133
97 278
98 94
98 95
98 96
98 97
98 99
98 100
98 101
98 129
98 130
98 131
98 132
98 133
98 134
98 135
98 136
98 191
99 94
99 95
99 96
99 97
99 98
99 100
99 101
99 102
99 128
99 129
99 130
99 131
99 132
99 134
99 136
99 141
99 189
99 190
99 191
99 192
99 278
99 279
99 285
100 96
100 97
100 98
100 99
100 101
100 102
100 103
100 104
100 105
100 128
100 129
100 130
100 131
100 132
100 133
100 134
100 135
100 136
100 139
100 141
100 166
100 186
100 188
100 189
100 190
100 191
100 192
100 279
100 285
101 96
101 97
101 98
101 99
101 100
101 102
101 103
101 104
101 105
101 106
101 128
101 129
101 130
101 131
101 132
101 133
101 134
101 136
101 186
101 189
101 284
101 285
101 288
101 290
102 99
102 100
102 101
102 103
102 104
102 105
102 106
102 127
102 128
102 129
102 130
102 131
102 184
102 185
102 186
102 187
102 188
102 189
102 284
102 285
102 286
102 287
102 288
102 289
102 290
102 291
103 100
103 101
103 102
103 104
103 105
103 106
103 128
103 129
103 130
103 131
103 133
103 186
103 284
103 285
103 288
103 289
103 290
103 291
104 100
104 101
104 102
104 103
104 105
104 106
104 127
104 128
104 129
104 130
104 131
104 132
104 133
104 134
104 135
104 290
104 291
105 100
105 101
105 102
105 103
105 104
105 106
105 107
105 126
105 127
105 128
105 129
105 130
105 131
105 133
105 134
105 135
105 136
105 166
105 186
105 289
105 290
105 291
105 292
105 293
106 101
106 102
106 103
106 104
106 105
106 107
106 108
106 125
106 126
106 127
106 128
106 129
106 184
106 289
106 290
106 291
106 292
106 293
106 294
107 105
107 106
107 108
107 109
107 110
107 124
107 125
107 126
107 127
107 128
107 167
107 168
107 169
107 170
107 182
107 183
107 184
107 290
107 291
107 292
107 293
107 294
107 295
107 296
108 106
108 107
108 109
108 110
108 111
108 112
108 123
108 124
108 125
108 126
108 127
108 169
108 182
108 291
108 292
108 293
108 294
108 295
108 296
109 107
109 108
109 110
109 111
109 112
109 113
109 122
109 123
109 124
109 125
109 126
109 170
109 182
109 292
109 293
109 294
109 295
109 296
109 297
109 298
110 107
110 108
110 109
110 111
110 112
110 113
110 114
110 122
110 123
110 124
110 125
110 298
111 108
111 109
111 110
111 112
111 113
111 114
111 115
111 116
111 122
111 123
111 124
111 298
112 108
112 109
112 110
112 111
112 113
112 114
112 115
112 116
112 122
112 123
112 124
112 294
112 295
112 296
112 297
112 298
112 299
113 109
113 110
113 111
113 112
113 114
113 115
113 116
113 295
113 297
113 298
113 299
114 110
114 111
114 112
114 113
114 115
114 116
114 117
114 298
114 299
114 300
115 111
115 112
115 113
115 114
115 116
115 117
115 118
115 178
115 298
115 299
115 300
115 301
116 111
116 112
116 113
116 114
116 115
116 117
116 118
116 119
116 120
116 121
116 122
116 174
116 177
116 178
116 298
116 299
116 300
116 301
116 302
116 303
117 114
117 115
117 116
117 118
117 119
117 120
117 121
117 174
117 175
117 176
117 177
117 178
117 299
117 300
117 301
117 302
117 303
117 304
118 115
118 116
118 117
118 119
118 120
118 121
118 173
118 174
118 175
118 176
118 177
118 178
118 299
118 300
118 301
118 302
118 303
118 304
119 116
119 117
119 118
119 120
119 121
119 122
119 172
119 173
119 174
119 175
119 176
119 177
119 300
119 301
119 302
119 303
119 311
119 314
120 116
120 117
120 118
120 119
120 121
120 122
120 123
120 172
120 173
120 174
120 175
120 300
120 303
121 116
121 117
121 118
121 119
121 120
121 122
121 123
121 124
121 170
121 171
121 172
121 173
121 174
121 175
122 109
122 110
122 111
122 112
122 116
122 119
122 120
122 121
122 123
122 124
122 147
122 158
122 170
122 171
122 172
122 173
122 174
122 182
122 298
123 108
123 109
123 110
123 111
123 112
123 120
123 121
123 122
123 124
123 125
123 126
123 158
123 159
123 169
123 170
123 171
123 172
123 173
124 107
124 108
124 109
124 110
124 111
124 112
124 121
124 122
124 123
124 125
124 126
124 127
124 145
124 158
124 160
124 168
124 169
124 170
124 171
124 172
124 182
124 184
124 292
124 296
125 106
125 107
125 108
125 109
125 110
125 123
125 124
125 126
125 127
125 128
125 160
125 161
125 167
125 168
125 169
125 170
125 171
125 292
126 105
126 106
126 107
126 108
126 109
126 123
126 124
126 125
126 127
126 128
126 129
126 143
126 160
126 161
126 162
126 166
126 167
126 168
126 169
126 170
126 184
126 290
126 291
126 292
126 293
127 102
127 104
127 105
127 106
127 107
127 108
127 124
127 125
127 126
127 128
127 129
127 135
127 136
127 165
127 166
127 167
127 168
127 169
127 290
127 293
128 99
128 100
128 101
128 102
128 103
128 104
128 105
128 106
128 107
128 125
128 126
128 127
128 129
128 130
128 133
128 134
128 135
128 136
128 137
128 138
128 139
128 141
128 165
128 166
128 167
128 168
128 186
128 189
128 290
129 98
129 99
129 100
129 101
129 102
129 103
129 104
129 105
129 106
129 126
129 127
129 128
129 130
129 131
129 132
129 133
129 134
129 135
129 136
129 137
129 166
129 167
130 96
130 97
130 98
130 99
130 100
130 101
130 102
130 103
130 104
130 105
130 128
130 129
130 131
130 132
130 133
130 134
130 135
130 136
130 137
130 166
130 189
131 96
131 97
131 98
131 99
131 100
131 101
131 102
131 103
131 104
131 105
131 129
131 130
131 132
131 133
131 134
131 135
132 97
132 98
132 99
132 100
132 101
132 104
132 129
132 130
132 131
132 133
132 134
132 135
133 97
133 98
133 100
133 101
133 103
133 104
133 105
133 128
133 129
133 130
133 131
133 132
133 134
133 135
133 136
134 98
134 99
134 100
134 101
134 104
134 105
134 128
134 129
134 130
134 131
134 132
134 133
134 135
134 136
134 137
135 98
135 100
135 104
135 105
135 127
135 128
135 129
135 130
135 131
135 132
135 133
135 134
135 136
135 137
135 138
135 165
135 166
135 167
136 98
136 99
136 100
136 101
136 105
136 127
136 128
136 129
136 130
136 133
136 134
136 135
136 137
136 138
136 139
136 164
136 165
136 166
136 167
137 128
137 129
137 130
137 134
137 135
137 136
137 138
137 139
137 164
137 165
137 166
137 167
138 88
138 89
138 90
138 91
138 128
138 135
138 136
138 137
138 139
138 140
138 141
138 162
138 163
138 164
138 165
138 166
138 167
138 190
139 87
139 88
139 89
139 100
139 128
139 136
139 137
139 138
139 140
139 141
139 142
139 161
139 162
139 163
139 164
139 165
139 166
139 167
139 168
139 189
139 190
139 191
140 86
140 87
140 88
140 89
140 90
140 138
140 139
140 141
140 142
140 143
140 162
140 163
140 164
140 165
140 166
140 168
140 188
140 189
140 190
140 191
140 192
140 193
140 194
141 87
141 88
141 89
141 99
141 100
141 128
141 138
141 139
141 140
141 142
141 143
141 144
141 162
141 164
141 166
141 168
141 186
141 187
141 188
141 189
141 190
141 191
141 192
141 193
141 194
141 499
142 87
142 88
142 139
142 140
142 141
142 143
142 144
142 160
142 162
142 185
142 186
142 187
142 188
142 189
142 190
142 192
142 193
142 287
142 498
142 499
142 502
143 126
143 140
143 141
143 142
143 144
143 145
143 158
143 159
143 160
143 161
143 162
143 168
143 170
143 184
143 185
143 186
143 187
143 188
143 189
143 190
143 287
143 288
143 289
143 290
143 499
144 141
144 142
144 143
144 145
144 146
144 157
144 158
144 159
144 160
144 170
144 183
144 184
144 185
144 186
144 187
144 188
144 287
144 288
144 289
144 498
144 499
144 527
145 124
145 143
145 144
145 146
145 147
145 156
145 157
145 158
145 159
145 160
145 170
145 171
145 172
145 182
145 183
145 184
145 185
145 186
145 187
145 289
145 290
145 527
145 528
146 144
146 145
146 147
146 148
146 155
146 156
146 157
146 158
146 159
146 170
146 171
146 172
146 181
146 182
146 183
146 184
146 185
146 524
146 527
146 528
146 529
146 530
147 122
147 145
147 146
147 148
147 149
147 150
147 154
147 155
147 156
147 157
147 158
147 172
147 173
147 174
147 175
147 180
147 181
147 182
147 183
147 184
147 296
147 297
147 298
147 324
147 528
147 529
147 530
148 146
148 147
148 149
148 150
148 151
148 152
148 153
148 154
148 155
148 156
148 157
148 174
148 175
148 176
148 179
148 180
148 181
148 182
148 183
148 297
148 324
148 325
148 326
148 528
148 529
148 530
149 147
149 148
149 150
149 151
149 152
149 153
149 154
149 155
149 156
149 176
149 177
149 178
149 179
149 180
149 181
149 182
149 297
149 325
149 326
149 327
149 530
150 147
150 148
150 149
150 151
150 152
150 153
150 154
150 155
150 179
150 180
150 181
150 326
150 327
150 328
150 529
150 530
151 148
151 149
151 150
151 152
151 153
151 154
151 179
151 326
151 327
152 148
152 149
152 150
152 151
152 153
152 154
152 155
152 176
152 177
152 178
152 179
152 180
152 325
152 326
152 327
152 328
153 148
153 149
153 150
153 151
153 152
153 154
153 155
153 325
153 326
153 327
153 328
153 329
153 529
153 530
153 531
154 147
154 148
154 149
154 150
154 151
154 152
154 153
154 155
154 156
154 175
154 176
154 180
154 324
154 325
154 326
154 327
154 328
154 329
154 330
154 528
154 529
154 530
155 146
155 147
155 148
155 149
155 150
155 152
155 153
155 154
155 156
155 157
155 174
155 175
155 176
155 180
155 181
155 182
155 323
155 324
155 325
155 326
155 327
155 328
155 329
155 330
155 524
155 525
155 527
155 528
155 529
155 530
156 145
156 146
156 147
156 148
156 149
156 154
156 155
156 157
156 158
156 172
156 173
156 174
156 175
156 176
156 182
156 320
156 321
156 322
156 323
156 324
156 325
156 326
156 330
156 331
156 524
156 525
156 526
156 527
156 528
156 529
156 530
157 144
157 145
157 146
157 147
157 148
157 155
157 156
157 158
157 159
157 160
157 170
157 171
157 172
157 173
157 182
157 183
157 320
157 321
157 322
157 323
157 324
157 325
157 523
157 524
157 525
157 526
157 527
157 528
157 529
158 122
158 123
158 124
158 143
158 144
158 145
158 146
158 147
158 156
158 157
158 159
158 160
158 161
158 169
158 170
158 171
158 172
158 173
158 174
158 182
158 183
158 184
158 320
158 321
158 524
158 527
158 528
159 123
159 143
159 144
159 145
159 146
159 157
159 158
159 160
159 161
159 169
159 170
159 171
159 172
159 173
159 320
159 321
160 124
160 125
160 126
160 142
160 143
160 144
160 145
160 157
160 158
160 159
160 161
160 162
160 163
160 168
160 169
160 170
160 171
160 172
160 184
161 125
161 126
161 139
161 143
161 158
161 159
161 160
161 162
161 163
161 164
161 167
161 168
161 169
161 170
161 171
162 87
162 126
162 138
162 139
162 140
162 141
162 142
162 143
162 160
162 161
162 163
162 164
162 165
162 166
162 167
162 168
162 169
162 170
163 138
163 139
163 140
163 160
163 161
163 162
163 164
163 165
163 166
163 167
163 168
163 169
164 87
164 88
164 89
164 136
164 137
164 138
164 139
164 140
164 141
164 161
164 162
164 163
164 165
164 166
164 167
164 168
165 89
165 127
165 128
165 135
165 136
165 137
165 138
165 139
165 140
165 162
165 163
165 164
165 166
165 167
165 168
166 100
166 105
166 126
166 127
166 128
166 129
166 130
166 135
166 136
166 137
166 138
166 139
166 140
166 141
166 162
166 163
166 164
166 165
166 167
166 168
167 107
167 125
167 126
167 127
167 128
167 129
167 135
167 136
167 137
167 138
167 139
167 161
167 162
167 163
167 164
167 165
167 166
167 168
167 169
168 107
168 124
168 125
168 126
168 127
168 128
168 139
168 140
168 141
168 143
168 160
168 161
168 162
168 163
168 164
168 165
168 166
168 167
168 169
168 170
169 107
169 108
169 123
169 124
169 125
169 126
169 127
169 158
169 159
169 160
169 161
169 162
169 163
169 167
169 168
169 170
169 171
170 107
170 109
170 121
170 122
170 123
170 124
170 125
170 126
170 143
170 144
170 145
170 146
170 157
170 158
170 159
170 160
170 161
170 162
170 168
170 169
170 171
170 172
170 182
170 184
171 121
171 122
171 123
171 124
171 125
171 145
171 146
171 157
171 158
171 159
171 160
171 161
171 169
171 170
171 172
171 173
171 174
171 320
171 321
172 119
172 120
172 121
172 122
172 123
172 124
172 145
172 146
172 147
172 156
172 157
172 158
172 159
172 160
172 170
172 171
172 173
172 174
172 175
172 182
172 320
172 321
173 118
173 119
173 120
173 121
173 122
173 123
173 147
173 156
173 157
173 158
173 159
173 171
173 172
173 174
173 175
173 176
173 319
173 320
173 321
173 324
174 116
174 117
174 118
174 119
174 120
174 121
174 122
174 147
174 148
174 155
174 156
174 158
174 171
174 172
174 173
174 175
174 176
174 177
174 180
174 298
174 299
174 300
174 301
174 324
175 117
175 118
175 119
175 120
175 121
175 147
175 148
175 154
175 155
175 156
175 172
175 173
175 174
175 176
175 177
175 180
175 300
175 302
175 321
175 323
175 324
175 325
175 326
175 331
175 333
176 117
176 118
176 119
176 148
176 149
176 152
176 154
176 155
176 156
176 173
176 174
176 175
176 177
176 178
176 179
176 180
176 300
176 301
176 302
176 303
176 324
176 325
176 326
177 116
177 117
177 118
177 119
177 149
177 152
177 174
177 175
177 176
177 178
177 179
177 180
177 299
177 300
177 301
177 302
177 303
178 115
178 116
178 117
178 118
178 149
178 152
178 176
178 177
178 179
178 180
178 181
178 298
178 299
178 300
178 301
178 302
179 148
179 149
179 150
179 151
179 152
179 176
179 177
179 178
179 180
179 181
179 297
179 298
179 299
179 300
179 301
180 147
180 148
180 149
180 150
180 152
180 154
180 155
180 174
180 175
180 176
180 177
180 178
180 179
180 181
180 182
180 296
180 297
180 298
180 299
180 300
181 146
181 147
181 148
181 149
181 150
181 155
181 178
181 179
181 180
181 182
181 183
181 295
181 296
181 297
181 298
181 299
182 107
182 108
182 109
182 122
182 124
182 145
182 146
182 147
182 148
182 149
182 155
182 156
182 157
182 158
182 170
182 172
182 180
182 181
182 183
182 184
182 291
182 292
182 295
182 296
182 297
182 298
183 107
183 144
183 145
183 146
183 147
183 148
183 157
183 158
183 181
183 182
183 184
183 185
183 289
183 290
183 291
183 292
183 296
183 297
184 102
184 106
184 107
184 124
184 126
184 143
184 144
184 145
184 146
184 147
184 158
184 160
184 170
184 182
184 183
184 185
184 186
184 187
184 287
184 288
184 289
184 290
184 291
184 292
184 296
185 102
185 142
185 143
185 144
185 145
185 146
185 183
185 184
185 186
185 187
185 188
185 285
185 286
185 287
185 288
185 289
185 290
185 291
186 100
186 101
186 102
186 103
186 105
186 128
186 141
186 142
186 143
186 144
186 145
186 184
186 185
186 187
186 188
186 189
186 190
186 284
186 285
186 286
186 287
186 288
186 289
186 290
187 102
187 141
187 142
187 143
187 144
187 145
187 184
187 185
187 186
187 188
187 189
187 190
187 192
187 193
187 285
187 286
187 287
187 288
187 289
187 488
187 493
187 497
187 498
187 499
188 100
188 102
188 140
188 141
188 142
188 143
188 144
188 185
188 186
188 187
188 189
188 190
188 191
188 192
188 193
188 194
188 196
188 279
188 280
188 285
188 286
188 287
188 288
188 488
188 493
188 497
188 498
188 499
189 99
189 100
189 101
189 102
189 128
189 130
189 139
189 140
189 141
189 142
189 143
189 186
189 187
189 188
189 190
189 191
189 192
189 193
189 194
189 279
189 280
189 285
189 286
189 287
190 87
190 88
190 89
190 91
190 94
190 99
190 100
190 138
190 139
190 140
190 141
190 142
190 143
190 186
190 187
190 188
190 189
190 191
190 192
190 193
190 194
190 195
190 196
190 279
191 88
191 89
191 91
191 92
191 93
191 94
191 95
191 96
191 98
191 99
191 100
191 139
191 140
191 141
191 188
191 189
191 190
191 192
191 193
191 194
191 195
191 196
191 276
191 278
191 279
192 96
192 99
192 100
192 140
192 141
192 142
192 187
192 188
192 189
192 190
192 191
192 193
192 194
192 195
192 196
192 197
192 198
192 276
192 277
192 278
192 279
192 280
192 285
192 286
192 493
192 494
193 87
193 88
193 89
193 140
193 141
193 142
193 187
193 188
193 189
193 190
193 191
193 192
193 194
193 195
193 196
193 197
193 198
193 199
193 279
193 493
193 494
193 497
193 499
193 500
194 88
194 89
194 90
194 91
194 93
194 140
194 141
194 188
194 189
194 190
194 191
194 192
194 193
194 195
194 196
194 197
194 198
194 199
194 200
194 276
195 190
195 191
195 192
195 193
195 194
195 196
195 197
195 198
195 199
195 200
195 271
195 272
195 273
195 276
195 277
195 279
195 280
195 494
196 188
196 190
196 191
196 192
196 193
196 194
196 195
196 197
196 198
196 199
196 200
196 201
196 202
196 203
196 272
196 276
196 449
196 493
196 494
196 495
196 497
196 499
196 500
197 85
197 88
197 192
197 193
197 194
197 195
197 196
197 198
197 199
197 200
197 201
197 202
197 203
197 449
197 451
197 494
197 499
197 500
198 192
198 193
198 194
198 195
198 196
198 197
198 199
198 200
198 201
198 202
198 203
198 204
199 193
199 194
199 195
199 196
199 197
199 198
199 200
199 201
199 202
199 203
199 204
199 205
199 206
199 271
199 272
199 449
199 450
199 451
199 494
199 495
200 194
200 195
200 196
200 197
200 198
200 199
200 201
200 202
200 203
200 204
200 205
200 206
200 448
200 449
200 450
200 451
200 452
200 494
200 495
200 500
201 61
201 196
201 197
201 198
201 199
201 200
201 202
201 203
201 204
201 205
201 449
201 450
201 451
201 452
202 196
202 197
202 198
202 199
202 200
202 201
202 203
202 204
202 205
202 206
202 450
202 451
203 196
203 197
203 198
203 199
203 200
203 201
203 202
203 204
203 205
203 206
203 207
203 268
203 271
203 449
203 450
203 451
204 61
204 198
204 199
204 200
204 201
204 202
204 203
204 205
204 206
204 207
204 208
204 225
204 226
204 227
204 447
204 448
204 449
204 450
204 451
204 495
205 199
205 200
205 201
205 202
205 203
205 204
205 206
205 207
205 208
205 209
205 224
205 225
205 226
205 227
205 228
205 229
205 267
205 268
205 449
205 450
205 451
206 199
206 200
206 202
206 203
206 204
206 205
206 207
206 208
206 209
206 266
206 267
206 268
206 269
206 271
206 449
206 450
206 494
206 495
207 203
207 204
207 205
207 206
207 208
207 209
207 225
207 264
207 265
207 266
207 267
207 268
207 269
207 410
207 412
207 446
207 448
207 449
207 450
207 495
208 204
208 205
208 206
208 207
208 209
208 210
208 223
208 224
208 225
208 226
208 228
208 263
208 264
208 265
208 266
208 267
208 268
208 410
208 412
209 205
209 206
209 207
209 208
209 210
209 211
209 222
209 223
209 224
209 225
209 226
209 247
209 248
209 262
209 263
209 264
209 265
209 266
209 267
209 409
209 410
209 411
209 412
210 208
210 209
210 211
210 212
210 213
210 221
210 222
210 223
210 224
210 225
210 247
210 248
210 249
210 261
210 262
210 263
210 264
210 265
210 266
210 415
211 209
211 210
211 212
211 213
211 214
211 220
211 221
211 222
211 223
211 224
211 225
211 247
211 248
211 249
211 251
211 259
211 260
211 261
211 262
211 263
211 264
211 265
211 415
211 416
211 417
211 418
212 210
212 211
212 213
212 214
212 219
212 220
212 221
212 222
212 223
212 251
212 258
212 259
212 260
212 261
212 262
212 263
212 415
212 417
212 418
213 210
213 211
213 212
213 214
213 215
213 218
213 219
213 220
213 221
213 222
213 250
213 251
213 253
213 254
213 255
213 256
213 257
213 258
213 259
213 260
213 261
213 262
214 211
214 212
214 213
214 215
214 216
214 217
214 218
214 219
214 220
214 221
214 251
214 253
214 254
214 255
214 256
214 257
214 258
214 259
214 260
214 261
215 213
215 214
215 216
215 217
215 218
215 219
215 220
215 253
215 254
215 255
215 257
215 258
215 259
215 260
216 214
216 215
216 217
216 218
216 219
216 258
217 214
217 215
217 216
217 218
217 219
218 213
218 214
218 215
218 216
218 217
218 219
218 220
218 253
218 254
219 212
219 213
219 214
219 215
219 216
219 217
219 218
219 220
219 221
219 251
219 253
219 254
219 258
219 259
219 260
220 211
220 212
220 213
220 214
220 215
220 218
220 219
220 221
220 222
220 250
220 251
220 252
220 253
220 254
220 258
220 259
221 210
221 211
221 212
221 213
221 214
221 219
221 220
221 222
221 223
221 224
221 248
221 249
221 250
221 251
221 252
221 259
221 260
221 261
221 262
221 265
222 209
222 210
222 211
222 212
222 213
222 220
222 221
222 223
222 224
222 234
222 235
222 248
222 249
222 250
222 251
222 252
222 259
222 262
222 265
223 208
223 209
223 210
223 211
223 212
223 221
223 222
223 224
223 225
223 228
223 234
223 247
223 248
223 249
223 250
223 251
223 262
223 263
223 264
223 265
224 205
224 208
224 209
224 210
224 211
224 221
224 222
224 223
224 225
224 226
224 227
224 228
224 234
224 235
224 236
224 237
224 246
224 247
224 248
224 249
224 250
224 262
224 263
224 264
224 265
224 409
224 410
225 204
225 205
225 207
225 208
225 209
225 210
225 211
225 223
225 224
225 226
225 227
225 228
225 229
225 245
225 246
225 247
225 248
225 249
225 264
225 409
225 410
226 61
226 62
226 64
226 204
226 205
226 208
226 209
226 224
226 225
226 227
226 228
226 237
226 238
226 244
226 245
226 246
226 247
226 248
226 409
226 410
226 450
226 454
227 61
227 62
227 63
227 64
227 204
227 205
227 224
227 225
227 226
227 228
227 229
227 230
227 245
227 246
227 247
227 248
228 62
228 205
228 208
228 223
228 224
228 225
228 226
228 227
228 229
228 230
228 231
228 232
228 234
228 246
228 247
228 248
228 249
229 62
229 205
229 225
229 227
229 228
229 230
229 231
229 232
229 249
230 227
230 228
230 229
230 231
230 232
230 233
230 234
230 249
231 228
231 229
231 230
231 232
231 233
231 234
232 228
232 229
232 230
232 231
232 233
232 234
232 235
232 249
232 250
233 230
233 231
233 232
233 234
233 235
233 236
233 248
233 249
233 250
233 251
233 252
234 222
234 223
234 224
234 228
234 230
234 231
234 232
234 233
234 235
234 236
234 237
234 247
234 248
234 249
234 250
234 251
234 256
235 222
235 224
235 232
235 233
235 234
235 236
235 237
235 238
235 246
235 247
235 248
235 249
235 250
235 251
235 255
235 256
235 257
235 259
236 224
236 233
236 234
236 235
236 237
236 238
236 239
236 245
236 246
236 247
236 248
236 249
236 250
236 256
237 224
237 226
237 234
237 235
237 236
237 238
237 239
237 240
237 243
237 244
237 245
237 246
237 247
237 248
237 256
237 257
237 259
238 66
238 226
238 235
238 236
238 237
238 239
238 240
238 241
238 242
238 243
238 244
238 245
238 246
238 247
239 236
239 237
239 238
239 240
239 241
239 242
239 243
239 244
239 245
239 246
239 408
239 422
239 423
239 426
240 237
240 238
240 239
240 241
240 242
240 243
240 244
240 245
240 426
241 238
241 239
241 240
241 242
241 243
241 244
241 423
241 425
241 426
241 429
241 461
242 66
242 67
242 238
242 239
242 240
242 241
242 243
242 244
242 245
242 423
242 425
242 426
242 457
242 458
242 460
242 461
242 462
242 464
242 465
243 64
243 65
243 66
243 67
243 68
243 237
243 238
243 239
243 240
243 241
243 242
243 244
243 245
243 246
243 457
243 458
243 461
244 64
244 66
244 67
244 226
244 237
244 238
244 239
244 240
244 241
244 242
244 243
244 245
244 246
244 408
244 409
244 423
244 454
244 457
244 458
244 461
245 64
245 66
245 67
245 225
245 226
245 227
245 236
245 237
245 238
245 239
245 240
245 242
245 243
245 244
245 246
245 247
245 409
245 454
246 224
246 225
246 226
246 227
246 228
246 235
246 236
246 237
246 238
246 239
246 243
246 244
246 245
246 247
246 248
246 408
246 409
246 410
247 209
247 210
247 211
247 223
247 224
247 225
247 226
247 227
247 228
247 234
247 235
247 236
247 237
247 238
247 245
247 246
247 248
247 249
247 250
248 209
248 210
248 211
248 221
248 222
248 223
248 224
248 225
248 226
248 227
248 228
248 233
248 234
248 235
248 236
248 237
248 246
248 247
248 249
248 250
248 251
248 256
248 259
248 262
249 210
249 211
249 221
249 222
249 223
249 224
249 225
249 228
249 229
249 230
249 232
249 233
249 234
249 235
249 236
249 247
249 248
249 250
249 251
249 252
249 256
250 213
250 220
250 221
250 222
250 223
250 224
250 232
250 233
250 234
250 235
250 236
250 247
250 248
250 249
250 251
250 252
250 253
250 254
250 255
250 256
251 211
251 212
251 213
251 214
251 219
251 220
251 221
251 222
251 223
251 233
251 234
251 235
251 248
251 249
251 250
251 252
251 253
251 254
251 255
251 256
251 258
251 259
252 220
252 221
252 222
252 233
252 249
252 250
252 251
252 253
252 254
252 255
253 213
253 214
253 215
253 218
253 219
253 220
253 250
253 251
253 252
253 254
253 255
253 256
254 213
254 214
254 215
254 218
254 219
254 220
254 250
254 251
254 252
254 253
254 255
254 256
254 257
254 258
254 259
255 213
255 214
255 215
255 235
255 250
255 251
255 252
255 253
255 254
255 256
255 257
255 258
255 259
256 213
256 214
256 234
256 235
256 236
256 237
256 248
256 249
256 250
256 251
256 253
256 254
256 255
256 257
256 258
256 259
256 260
257 213
257 214
257 215
257 235
257 237
257 254
257 255
257 256
257 258
257 259
257 260
258 212
258 213
258 214
258 215
258 216
258 219
258 220
258 251
258 254
258 255
258 256
258 257
258 259
258 260
258 261
259 211
259 212
259 213
259 214
259 215
259 219
259 220
259 221
259 222
259 235
259 237
259 248
259 251
259 254
259 255
259 256
259 257
259 258
259 260
259 261
259 262
259 417
259 418
259 419
260 211
260 212
260 213
260 214
260 215
260 219
260 221
260 256
260 257
260 258
260 259
260 261
260 262
260 416
260 417
260 418
260 419
261 210
261 211
261 212
261 213
261 214
261 221
261 258
261 259
261 260
261 262
261 263
261 415
261 416
261 417
261 418
261 419
261 420
261 421
262 209
262 210
262 211
262 212
262 213
262 221
262 222
262 223
262 224
262 248
262 259
262 260
262 261
262 263
262 264
262 265
262 408
262 409
262 410
262 411
262 412
262 414
262 415
262 416
262 417
262 418
262 419
262 420
262 421
263 208
263 209
263 210
263 211
263 212
263 223
263 224
263 261
263 262
263 264
263 265
263 266
263 409
263 410
263 411
263 412
263 413
263 414
263 415
263 416
263 417
263 418
264 207
264 208
264 209
264 210
264 211
264 223
264 224
264 225
264 262
264 263
264 265
264 266
264 267
264 410
264 411
264 412
264 413
264 414
264 415
264 416
265 207
265 208
265 209
265 210
265 211
265 221
265 222
265 223
265 224
265 262
265 263
265 264
265 266
265 267
265 268
265 412
265 415
266 206
266 207
266 208
266 209
266 210
266 263
266 264
266 265
266 267
266 268
266 269
266 412
267 205
267 206
267 207
267 208
267 209
267 264
267 265
267 266
267 268
267 269
267 271
267 491
267 494
267 495
268 203
268 205
268 206
268 207
268 208
268 265
268 266
268 267
268 269
268 270
268 271
268 495
269 206
269 207
269 266
269 267
269 268
269 270
269 271
269 272
269 491
270 268
270 269
270 271
270 272
270 273
270 274
270 277
271 195
271 199
271 203
271 206
271 267
271 268
271 269
271 270
271 272
271 273
271 274
271 276
271 277
271 491
271 494
272 195
272 196
272 199
272 269
272 270
272 271
272 273
272 274
272 275
272 276
272 277
272 278
272 279
272 280
272 494
273 195
273 270
273 271
273 272
273 274
273 275
273 276
273 277
273 278
274 270
274 271
274 272
274 273
274 275
274 276
274 277
274 278
274 279
275 93
275 94
275 95
275 96
275 272
275 273
275 274
275 276
275 277
275 278
275 279
275 280
276 93
276 94
276 95
276 96
276 191
276 192
276 194
276 195
276 196
276 271
276 272
276 273
276 274
276 275
276 277
276 278
276 279
276 280
277 96
277 192
277 195
277 270
277 271
277 272
277 273
277 274
277 275
277 276
277 278
277 279
277 280
277 281
277 490
278 95
278 96
278 97
278 99
278 191
278 192
278 272
278 273
278 274
278 275
278 276
278 277
278 279
278 280
278 281
278 282
278 284
278 285
278 490
279 95
279 96
279 99
279 100
279 188
279 189
279 190
279 191
279 192
279 193
279 195
279 272
279 274
279 275
279 276
279 277
279 278
279 280
279 281
279 282
279 284
279 285
279 286
279 490
280 188
280 189
280 192
280 195
280 272
280 275
280 276
280 277
280 278
280 279
280 281
280 282
280 283
280 284
280 285
280 286
280 287
280 488
280 489
280 490
280 491
280 492
280 493
280 494
281 277
281 278
281 279
281 280
281 282
281 283
281 284
281 285
281 286
281 287
281 489
281 490
281 491
281 493
282 278
282 279
282 280
282 281
282 283
282 284
282 285
282 286
282 287
282 288
282 488
282 489
282 490
283 280
283 281
283 282
283 284
283 285
283 286
283 287
283 288
283 289
283 489
284 101
284 102
284 103
284 186
284 278
284 279
284 280
284 281
284 282
284 283
284 285
284 286
284 287
284 288
284 289
285 99
285 100
285 101
285 102
285 103
285 185
285 186
285 187
285 188
285 189
285 192
285 278
285 279
285 280
285 281
285 282
285 283
285 284
285 286
285 287
285 288
285 289
285 489
285 490
286 102
286 185
286 186
286 187
286 188
286 189
286 192
286 279
286 280
286 281
286 282
286 283
286 284
286 285
286 287
286 288
286 289
286 487
286 488
286 489
286 490
286 493
286 497
287 102
287 142
287 143
287 144
287 184
287 185
287 186
287 187
287 188
287 189
287 280
287 281
287 282
287 283
287 284
287 285
287 286
287 288
287 289
287 290
287 487
287 488
287 489
287 493
287 498
288 101
288 102
288 103
288 143
288 144
288 184
288 185
288 186
288 187
288 188
288 282
288 283
288 284
288 285
288 286
288 287
288 289
288 290
288 291
289 102
289 103
289 105
289 106
289 143
289 144
289 145
289 183
289 184
289 185
289 186
289 187
289 283
289 284
289 285
289 286
289 287
289 288
289 290
289 291
289 292
290 101
290 102
290 103
290 104
290 105
290 106
290 107
290 126
290 127
290 128
290 143
290 145
290 183
290 184
290 185
290 186
290 287
290 288
290 289
290 291
290 292
290 293
291 102
291 103
291 104
291 105
291 106
291 107
291 108
291 126
291 182
291 183
291 184
291 185
291 288
291 289
291 290
291 292
291 293
291 294
291 296
292 105
292 106
292 107
292 108
292 109
292 124
292 125
292 126
292 182
292 183
292 184
292 289
292 290
292 291
292 293
292 294
292 295
292 296
292 297
293 105
293 106
293 107
293 108
293 109
293 126
293 127
293 290
293 291
293 292
293 294
293 295
293 296
294 106
294 107
294 108
294 109
294 112
294 291
294 292
294 293
294 295
294 296
294 297
295 107
295 108
295 109
295 112
295 113
295 181
295 182
295 292
295 293
295 294
295 296
295 297
295 298
296 107
296 108
296 109
296 112
296 124
296 147
296 180
296 181
296 182
296 183
296 184
296 291
296 292
296 293
296 294
296 295
296 297
296 298
297 109
297 112
297 113
297 147
297 148
297 149
297 179
297 180
297 181
297 182
297 183
297 292
297 294
297 295
297 296
297 298
297 299
297 300
298 109
298 110
298 111
298 112
298 113
298 114
298 115
298 116
298 122
298 147
298 174
298 178
298 179
298 180
298 181
298 182
298 295
298 296
298 297
298 299
298 300
298 301
299 112
299 113
299 114
299 115
299 116
299 117
299 118
299 174
299 177
299 178
299 179
299 180
299 181
299 297
299 298
299 300
299 301
300 114
300 115
300 116
300 117
300 118
300 119
300 120
300 174
300 175
300 176
300 177
300 178
300 179
300 180
300 297
300 298
300 299
300 301
300 302
300 303
301 115
301 116
301 117
301 118
301 119
301 174
301 176
301 177
301 178
301 179
301 298
301 299
301 300
301 302
301 303
301 304
302 116
302 117
302 118
302 119
302 175
302 176
302 177
302 178
302 300
302 301
302 303
302 304
302 305
303 116
303 117
303 118
303 119
303 120
303 176
303 177
303 300
303 301
303 302
303 304
303 305
303 306
303 307
303 308
304 117
304 118
304 301
304 302
304 303
304 305
304 306
304 307
304 308
305 302
305 303
305 304
305 306
305 307
305 308
305 309
306 303
306 304
306 305
306 307
306 308
306 309
306 310
307 303
307 304
307 305
307 306
307 308
307 309
307 310
307 311
308 303
308 304
308 305
308 306
308 307
308 309
308 310
308 311
308 312
309 305
309 306
309 307
309 308
309 310
309 311
309 312
309 313
310 306
310 307
310 308
310 309
310 311
310 312
310 313
310 314
310 315
311 119
311 307
311 308
311 309
311 310
311 312
311 313
311 314
311 315
312 308
312 309
312 310
312 311
312 313
312 314
312 315
313 309
313 310
313 311
313 312
313 314
313 315
313 316
314 119
314 310
314 311
314 312
314 313
314 315
314 316
314 317
314 319
315 310
315 311
315 312
315 313
315 314
315 316
315 317
315 318
315 319
315 333
315 334
316 313
316 314
316 315
316 317
316 318
316 319
316 320
317 43
317 44
317 45
317 314
317 315
317 316
317 318
317 319
317 320
318 43
318 44
318 45
318 46
318 315
318 316
318 317
318 319
318 320
318 321
318 322
319 43
319 173
319 314
319 315
319 316
319 317
319 318
319 320
319 321
319 322
319 323
319 333
319 334
320 156
320 157
320 158
320 159
320 171
320 172
320 173
320 316
320 317
320 318
320 319
320 321
320 322
320 323
320 333
321 156
321 157
321 158
321 159
321 171
321 172
321 173
321 175
321 318
321 319
321 320
321 322
321 323
321 324
321 332
321 333
321 524
321 528
322 156
322 157
322 318
322 319
322 320
322 321
322 323
322 324
322 331
322 332
322 333
322 334
322 335
322 520
322 521
322 524
322 525
323 155
323 156
323 157
323 175
323 319
323 320
323 321
323 322
323 324
323 325
323 330
323 331
323 332
323 333
323 334
323 335
323 521
323 524
323 525
323 528
324 147
324 148
324 154
324 155
324 156
324 157
324 173
324 174
324 175
324 176
324 321
324 322
324 323
324 325
324 326
324 328
324 329
324 330
324 331
324 332
324 333
324 524
324 525
324 528
324 529
325 148
325 149
325 152
325 153
325 154
325 155
325 156
325 157
325 175
325 176
325 323
325 324
325 326
325 327
325 328
325 329
325 330
325 331
325 332
325 525
325 528
325 529
325 530
325 541
325 544
326 148
326 149
326 150
326 151
326 152
326 153
326 154
326 155
326 156
326 175
326 176
326 324
326 325
326 327
326 328
326 329
326 330
326 331
326 529
327 149
327 150
327 151
327 152
327 153
327 154
327 155
327 325
327 326
327 328
327 329
327 330
328 150
328 152
328 153
328 154
328 155
328 324
328 325
328 326
328 327
328 329
328 330
328 331
328 529
328 530
328 540
328 541
328 544
329 153
329 154
329 155
329 324
329 325
329 326
329 327
329 328
329 330
329 331
329 332
329 337
329 339
329 525
329 529
329 540
329 541
329 543
329 544
329 547
330 154
330 155
330 156
330 323
330 324
330 325
330 326
330 327
330 328
330 329
330 331
330 332
330 333
330 337
330 339
330 525
330 528
330 529
330 540
330 541
330 543
330 544
330 545
330 547
330 548
331 156
331 175
331 322
331 323
331 324
331 325
331 326
331 328
331 329
331 330
331 332
331 333
331 334
331 335
331 336
331 337
331 338
331 525
331 544
331 548
332 321
332 322
332 323
332 324
332 325
332 329
332 330
332 331
332 333
332 334
332 335
332 336
332 337
332 520
332 521
332 525
332 548
333 175
333 315
333 319
333 320
333 321
333 322
333 323
333 324
333 330
333 331
333 332
333 334
333 335
333 336
333 337
334 41
334 42
334 315
334 319
334 322
334 323
334 331
334 332
334 333
334 335
334 336
334 337
335 39
335 41
335 322
335 323
335 331
335 332
335 333
335 334
335 336
335 337
335 338
335 548
335 551
335 552
335 555
335 556
336 331
336 332
336 333
336 334
336 335
336 337
336 338
336 339
336 548
336 551
336 552
336 555
336 556
336 558
337 329
337 330
337 331
337 332
337 333
337 334
337 335
337 336
337 338
337 339
337 340
337 544
337 547
337 548
337 549
337 550
337 551
337 552
337 555
337 556
338 331
338 335
338 336
338 337
338 339
338 340
338 341
338 345
338 544
338 547
338 548
338 549
338 550
338 551
338 552
338 554
338 555
338 556
339 329
339 330
339 336
339 337
339 338
339 340
339 341
339 342
339 345
339 346
339 543
339 544
339 546
339 547
339 548
339 550
339 551
340 337
340 338
340 339
340 341
340 342
340 343
340 344
340 345
340 346
340 347
340 349
340 543
340 544
340 546
340 547
340 548
340 550
340 551
341 338
341 339
341 340
341 342
341 343
341 344
341 345
341 346
341 373
341 543
341 547
342 339
342 340
342 341
342 343
342 344
342 345
342 346
342 347
342 373
342 374
343 340
343 341
343 342
343 344
343 345
343 346
343 347
343 348
343 349
343 370
343 372
343 373
343 374
343 375
343 376
343 377
344 340
344 341
344 342
344 343
344 345
344 346
344 347
344 348
344 349
344 350
344 373
344 374
344 375
344 376
345 338
345 339
345 340
345 341
345 342
345 343
345 344
345 346
345 347
345 348
345 349
345 350
345 351
345 374
345 550
346 339
346 340
346 341
346 342
346 343
346 344
346 345
346 347
346 348
346 349
346 350
346 351
346 370
346 373
346 374
346 546
346 547
346 550
346 551
346 554
347 340
347 342
347 343
347 344
347 345
347 346
347 348
347 349
347 350
347 351
347 352
347 353
347 370
347 374
347 375
347 376
347 377
347 395
347 397
347 398
347 399
347 400
348 343
348 344
348 345
348 346
348 347
348 349
348 350
348 351
348 352
348 398
348 400
348 554
349 340
349 343
349 344
349 345
349 346
349 347
349 348
349 350
349 351
349 352
349 353
349 400
349 550
349 551
349 553
349 554
349 555
350 344
350 345
350 346
350 347
350 348
350 349
350 351
350 352
350 353
350 354
350 355
350 395
350 398
350 399
350 400
350 401
350 402
350 436
350 437
350 438
350 550
350 553
350 554
351 345
351 346
351 347
351 348
351 349
351 350
351 352
351 353
351 354
351 395
351 397
351 398
351 399
351 400
351 401
351 436
352 347
352 348
352 349
352 350
352 351
352 353
352 354
352 355
352 395
352 396
352 397
352 398
352 399
352 400
352 401
352 435
352 436
352 437
353 347
353 349
353 350
353 351
353 352
353 354
353 355
353 356
353 398
353 399
353 400
353 401
353 402
353 434
353 435
353 436
353 437
353 438
353 553
354 350
354 351
354 352
354 353
354 355
354 356
354 357
354 394
354 399
354 400
354 401
354 402
354 403
354 433
354 434
354 435
354 436
354 437
354 438
354 439
355 350
355 352
355 353
355 354
355 356
355 357
355 358
355 367
355 392
355 393
355 400
355 401
355 402
355 403
355 404
355 436
355 437
355 438
355 439
355 440
355 477
355 478
355 553
356 353
356 354
356 355
356 357
356 358
356 359
356 367
356 392
356 401
356 402
356 403
356 404
356 405
356 427
356 428
356 431
356 437
356 438
356 439
356 440
356 441
356 478
357 354
357 355
357 356
357 358
357 359
357 360
357 363
357 364
357 366
357 367
357 390
357 391
357 402
357 403
357 404
357 405
357 406
357 407
357 424
357 438
357 439
357 440
357 441
357 442
357 479
358 355
358 356
358 357
358 359
358 360
358 361
358 363
358 364
358 390
358 403
358 404
358 405
358 406
358 407
358 408
358 422
358 423
358 424
358 425
358 427
358 428
358 439
358 440
358 441
358 442
358 443
358 480
359 356
359 357
359 358
359 360
359 361
359 362
359 363
359 364
359 404
359 405
359 406
359 407
359 408
359 423
359 424
359 440
359 441
359 442
359 443
359 444
359 445
359 481
360 357
360 358
360 359
360 361
360 362
360 363
360 364
360 365
360 387
360 388
360 404
360 405
360 406
360 407
360 408
360 411
360 412
360 413
360 441
360 442
360 443
360 444
360 445
360 446
361 358
361 359
361 360
361 362
361 363
361 364
361 365
361 366
361 387
361 388
361 389
361 405
361 406
361 407
361 411
361 412
361 413
361 442
361 443
361 444
361 445
361 446
361 535
361 536
362 359
362 360
362 361
362 363
362 364
362 365
362 366
362 367
362 442
362 443
362 444
362 445
362 481
362 482
362 483
362 484
362 522
362 535
362 536
362 537
362 542
363 357
363 358
363 359
363 360
363 361
363 362
363 364
363 365
363 366
363 367
363 368
363 404
363 405
363 406
363 440
363 441
363 442
363 443
363 481
363 482
363 536
363 542
363 545
364 357
364 358
364 359
364 360
364 361
364 362
364 363
364 365
364 366
364 367
364 368
364 369
364 387
364 388
364 389
364 391
364 403
364 404
364 405
364 406
364 442
364 536
365 360
365 361
365 362
365 363
365 364
365 366
365 367
365 368
365 369
365 370
365 371
365 404
365 536
365 537
365 538
365 539
365 542
365 543
365 546
366 357
366 361
366 362
366 363
366 364
366 365
366 367
366 368
366 369
366 370
366 371
366 372
366 404
366 440
366 539
366 542
366 543
366 545
366 546
366 549
367 355
367 356
367 357
367 362
367 363
367 364
367 365
367 366
367 368
367 369
367 370
367 371
367 372
367 373
367 379
367 391
367 392
367 393
367 402
367 403
367 404
367 405
367 546
368 363
368 364
368 365
368 366
368 367
368 369
368 370
368 371
368 372
368 373
368 379
368 391
368 393
368 404
369 364
369 365
369 366
369 367
369 368
369 370
369 371
369 372
369 373
369 374
369 539
369 542
369 543
369 546
370 343
370 346
370 347
370 365
370 366
370 367
370 368
370 369
370 371
370 372
370 373
370 374
370 375
370 377
370 378
370 393
370 402
370 543
370 546
371 365
371 366
371 367
371 368
371 369
371 370
371 372
371 373
371 374
371 375
371 376
371 377
371 378
371 379
371 392
371 393
371 394
371 395
371 402
372 343
372 366
372 367
372 368
372 369
372 370
372 371
372 373
372 374
372 375
372 376
372 377
372 378
372 379
373 341
373 342
373 343
373 344
373 346
373 367
373 368
373 369
373 370
373 371
373 372
373 374
373 375
373 376
373 377
373 543
374 342
374 343
374 344
374 345
374 346
374 347
374 369
374 370
374 371
374 372
374 373
374 375
374 376
374 377
374 378
374 395
375 343
375 344
375 347
375 370
375 371
375 372
375 373
375 374
375 376
375 377
375 378
375 395
376 343
376 344
376 347
376 371
376 372
376 373
376 374
376 375
376 377
376 378
376 379
376 393
376 394
376 395
376 396
376 397
376 398
376 400
377 343
377 347
377 370
377 371
377 372
377 373
377 374
377 375
377 376
377 378
377 379
377 380
377 392
377 393
377 394
377 395
377 396
377 397
377 398
377 399
377 400
377 401
377 402
378 370
378 371
378 372
378 374
378 375
378 376
378 377
378 379
378 380
378 381
378 392
378 393
378 394
378 395
378 396
378 400
378 401
378 402
379 367
379 368
379 371
379 372
379 376
379 377
379 378
379 380
379 381
379 382
379 391
379 392
379 393
379 394
379 395
379 401
379 402
379 403
380 377
380 378
380 379
380 381
380 382
380 383
380 384
380 391
380 392
380 393
380 394
381 378
381 379
381 380
381 382
381 383
381 384
381 390
381 391
381 392
381 393
382 379
382 380
382 381
382 383
382 384
382 385
382 389
382 390
382 391
382 392
383 380
383 381
383 382
383 384
383 385
383 386
383 389
383 390
383 391
384 380
384 381
384 382
384 383
384 385
384 386
384 387
384 388
384 389
384 390
384 391
384 392
384 416
384 417
385 382
385 383
385 384
385 386
385 387
385 388
385 389
385 390
385 391
385 414
385 415
385 416
385 417
386 383
386 384
386 385
386 387
386 388
386 389
386 390
386 391
386 414
387 360
387 361
387 364
387 384
387 385
387 386
387 388
387 389
387 390
387 391
387 405
387 406
387 413
387 414
387 415
387 416
388 360
388 361
388 364
388 384
388 385
388 386
388 387
388 389
388 390
388 391
388 404
388 405
388 406
388 407
388 411
388 413
388 414
388 415
388 416
388 417
388 420
388 421
389 361
389 364
389 382
389 383
389 384
389 385
389 386
389 387
389 388
389 390
389 391
389 392
389 403
389 404
389 405
389 406
389 416
389 420
390 357
390 358
390 381
390 382
390 383
390 384
390 385
390 386
390 387
390 388
390 389
390 391
390 392
390 403
390 404
390 405
390 406
390 420
391 357
391 364
391 367
391 368
391 379
391 380
391 381
391 382
391 383
391 384
391 385
391 386
391 387
391 388
391 389
391 390
391 392
391 393
391 402
391 403
391 404
391 405
391 406
392 355
392 356
392 367
392 371
392 377
392 378
392 379
392 380
392 381
392 382
392 384
392 389
392 390
392 391
392 393
392 394
392 401
392 402
392 403
392 404
392 405
393 355
393 367
393 368
393 370
393 371
393 376
393 377
393 378
393 379
393 380
393 381
393 391
393 392
393 394
393 395
393 396
393 400
393 401
393 402
393 403
393 404
394 354
394 371
394 376
394 377
394 378
394 379
394 380
394 392
394 393
394 395
394 396
394 397
394 398
394 399
394 400
394 401
394 402
394 403
395 347
395 350
395 351
395 352
395 371
395 374
395 375
395 376
395 377
395 378
395 379
395 393
395 394
395 396
395 397
395 398
395 399
395 400
395 401
395 402
396 352
396 376
396 377
396 378
396 393
396 394
396 395
396 397
396 398
396 399
396 400
396 401
397 347
397 351
397 352
397 376
397 377
397 394
397 395
397 396
397 398
397 399
397 400
398 347
398 348
398 350
398 351
398 352
398 353
398 376
398 377
398 394
398 395
398 396
398 397
398 399
398 400
398 401
399 347
399 350
399 351
399 352
399 353
399 354
399 377
399 394
399 395
399 396
399 397
399 398
399 400
399 401
400 347
400 348
400 349
400 350
400 351
400 352
400 353
400 354
400 355
400 376
400 377
400 378
400 393
400 394
400 395
400 396
400 397
400 398
400 399
400 401
400 402
400 436
401 350
401 351
401 352
401 353
401 354
401 355
401 356
401 377
401 378
401 379
401 392
401 393
401 394
401 395
401 396
401 398
401 399
401 400
401 402
401 403
401 437
402 350
402 353
402 354
402 355
402 356
402 357
402 367
402 370
402 371
402 377
402 378
402 379
402 391
402 392
402 393
402 394
402 395
402 400
402 401
402 403
402 404
402 438
403 354
403 355
403 356
403 357
403 358
403 364
403 367
403 379
403 389
403 390
403 391
403 392
403 393
403 394
403 401
403 402
403 404
403 405
403 439
404 355
404 356
404 357
404 358
404 359
404 360
404 363
404 364
404 365
404 366
404 367
404 368
404 388
404 389
404 390
404 391
404 392
404 393
404 402
404 403
404 405
404 406
404 407
404 440
405 356
405 357
405 358
405 359
405 360
405 361
405 363
405 364
405 367
405 387
405 388
405 389
405 390
405 391
405 392
405 403
405 404
405 406
405 407
405 408
405 420
405 421
405 422
405 423
405 424
405 427
406 357
406 358
406 359
406 360
406 361
406 363
406 364
406 387
406 388
406 389
406 390
406 391
406 404
406 405
406 407
406 408
406 409
406 411
406 416
406 420
406 421
406 422
406 423
406 424
406 442
406 443
407 357
407 358
407 359
407 360
407 361
407 388
407 404
407 405
407 406
407 408
407 409
407 410
407 411
407 420
407 421
407 422
407 423
407 424
407 425
407 427
407 441
407 442
407 443
407 444
407 446
408 239
408 244
408 246
408 262
408 358
408 359
408 360
408 405
408 406
408 407
408 409
408 410
408 411
408 416
408 418
408 419
408 420
408 421
408 422
408 423
408 424
408 425
408 426
408 443
408 458
409 209
409 224
409 225
409 226
409 244
409 245
409 246
409 262
409 263
409 406
409 407
409 408
409 410
409 411
409 412
409 416
409 418
409 421
409 422
409 423
409 446
409 447
410 207
410 208
410 209
410 224
410 225
410 226
410 246
410 262
410 263
410 264
410 407
410 408
410 409
410 411
410 412
410 413
410 421
410 445
410 446
410 447
410 450
411 209
411 262
411 263
411 264
411 360
411 361
411 388
411 406
411 407
411 408
411 409
411 410
411 412
411 413
411 414
411 415
411 416
411 421
411 445
411 446
411 447
412 207
412 208
412 209
412 262
412 263
412 264
412 265
412 266
412 360
412 361
412 409
412 410
412 411
412 413
412 414
412 415
412 416
412 445
412 446
412 447
413 263
413 264
413 360
413 361
413 387
413 388
413 410
413 411
413 412
413 414
413 415
413 416
413 446
414 262
414 263
414 264
414 385
414 386
414 387
414 388
414 411
414 412
414 413
414 415
414 416
415 210
415 211
415 212
415 261
415 262
415 263
415 264
415 265
415 385
415 387
415 388
415 411
415 412
415 413
415 414
415 416
415 417
415 418
416 211
416 260
416 261
416 262
416 263
416 264
416 384
416 385
416 387
416 388
416 389
416 406
416 408
416 409
416 411
416 412
416 413
416 414
416 415
416 417
416 418
416 419
416 420
416 421
417 211
417 212
417 259
417 260
417 261
417 262
417 263
417 384
417 385
417 388
417 415
417 416
417 418
417 419
417 420
417 421
418 211
418 212
418 259
418 260
418 261
418 262
418 263
418 408
418 409
418 415
418 416
418 417
418 419
418 420
418 421
418 422
419 259
419 260
419 261
419 262
419 408
419 416
419 417
419 418
419 420
419 421
419 422
420 261
420 262
420 388
420 389
420 390
420 405
420 406
420 407
420 408
420 416
420 417
420 418
420 419
420 421
420 422
420 423
421 261
421 262
421 388
421 405
421 406
421 407
421 408
421 409
421 410
421 411
421 416
421 417
421 418
421 419
421 420
421 422
421 423
421 424
422 239
422 358
422 405
422 406
422 407
422 408
422 409
422 418
422 419
422 420
422 421
422 423
422 424
422 425
422 426
422 427
423 239
423 241
423 242
423 244
423 358
423 359
423 405
423 406
423 407
423 408
423 409
423 420
423 421
423 422
423 424
423 425
423 426
423 427
423 428
423 458
423 461
423 462
424 357
424 358
424 359
424 405
424 406
424 407
424 408
424 421
424 422
424 423
424 425
424 426
424 427
424 428
424 429
424 441
424 442
424 443
424 458
424 459
424 461
424 462
424 463
424 465
424 466
425 241
425 242
425 358
425 407
425 408
425 422
425 423
425 424
425 426
425 427
425 428
425 429
425 430
425 458
425 459
425 460
425 461
425 462
425 463
425 464
425 465
425 466
426 239
426 240
426 241
426 242
426 408
426 422
426 423
426 424
426 425
426 427
426 428
426 429
426 430
426 431
426 461
426 462
426 465
427 356
427 358
427 405
427 407
427 422
427 423
427 424
427 425
427 426
427 428
427 429
427 430
427 431
427 462
427 465
428 356
428 358
428 423
428 424
428 425
428 426
428 427
428 429
428 430
428 431
428 432
428 433
428 439
428 462
428 463
428 464
428 465
428 466
428 467
428 468
428 469
429 241
429 424
429 425
429 426
429 427
429 428
429 430
429 431
429 432
429 433
429 462
429 464
429 465
429 466
429 468
429 469
430 425
430 426
430 427
430 428
430 429
430 431
430 432
430 433
430 465
430 469
431 356
431 426
431 427
431 428
431 429
431 430
431 432
431 433
431 434
431 437
431 439
431 465
431 469
431 472
431 473
431 476
432 428
432 429
432 430
432 431
432 433
432 434
432 437
432 469
432 470
432 472
432 473
432 476
433 354
433 428
433 429
433 430
433 431
433 432
433 434
433 435
433 436
433 437
433 438
433 439
433 469
433 470
433 471
433 472
433 473
433 474
433 475
433 476
433 477
433 478
434 353
434 354
434 431
434 432
434 433
434 435
434 436
434 437
434 438
434 469
434 470
434 472
434 473
434 474
434 475
434 476
434 477
435 352
435 353
435 354
435 433
435 434
435 436
435 437
435 438
435 473
435 474
435 475
435 476
435 477
435 553
436 350
436 351
436 352
436 353
436 354
436 355
436 400
436 433
436 434
436 435
436 437
436 438
436 475
436 476
436 477
436 553
437 350
437 352
437 353
437 354
437 355
437 356
437 401
437 431
437 432
437 433
437 434
437 435
437 436
437 438
437 439
437 473
437 475
437 476
437 477
437 478
437 553
438 350
438 353
438 354
438 355
438 356
438 357
438 402
438 433
438 434
438 435
438 436
438 437
438 439
438 440
438 475
438 476
438 477
438 478
438 479
438 549
438 550
438 552
438 553
439 354
439 355
439 356
439 357
439 358
439 403
439 428
439 431
439 433
439 437
439 438
439 440
439 441
439 466
439 476
439 477
439 478
439 479
439 480
439 517
439 553
440 355
440 356
440 357
440 358
440 359
440 363
440 366
440 404
440 438
440 439
440 441
440 442
440 477
440 478
440 479
440 480
440 481
440 517
440 518
440 519
440 520
440 549
441 356
441 357
441 358
441 359
441 360
441 363
441 407
441 424
441 439
441 440
441 442
441 443
441 444
441 462
441 478
441 479
441 480
441 481
441 482
441 519
441 520
442 357
442 358
442 359
442 360
442 361
442 362
442 363
442 364
442 406
442 407
442 424
442 440
442 441
442 443
442 444
442 445
442 479
442 480
442 481
442 482
442 483
442 508
442 520
443 358
443 359
443 360
443 361
443 362
443 363
443 406
443 407
443 408
443 424
443 441
443 442
443 444
443 445
443 446
443 447
443 455
443 458
443 459
443 462
443 480
443 481
443 482
443 483
443 504
443 505
443 508
444 359
444 360
444 361
444 362
444 407
444 441
444 442
444 443
444 445
444 446
444 447
444 448
444 455
444 458
444 459
444 481
444 482
444 483
444 484
444 500
444 501
444 504
444 505
444 508
445 359
445 360
445 361
445 362
445 410
445 411
445 412
445 442
445 443
445 444
445 446
445 447
445 448
445 449
445 483
445 484
445 495
445 496
445 500
445 501
445 504
445 535
446 207
446 360
446 361
446 407
446 409
446 410
446 411
446 412
446 413
446 443
446 444
446 445
446 447
446 448
446 449
446 450
446 455
446 495
446 496
447 204
447 409
447 410
447 411
447 412
447 443
447 444
447 445
447 446
447 448
447 449
447 450
447 451
447 452
447 454
447 455
447 458
447 495
447 496
447 500
447 501
447 504
448 200
448 204
448 207
448 444
448 445
448 446
448 447
448 449
448 450
448 451
448 452
448 455
448 494
448 495
448 496
448 497
448 498
448 499
448 500
448 501
448 502
448 503
448 504
449 196
449 197
449 199
449 200
449 201
449 203
449 204
449 205
449 206
449 207
449 445
449 446
449 447
449 448
449 450
449 451
449 452
449 454
449 494
449 495
449 496
449 497
449 500
450 61
450 199
450 200
450 201
450 202
450 203
450 204
450 205
450 206
450 207
450 226
450 410
450 446
450 447
450 448
450 449
450 451
450 452
450 453
450 454
450 455
450 495
450 500
451 60
451 61
451 81
451 197
451 199
451 200
451 201
451 202
451 203
451 204
451 205
451 447
451 448
451 449
451 450
451 452
451 453
451 454
451 455
451 456
452 61
452 77
452 80
452 81
452 84
452 200
452 201
452 447
452 448
452 449
452 450
452 451
452 453
452 454
452 455
452 456
452 457
452 458
452 500
452 503
452 504
452 507
453 60
453 61
453 77
453 78
453 80
453 81
453 450
453 451
453 452
453 454
453 455
453 456
453 457
453 458
453 459
454 60
454 61
454 226
454 244
454 245
454 447
454 449
454 450
454 451
454 452
454 453
454 455
454 456
454 457
454 458
454 459
455 443
455 444
455 446
455 447
455 448
455 450
455 451
455 452
455 453
455 454
455 456
455 457
455 458
455 459
455 460
455 504
455 507
455 508
456 73
456 76
456 77
456 80
456 81
456 451
456 452
456 453
456 454
456 455
456 457
456 458
456 459
456 460
456 461
456 462
456 504
456 507
456 508
456 511
457 67
457 69
457 73
457 77
457 242
457 243
457 244
457 452
457 453
457 454
457 455
457 456
457 458
457 459
457 460
457 461
457 462
457 463
458 242
458 243
458 244
458 408
458 423
458 424
458 425
458 443
458 444
458 447
458 452
458 453
458 454
458 455
458 456
458 457
458 459
458 460
458 461
458 462
458 463
459 424
459 425
459 443
459 444
459 453
459 454
459 455
459 456
459 457
459 458
459 460
459 461
459 462
459 463
459 464
459 465
459 507
459 508
459 511
459 512
460 69
460 73
460 77
460 242
460 425
460 455
460 456
460 457
460 458
460 459
460 461
460 462
460 463
460 464
460 465
460 466
460 508
460 511
460 512
461 67
461 241
461 242
461 243
461 244
461 423
461 424
461 425
461 426
461 456
461 457
461 458
461 459
461 460
461 462
461 463
461 464
461 465
461 466
462 242
462 423
462 424
462 425
462 426
462 427
462 428
462 429
462 441
462 443
462 456
462 457
462 458
462 459
462 460
462 461
462 463
462 464
462 465
462 466
462 467
462 468
462 511
462 512
463 424
463 425
463 428
463 457
463 458
463 459
463 460
463 461
463 462
463 464
463 465
463 466
463 467
463 468
463 469
463 508
463 511
463 512
463 515
463 517
464 242
464 425
464 428
464 429
464 459
464 460
464 461
464 462
464 463
464 465
464 466
464 467
464 468
464 469
464 515
465 242
465 424
465 425
465 426
465 427
465 428
465 429
465 430
465 431
465 459
465 460
465 461
465 462
465 463
465 464
465 466
465 467
465 468
465 469
465 470
465 471
466 424
466 425
466 428
466 429
466 439
466 460
466 461
466 462
466 463
466 464
466 465
466 467
466 468
466 469
466 470
466 471
466 472
466 476
466 478
466 512
466 515
466 516
466 517
467 428
467 462
467 463
467 464
467 465
467 466
467 468
467 469
467 470
467 471
467 472
467 473
467 474
467 512
467 515
467 516
467 517
468 428
468 429
468 462
468 463
468 464
468 465
468 466
468 467
468 469
468 470
468 471
468 472
468 473
468 474
469 428
469 429
469 430
469 431
469 432
469 433
469 434
469 463
469 464
469 465
469 466
469 467
469 468
469 470
469 471
469 472
469 473
469 474
469 475
469 476
469 478
470 432
470 433
470 434
470 465
470 466
470 467
470 468
470 469
470 471
470 472
470 473
470 474
470 475
470 476
470 477
470 478
470 515
470 516
470 517
471 433
471 465
471 466
471 467
471 468
471 469
471 470
471 472
471 473
471 474
471 475
471 476
472 431
472 432
472 433
472 434
472 466
472 467
472 468
472 469
472 470
472 471
472 473
472 474
472 475
472 476
473 431
473 432
473 433
473 434
473 435
473 437
473 467
473 468
473 469
473 470
473 471
473 472
473 474
473 475
473 476
473 477
474 33
474 36
474 433
474 434
474 435
474 467
474 468
474 469
474 470
474 471
474 472
474 473
474 475
474 476
474 477
474 478
474 516
475 36
475 433
475 434
475 435
475 436
475 437
475 438
475 469
475 470
475 471
475 472
475 473
475 474
475 476
475 477
475 478
476 431
476 432
476 433
476 434
476 435
476 436
476 437
476 438
476 439
476 466
476 469
476 470
476 471
476 472
476 473
476 474
476 475
476 477
476 478
476 479
476 517
476 553
477 355
477 433
477 434
477 435
477 436
477 437
477 438
477 439
477 440
477 470
477 473
477 474
477 475
477 476
477 478
477 479
477 516
477 517
477 518
477 549
477 552
477 553
477 554
478 355
478 356
478 433
478 437
478 438
478 439
478 440
478 441
478 466
478 469
478 470
478 474
478 475
478 476
478 477
478 479
478 480
478 515
478 516
478 517
478 518
478 519
478 549
478 552
478 553
479 357
479 438
479 439
479 440
479 441
479 442
479 476
479 477
479 478
479 480
479 481
479 482
479 516
479 517
479 518
479 519
479 520
479 548
479 549
479 550
479 552
479 553
480 358
480 439
480 440
480 441
480 442
480 443
480 478
480 479
480 481
480 482
480 508
480 509
480 512
480 517
480 518
480 519
480 520
480 521
480 522
480 549
481 359
481 362
481 363
481 440
481 441
481 442
481 443
481 444
481 479
481 480
481 482
481 483
481 484
481 505
481 508
481 509
481 518
481 519
481 520
481 521
481 522
481 523
481 545
481 549
482 362
482 363
482 441
482 442
482 443
482 444
482 479
482 480
482 481
482 483
482 484
482 485
482 501
482 502
482 504
482 505
482 506
482 508
482 509
482 519
482 520
482 521
482 522
482 523
482 524
482 525
483 362
483 442
483 443
483 444
483 445
483 481
483 482
483 484
483 485
483 486
483 498
483 501
483 502
483 503
483 504
483 505
483 506
483 508
483 520
483 521
483 522
483 523
483 524
483 525
483 526
483 535
484 362
484 444
484 445
484 481
484 482
484 483
484 485
484 486
484 498
484 501
484 502
484 505
484 521
484 522
484 523
484 524
484 525
484 526
484 527
484 533
484 534
484 535
484 536
484 537
485 482
485 483
485 484
485 486
485 487
485 488
485 496
485 497
485 498
485 499
485 501
485 502
485 522
485 523
485 524
485 525
485 526
485 527
485 528
485 532
485 533
485 534
485 535
485 536
485 537
486 483
486 484
486 485
486 487
486 488
486 489
486 492
486 493
486 496
486 497
486 498
486 501
486 523
486 526
486 527
486 532
486 533
486 534
486 535
486 536
486 537
487 286
487 287
487 485
487 486
487 488
487 489
487 492
487 493
487 496
487 497
487 498
487 532
487 533
487 534
487 535
487 536
488 187
488 188
488 280
488 282
488 286
488 287
488 485
488 486
488 487
488 489
488 490
488 491
488 492
488 493
488 494
488 495
488 496
488 497
488 498
488 533
488 534
488 535
489 280
489 281
489 282
489 283
489 285
489 286
489 287
489 486
489 487
489 488
489 490
489 491
489 492
489 493
489 494
489 496
489 497
490 277
490 278
490 279
490 280
490 281
490 282
490 285
490 286
490 488
490 489
490 491
490 492
490 493
490 494
490 495
490 497
491 267
491 269
491 271
491 280
491 281
491 488
491 489
491 490
491 492
491 493
491 494
491 495
491 496
491 497
492 280
492 486
492 487
492 488
492 489
492 490
492 491
492 493
492 494
492 495
492 496
492 497
492 498
493 187
493 188
493 192
493 193
493 196
493 280
493 281
493 286
493 287
493 486
493 487
493 488
493 489
493 490
493 491
493 492
493 494
493 495
493 496
493 497
493 498
493 499
493 500
494 192
494 193
494 195
494 196
494 197
494 199
494 200
494 206
494 267
494 271
494 272
494 280
494 448
494 449
494 488
494 489
494 490
494 491
494 492
494 493
494 495
494 496
494 497
494 500
495 196
495 199
495 200
495 204
495 206
495 207
495 267
495 268
495 445
495 446
495 447
495 448
495 449
495 450
495 488
495 490
495 491
495 492
495 493
495 494
495 496
495 497
495 498
495 500
496 445
496 446
496 447
496 448
496 449
496 485
496 486
496 487
496 488
496 489
496 491
496 492
496 493
496 494
496 495
496 497
496 498
496 499
496 500
496 501
496 535
497 187
497 188
497 193
497 196
497 286
497 448
497 449
497 485
497 486
497 487
497 488
497 489
497 490
497 491
497 492
497 493
497 494
497 495
497 496
497 498
497 499
497 500
497 501
497 502
498 142
498 144
498 187
498 188
498 287
498 448
498 483
498 484
498 485
498 486
498 487
498 488
498 492
498 493
498 495
498 496
498 497
498 499
498 500
498 501
498 502
498 503
498 504
498 505
498 523
498 533
498 535
499 141
499 142
499 143
499 144
499 187
499 188
499 193
499 196
499 197
499 448
499 485
499 493
499 496
499 497
499 498
499 500
499 501
499 502
499 503
499 504
499 505
500 193
500 196
500 197
500 200
500 444
500 445
500 447
500 448
500 449
500 450
500 452
500 493
500 494
500 495
500 496
500 497
500 498
500 499
500 501
500 502
500 503
500 504
500 505
500 506
501 444
501 445
501 447
501 448
501 482
501 483
501 484
501 485
501 486
501 496
501 497
501 498
501 499
501 500
501 502
501 503
501 504
501 505
501 506
501 507
501 523
502 84
502 142
502 448
502 482
502 483
502 484
502 485
502 497
502 498
502 499
502 500
502 501
502 503
502 504
502 505
502 506
502 507
502 508
502 523
503 80
503 81
503 83
503 84
503 85
503 448
503 452
503 483
503 498
503 499
503 500
503 501
503 502
503 504
503 505
503 506
503 507
503 508
504 443
504 444
504 445
504 447
504 448
504 452
504 455
504 456
504 482
504 483
504 498
504 499
504 500
504 501
504 502
504 503
504 505
504 506
504 507
504 508
504 509
504 510
505 443
505 444
505 481
505 482
505 483
505 484
505 498
505 499
505 500
505 501
505 502
505 503
505 504
505 506
505 507
505 508
505 509
505 510
505 511
505 521
505 522
505 523
506 80
506 83
506 84
506 482
506 483
506 500
506 501
506 502
506 503
506 504
506 505
506 507
506 508
506 509
506 510
506 511
507 77
507 80
507 81
507 83
507 84
507 452
507 455
507 456
507 459
507 501
507 502
507 503
507 504
507 505
507 506
507 508
507 509
507 510
507 511
507 512
507 513
508 442
508 443
508 444
508 455
508 456
508 459
508 460
508 463
508 480
508 481
508 482
508 483
508 502
508 503
508 504
508 505
508 506
508 507
508 509
508 510
508 511
508 512
508 513
509 42
509 43
509 480
509 481
509 482
509 504
509 505
509 506
509 507
509 508
509 510
509 511
509 512
509 513
509 514
509 519
509 521
510 42
510 43
510 44
510 46
510 76
510 80
510 504
510 505
510 506
510 507
510 508
510 509
510 511
510 512
510 513
510 514
510 515
511 76
511 77
511 80
511 456
511 459
511 460
511 462
511 463
511 505
511 506
511 507
511 508
511 509
511 510
511 512
511 513
511 514
511 515
512 42
512 459
512 460
512 462
512 463
512 466
512 467
512 480
512 507
512 508
512 509
512 510
512 511
512 513
512 514
512 515
512 516
512 517
512 518
512 519
513 41
513 42
513 43
513 44
513 45
513 46
513 507
513 508
513 509
513 510
513 511
513 512
513 514
513 515
513 516
513 517
513 518
513 519
514 40
514 41
514 42
514 43
514 44
514 509
514 510
514 511
514 512
514 513
514 515
514 516
514 517
515 40
515 42
515 463
515 464
515 466
515 467
515 470
515 478
515 510
515 511
515 512
515 513
515 514
515 516
515 517
515 518
516 37
516 39
516 40
516 41
516 42
516 466
516 467
516 470
516 474
516 477
516 478
516 479
516 512
516 513
516 514
516 515
516 517
516 518
516 519
517 40
517 41
517 42
517 439
517 440
517 463
517 466
517 467
517 470
517 476
517 477
517 478
517 479
517 480
517 512
517 513
517 514
517 515
517 516
517 518
517 519
517 552
518 39
518 40
518 41
518 42
518 440
518 477
518 478
518 479
518 480
518 481
518 512
518 513
518 515
518 516
518 517
518 519
518 520
518 521
518 548
518 549
518 552
518 553
519 41
519 42
519 440
519 441
519 478
519 479
519 480
519 481
519 482
519 509
519 512
519 513
519 516
519 517
519 518
519 520
519 521
519 522
519 548
519 549
519 552
520 322
520 332
520 440
520 441
520 442
520 479
520 480
520 481
520 482
520 483
520 518
520 519
520 521
520 522
520 523
520 524
520 525
520 544
520 545
520 546
520 547
520 548
520 549
520 552
521 322
521 323
521 332
521 480
521 481
521 482
521 483
521 484
521 505
521 509
521 518
521 519
521 520
521 522
521 523
521 524
521 525
521 526
521 545
521 548
521 549
522 362
522 480
522 481
522 482
522 483
522 484
522 485
522 505
522 519
522 520
522 521
522 523
522 524
522 525
522 526
522 527
522 528
522 537
522 541
522 542
522 544
522 545
522 548
523 157
523 481
523 482
523 483
523 484
523 485
523 486
523 498
523 501
523 502
523 505
523 520
523 521
523 522
523 524
523 525
523 526
523 527
523 528
524 146
524 155
524 156
524 157
524 158
524 321
524 322
524 323
524 324
524 482
524 483
524 484
524 485
524 520
524 521
524 522
524 523
524 525
524 526
524 527
524 528
524 529
525 155
525 156
525 157
525 322
525 323
525 324
525 325
525 329
525 330
525 331
525 332
525 482
525 483
525 484
525 485
525 520
525 521
525 522
525 523
525 524
525 526
525 527
525 528
525 529
525 537
525 541
525 542
525 544
525 545
526 156
526 157
526 483
526 484
526 485
526 486
526 521
526 522
526 523
526 524
526 525
526 527
526 528
526 529
526 530
526 531
526 532
526 533
526 534
526 535
526 536
526 537
526 538
526 541
526 542
526 545
527 144
527 145
527 146
527 155
527 156
527 157
527 158
527 484
527 485
527 486
527 522
527 523
527 524
527 525
527 526
527 528
527 529
527 530
527 531
527 532
527 533
528 145
528 146
528 147
528 148
528 154
528 155
528 156
528 157
528 158
528 321
528 323
528 324
528 325
528 330
528 485
528 522
528 523
528 524
528 525
528 526
528 527
528 529
528 530
528 531
528 533
529 146
529 147
529 148
529 150
529 153
529 154
529 155
529 156
529 157
529 324
529 325
529 326
529 328
529 329
529 330
529 524
529 525
529 526
529 527
529 528
529 530
529 531
529 532
529 533
529 537
529 540
529 541
530 146
530 147
530 148
530 149
530 150
530 153
530 154
530 155
530 156
530 325
530 328
530 526
530 527
530 528
530 529
530 531
530 532
530 533
531 153
531 526
531 527
531 528
531 529
531 530
531 532
531 533
531 534
531 537
531 538
531 540
531 541
532 485
532 486
532 487
532 526
532 527
532 529
532 530
532 531
532 533
532 534
532 537
532 538
533 484
533 485
533 486
533 487
533 488
533 498
533 526
533 527
533 528
533 529
533 530
533 531
533 532
533 534
533 535
533 536
533 537
533 538
534 484
534 485
534 486
534 487
534 488
534 526
534 531
534 532
534 533
534 535
534 536
534 537
534 538
535 361
535 362
535 445
535 483
535 484
535 485
535 486
535 487
535 488
535 496
535 498
535 526
535 533
535 534
535 536
535 537
535 538
536 361
536 362
536 363
536 364
536 365
536 484
536 485
536 486
536 487
536 526
536 533
536 534
536 535
536 537
536 538
536 539
536 541
536 542
537 362
537 365
537 484
537 485
537 486
537 522
537 525
537 526
537 529
537 531
537 532
537 533
537 534
537 535
537 536
537 538
537 539
537 540
537 541
537 542
538 365
538 526
538 531
538 532
538 533
538 534
538 535
538 536
538 537
538 539
538 540
538 541
538 542
538 543
539 365
539 366
539 369
539 536
539 537
539 538
539 540
539 541
539 542
539 543
539 544
539 545
540 328
540 329
540 330
540 529
540 531
540 537
540 538
540 539
540 541
540 542
540 543
540 544
540 545
540 546
541 325
541 328
541 329
541 330
541 522
541 525
541 526
541 529
541 531
541 536
541 537
541 538
541 539
541 540
541 542
541 543
541 544
541 545
541 546
541 547
542 362
542 363
542 365
542 366
542 369
542 522
542 525
542 526
542 536
542 537
542 538
542 539
542 540
542 541
542 543
542 544
542 545
542 546
542 547
542 548
543 329
543 330
543 339
543 340
543 341
543 365
543 366
543 369
543 370
543 373
543 538
543 539
543 540
543 541
543 542
543 544
543 545
543 546
543 547
543 548
543 549
544 325
544 328
544 329
544 330
544 331
544 337
544 338
544 339
544 340
544 520
544 522
544 525
544 539
544 540
544 541
544 542
544 543
544 545
544 546
544 547
544 548
544 549
544 550
545 330
545 363
545 366
545 481
545 520
545 521
545 522
545 525
545 526
545 539
545 540
545 541
545 542
545 543
545 544
545 546
545 547
545 548
545 549
545 550
545 551
546 339
546 340
546 346
546 365
546 366
546 367
546 369
546 370
546 520
546 540
546 541
546 542
546 543
546 544
546 545
546 547
546 548
546 549
546 550
546 551
546 552
547 329
547 330
547 337
547 338
547 339
547 340
547 341
547 346
547 520
547 541
547 542
547 543
547 544
547 545
547 546
547 548
547 549
547 550
547 551
547 552
547 553
548 330
548 331
548 332
548 335
548 336
548 337
548 338
548 339
548 340
548 479
548 518
548 519
548 520
548 521
548 522
548 542
548 543
548 544
548 545
548 546
548 547
548 549
548 550
548 551
548 552
548 553
548 555
549 337
549 338
549 366
549 438
549 440
549 477
549 478
549 479
549 480
549 481
549 518
549 519
549 520
549 521
549 543
549 544
549 545
549 546
549 547
549 548
549 550
549 551
549 552
549 553
549 554
549 555
550 337
550 338
550 339
550 340
550 345
550 346
550 349
550 350
550 438
550 479
550 544
550 545
550 546
550 547
550 548
550 549
550 551
550 552
550 553
550 554
550 555
551 335
551 336
551 337
551 338
551 339
551 340
551 346
551 349
551 545
551 546
551 547
551 548
551 549
551 550
551 552
551 553
551 554
551 555
551 556
552 335
552 336
552 337
552 338
552 438
552 477
552 478
552 479
552 517
552 518
552 519
552 520
552 546
552 547
552 548
552 549
552 550
552 551
552 553
552 554
552 555
552 556
553 349
553 350
553 353
553 355
553 435
553 436
553 437
553 438
553 439
553 476
553 477
553 478
553 479
553 518
553 547
553 548
553 549
553 550
553 551
553 552
553 554
553 555
553 556
554 338
554 346
554 348
554 349
554 350
554 477
554 549
554 550
554 551
554 552
554 553
554 555
554 556
554 557
555 335
555 336
555 337
555 338
555 349
555 548
555 549
555 550
555 551
555 552
555 553
555 554
555 556
555 557
555 558
556 335
556 336
556 337
556 338
556 551
556 552
556 553
556 554
556 555
556 557
556 558
557 554
557 555
557 556
557 558
558 336
558 555
558 556
558 557
