0 1
0 2
0 3
1 0
1 2
1 3
1 4
2 0
2 1
2 3
2 4
2 5
3 0
3 1
3 2
3 4
3 5
3 6
4 1
4 2
4 3
4 5
4 6
4 7
5 2
5 3
5 4
5 6
5 7
5 8
6 3
6 4
6 5
6 7
6 8
6 9
7 4
7 5
7 6
7 8
7 9
7 10
8 5
8 6
8 7
8 9
8 10
8 11
9 6
9 7
9 8
9 10
9 11
9 12
10 7
10 8
10 9
10 11
10 12
10 13
11 8
11 9
11 10
11 12
11 13
11 14
12 9
12 10
12 11
12 13
12 14
12 15
13 10
13 11
13 12
13 14
13 15
13 16
14 11
14 12
14 13
14 15
14 16
14 17
15 12
15 13
15 14
15 16
15 17
15 18
16 13
16 14
16 15
16 17
16 18
16 19
17 14
17 15
17 16
17 18
17 19
17 20
18 15
18 16
18 17
18 19
18 20
18 21
19 16
19 17
19 18
19 20
19 21
19 22
19 23
20 17
20 18
20 19
20 21
20 22
20 23
21 18
21 19
21 20
21 22
21 23
21 24
21 25
22 19
22 20
22 21
22 23
22 24
22 25
23 19
23 20
23 21
23 22
23 24
23 25
23 26
24 21
24 22
24 23
24 25
24 26
24 27
24 28
25 21
25 22
25 23
25 24
25 26
25 27
25 28
25 29
26 23
26 24
26 25
26 27
26 28
26 29
26 30
27 24
27 25
27 26
27 28
27 29
27 30
28 24
28 25
28 26
28 27
28 29
28 30
28 31
28 32
29 25
29 26
29 27
29 28
29 30
29 31
29 32
30 26
30 27
30 28
30 29
30 31
30 32
30 33
31 28
31 29
31 30
31 32
31 33
31 34
31 67
32 28
32 29
32 30
32 31
32 33
32 34
32 35
32 67
32 68
32 70
32 71
32 72
32 73
33 30
33 31
33 32
33 34
33 35
33 36
33 56
33 59
33 67
33 70
33 71
33 72
33 73
34 31
34 32
34 33
34 35
34 36
34 37
34 55
34 56
34 59
34 63
34 67
34 70
34 71
34 72
34 73
34 74
34 96
35 32
35 33
35 34
35 36
35 37
35 38
35 55
35 56
35 59
35 70
35 71
35 72
35 73
35 74
35 75
36 33
36 34
36 35
36 37
36 38
36 39
36 51
36 52
36 55
36 56
36 71
36 72
36 73
36 74
36 75
36 76
36 92
37 34
37 35
37 36
37 38
37 39
37 40
37 52
37 73
37 74
37 75
37 76
37 77
38 35
38 36
38 37
38 39
38 40
38 48
38 51
38 52
38 74
38 75
38 76
38 77
38 114
39 36
39 37
39 38
39 40
39 41
39 44
39 45
39 48
39 75
39 76
39 77
40 37
40 38
40 39
40 41
40 42
40 43
40 44
40 45
40 47
40 48
40 76
40 77
40 80
40 117
41 39
41 40
41 42
41 43
41 44
41 45
41 48
42 40
42 41
42 43
42 44
42 45
42 46
42 48
43 40
43 41
43 42
43 44
43 45
43 46
43 47
43 48
43 117
44 39
44 40
44 41
44 42
44 43
44 45
44 46
44 47
44 48
44 49
44 50
44 116
44 117
44 118
45 39
45 40
45 41
45 42
45 43
45 44
45 46
45 47
45 48
45 49
45 50
45 51
46 42
46 43
46 44
46 45
46 47
46 48
46 49
46 50
46 51
46 52
47 40
47 43
47 44
47 45
47 46
47 48
47 49
47 50
47 51
47 52
47 53
47 113
47 114
47 116
47 117
48 38
48 39
48 40
48 41
48 42
48 43
48 44
48 45
48 46
48 47
48 49
48 50
48 51
48 52
48 53
48 54
48 113
48 114
48 117
49 44
49 45
49 46
49 47
49 48
49 50
49 51
49 52
49 53
49 54
49 55
50 44
50 45
50 46
50 47
50 48
50 49
50 51
50 52
50 53
50 54
50 55
50 56
50 113
51 36
51 38
51 45
51 46
51 47
51 48
51 49
51 50
51 52
51 53
51 54
51 55
51 56
51 57
51 109
51 110
51 112
51 113
51 114
52 36
52 37
52 38
52 46
52 47
52 48
52 49
52 50
52 51
52 53
52 54
52 55
52 56
52 57
52 58
53 47
53 48
53 49
53 50
53 51
53 52
53 54
53 55
53 56
53 57
53 58
53 59
54 48
54 49
54 50
54 51
54 52
54 53
54 55
54 56
54 57
54 58
54 59
54 60
54 106
54 109
54 110
54 113
55 34
55 35
55 36
55 49
55 50
55 51
55 52
55 53
55 54
55 56
55 57
55 58
55 59
55 60
55 61
55 62
55 106
55 109
55 110
56 33
56 34
56 35
56 36
56 50
56 51
56 52
56 53
56 54
56 55
56 57
56 58
56 59
56 60
56 61
56 62
57 51
57 52
57 53
57 54
57 55
57 56
57 58
57 59
57 60
57 61
57 62
58 52
58 53
58 54
58 55
58 56
58 57
58 59
58 60
58 61
58 62
58 63
58 105
58 106
59 33
59 34
59 35
59 53
59 54
59 55
59 56
59 57
59 58
59 60
59 61
59 62
59 63
59 64
59 106
60 54
60 55
60 56
60 57
60 58
60 59
60 61
60 62
60 63
60 64
60 65
61 55
61 56
61 57
61 58
61 59
61 60
61 62
61 63
61 64
61 65
62 55
62 56
62 57
62 58
62 59
62 60
62 61
62 63
62 64
62 65
62 66
62 69
62 70
62 99
62 101
62 102
62 103
62 106
63 34
63 58
63 59
63 60
63 61
63 62
63 64
63 65
63 66
63 67
63 68
63 69
63 70
63 99
63 101
64 59
64 60
64 61
64 62
64 63
64 65
64 66
64 67
65 60
65 61
65 62
65 63
65 64
65 66
65 67
65 68
65 69
66 62
66 63
66 64
66 65
66 67
66 68
66 69
66 70
66 99
66 100
67 31
67 32
67 33
67 34
67 63
67 64
67 65
67 66
67 68
67 69
67 70
67 71
67 99
68 32
68 63
68 65
68 66
68 67
68 69
68 70
68 71
68 98
68 99
69 62
69 63
69 65
69 66
69 67
69 68
69 70
69 71
69 72
69 96
69 97
69 98
69 99
69 100
69 101
70 32
70 33
70 34
70 35
70 62
70 63
70 66
70 67
70 68
70 69
70 71
70 72
70 73
70 95
70 96
70 97
70 98
70 99
70 100
71 32
71 33
71 34
71 35
71 36
71 67
71 68
71 69
71 70
71 72
71 73
71 74
71 92
71 93
71 94
71 95
71 96
71 97
71 98
71 99
72 32
72 33
72 34
72 35
72 36
72 69
72 70
72 71
72 73
72 74
72 95
72 96
72 98
73 32
73 33
73 34
73 35
73 36
73 37
73 70
73 71
73 72
73 74
73 75
73 76
73 92
73 95
73 96
74 34
74 35
74 36
74 37
74 38
74 71
74 72
74 73
74 75
74 76
74 77
74 78
74 79
74 91
74 92
74 93
74 94
74 95
74 96
75 35
75 36
75 37
75 38
75 39
75 73
75 74
75 76
75 77
75 78
75 79
75 80
75 88
75 91
75 92
75 95
76 36
76 37
76 38
76 39
76 40
76 73
76 74
76 75
76 77
76 78
76 79
76 80
76 81
76 82
76 88
76 91
76 92
76 110
76 111
76 114
77 37
77 38
77 39
77 40
77 74
77 75
77 76
77 78
77 79
77 80
77 81
77 82
78 74
78 75
78 76
78 77
78 79
78 80
78 81
78 82
78 88
78 91
79 74
79 75
79 76
79 77
79 78
79 80
79 81
79 82
79 83
79 84
79 85
79 87
79 88
79 89
79 90
79 91
79 92
79 111
79 114
80 40
80 75
80 76
80 77
80 78
80 79
80 81
80 82
80 83
80 84
80 85
80 88
80 111
80 114
80 115
80 117
80 118
81 76
81 77
81 78
81 79
81 80
81 82
81 83
81 84
81 88
82 76
82 77
82 78
82 79
82 80
82 81
82 83
82 84
82 85
82 86
82 87
82 88
82 91
83 79
83 80
83 81
83 82
83 84
83 85
83 86
83 87
83 88
84 79
84 80
84 81
84 82
84 83
84 85
84 86
84 87
84 88
84 89
85 79
85 80
85 82
85 83
85 84
85 86
85 87
85 88
85 89
85 90
85 91
85 107
85 108
85 111
85 112
85 114
85 115
86 82
86 83
86 84
86 85
86 87
86 88
86 89
86 90
86 91
86 107
86 108
86 111
87 79
87 82
87 83
87 84
87 85
87 86
87 88
87 89
87 90
87 91
87 92
87 93
88 75
88 76
88 78
88 79
88 80
88 81
88 82
88 83
88 84
88 85
88 86
88 87
88 89
88 90
88 91
88 92
88 93
88 94
88 107
88 108
88 110
88 111
88 114
89 79
89 84
89 85
89 86
89 87
89 88
89 90
89 91
89 92
89 93
89 94
89 95
89 103
89 104
89 106
89 107
89 108
89 110
89 111
90 79
90 85
90 86
90 87
90 88
90 89
90 91
90 92
90 93
90 94
90 95
90 96
90 97
90 104
90 107
91 74
91 75
91 76
91 78
91 79
91 82
91 85
91 86
91 87
91 88
91 89
91 90
91 92
91 93
91 94
91 95
91 96
91 97
91 107
92 36
92 71
92 73
92 74
92 75
92 76
92 79
92 87
92 88
92 89
92 90
92 91
92 93
92 94
92 95
92 96
92 97
92 103
92 104
92 106
92 107
92 110
92 111
93 71
93 74
93 87
93 88
93 89
93 90
93 91
93 92
93 94
93 95
93 96
93 97
93 98
93 99
93 102
93 103
93 104
93 106
93 107
94 71
94 74
94 88
94 89
94 90
94 91
94 92
94 93
94 95
94 96
94 97
94 98
94 99
94 103
95 70
95 71
95 72
95 73
95 74
95 75
95 89
95 90
95 91
95 92
95 93
95 94
95 96
95 97
95 98
95 99
95 103
96 34
96 69
96 70
96 71
96 72
96 73
96 74
96 90
96 91
96 92
96 93
96 94
96 95
96 97
96 98
96 99
96 100
96 101
96 102
96 103
96 104
96 106
96 107
97 69
97 70
97 71
97 90
97 91
97 92
97 93
97 94
97 95
97 96
97 98
97 99
97 100
97 101
97 102
97 103
97 104
98 68
98 69
98 70
98 71
98 72
98 93
98 94
98 95
98 96
98 97
98 99
98 100
98 101
98 103
99 62
99 63
99 66
99 67
99 68
99 69
99 70
99 71
99 93
99 94
99 95
99 96
99 97
99 98
99 100
99 101
99 102
99 103
100 66
100 69
100 70
100 96
100 97
100 98
100 99
100 101
100 102
100 103
101 62
101 63
101 69
101 96
101 97
101 98
101 99
101 100
101 102
101 103
101 104
101 105
101 106
102 62
102 93
102 96
102 97
102 99
102 100
102 101
102 103
102 104
102 105
102 106
102 107
103 62
103 89
103 92
103 93
103 94
103 95
103 96
103 97
103 98
103 99
103 100
103 101
103 102
103 104
103 105
103 106
103 107
103 108
103 109
104 89
104 90
104 92
104 93
104 96
104 97
104 101
104 102
104 103
104 105
104 106
104 107
104 108
104 109
104 110
105 58
105 101
105 102
105 103
105 104
105 106
105 107
105 108
105 109
105 110
105 111
106 54
106 55
106 58
106 59
106 62
106 89
106 92
106 93
106 96
106 101
106 102
106 103
106 104
106 105
106 107
106 108
106 109
106 110
106 111
106 112
107 85
107 86
107 88
107 89
107 90
107 91
107 92
107 93
107 96
107 102
107 103
107 104
107 105
107 106
107 108
107 109
107 110
107 111
107 112
107 113
108 85
108 86
108 88
108 89
108 103
108 104
108 105
108 106
108 107
108 109
108 110
108 111
108 112
108 113
108 114
109 51
109 54
109 55
109 103
109 104
109 105
109 106
109 107
109 108
109 110
109 111
109 112
109 113
109 114
109 115
110 51
110 54
110 55
110 76
110 88
110 89
110 92
110 104
110 105
110 106
110 107
110 108
110 109
110 111
110 112
110 113
110 114
110 115
110 116
111 76
111 79
111 80
111 85
111 86
111 88
111 89
111 92
111 105
111 106
111 107
111 108
111 109
111 110
111 112
111 113
111 114
111 115
111 116
111 117
111 118
112 51
112 85
112 106
112 107
112 108
112 109
112 110
112 111
112 113
112 114
112 115
112 116
112 117
112 118
113 47
113 48
113 50
113 51
113 54
113 107
113 108
113 109
113 110
113 111
113 112
113 114
113 115
113 116
113 117
113 118
114 38
114 47
114 48
114 51
114 76
114 79
114 80
114 85
114 88
114 108
114 109
114 110
114 111
114 112
114 113
114 115
114 116
114 117
114 118
114 119
115 80
115 85
115 109
115 110
115 111
115 112
115 113
115 114
115 116
115 117
115 118
115 119
116 44
116 47
116 110
116 111
116 112
116 113
116 114
116 115
116 117
116 118
116 119
116 120
117 40
117 43
117 44
117 47
117 48
117 80
117 111
117 112
117 113
117 114
117 115
117 116
117 118
117 119
117 120
118 44
118 80
118 111
118 112
118 113
118 114
118 115
118 116
118 117
118 119
118 120
118 121
119 114
119 115
119 116
119 117
119 118
119 120
119 121
119 122
120 116
120 117
120 118
120 119
120 121
120 122
120 123
121 118
121 119
121 120
121 122
121 123
121 124
122 119
122 120
122 121
122 123
122 124
122 125
123 120
123 121
123 122
123 124
123 125
123 126
124 121
124 122
124 123
124 125
124 126
124 127
125 122
125 123
125 124
125 126
125 127
125 128
126 123
126 124
126 125
126 127
126 128
126 129
127 124
127 125
127 126
127 128
127 129
127 130
128 125
128 126
128 127
128 129
128 130
128 131
129 126
129 127
129 128
129 130
129 131
129 132
129 133
130 127
130 128
130 129
130 131
130 132
130 133
131 128
131 129
131 130
131 132
131 133
131 134
132 129
132 130
132 131
132 133
132 134
132 135
133 129
133 130
133 131
133 132
133 134
133 135
133 136
134 131
134 132
134 133
134 135
134 136
134 137
135 132
135 133
135 134
135 136
135 137
135 138
136 133
136 134
136 135
136 137
136 138
136 139
137 134
137 135
137 136
137 138
137 139
137 140
138 135
138 136
138 137
138 139
138 140
138 141
139 136
139 137
139 138
139 140
139 141
139 142
140 137
140 138
140 139
140 141
140 142
140 143
141 138
141 139
141 140
141 142
141 143
141 144
142 139
142 140
142 141
142 143
142 144
142 145
143 140
143 141
143 142
143 144
143 145
143 146
144 141
144 142
144 143
144 145
144 146
145 142
145 143
145 144
145 146
146 143
146 144
146 145
