0 1
0 2
0 3
1 0
1 2
1 3
2 0
2 1
2 3
2 4
3 0
3 1
3 2
3 4
3 5
4 2
4 3
4 5
4 6
5 3
5 4
5 6
5 7
6 4
6 5
6 7
6 8
7 5
7 6
7 8
7 9
8 6
8 7
8 9
8 10
9 7
9 8
9 10
9 11
10 8
10 9
10 11
10 12
11 9
11 10
11 12
11 13
12 10
12 11
12 13
12 14
13 11
13 12
13 14
13 15
14 12
14 13
14 15
14 16
15 13
15 14
15 16
15 17
16 14
16 15
16 17
16 18
17 15
17 16
17 18
17 19
18 16
18 17
18 19
18 20
19 17
19 18
19 20
19 21
20 18
20 19
20 21
20 22
20 23
21 19
21 20
21 22
21 23
21 24
22 20
22 21
22 23
22 24
22 25
23 20
23 21
23 22
23 24
23 25
23 26
24 21
24 22
24 23
24 25
24 26
24 27
25 22
25 23
25 24
25 26
25 27
25 28
26 23
26 24
26 25
26 27
26 28
26 29
27 24
27 25
27 26
27 28
27 29
27 30
28 25
28 26
28 27
28 29
28 30
28 31
28 32
29 26
29 27
29 28
29 30
29 31
29 32
29 33
29 64
30 27
30 28
30 29
30 31
30 32
30 33
30 63
30 64
30 65
30 66
30 67
30 68
31 28
31 29
31 30
31 32
31 33
31 34
31 35
31 48
31 63
31 64
31 66
31 67
31 68
32 28
32 29
32 30
32 31
32 33
32 34
32 35
32 36
32 47
32 48
32 63
32 68
33 29
33 30
33 31
33 32
33 34
33 35
33 36
33 46
33 47
33 48
33 49
33 50
34 31
34 32
34 33
34 35
34 36
34 37
34 45
34 46
34 47
34 48
34 49
34 50
34 51
35 31
35 32
35 33
35 34
35 36
35 37
35 44
35 45
35 46
35 47
35 48
35 49
35 50
35 51
35 63
35 78
35 79
36 32
36 33
36 34
36 35
36 37
36 38
36 39
36 43
36 44
36 45
36 46
36 47
36 48
36 73
36 76
36 77
36 78
36 79
36 80
37 34
37 35
37 36
37 38
37 39
37 40
37 41
37 42
37 43
37 44
37 45
37 46
37 51
37 73
37 74
37 77
37 78
37 79
37 80
37 81
37 85
38 36
38 37
38 39
38 40
38 41
38 42
38 43
38 44
38 45
38 72
38 73
38 74
38 76
38 77
38 78
38 79
38 80
38 81
38 82
38 83
38 85
39 36
39 37
39 38
39 40
39 41
39 42
39 43
39 44
39 78
39 79
39 80
39 81
39 82
39 83
39 84
39 85
39 86
39 87
39 88
39 89
40 37
40 38
40 39
40 41
40 42
40 43
40 80
40 81
40 82
40 83
40 84
40 85
40 86
40 88
41 37
41 38
41 39
41 40
41 42
41 43
41 44
41 74
41 80
41 81
41 82
41 83
41 84
41 85
41 86
42 37
42 38
42 39
42 40
42 41
42 43
42 44
42 80
42 81
42 83
42 84
42 85
42 86
42 88
42 89
43 36
43 37
43 38
43 39
43 40
43 41
43 42
43 44
43 45
43 78
43 79
43 80
43 85
43 86
44 35
44 36
44 37
44 38
44 39
44 41
44 42
44 43
44 45
44 46
44 78
44 79
44 85
44 88
44 89
44 92
45 34
45 35
45 36
45 37
45 38
45 43
45 44
45 46
45 47
45 48
45 78
45 92
46 33
46 34
46 35
46 36
46 37
46 44
46 45
46 47
46 48
46 49
46 50
46 51
46 92
46 96
47 32
47 33
47 34
47 35
47 36
47 45
47 46
47 48
47 49
47 50
47 51
47 52
47 53
47 96
48 31
48 32
48 33
48 34
48 35
48 36
48 45
48 46
48 47
48 49
48 50
48 51
48 52
48 53
48 59
48 60
48 63
48 64
49 33
49 34
49 35
49 46
49 47
49 48
49 50
49 51
49 52
49 53
49 54
49 60
49 63
49 95
49 96
50 33
50 34
50 35
50 46
50 47
50 48
50 49
50 51
50 52
50 53
50 54
50 59
50 60
50 92
50 93
50 94
50 95
50 96
50 97
51 34
51 35
51 37
51 46
51 47
51 48
51 49
51 50
51 52
51 53
51 54
51 55
51 57
51 58
51 59
51 60
51 61
51 62
51 63
51 64
51 91
51 92
51 95
51 96
52 47
52 48
52 49
52 50
52 51
52 53
52 54
52 55
52 56
52 57
52 58
52 59
52 60
52 61
52 62
52 63
52 64
52 95
52 96
53 47
53 48
53 49
53 50
53 51
53 52
53 54
53 55
53 56
53 57
53 59
53 60
53 94
53 95
53 96
53 97
53 98
54 49
54 50
54 51
54 52
54 53
54 55
54 56
54 57
54 58
54 59
54 60
54 61
54 94
54 95
54 96
54 98
54 120
54 121
54 122
54 123
55 51
55 52
55 53
55 54
55 56
55 57
55 58
55 59
55 60
55 61
55 64
55 120
55 121
56 52
56 53
56 54
56 55
56 57
56 58
56 59
56 60
56 61
56 62
56 64
56 119
56 120
56 121
57 51
57 52
57 53
57 54
57 55
57 56
57 58
57 59
57 60
57 61
57 62
57 116
57 117
57 118
57 119
57 120
57 121
57 122
58 51
58 52
58 54
58 55
58 56
58 57
58 59
58 60
58 61
58 62
58 63
58 117
58 118
58 119
58 120
58 121
59 48
59 50
59 51
59 52
59 53
59 54
59 55
59 56
59 57
59 58
59 60
59 61
59 62
59 63
59 64
59 65
59 81
59 95
59 119
59 120
59 121
60 48
60 49
60 50
60 51
60 52
60 53
60 54
60 55
60 56
60 57
60 58
60 59
60 61
60 62
60 63
60 64
60 65
60 66
60 119
60 120
61 51
61 52
61 54
61 55
61 56
61 57
61 58
61 59
61 60
61 62
61 63
61 64
61 65
61 66
62 51
62 52
62 56
62 57
62 58
62 59
62 60
62 61
62 63
62 64
62 65
62 66
62 67
62 68
62 70
62 71
63 30
63 31
63 32
63 35
63 48
63 49
63 51
63 52
63 58
63 59
63 60
63 61
63 62
63 64
63 65
63 66
63 67
63 68
63 71
64 29
64 30
64 31
64 48
64 51
64 52
64 55
64 56
64 59
64 60
64 61
64 62
64 63
64 65
64 66
64 67
64 68
65 30
65 59
65 60
65 61
65 62
65 63
65 64
65 66
65 67
65 68
66 30
66 31
66 60
66 61
66 62
66 63
66 64
66 65
66 67
66 68
66 69
66 70
66 71
67 30
67 31
67 62
67 63
67 64
67 65
67 66
67 68
67 69
67 70
67 71
68 30
68 31
68 32
68 62
68 63
68 64
68 65
68 66
68 67
68 69
68 70
68 71
68 72
68 73
68 79
69 66
69 67
69 68
69 70
69 71
69 72
69 73
69 79
70 62
70 66
70 67
70 68
70 69
70 71
70 72
70 73
71 62
71 63
71 66
71 67
71 68
71 69
71 70
71 72
71 73
71 78
71 79
71 80
71 81
72 38
72 68
72 69
72 70
72 71
72 73
72 74
72 77
72 78
72 79
72 80
72 81
72 82
73 36
73 37
73 38
73 68
73 69
73 70
73 71
73 72
73 74
73 75
73 76
73 77
73 78
73 79
73 80
73 81
74 37
74 38
74 41
74 72
74 73
74 75
74 76
74 77
74 78
74 79
74 80
74 81
75 73
75 74
75 76
75 77
75 78
75 79
75 80
76 36
76 38
76 73
76 74
76 75
76 77
76 78
76 79
77 36
77 37
77 38
77 72
77 73
77 74
77 75
77 76
77 78
77 79
77 80
78 35
78 36
78 37
78 38
78 39
78 43
78 44
78 45
78 71
78 72
78 73
78 74
78 75
78 76
78 77
78 79
78 80
78 81
79 35
79 36
79 37
79 38
79 39
79 43
79 44
79 68
79 69
79 71
79 72
79 73
79 74
79 75
79 76
79 77
79 78
79 80
79 81
80 36
80 37
80 38
80 39
80 40
80 41
80 42
80 43
80 71
80 72
80 73
80 74
80 75
80 77
80 78
80 79
80 81
80 82
80 83
81 37
81 38
81 39
81 40
81 41
81 42
81 59
81 71
81 72
81 73
81 74
81 78
81 79
81 80
81 82
81 83
81 84
81 85
81 88
82 38
82 39
82 40
82 41
82 72
82 80
82 81
82 83
82 84
82 85
83 38
83 39
83 40
83 41
83 42
83 80
83 81
83 82
83 84
83 85
83 86
83 87
83 88
83 115
83 118
83 119
84 39
84 40
84 41
84 42
84 81
84 82
84 83
84 85
84 86
84 87
84 88
84 89
84 111
84 112
84 115
85 37
85 38
85 39
85 40
85 41
85 42
85 43
85 44
85 81
85 82
85 83
85 84
85 86
85 87
85 88
85 89
85 90
86 39
86 40
86 41
86 42
86 43
86 83
86 84
86 85
86 87
86 88
86 89
86 90
86 91
86 112
87 39
87 83
87 84
87 85
87 86
87 88
87 89
87 90
87 91
87 92
87 108
87 109
87 111
87 112
87 113
87 114
87 115
87 116
88 39
88 40
88 42
88 44
88 81
88 83
88 84
88 85
88 86
88 87
88 89
88 90
88 91
88 92
88 93
88 94
88 112
88 115
88 116
88 119
89 39
89 42
89 44
89 84
89 85
89 86
89 87
89 88
89 90
89 91
89 92
89 93
89 94
89 95
89 112
90 85
90 86
90 87
90 88
90 89
90 91
90 92
90 93
90 94
90 95
90 96
90 99
90 100
90 101
90 102
90 112
90 115
90 116
91 51
91 86
91 87
91 88
91 89
91 90
91 92
91 93
91 94
91 95
91 96
91 98
91 99
91 100
91 112
91 113
91 115
91 116
91 119
91 121
91 124
92 44
92 45
92 46
92 50
92 51
92 87
92 88
92 89
92 90
92 91
92 93
92 94
92 95
92 96
92 97
92 98
93 50
93 88
93 89
93 90
93 91
93 92
93 94
93 95
93 96
93 97
93 98
93 99
93 100
93 101
93 102
94 50
94 53
94 54
94 88
94 89
94 90
94 91
94 92
94 93
94 95
94 96
94 97
94 98
94 99
94 100
94 101
94 116
94 121
94 124
95 49
95 50
95 51
95 52
95 53
95 54
95 59
95 89
95 90
95 91
95 92
95 93
95 94
95 96
95 97
95 98
95 99
95 100
95 121
95 124
96 46
96 47
96 49
96 50
96 51
96 52
96 53
96 54
96 90
96 91
96 92
96 93
96 94
96 95
96 97
96 98
96 99
97 50
97 53
97 92
97 93
97 94
97 95
97 96
97 98
97 99
97 100
97 101
98 53
98 54
98 91
98 92
98 93
98 94
98 95
98 96
98 97
98 99
98 100
98 101
98 123
98 124
99 90
99 91
99 93
99 94
99 95
99 96
99 97
99 98
99 100
99 101
99 102
99 123
99 124
99 127
100 90
100 91
100 93
100 94
100 95
100 97
100 98
100 99
100 101
100 102
100 123
100 124
100 127
100 128
101 90
101 93
101 94
101 97
101 98
101 99
101 100
101 102
101 103
101 104
102 90
102 93
102 99
102 100
102 101
102 103
102 104
102 105
102 106
102 107
102 109
102 128
103 101
103 102
103 104
103 105
103 106
103 107
104 101
104 102
104 103
104 105
104 106
104 107
104 132
104 134
104 135
105 102
105 103
105 104
105 106
105 107
105 108
105 109
105 132
105 134
105 135
106 102
106 103
106 104
106 105
106 107
106 108
106 109
106 110
106 112
107 102
107 103
107 104
107 105
107 106
107 108
107 109
107 110
107 111
107 112
108 87
108 105
108 106
108 107
108 109
108 110
108 111
108 112
108 113
109 87
109 102
109 105
109 106
109 107
109 108
109 110
109 111
109 112
109 113
109 114
109 115
109 128
109 129
110 106
110 107
110 108
110 109
110 111
110 112
110 113
110 114
110 115
110 116
110 125
110 128
110 129
111 84
111 87
111 107
111 108
111 109
111 110
111 112
111 113
111 114
111 115
111 116
111 117
111 128
112 84
112 86
112 87
112 88
112 89
112 90
112 91
112 106
112 107
112 108
112 109
112 110
112 111
112 113
112 114
112 115
112 116
112 117
112 118
112 124
112 125
112 128
113 87
113 91
113 108
113 109
113 110
113 111
113 112
113 114
113 115
113 116
113 117
113 118
113 119
113 121
113 122
113 124
113 125
113 126
113 127
113 128
113 129
114 87
114 109
114 110
114 111
114 112
114 113
114 115
114 116
114 117
114 118
114 119
114 120
114 125
114 128
115 83
115 84
115 87
115 88
115 90
115 91
115 109
115 110
115 111
115 112
115 113
115 114
115 116
115 117
115 118
115 119
115 120
115 121
115 124
115 125
116 57
116 87
116 88
116 90
116 91
116 94
116 110
116 111
116 112
116 113
116 114
116 115
116 117
116 118
116 119
116 120
116 121
116 122
116 123
116 124
116 125
116 126
116 128
117 57
117 58
117 111
117 112
117 113
117 114
117 115
117 116
117 118
117 119
117 120
117 121
117 122
117 123
117 124
117 125
117 126
118 57
118 58
118 83
118 112
118 113
118 114
118 115
118 116
118 117
118 119
118 120
118 121
118 122
118 125
119 56
119 57
119 58
119 59
119 60
119 83
119 88
119 91
119 113
119 114
119 115
119 116
119 117
119 118
119 120
119 121
119 122
119 124
119 125
120 54
120 55
120 56
120 57
120 58
120 59
120 60
120 114
120 115
120 116
120 117
120 118
120 119
120 121
120 122
120 123
120 124
120 125
121 54
121 55
121 56
121 57
121 58
121 59
121 91
121 94
121 95
121 113
121 115
121 116
121 117
121 118
121 119
121 120
121 122
121 123
121 124
121 125
121 126
122 54
122 57
122 113
122 116
122 117
122 118
122 119
122 120
122 121
122 123
122 124
122 125
122 126
122 127
122 128
123 54
123 98
123 99
123 100
123 116
123 117
123 120
123 121
123 122
123 124
123 125
123 126
123 127
123 128
123 129
124 91
124 94
124 95
124 98
124 99
124 100
124 112
124 113
124 115
124 116
124 117
124 119
124 120
124 121
124 122
124 123
124 125
124 126
124 127
124 128
124 129
125 110
125 112
125 113
125 114
125 115
125 116
125 117
125 118
125 119
125 120
125 121
125 122
125 123
125 124
125 126
125 127
125 128
125 129
125 130
126 113
126 116
126 117
126 121
126 122
126 123
126 124
126 125
126 127
126 128
126 129
126 130
127 99
127 100
127 113
127 122
127 123
127 124
127 125
127 126
127 128
127 129
127 130
127 131
127 132
128 100
128 102
128 109
128 110
128 111
128 112
128 113
128 114
128 116
128 122
128 123
128 124
128 125
128 126
128 127
128 129
128 130
128 131
128 132
129 109
129 110
129 113
129 123
129 124
129 125
129 126
129 127
129 128
129 130
129 131
129 132
130 125
130 126
130 127
130 128
130 129
130 131
130 132
130 133
131 127
131 128
131 129
131 130
131 132
131 133
131 134
132 104
132 105
132 127
132 128
132 129
132 130
132 131
132 133
132 134
132 135
133 130
133 131
133 132
133 134
133 135
133 136
134 104
134 105
134 131
134 132
134 133
134 135
134 136
134 137
135 104
135 105
135 132
135 133
135 134
135 136
135 137
135 138
136 133
136 134
136 135
136 137
136 138
136 139
137 134
137 135
137 136
137 138
137 139
137 140
138 135
138 136
138 137
138 139
138 140
138 141
139 136
139 137
139 138
139 140
139 141
139 142
140 137
140 138
140 139
140 141
140 142
140 143
141 138
141 139
141 140
141 142
141 143
141 144
142 139
142 140
142 141
142 143
142 144
142 145
143 140
143 141
143 142
143 144
143 145
143 146
144 141
144 142
144 143
144 145
144 146
144 147
145 142
145 143
145 144
145 146
145 147
146 143
146 144
146 145
146 147
146 148
146 149
147 144
147 145
147 146
147 148
147 149
148 146
148 147
148 149
148 150
149 146
149 147
149 148
149 150
149 151
150 148
150 149
150 151
150 152
151 149
151 150
151 152
151 153
152 150
152 151
152 153
152 154
153 151
153 152
153 154
153 155
154 152
154 153
154 155
154 156
155 153
155 154
155 156
155 157
156 154
156 155
156 157
156 158
157 155
157 156
157 158
157 159
158 156
158 157
158 159
158 160
159 157
159 158
159 160
159 161
160 158
160 159
160 161
160 162
161 159
161 160
161 162
161 163
162 160
162 161
162 163
162 164
163 161
163 162
163 164
163 165
164 162
164 163
164 165
164 166
165 163
165 164
165 166
165 167
166 164
166 165
166 167
166 168
167 165
167 166
167 168
167 169
168 166
168 167
168 169
168 170
169 167
169 168
169 170
169 171
170 168
170 169
170 171
170 172
171 169
171 170
171 172
171 173
172 170
172 171
172 173
172 174
173 171
173 172
173 174
173 175
174 172
174 173
174 175
174 176
175 173
175 174
175 176
175 177
176 174
176 175
176 177
176 178
177 175
177 176
177 178
177 179
178 176
178 177
178 179
178 180
179 177
179 178
179 180
179 181
180 178
180 179
180 181
180 182
181 179
181 180
181 182
181 183
182 180
182 181
182 183
182 184
183 181
183 182
183 184
183 185
184 182
184 183
184 185
184 186
185 183
185 184
185 186
185 187
186 184
186 185
186 187
186 188
187 185
187 186
187 188
187 189
188 186
188 187
188 189
188 190
189 187
189 188
189 190
189 191
190 188
190 189
190 191
190 192
191 189
191 190
191 192
191 193
191 194
192 190
192 191
192 193
192 194
192 195
193 191
193 192
193 194
193 195
193 196
194 191
194 192
194 193
194 195
194 196
194 197
195 192
195 193
195 194
195 196
195 197
195 198
196 193
196 194
196 195
196 197
196 198
196 199
197 194
197 195
197 196
197 198
197 199
197 200
198 195
198 196
198 197
198 199
198 200
198 201
199 196
199 197
199 198
199 200
199 201
199 202
199 203
199 205
200 197
200 198
200 199
200 201
200 202
200 203
201 198
201 199
201 200
201 202
201 203
201 204
201 205
202 199
202 200
202 201
202 203
202 204
202 205
203 199
203 200
203 201
203 202
203 204
203 205
203 206
203 324
204 201
204 202
204 203
204 205
204 206
204 207
204 243
204 246
204 286
204 287
204 288
204 323
204 324
205 199
205 201
205 202
205 203
205 204
205 206
205 207
205 208
205 242
205 243
205 246
205 287
205 323
205 324
206 203
206 204
206 205
206 207
206 208
206 243
206 287
206 288
206 322
206 323
206 324
207 204
207 205
207 206
207 208
207 209
207 239
207 240
207 243
207 288
207 321
207 322
207 323
207 324
208 205
208 206
208 207
208 209
208 210
208 238
208 239
208 240
208 243
208 244
208 288
208 289
208 290
208 291
208 320
208 321
208 322
208 323
208 324
209 207
209 208
209 210
209 211
209 237
209 238
209 239
209 240
209 241
209 243
209 244
209 247
209 267
209 283
209 288
209 289
209 290
209 319
209 320
209 321
209 322
209 323
210 208
210 209
210 211
210 212
210 236
210 237
210 238
210 239
210 240
210 244
210 267
210 290
210 292
210 293
210 318
210 319
210 320
210 321
210 322
211 209
211 210
211 212
211 213
211 235
211 236
211 237
211 238
211 239
211 267
211 269
211 270
211 271
211 276
211 279
211 280
211 293
211 317
211 318
211 319
211 320
211 321
212 210
212 211
212 213
212 214
212 215
212 232
212 234
212 235
212 236
212 237
212 238
212 270
212 276
212 293
212 294
212 295
212 316
212 317
212 318
212 319
212 320
213 211
213 212
213 214
213 215
213 216
213 231
213 232
213 233
213 234
213 235
213 236
213 237
213 270
213 274
213 276
213 295
213 315
213 316
213 317
213 318
213 319
214 212
214 213
214 215
214 216
214 231
214 232
214 233
214 234
214 235
214 236
214 295
214 296
214 297
214 314
214 315
214 316
214 317
214 318
215 212
215 213
215 214
215 216
215 217
215 230
215 231
215 232
215 233
215 234
215 295
215 296
215 297
215 313
215 314
215 315
215 316
215 317
216 213
216 214
216 215
216 217
216 218
216 230
216 231
216 232
216 233
216 297
216 298
216 299
216 312
216 313
216 314
216 315
216 316
217 215
217 216
217 218
217 219
217 220
217 227
217 228
217 229
217 230
217 231
217 299
217 311
217 312
217 313
217 314
217 315
218 216
218 217
218 219
218 220
218 221
218 223
218 227
218 228
218 299
218 310
218 311
218 312
218 313
218 314
219 217
219 218
219 220
219 221
219 222
219 223
219 227
219 228
219 309
219 310
219 311
219 312
219 313
220 217
220 218
220 219
220 221
220 222
220 223
220 224
220 227
220 308
220 309
220 310
220 311
220 312
221 218
221 219
221 220
221 222
221 223
221 224
221 308
221 309
221 310
222 219
222 220
222 221
222 223
222 224
222 225
222 227
223 218
223 219
223 220
223 221
223 222
223 224
223 225
223 226
223 227
223 228
224 220
224 221
224 222
224 223
224 225
224 226
224 227
224 228
225 222
225 223
225 224
225 226
225 227
225 228
225 229
226 223
226 224
226 225
226 227
226 228
226 229
226 230
226 231
227 217
227 218
227 219
227 220
227 222
227 223
227 224
227 225
227 226
227 228
227 229
227 230
227 231
228 217
228 218
228 219
228 223
228 224
228 225
228 226
228 227
228 229
228 230
228 231
229 217
229 225
229 226
229 227
229 228
229 230
229 231
229 232
230 215
230 216
230 217
230 226
230 227
230 228
230 229
230 231
230 232
230 233
231 213
231 214
231 215
231 216
231 217
231 226
231 227
231 228
231 229
231 230
231 232
231 233
231 234
231 274
231 275
232 212
232 213
232 214
232 215
232 216
232 229
232 230
232 231
232 233
232 234
232 235
232 273
232 274
232 275
232 276
233 213
233 214
233 215
233 216
233 230
233 231
233 232
233 234
233 235
233 236
233 273
233 274
233 275
234 212
234 213
234 214
234 215
234 231
234 232
234 233
234 235
234 236
234 237
234 270
234 271
234 272
234 273
234 274
234 275
234 276
235 211
235 212
235 213
235 214
235 232
235 233
235 234
235 236
235 237
235 252
235 269
235 270
235 271
235 272
235 273
235 274
235 275
235 276
235 279
235 317
235 318
236 210
236 211
236 212
236 213
236 214
236 233
236 234
236 235
236 237
236 238
236 252
236 253
236 267
236 268
236 269
236 270
236 271
236 272
236 274
236 318
237 209
237 210
237 211
237 212
237 213
237 234
237 235
237 236
237 238
237 239
237 240
237 241
237 244
237 248
237 252
237 253
237 254
237 266
237 267
237 268
237 269
237 270
237 271
237 279
237 318
237 319
238 208
238 209
238 210
238 211
238 212
238 236
238 237
238 239
238 240
238 241
238 243
238 244
238 265
238 266
238 267
238 268
238 269
238 270
238 318
238 320
239 207
239 208
239 209
239 210
239 211
239 237
239 238
239 240
239 241
239 242
239 243
239 244
239 264
239 265
239 266
239 267
239 268
239 269
239 320
239 321
240 207
240 208
240 209
240 210
240 237
240 238
240 239
240 241
240 242
240 243
240 244
240 245
240 260
240 261
240 262
240 263
240 264
240 265
240 266
240 267
241 209
241 237
241 238
241 239
241 240
241 242
241 243
241 244
241 245
241 246
241 254
241 260
241 261
241 262
241 263
241 264
241 265
241 266
241 267
241 269
242 205
242 239
242 240
242 241
242 243
242 244
242 245
242 246
242 247
242 260
242 261
242 262
242 263
242 264
242 265
243 204
243 205
243 206
243 207
243 208
243 209
243 238
243 239
243 240
243 241
243 242
243 244
243 245
243 246
243 247
243 248
243 249
243 262
243 263
243 265
243 286
243 323
244 208
244 209
244 210
244 237
244 238
244 239
244 240
244 241
244 242
244 243
244 245
244 246
244 247
244 248
244 249
244 252
244 262
244 265
244 266
244 269
244 270
244 283
245 240
245 241
245 242
245 243
245 244
245 246
245 247
245 248
245 249
245 250
245 251
245 252
245 253
245 254
245 262
245 269
246 204
246 205
246 241
246 242
246 243
246 244
246 245
246 247
246 248
246 249
246 250
246 252
246 283
246 286
247 209
247 242
247 243
247 244
247 245
247 246
247 248
247 249
247 250
247 251
247 252
247 279
247 282
247 283
247 284
247 285
247 286
247 287
247 288
248 237
248 243
248 244
248 245
248 246
248 247
248 249
248 250
248 251
248 252
248 253
248 270
248 271
248 272
248 279
248 282
248 283
248 286
249 243
249 244
249 245
249 246
249 247
249 248
249 250
249 251
249 252
249 253
249 271
250 245
250 246
250 247
250 248
250 249
250 251
250 252
250 253
250 254
250 271
250 272
251 245
251 247
251 248
251 249
251 250
251 252
251 253
251 254
251 270
251 271
251 272
251 273
251 279
252 235
252 236
252 237
252 244
252 245
252 246
252 247
252 248
252 249
252 250
252 251
252 253
252 254
252 255
252 269
252 270
252 271
252 272
252 273
253 236
253 237
253 245
253 248
253 249
253 250
253 251
253 252
253 254
253 255
253 256
253 257
253 258
253 268
253 269
253 270
253 271
253 272
253 273
254 237
254 241
254 245
254 250
254 251
254 252
254 253
254 255
254 256
254 257
254 258
254 259
254 260
254 266
254 268
254 269
254 270
254 271
254 272
255 252
255 253
255 254
255 256
255 257
255 258
255 259
255 268
255 269
255 270
256 253
256 254
256 255
256 257
256 258
256 259
256 266
256 267
256 268
256 269
256 270
257 253
257 254
257 255
257 256
257 258
257 259
257 260
257 261
257 266
257 267
257 268
257 269
258 253
258 254
258 255
258 256
258 257
258 259
258 260
258 261
258 268
258 269
259 254
259 255
259 256
259 257
259 258
259 260
259 261
259 262
260 240
260 241
260 242
260 254
260 257
260 258
260 259
260 261
260 262
260 263
260 264
260 265
260 266
261 240
261 241
261 242
261 257
261 258
261 259
261 260
261 262
261 263
261 264
261 265
261 266
262 240
262 241
262 242
262 243
262 244
262 245
262 259
262 260
262 261
262 263
262 264
262 265
262 266
263 240
263 241
263 242
263 243
263 260
263 261
263 262
263 264
263 265
264 239
264 240
264 241
264 242
264 260
264 261
264 262
264 263
264 265
264 266
265 238
265 239
265 240
265 241
265 242
265 243
265 244
265 260
265 261
265 262
265 263
265 264
265 266
265 267
265 268
266 237
266 238
266 239
266 240
266 241
266 244
266 254
266 256
266 257
266 260
266 261
266 262
266 264
266 265
266 267
266 268
266 269
267 209
267 210
267 211
267 236
267 237
267 238
267 239
267 240
267 241
267 256
267 257
267 265
267 266
267 268
267 269
267 270
268 236
268 237
268 238
268 239
268 253
268 254
268 255
268 256
268 257
268 258
268 265
268 266
268 267
268 269
268 270
269 211
269 235
269 236
269 237
269 238
269 239
269 241
269 244
269 245
269 252
269 253
269 254
269 255
269 256
269 257
269 258
269 266
269 267
269 268
269 270
269 271
269 272
270 211
270 212
270 213
270 234
270 235
270 236
270 237
270 238
270 244
270 248
270 251
270 252
270 253
270 254
270 255
270 256
270 267
270 268
270 269
270 271
270 272
270 273
270 274
271 211
271 234
271 235
271 236
271 237
271 248
271 249
271 250
271 251
271 252
271 253
271 254
271 269
271 270
271 272
271 273
271 274
271 275
271 276
271 279
272 234
272 235
272 236
272 248
272 250
272 251
272 252
272 253
272 254
272 269
272 270
272 271
272 273
272 274
272 275
273 232
273 233
273 234
273 235
273 251
273 252
273 253
273 270
273 271
273 272
273 274
273 275
273 276
273 278
273 279
274 213
274 231
274 232
274 233
274 234
274 235
274 236
274 270
274 271
274 272
274 273
274 275
274 276
274 277
274 278
274 279
275 231
275 232
275 233
275 234
275 235
275 271
275 272
275 273
275 274
275 276
275 277
275 278
275 279
275 280
276 211
276 212
276 213
276 232
276 234
276 235
276 271
276 273
276 274
276 275
276 277
276 278
276 279
276 280
276 281
276 319
277 274
277 275
277 276
277 278
277 279
277 280
277 281
277 282
277 283
278 273
278 274
278 275
278 276
278 277
278 279
278 280
278 281
278 282
278 283
278 284
279 211
279 235
279 237
279 247
279 248
279 251
279 271
279 273
279 274
279 275
279 276
279 277
279 278
279 280
279 281
279 282
279 283
279 284
280 211
280 275
280 276
280 277
280 278
280 279
280 281
280 282
280 283
280 284
280 285
280 286
280 288
280 289
280 290
280 319
280 321
281 276
281 277
281 278
281 279
281 280
281 282
281 283
281 284
281 285
281 286
281 287
281 288
282 247
282 248
282 277
282 278
282 279
282 280
282 281
282 283
282 284
282 285
282 286
282 287
282 288
283 209
283 244
283 246
283 247
283 248
283 277
283 278
283 279
283 280
283 281
283 282
283 284
283 285
283 286
283 287
283 288
283 289
283 290
283 321
283 322
283 323
284 247
284 278
284 279
284 280
284 281
284 282
284 283
284 285
284 286
284 287
284 288
284 289
284 290
284 321
284 322
284 323
285 247
285 280
285 281
285 282
285 283
285 284
285 286
285 287
285 288
285 289
286 204
286 243
286 246
286 247
286 248
286 280
286 281
286 282
286 283
286 284
286 285
286 287
286 288
286 289
286 323
287 204
287 205
287 206
287 247
287 281
287 282
287 283
287 284
287 285
287 286
287 288
287 289
287 321
287 322
287 323
287 324
288 204
288 206
288 207
288 208
288 209
288 247
288 280
288 281
288 282
288 283
288 284
288 285
288 286
288 287
288 289
288 290
288 291
288 320
288 321
288 322
288 323
288 324
289 208
289 209
289 280
289 283
289 284
289 285
289 286
289 287
289 288
289 290
289 291
289 292
289 320
289 321
289 322
289 323
289 324
290 208
290 209
290 210
290 280
290 283
290 284
290 288
290 289
290 291
290 292
290 293
290 319
290 320
290 321
290 322
290 323
291 208
291 288
291 289
291 290
291 292
291 293
291 319
291 320
291 321
291 322
291 323
292 210
292 289
292 290
292 291
292 293
292 294
292 318
292 319
292 320
292 321
292 322
293 210
293 211
293 212
293 290
293 291
293 292
293 294
293 295
293 317
293 318
293 319
293 320
293 321
294 212
294 292
294 293
294 295
294 296
294 316
294 317
294 318
294 319
294 320
295 212
295 213
295 214
295 215
295 293
295 294
295 296
295 297
295 315
295 316
295 317
295 318
295 319
296 214
296 215
296 294
296 295
296 297
296 298
296 314
296 315
296 316
296 317
296 318
297 214
297 215
297 216
297 295
297 296
297 298
297 299
297 313
297 314
297 315
297 316
297 317
298 216
298 296
298 297
298 299
298 300
298 312
298 313
298 314
298 315
298 316
299 216
299 217
299 218
299 297
299 298
299 300
299 301
299 302
299 311
299 312
299 313
299 314
299 315
300 298
300 299
300 301
300 302
300 303
300 310
300 311
300 312
300 313
300 314
301 299
301 300
301 302
301 303
301 304
301 309
301 310
301 311
301 312
301 313
302 299
302 300
302 301
302 303
302 304
302 305
302 306
302 308
302 309
302 310
302 311
302 312
303 300
303 301
303 302
303 304
303 305
303 306
303 308
303 309
303 310
304 301
304 302
304 303
304 305
304 306
304 307
304 308
304 309
304 310
305 302
305 303
305 304
305 306
305 307
305 308
306 302
306 303
306 304
306 305
306 307
306 308
306 309
306 310
307 304
307 305
307 306
307 308
307 309
307 310
308 220
308 221
308 302
308 303
308 304
308 305
308 306
308 307
308 309
308 310
308 311
309 219
309 220
309 221
309 301
309 302
309 303
309 304
309 306
309 307
309 308
309 310
309 311
309 312
310 218
310 219
310 220
310 221
310 300
310 301
310 302
310 303
310 304
310 306
310 307
310 308
310 309
310 311
310 312
310 313
311 217
311 218
311 219
311 220
311 299
311 300
311 301
311 302
311 308
311 309
311 310
311 312
311 313
311 314
312 216
312 217
312 218
312 219
312 220
312 298
312 299
312 300
312 301
312 302
312 309
312 310
312 311
312 313
312 314
312 315
313 215
313 216
313 217
313 218
313 219
313 297
313 298
313 299
313 300
313 301
313 310
313 311
313 312
313 314
313 315
314 214
314 215
314 216
314 217
314 218
314 296
314 297
314 298
314 299
314 300
314 311
314 312
314 313
314 315
314 316
315 213
315 214
315 215
315 216
315 217
315 295
315 296
315 297
315 298
315 299
315 312
315 313
315 314
315 316
315 317
316 212
316 213
316 214
316 215
316 216
316 294
316 295
316 296
316 297
316 298
316 314
316 315
316 317
316 318
317 211
317 212
317 213
317 214
317 215
317 235
317 293
317 294
317 295
317 296
317 297
317 315
317 316
317 318
317 319
318 210
318 211
318 212
318 213
318 214
318 235
318 236
318 237
318 238
318 292
318 293
318 294
318 295
318 296
318 316
318 317
318 319
318 320
318 321
319 209
319 210
319 211
319 212
319 213
319 237
319 276
319 280
319 290
319 291
319 292
319 293
319 294
319 295
319 317
319 318
319 320
319 321
320 208
320 209
320 210
320 211
320 212
320 238
320 239
320 288
320 289
320 290
320 291
320 292
320 293
320 294
320 318
320 319
320 321
320 322
321 207
321 208
321 209
321 210
321 211
321 239
321 280
321 283
321 284
321 287
321 288
321 289
321 290
321 291
321 292
321 293
321 318
321 319
321 320
321 322
321 323
322 206
322 207
322 208
322 209
322 210
322 283
322 284
322 287
322 288
322 289
322 290
322 291
322 292
322 320
322 321
322 323
322 324
323 204
323 205
323 206
323 207
323 208
323 209
323 243
323 283
323 284
323 286
323 287
323 288
323 289
323 290
323 291
323 321
323 322
323 324
324 203
324 204
324 205
324 206
324 207
324 208
324 287
324 288
324 289
324 322
324 323
