0 1
0 2
1 0
1 2
1 3
2 0
2 1
2 3
2 4
3 1
3 2
3 4
3 5
4 2
4 3
4 5
4 6
5 3
5 4
5 6
5 7
6 4
6 5
6 7
6 8
7 5
7 6
7 8
7 9
8 6
8 7
8 9
8 10
8 11
9 7
9 8
9 10
9 11
9 12
10 8
10 9
10 11
10 12
10 13
11 8
11 9
11 10
11 12
11 13
11 14
12 9
12 10
12 11
12 13
12 14
12 15
13 10
13 11
13 12
13 14
13 15
13 16
14 11
14 12
14 13
14 15
14 16
14 17
15 12
15 13
15 14
15 16
15 17
15 18
16 13
16 14
16 15
16 17
16 18
16 19
16 20
17 14
17 15
17 16
17 18
17 19
17 20
17 21
18 15
18 16
18 17
18 19
18 20
18 21
18 22
19 16
19 17
19 18
19 20
19 21
19 22
19 23
20 16
20 17
20 18
20 19
20 21
20 22
20 23
20 24
21 17
21 18
21 19
21 20
21 22
21 23
21 24
21 25
22 18
22 19
22 20
22 21
22 23
22 24
22 25
22 26
22 27
23 19
23 20
23 21
23 22
23 24
23 25
23 26
23 27
23 28
24 20
24 21
24 22
24 23
24 25
24 26
24 27
24 28
25 21
25 22
25 23
25 24
25 26
25 27
25 28
26 22
26 23
26 24
26 25
26 27
26 28
26 29
26 30
27 22
27 23
27 24
27 25
27 26
27 28
27 29
27 30
27 31
28 23
28 24
28 25
28 26
28 27
28 29
28 30
28 31
28 55
28 84
28 85
28 86
29 26
29 27
29 28
29 30
29 31
29 32
29 54
29 55
29 56
29 84
29 85
29 86
29 87
30 26
30 27
30 28
30 29
30 31
30 32
30 33
30 55
30 56
31 27
31 28
31 29
31 30
31 32
31 33
31 34
31 55
31 56
32 29
32 30
32 31
32 33
32 34
32 35
33 30
33 31
33 32
33 34
33 35
33 36
33 56
34 31
34 32
34 33
34 35
34 36
34 37
34 56
35 32
35 33
35 34
35 36
35 37
35 38
36 33
36 34
36 35
36 37
36 38
36 39
36 457
36 459
37 34
37 35
37 36
37 38
37 39
37 40
37 41
38 35
38 36
38 37
38 39
38 40
38 41
39 36
39 37
39 38
39 40
39 41
39 42
39 60
39 459
39 490
39 493
39 494
40 37
40 38
40 39
40 41
40 42
40 43
40 60
40 490
40 493
41 37
41 38
41 39
41 40
41 42
41 43
41 44
41 46
41 47
41 57
41 58
41 59
41 60
41 61
41 62
41 65
41 490
41 493
42 39
42 40
42 41
42 43
42 44
42 45
42 46
42 47
42 48
42 49
42 50
42 57
42 58
42 60
42 61
42 62
42 65
42 66
43 40
43 41
43 42
43 44
43 45
43 46
43 47
43 48
43 61
43 62
43 64
43 65
43 66
44 41
44 42
44 43
44 45
44 46
44 47
44 48
44 49
44 62
44 64
44 65
44 66
44 67
44 68
44 69
45 42
45 43
45 44
45 46
45 47
45 48
45 49
45 65
45 68
45 69
46 41
46 42
46 43
46 44
46 45
46 47
46 48
46 49
46 50
46 65
47 41
47 42
47 43
47 44
47 45
47 46
47 48
47 49
47 50
47 51
47 53
47 58
47 61
47 62
47 65
47 66
47 67
47 68
47 69
47 73
47 74
47 77
48 42
48 43
48 44
48 45
48 46
48 47
48 49
48 50
48 51
48 52
48 53
48 65
48 66
48 68
48 69
48 70
48 73
48 74
48 77
49 42
49 44
49 45
49 46
49 47
49 48
49 50
49 51
49 52
49 53
49 54
49 57
49 58
49 73
49 77
50 42
50 46
50 47
50 48
50 49
50 51
50 52
50 53
50 54
50 55
50 57
50 58
50 61
50 66
50 73
50 74
50 76
50 77
50 78
50 80
50 81
51 47
51 48
51 49
51 50
51 52
51 53
51 54
51 58
51 72
51 73
51 74
51 75
51 76
51 77
51 78
51 79
51 80
51 81
52 48
52 49
52 50
52 51
52 53
52 54
52 55
52 57
52 58
52 76
52 77
52 80
53 47
53 48
53 49
53 50
53 51
53 52
53 54
53 55
53 56
53 57
53 58
53 77
53 80
53 81
54 29
54 49
54 50
54 51
54 52
54 53
54 55
54 56
54 57
54 58
54 59
54 80
54 81
54 84
54 86
55 28
55 29
55 30
55 31
55 50
55 52
55 53
55 54
55 56
55 57
55 58
55 59
55 60
55 80
55 81
55 84
55 85
55 86
55 87
56 29
56 30
56 31
56 33
56 34
56 53
56 54
56 55
56 57
56 58
56 59
56 60
56 61
56 86
56 87
57 41
57 42
57 49
57 50
57 52
57 53
57 54
57 55
57 56
57 58
57 59
57 60
57 61
58 41
58 42
58 47
58 49
58 50
58 51
58 52
58 53
58 54
58 55
58 56
58 57
58 59
58 60
58 61
58 62
58 77
58 80
58 81
58 84
58 86
58 87
58 88
59 41
59 54
59 55
59 56
59 57
59 58
59 60
59 61
59 62
59 81
59 86
59 87
59 88
59 89
59 92
60 39
60 40
60 41
60 42
60 55
60 56
60 57
60 58
60 59
60 61
60 62
60 88
60 89
60 92
61 41
61 42
61 43
61 47
61 50
61 56
61 57
61 58
61 59
61 60
61 62
61 63
61 64
61 65
61 66
61 88
61 92
62 41
62 42
62 43
62 44
62 47
62 58
62 59
62 60
62 61
62 63
62 64
62 65
62 66
62 67
62 91
62 92
62 95
62 96
62 493
62 531
63 61
63 62
63 64
63 65
63 66
63 67
63 68
63 91
63 92
63 93
63 94
63 95
63 96
63 98
63 99
63 530
63 531
63 532
63 533
63 558
63 559
63 560
64 43
64 44
64 61
64 62
64 63
64 65
64 66
64 67
64 68
64 69
64 95
64 489
64 529
64 530
64 531
64 532
64 558
64 559
65 41
65 42
65 43
65 44
65 45
65 46
65 47
65 48
65 61
65 62
65 63
65 64
65 66
65 67
65 68
65 69
66 42
66 43
66 44
66 47
66 48
66 50
66 61
66 62
66 63
66 64
66 65
66 67
66 68
66 69
66 70
66 73
66 74
66 77
66 92
66 95
66 96
66 99
67 44
67 47
67 62
67 63
67 64
67 65
67 66
67 68
67 69
67 70
67 71
67 74
67 95
67 96
67 98
67 99
67 100
67 102
67 103
67 531
67 558
67 559
68 44
68 45
68 47
68 48
68 63
68 64
68 65
68 66
68 67
68 69
68 70
68 71
68 73
68 74
68 99
69 44
69 45
69 47
69 48
69 64
69 65
69 66
69 67
69 68
69 70
69 71
69 72
69 73
69 74
69 75
69 77
69 99
69 103
70 48
70 66
70 67
70 68
70 69
70 71
70 72
70 73
70 74
70 75
70 103
71 67
71 68
71 69
71 70
71 72
71 73
71 74
71 75
71 76
71 77
71 99
71 100
71 102
71 103
71 104
71 105
72 51
72 69
72 70
72 71
72 73
72 74
72 75
72 76
72 77
72 103
72 105
73 47
73 48
73 49
73 50
73 51
73 66
73 68
73 69
73 70
73 71
73 72
73 74
73 75
73 76
73 77
73 78
73 79
74 47
74 48
74 50
74 51
74 66
74 67
74 68
74 69
74 70
74 71
74 72
74 73
74 75
74 76
74 77
74 78
74 79
74 80
74 96
74 99
74 100
74 103
74 105
75 51
75 69
75 70
75 71
75 72
75 73
75 74
75 76
75 77
75 78
75 79
75 80
75 81
75 100
75 103
75 104
75 105
75 106
75 108
75 111
75 112
76 50
76 51
76 52
76 71
76 72
76 73
76 74
76 75
76 77
76 78
76 79
76 80
76 81
76 82
77 47
77 48
77 49
77 50
77 51
77 52
77 53
77 58
77 66
77 69
77 71
77 72
77 73
77 74
77 75
77 76
77 78
77 79
77 80
77 81
77 82
77 83
77 96
77 112
78 50
78 51
78 73
78 74
78 75
78 76
78 77
78 79
78 80
78 81
78 82
78 83
78 96
78 97
78 100
78 105
78 109
78 111
78 112
78 113
78 116
79 51
79 73
79 74
79 75
79 76
79 77
79 78
79 80
79 81
79 82
79 83
79 84
79 85
79 108
79 109
79 110
79 111
79 112
79 113
80 50
80 51
80 52
80 53
80 54
80 55
80 58
80 74
80 75
80 76
80 77
80 78
80 79
80 81
80 82
80 83
80 84
80 85
80 86
80 111
80 112
80 113
81 50
81 51
81 53
81 54
81 55
81 58
81 59
81 75
81 76
81 77
81 78
81 79
81 80
81 82
81 83
81 84
81 85
81 86
81 87
81 88
81 111
81 112
81 113
81 116
82 76
82 77
82 78
82 79
82 80
82 81
82 83
82 84
82 85
82 86
82 87
82 110
82 111
82 112
82 113
82 114
82 115
82 116
83 77
83 78
83 79
83 80
83 81
83 82
83 84
83 85
83 86
83 111
83 112
83 113
84 28
84 29
84 54
84 55
84 58
84 79
84 80
84 81
84 82
84 83
84 85
84 86
84 87
84 113
85 28
85 29
85 55
85 79
85 80
85 81
85 82
85 83
85 84
85 86
85 87
85 88
85 112
85 113
85 114
85 115
86 28
86 29
86 54
86 55
86 56
86 58
86 59
86 80
86 81
86 82
86 83
86 84
86 85
86 87
86 88
86 89
86 113
87 29
87 55
87 56
87 58
87 59
87 81
87 82
87 84
87 85
87 86
87 88
87 89
87 90
87 92
87 93
87 113
87 115
88 58
88 59
88 60
88 61
88 81
88 85
88 86
88 87
88 89
88 90
88 91
88 92
88 93
88 94
88 113
88 115
88 116
88 144
89 59
89 60
89 86
89 87
89 88
89 90
89 91
89 92
89 93
89 94
89 115
89 144
90 87
90 88
90 89
90 91
90 92
90 93
90 94
90 95
90 96
90 115
90 116
90 118
90 119
90 141
90 143
90 144
90 145
90 146
90 147
90 148
90 533
90 534
90 535
91 62
91 63
91 88
91 89
91 90
91 92
91 93
91 94
91 95
91 96
91 97
91 119
91 144
91 145
91 147
91 532
91 533
91 534
91 535
91 536
91 560
92 59
92 60
92 61
92 62
92 63
92 66
92 87
92 88
92 89
92 90
92 91
92 93
92 94
92 95
92 96
92 97
92 116
92 533
93 63
93 87
93 88
93 89
93 90
93 91
93 92
93 94
93 95
93 96
93 97
93 98
93 99
93 113
93 115
93 116
93 117
93 118
93 119
93 120
93 144
94 63
94 88
94 89
94 90
94 91
94 92
94 93
94 95
94 96
94 97
94 98
94 99
94 100
94 115
94 116
94 117
94 118
94 119
94 120
94 144
94 145
94 148
94 533
94 534
94 535
94 559
94 560
94 562
94 563
95 62
95 63
95 64
95 66
95 67
95 90
95 91
95 92
95 93
95 94
95 96
95 97
95 98
95 99
95 100
95 101
95 116
95 119
95 531
95 532
95 533
95 534
95 558
95 559
95 560
95 561
95 562
95 563
96 62
96 63
96 66
96 67
96 74
96 77
96 78
96 90
96 91
96 92
96 93
96 94
96 95
96 97
96 98
96 99
96 100
96 101
96 102
96 116
96 119
96 120
96 559
96 560
97 78
97 91
97 92
97 93
97 94
97 95
97 96
97 98
97 99
97 100
97 101
97 102
97 103
97 105
97 106
97 116
97 117
97 118
97 119
97 120
97 121
97 559
97 560
97 562
97 563
98 63
98 67
98 93
98 94
98 95
98 96
98 97
98 99
98 100
98 101
98 102
98 103
98 119
98 120
98 121
98 559
98 560
98 561
98 562
98 563
99 63
99 66
99 67
99 68
99 69
99 71
99 74
99 93
99 94
99 95
99 96
99 97
99 98
99 100
99 101
99 102
99 103
99 104
99 105
99 559
99 560
100 67
100 71
100 74
100 75
100 78
100 94
100 95
100 96
100 97
100 98
100 99
100 101
100 102
100 103
100 104
100 105
100 106
100 107
100 109
100 116
100 120
101 95
101 96
101 97
101 98
101 99
101 100
101 102
101 103
101 104
101 105
101 106
101 107
101 120
101 121
101 124
102 67
102 71
102 96
102 97
102 98
102 99
102 100
102 101
102 103
102 104
102 105
102 106
102 559
103 67
103 69
103 70
103 71
103 72
103 74
103 75
103 97
103 98
103 99
103 100
103 101
103 102
103 104
103 105
103 106
104 71
104 75
104 99
104 100
104 101
104 102
104 103
104 105
104 106
104 107
104 108
105 71
105 72
105 74
105 75
105 78
105 97
105 99
105 100
105 101
105 102
105 103
105 104
105 106
105 107
105 108
105 109
105 112
106 75
106 97
106 100
106 101
106 102
106 103
106 104
106 105
106 107
106 108
106 109
106 110
106 111
106 112
106 117
106 120
106 121
106 124
106 125
107 100
107 101
107 104
107 105
107 106
107 108
107 109
107 110
107 111
107 124
107 125
107 126
107 129
108 75
108 79
108 104
108 105
108 106
108 107
108 109
108 110
108 111
108 112
109 78
109 79
109 100
109 105
109 106
109 107
109 108
109 110
109 111
109 112
109 113
109 114
109 116
109 117
109 120
109 125
109 129
109 132
109 133
109 136
109 137
110 79
110 82
110 106
110 107
110 108
110 109
110 111
110 112
110 113
110 114
110 117
110 129
110 132
110 133
110 135
110 136
110 137
111 75
111 78
111 79
111 80
111 81
111 82
111 83
111 106
111 107
111 108
111 109
111 110
111 112
111 113
111 114
111 136
112 75
112 77
112 78
112 79
112 80
112 81
112 82
112 83
112 85
112 105
112 106
112 108
112 109
112 110
112 111
112 113
112 114
112 115
112 116
112 117
112 136
112 137
113 78
113 79
113 80
113 81
113 82
113 83
113 84
113 85
113 86
113 87
113 88
113 93
113 109
113 110
113 111
113 112
113 114
113 115
113 116
113 117
113 118
113 136
113 137
113 139
113 140
114 82
114 85
114 109
114 110
114 111
114 112
114 113
114 115
114 116
114 117
114 118
114 119
114 133
114 134
114 135
114 136
114 137
114 138
114 139
114 140
114 141
115 82
115 85
115 87
115 88
115 89
115 90
115 93
115 94
115 112
115 113
115 114
115 116
115 117
115 118
115 119
115 120
115 136
115 137
115 138
115 139
115 140
115 141
115 142
115 144
115 145
116 78
116 81
116 82
116 88
116 90
116 92
116 93
116 94
116 95
116 96
116 97
116 100
116 109
116 112
116 113
116 114
116 115
116 117
116 118
116 119
116 120
116 136
116 137
116 140
116 141
116 144
117 93
117 94
117 97
117 106
117 109
117 110
117 112
117 113
117 114
117 115
117 116
117 118
117 119
117 120
117 121
117 122
117 133
117 134
117 136
117 137
117 138
117 139
117 140
117 155
118 90
118 93
118 94
118 97
118 113
118 114
118 115
118 116
118 117
118 119
118 120
118 121
118 122
118 133
118 134
118 136
118 137
118 138
118 139
118 140
118 141
118 142
118 144
118 145
118 151
118 152
118 155
119 90
119 91
119 93
119 94
119 95
119 96
119 97
119 98
119 114
119 115
119 116
119 117
119 118
119 120
119 121
119 122
119 137
119 142
119 144
119 145
119 148
119 151
119 152
119 155
119 563
119 566
120 93
120 94
120 96
120 97
120 98
120 100
120 101
120 106
120 109
120 115
120 116
120 117
120 118
120 119
120 121
120 122
120 123
120 124
120 125
120 137
120 151
120 155
120 566
121 97
121 98
121 101
121 106
121 117
121 118
121 119
121 120
121 122
121 123
121 124
121 125
121 151
121 154
121 155
121 562
121 563
121 566
122 117
122 118
122 119
122 120
122 121
122 123
122 124
122 125
122 126
122 130
122 133
122 134
122 151
122 154
122 155
122 158
123 120
123 121
123 122
123 124
123 125
123 126
123 127
123 154
123 158
124 101
124 106
124 107
124 120
124 121
124 122
124 123
124 125
124 126
124 127
124 130
125 106
125 107
125 109
125 120
125 121
125 122
125 123
125 124
125 126
125 127
125 128
125 129
125 130
125 131
125 133
125 134
125 158
126 107
126 122
126 123
126 124
126 125
126 127
126 128
126 129
126 130
126 131
126 133
127 123
127 124
127 125
127 126
127 128
127 129
127 130
127 131
127 132
127 133
127 161
127 162
128 125
128 126
128 127
128 129
128 130
128 131
128 132
128 133
128 162
129 107
129 109
129 110
129 125
129 126
129 127
129 128
129 130
129 131
129 132
129 133
129 134
129 162
130 122
130 124
130 125
130 126
130 127
130 128
130 129
130 131
130 132
130 133
130 134
130 135
130 136
130 158
130 159
130 161
130 162
130 163
131 125
131 126
131 127
131 128
131 129
131 130
131 132
131 133
131 134
131 135
131 136
131 137
131 158
131 159
131 161
131 162
131 163
131 174
131 177
131 178
132 109
132 110
132 127
132 128
132 129
132 130
132 131
132 133
132 134
132 135
132 136
132 137
132 162
132 177
133 109
133 110
133 114
133 117
133 118
133 122
133 125
133 126
133 127
133 128
133 129
133 130
133 131
133 132
133 134
133 135
133 136
133 137
133 138
133 159
133 162
134 114
134 117
134 118
134 122
134 125
134 129
134 130
134 131
134 132
134 133
134 135
134 136
134 137
134 138
134 139
134 155
134 156
134 158
134 159
134 160
134 162
134 163
134 177
134 178
134 179
134 181
135 110
135 114
135 130
135 131
135 132
135 133
135 134
135 136
135 137
135 138
135 139
135 140
135 159
135 163
135 174
135 176
135 177
135 178
135 179
135 180
135 181
136 109
136 110
136 111
136 112
136 113
136 114
136 115
136 116
136 117
136 118
136 130
136 131
136 132
136 133
136 134
136 135
136 137
136 138
136 139
136 140
136 177
136 178
136 179
137 109
137 110
137 112
137 113
137 114
137 115
137 116
137 117
137 118
137 119
137 120
137 131
137 132
137 133
137 134
137 135
137 136
137 138
137 139
137 140
137 141
137 142
137 155
137 159
137 177
137 178
137 179
137 180
137 181
138 114
138 115
138 117
138 118
138 133
138 134
138 135
138 136
138 137
138 139
138 140
138 141
138 142
138 155
138 156
138 159
138 176
138 177
138 178
138 179
138 180
138 181
138 182
138 200
138 203
139 113
139 114
139 115
139 117
139 118
139 134
139 135
139 136
139 137
139 138
139 140
139 141
139 142
139 177
139 178
139 179
139 180
139 181
139 200
139 203
140 113
140 114
140 115
140 116
140 117
140 118
140 135
140 136
140 137
140 138
140 139
140 141
140 142
140 143
140 144
140 179
140 180
140 181
140 203
141 90
141 114
141 115
141 116
141 118
141 137
141 138
141 139
141 140
141 142
141 143
141 144
141 145
141 179
141 180
141 181
141 203
141 204
141 205
142 115
142 118
142 119
142 137
142 138
142 139
142 140
142 141
142 143
142 144
142 145
142 146
142 152
142 155
142 180
142 181
142 182
142 183
142 184
142 203
142 204
142 205
143 90
143 140
143 141
143 142
143 144
143 145
143 146
143 147
143 148
143 152
143 180
143 183
143 204
143 205
144 88
144 89
144 90
144 91
144 93
144 94
144 115
144 116
144 118
144 119
144 140
144 141
144 142
144 143
144 145
144 146
144 147
144 148
144 152
145 90
145 91
145 94
145 115
145 118
145 119
145 141
145 142
145 143
145 144
145 146
145 147
145 148
145 149
145 150
145 151
145 152
145 153
145 535
145 566
145 567
146 90
146 142
146 143
146 144
146 145
146 147
146 148
146 149
146 150
146 151
146 152
146 535
146 567
146 570
147 90
147 91
147 143
147 144
147 145
147 146
147 148
147 149
147 150
147 151
147 152
147 534
147 535
147 536
147 537
147 538
147 539
147 563
147 566
147 567
147 569
147 570
147 571
148 90
148 94
148 119
148 143
148 144
148 145
148 146
148 147
148 149
148 150
148 151
148 152
148 153
148 154
148 534
148 535
148 538
148 563
148 564
148 565
148 566
148 567
148 568
148 569
148 570
149 145
149 146
149 147
149 148
149 150
149 151
149 152
149 153
149 154
149 155
149 566
149 567
149 568
149 569
149 570
150 145
150 146
150 147
150 148
150 149
150 151
150 152
150 153
150 154
150 155
150 156
150 563
150 564
150 565
150 566
150 567
150 568
150 569
150 570
150 594
151 118
151 119
151 120
151 121
151 122
151 145
151 146
151 147
151 148
151 149
151 150
151 152
151 153
151 154
151 155
151 156
151 157
151 563
151 565
151 566
151 567
151 568
151 569
152 118
152 119
152 142
152 143
152 144
152 145
152 146
152 147
152 148
152 149
152 150
152 151
152 153
152 154
152 155
152 156
152 157
152 181
152 184
152 566
152 567
153 145
153 148
153 149
153 150
153 151
153 152
153 154
153 155
153 156
153 157
153 158
153 159
153 181
153 184
153 566
154 121
154 122
154 123
154 148
154 149
154 150
154 151
154 152
154 153
154 155
154 156
154 157
154 158
154 159
154 160
154 566
154 594
155 117
155 118
155 119
155 120
155 121
155 122
155 134
155 137
155 138
155 142
155 149
155 150
155 151
155 152
155 153
155 154
155 156
155 157
155 158
155 159
155 160
155 161
155 181
156 134
156 138
156 150
156 151
156 152
156 153
156 154
156 155
156 157
156 158
156 159
156 160
156 161
156 178
156 181
156 182
156 183
156 184
156 185
157 151
157 152
157 153
157 154
157 155
157 156
157 158
157 159
157 160
157 161
157 162
158 122
158 123
158 125
158 130
158 131
158 134
158 153
158 154
158 155
158 156
158 157
158 159
158 160
158 161
158 162
158 163
159 130
159 131
159 133
159 134
159 135
159 137
159 138
159 153
159 154
159 155
159 156
159 157
159 158
159 160
159 161
159 162
159 163
159 164
159 174
159 177
159 178
159 181
160 134
160 154
160 155
160 156
160 157
160 158
160 159
160 161
160 162
160 163
160 164
160 165
160 168
160 169
160 170
160 174
160 175
160 178
160 181
161 127
161 130
161 131
161 155
161 156
161 157
161 158
161 159
161 160
161 162
161 163
161 164
161 165
161 166
161 167
161 168
161 170
162 127
162 128
162 129
162 130
162 131
162 132
162 133
162 134
162 157
162 158
162 159
162 160
162 161
162 163
162 164
162 165
162 166
162 174
163 130
163 131
163 134
163 135
163 158
163 159
163 160
163 161
163 162
163 164
163 165
163 166
163 167
163 169
163 170
163 171
163 173
163 174
163 175
163 177
163 178
164 159
164 160
164 161
164 162
164 163
164 165
164 166
164 167
164 168
164 169
164 170
164 171
164 174
164 175
165 160
165 161
165 162
165 163
165 164
165 166
165 167
165 168
165 169
165 170
166 161
166 162
166 163
166 164
166 165
166 167
166 168
166 169
167 161
167 163
167 164
167 165
167 166
167 168
167 169
167 170
167 171
168 160
168 161
168 164
168 165
168 166
168 167
168 169
168 170
168 171
169 160
169 163
169 164
169 165
169 166
169 167
169 168
169 170
169 171
169 172
169 174
169 175
169 189
170 160
170 161
170 163
170 164
170 165
170 167
170 168
170 169
170 171
170 172
170 173
170 174
170 175
170 176
170 177
170 178
170 189
170 193
170 194
171 163
171 164
171 167
171 168
171 169
171 170
171 172
171 173
171 174
171 175
171 176
171 177
171 193
171 194
172 169
172 170
172 171
172 173
172 174
172 175
172 176
172 177
172 193
172 194
172 195
172 196
172 197
173 163
173 170
173 171
173 172
173 174
173 175
173 176
173 177
173 178
173 194
173 196
174 131
174 135
174 159
174 160
174 162
174 163
174 164
174 169
174 170
174 171
174 172
174 173
174 175
174 176
174 177
174 178
174 179
175 160
175 163
175 164
175 169
175 170
175 171
175 172
175 173
175 174
175 176
175 177
175 178
175 179
175 181
175 182
175 190
175 193
175 194
175 196
175 197
175 200
176 135
176 138
176 170
176 171
176 172
176 173
176 174
176 175
176 177
176 178
176 179
176 180
176 182
176 194
176 196
176 197
176 198
176 199
176 200
177 131
177 132
177 134
177 135
177 136
177 137
177 138
177 139
177 159
177 163
177 170
177 171
177 172
177 173
177 174
177 175
177 176
177 178
177 179
177 180
177 181
177 182
177 200
178 131
178 134
178 135
178 136
178 137
178 138
178 139
178 156
178 159
178 160
178 163
178 170
178 173
178 174
178 175
178 176
178 177
178 179
178 180
178 181
178 182
178 183
178 185
178 197
178 200
179 134
179 135
179 136
179 137
179 138
179 139
179 140
179 141
179 174
179 175
179 176
179 177
179 178
179 180
179 181
179 182
179 183
179 197
179 199
179 200
179 201
179 202
179 203
179 204
180 135
180 137
180 138
180 139
180 140
180 141
180 142
180 143
180 176
180 177
180 178
180 179
180 181
180 182
180 183
180 184
180 185
180 199
180 200
180 201
180 202
180 203
180 204
180 205
181 134
181 135
181 137
181 138
181 139
181 140
181 141
181 142
181 152
181 153
181 155
181 156
181 159
181 160
181 175
181 177
181 178
181 179
181 180
181 182
181 183
181 184
181 185
181 200
181 201
181 203
181 204
182 138
182 142
182 156
182 175
182 176
182 177
182 178
182 179
182 180
182 181
182 183
182 184
182 185
182 186
182 187
182 189
182 190
182 197
182 200
182 201
182 202
182 203
182 204
183 142
183 143
183 156
183 178
183 179
183 180
183 181
183 182
183 184
183 185
183 186
183 187
183 190
183 200
183 201
183 202
183 203
183 204
183 205
183 206
183 207
183 208
183 211
184 142
184 152
184 153
184 156
184 180
184 181
184 182
184 183
184 185
184 186
184 187
184 204
184 207
184 208
184 211
185 156
185 178
185 180
185 181
185 182
185 183
185 184
185 186
185 187
185 188
185 189
185 190
185 201
185 211
186 182
186 183
186 184
186 185
186 187
186 188
186 189
186 190
186 191
186 208
186 210
186 211
186 214
187 182
187 183
187 184
187 185
187 186
187 188
187 189
187 190
187 191
187 192
187 207
187 208
187 209
187 210
187 211
187 212
187 213
187 214
187 215
188 185
188 186
188 187
188 189
188 190
188 191
188 192
188 193
188 210
188 211
188 213
188 214
189 169
189 170
189 182
189 185
189 186
189 187
189 188
189 190
189 191
189 192
189 193
189 194
189 211
189 214
190 175
190 182
190 183
190 185
190 186
190 187
190 188
190 189
190 191
190 192
190 193
190 194
190 195
190 197
190 198
190 201
190 210
190 211
190 212
190 213
190 214
190 215
190 217
190 218
191 186
191 187
191 188
191 189
191 190
191 192
191 193
191 194
191 197
191 211
191 213
191 214
191 215
191 216
191 217
191 218
191 219
191 221
192 187
192 188
192 189
192 190
192 191
192 193
192 194
192 195
192 197
192 214
192 217
192 218
193 170
193 171
193 172
193 175
193 188
193 189
193 190
193 191
193 192
193 194
193 195
193 196
193 197
193 198
193 214
193 215
193 218
193 223
193 224
194 170
194 171
194 172
194 173
194 175
194 176
194 189
194 190
194 191
194 192
194 193
194 195
194 196
194 197
194 198
194 218
194 223
194 224
195 172
195 190
195 192
195 193
195 194
195 196
195 197
195 198
195 199
195 218
195 219
195 222
195 223
195 224
195 225
195 226
195 227
196 172
196 173
196 175
196 176
196 193
196 194
196 195
196 197
196 198
196 199
196 200
196 201
196 223
196 224
196 225
197 172
197 175
197 176
197 178
197 179
197 182
197 190
197 191
197 192
197 193
197 194
197 195
197 196
197 198
197 199
197 200
197 201
197 202
197 215
197 218
197 224
198 176
198 190
198 193
198 194
198 195
198 196
198 197
198 199
198 200
198 201
198 202
198 203
198 215
198 218
198 219
198 224
198 225
198 239
198 240
198 241
198 243
199 176
199 179
199 180
199 195
199 196
199 197
199 198
199 200
199 201
199 202
199 203
199 204
199 239
199 240
199 241
199 243
200 138
200 139
200 175
200 176
200 177
200 178
200 179
200 180
200 181
200 182
200 183
200 196
200 197
200 198
200 199
200 201
200 202
200 203
200 204
201 179
201 180
201 181
201 182
201 183
201 185
201 190
201 196
201 197
201 198
201 199
201 200
201 202
201 203
201 204
201 205
201 206
201 207
201 211
201 215
201 240
201 242
201 243
202 179
202 180
202 182
202 183
202 197
202 198
202 199
202 200
202 201
202 203
202 204
202 205
202 206
202 207
202 239
202 240
202 241
202 242
202 243
202 244
203 138
203 139
203 140
203 141
203 142
203 179
203 180
203 181
203 182
203 183
203 198
203 199
203 200
203 201
203 202
203 204
203 205
203 206
203 241
203 242
203 243
204 141
204 142
204 143
204 179
204 180
204 181
204 182
204 183
204 184
204 199
204 200
204 201
204 202
204 203
204 205
204 206
204 207
204 242
204 243
205 141
205 142
205 143
205 180
205 183
205 201
205 202
205 203
205 204
205 206
205 207
205 242
205 243
206 183
206 201
206 202
206 203
206 204
206 205
206 207
206 208
206 209
206 211
206 212
206 242
206 243
206 246
207 183
207 184
207 187
207 201
207 202
207 204
207 205
207 206
207 208
207 209
207 210
207 211
207 212
207 213
207 215
207 243
207 246
208 183
208 184
208 186
208 187
208 206
208 207
208 209
208 210
208 211
208 212
208 213
208 214
209 187
209 206
209 207
209 208
209 210
209 211
209 212
209 213
209 214
209 215
209 246
210 186
210 187
210 188
210 190
210 207
210 208
210 209
210 211
210 212
210 213
210 214
210 215
211 183
211 184
211 185
211 186
211 187
211 188
211 189
211 190
211 191
211 201
211 206
211 207
211 208
211 209
211 210
211 212
211 213
211 214
211 215
211 216
211 217
211 246
212 187
212 190
212 206
212 207
212 208
212 209
212 210
212 211
212 213
212 214
212 215
212 216
212 217
212 218
212 243
212 246
212 247
212 248
213 187
213 188
213 190
213 191
213 207
213 208
213 209
213 210
213 211
213 212
213 214
213 215
213 216
213 217
213 218
213 219
213 246
213 247
213 248
214 186
214 187
214 188
214 189
214 190
214 191
214 192
214 193
214 208
214 209
214 210
214 211
214 212
214 213
214 215
214 216
214 217
214 218
214 219
214 220
215 187
215 190
215 191
215 193
215 197
215 198
215 201
215 207
215 209
215 210
215 211
215 212
215 213
215 214
215 216
215 217
215 218
215 219
215 220
215 221
215 243
215 246
215 247
215 248
216 191
216 211
216 212
216 213
216 214
216 215
216 217
216 218
216 219
216 220
216 221
216 243
216 246
216 247
216 248
216 250
216 251
217 190
217 191
217 192
217 211
217 212
217 213
217 214
217 215
217 216
217 218
217 219
217 220
217 221
217 222
217 223
217 248
217 251
218 190
218 191
218 192
218 193
218 194
218 195
218 197
218 198
218 212
218 213
218 214
218 215
218 216
218 217
218 219
218 220
218 221
218 222
218 223
218 224
218 228
219 191
219 195
219 198
219 213
219 214
219 215
219 216
219 217
219 218
219 220
219 221
219 222
219 223
219 224
219 225
219 226
219 227
219 228
219 229
219 247
219 248
219 251
220 214
220 215
220 216
220 217
220 218
220 219
220 221
220 222
220 223
220 224
220 227
220 228
220 229
220 230
220 247
220 248
220 250
220 251
220 254
221 191
221 215
221 216
221 217
221 218
221 219
221 220
221 222
221 223
221 224
221 227
221 228
221 229
222 195
222 217
222 218
222 219
222 220
222 221
222 223
222 224
222 225
222 226
222 227
222 228
222 229
222 230
222 231
222 232
223 193
223 194
223 195
223 196
223 217
223 218
223 219
223 220
223 221
223 222
223 224
223 225
223 226
223 227
223 228
224 193
224 194
224 195
224 196
224 197
224 198
224 218
224 219
224 220
224 221
224 222
224 223
224 225
224 226
224 227
224 228
225 195
225 196
225 198
225 219
225 222
225 223
225 224
225 226
225 227
225 228
225 232
225 236
225 239
226 195
226 219
226 222
226 223
226 224
226 225
226 227
226 228
226 229
226 230
226 231
226 232
226 233
226 235
226 236
226 237
226 239
226 240
227 195
227 219
227 220
227 221
227 222
227 223
227 224
227 225
227 226
227 228
227 229
227 230
227 231
227 232
227 233
227 236
228 218
228 219
228 220
228 221
228 222
228 223
228 224
228 225
228 226
228 227
228 229
228 230
228 231
228 232
228 251
228 254
228 255
229 219
229 220
229 221
229 222
229 226
229 227
229 228
229 230
229 231
229 232
229 233
229 250
229 251
229 252
229 253
229 254
229 255
229 256
230 220
230 222
230 226
230 227
230 228
230 229
230 231
230 232
230 233
230 251
230 252
230 253
230 254
230 255
230 256
230 257
230 259
231 222
231 226
231 227
231 228
231 229
231 230
231 232
231 233
231 236
231 254
231 255
231 256
231 259
232 222
232 225
232 226
232 227
232 228
232 229
232 230
232 231
232 233
232 234
232 235
232 236
232 237
232 254
232 255
232 256
232 259
232 260
233 226
233 227
233 229
233 230
233 231
233 232
233 234
233 235
233 236
233 237
233 238
233 239
233 255
233 256
233 258
233 259
233 260
233 262
233 263
234 232
234 233
234 235
234 236
234 237
234 238
234 239
234 256
234 258
234 259
234 260
234 261
234 262
234 263
234 264
234 266
235 226
235 232
235 233
235 234
235 236
235 237
235 238
235 239
235 240
235 259
235 263
236 225
236 226
236 227
236 231
236 232
236 233
236 234
236 235
236 237
236 238
236 239
236 240
236 241
236 244
237 226
237 232
237 233
237 234
237 235
237 236
237 238
237 239
237 240
237 241
237 242
237 243
237 244
237 247
237 259
237 260
237 263
238 233
238 234
238 235
238 236
238 237
238 239
238 240
238 241
238 242
238 243
238 244
238 263
238 266
238 267
239 198
239 199
239 202
239 225
239 226
239 233
239 234
239 235
239 236
239 237
239 238
239 240
239 241
239 242
239 243
239 244
240 198
240 199
240 201
240 202
240 226
240 235
240 236
240 237
240 238
240 239
240 241
240 242
240 243
240 244
240 245
241 198
241 199
241 202
241 203
241 236
241 237
241 238
241 239
241 240
241 242
241 243
241 244
241 245
241 276
242 201
242 202
242 203
242 204
242 205
242 206
242 237
242 238
242 239
242 240
242 241
242 243
242 244
242 245
242 246
242 276
242 277
242 280
242 281
242 284
243 198
243 199
243 201
243 202
243 203
243 204
243 205
243 206
243 207
243 212
243 215
243 216
243 237
243 238
243 239
243 240
243 241
243 242
243 244
243 245
243 246
243 247
243 280
243 284
244 202
244 236
244 237
244 238
244 239
244 240
244 241
244 242
244 243
244 245
244 246
244 247
244 248
244 263
244 267
244 280
244 281
244 284
245 240
245 241
245 242
245 243
245 244
245 246
245 247
245 248
245 267
245 279
245 280
245 281
245 282
245 283
245 284
245 285
245 286
245 287
245 288
246 206
246 207
246 209
246 211
246 212
246 213
246 215
246 216
246 242
246 243
246 244
246 245
246 247
246 248
246 249
246 280
246 281
246 283
246 284
246 287
247 212
247 213
247 215
247 216
247 219
247 220
247 237
247 243
247 244
247 245
247 246
247 248
247 249
247 250
247 251
247 252
247 283
247 284
247 287
247 288
248 212
248 213
248 215
248 216
248 217
248 219
248 220
248 244
248 245
248 246
248 247
248 249
248 250
248 251
248 252
248 253
248 283
248 284
248 286
248 287
248 288
248 290
248 291
249 246
249 247
249 248
249 250
249 251
249 252
249 253
249 254
249 284
249 285
249 286
249 287
249 288
249 289
249 290
249 291
249 292
249 293
250 216
250 220
250 229
250 247
250 248
250 249
250 251
250 252
250 253
250 254
250 255
250 287
250 288
250 290
250 291
250 292
251 216
251 217
251 219
251 220
251 228
251 229
251 230
251 247
251 248
251 249
251 250
251 252
251 253
251 254
251 255
251 287
251 288
251 291
252 229
252 230
252 247
252 248
252 249
252 250
252 251
252 253
252 254
252 255
252 256
252 257
252 259
252 260
252 287
252 288
252 289
252 290
252 291
252 292
253 229
253 230
253 248
253 249
253 250
253 251
253 252
253 254
253 255
253 256
253 257
253 260
253 288
253 289
253 290
253 291
253 292
253 293
254 220
254 228
254 229
254 230
254 231
254 232
254 249
254 250
254 251
254 252
254 253
254 255
254 256
254 257
254 260
254 291
255 228
255 229
255 230
255 231
255 232
255 233
255 250
255 251
255 252
255 253
255 254
255 256
255 257
255 258
255 259
255 260
255 261
256 229
256 230
256 231
256 232
256 233
256 234
256 252
256 253
256 254
256 255
256 257
256 258
256 259
256 260
256 261
256 262
257 230
257 252
257 253
257 254
257 255
257 256
257 258
257 259
257 260
257 261
257 262
257 263
257 292
258 233
258 234
258 255
258 256
258 257
258 259
258 260
258 261
258 262
258 263
258 264
259 230
259 231
259 232
259 233
259 234
259 235
259 237
259 252
259 255
259 256
259 257
259 258
259 260
259 261
259 262
259 263
259 264
260 232
260 233
260 234
260 237
260 252
260 253
260 254
260 255
260 256
260 257
260 258
260 259
260 261
260 262
260 263
260 264
260 265
260 266
260 288
261 234
261 255
261 256
261 257
261 258
261 259
261 260
261 262
261 263
261 264
261 265
261 266
261 267
261 288
261 315
261 316
261 319
262 233
262 234
262 256
262 257
262 258
262 259
262 260
262 261
262 263
262 264
262 265
262 266
262 267
262 316
263 233
263 234
263 235
263 237
263 238
263 244
263 257
263 258
263 259
263 260
263 261
263 262
263 264
263 265
263 266
263 267
263 268
263 269
264 234
264 258
264 259
264 260
264 261
264 262
264 263
264 265
264 266
264 267
264 268
264 269
264 270
264 281
264 284
264 285
264 288
264 289
264 315
264 316
264 319
265 260
265 261
265 262
265 263
265 264
265 266
265 267
265 268
265 269
265 270
265 271
265 314
265 315
265 316
266 234
266 238
266 260
266 261
266 262
266 263
266 264
266 265
266 267
266 268
266 269
266 270
266 271
266 272
266 315
267 238
267 244
267 245
267 261
267 262
267 263
267 264
267 265
267 266
267 268
267 269
267 270
267 271
267 272
267 275
267 276
267 278
267 280
267 281
267 282
267 284
267 285
267 315
267 346
268 263
268 264
268 265
268 266
268 267
268 269
268 270
268 271
268 272
268 273
268 276
268 278
268 281
268 282
268 284
268 285
268 315
268 316
268 344
268 345
268 346
269 263
269 264
269 265
269 266
269 267
269 268
269 270
269 271
269 272
269 273
269 274
269 275
269 276
269 315
270 264
270 265
270 266
270 267
270 268
270 269
270 271
270 272
270 273
270 274
270 275
270 276
270 277
270 278
270 281
271 265
271 266
271 267
271 268
271 269
271 270
271 272
271 273
271 274
271 275
271 276
271 277
271 278
271 279
271 280
271 281
271 282
271 344
271 345
271 346
272 266
272 267
272 268
272 269
272 270
272 271
272 273
272 274
272 275
272 276
272 277
272 278
272 344
272 345
272 346
273 268
273 269
273 270
273 271
273 272
273 274
273 275
273 276
274 269
274 270
274 271
274 272
274 273
274 275
274 276
274 277
274 278
275 267
275 269
275 270
275 271
275 272
275 273
275 274
275 276
275 277
275 278
276 241
276 242
276 267
276 268
276 269
276 270
276 271
276 272
276 273
276 274
276 275
276 277
276 278
276 279
276 280
276 281
277 242
277 270
277 271
277 272
277 274
277 275
277 276
277 278
277 279
277 280
277 281
277 282
277 405
278 267
278 268
278 270
278 271
278 272
278 274
278 275
278 276
278 277
278 279
278 280
278 281
278 282
278 283
278 284
278 344
278 345
278 346
278 377
278 404
278 405
278 406
279 245
279 271
279 276
279 277
279 278
279 280
279 281
279 282
279 283
279 284
279 285
279 346
279 405
279 406
280 242
280 243
280 244
280 245
280 246
280 267
280 271
280 276
280 277
280 278
280 279
280 281
280 282
280 283
280 284
280 285
281 242
281 244
281 245
281 246
281 264
281 267
281 268
281 270
281 271
281 276
281 277
281 278
281 279
281 280
281 282
281 283
281 284
281 285
281 286
281 287
281 346
282 245
282 267
282 268
282 271
282 277
282 278
282 279
282 280
282 281
282 283
282 284
282 285
282 286
282 287
282 288
282 345
282 346
282 347
282 348
282 349
283 245
283 246
283 247
283 248
283 278
283 279
283 280
283 281
283 282
283 284
283 285
283 286
283 287
283 288
283 346
283 347
283 348
284 242
284 243
284 244
284 245
284 246
284 247
284 248
284 249
284 264
284 267
284 268
284 278
284 279
284 280
284 281
284 282
284 283
284 285
284 286
284 287
284 288
284 289
284 290
284 346
284 348
285 245
285 249
285 264
285 267
285 268
285 279
285 280
285 281
285 282
285 283
285 284
285 286
285 287
285 288
285 289
285 290
285 291
285 318
285 319
285 345
285 346
285 347
285 348
286 245
286 248
286 249
286 281
286 282
286 283
286 284
286 285
286 287
286 288
286 289
286 290
286 291
286 318
286 346
286 347
286 348
286 349
286 350
287 245
287 246
287 247
287 248
287 249
287 250
287 251
287 252
287 281
287 282
287 283
287 284
287 285
287 286
287 288
287 289
287 290
287 291
287 292
287 348
288 245
288 247
288 248
288 249
288 250
288 251
288 252
288 253
288 260
288 261
288 264
288 282
288 283
288 284
288 285
288 286
288 287
288 289
288 290
288 291
288 292
288 293
288 319
289 249
289 252
289 253
289 264
289 284
289 285
289 286
289 287
289 288
289 290
289 291
289 292
289 293
289 294
289 318
289 319
289 320
289 322
289 348
290 248
290 249
290 250
290 252
290 253
290 284
290 285
290 286
290 287
290 288
290 289
290 291
290 292
290 293
290 294
290 322
290 348
291 248
291 249
291 250
291 251
291 252
291 253
291 254
291 285
291 286
291 287
291 288
291 289
291 290
291 292
291 293
291 294
292 249
292 250
292 252
292 253
292 257
292 287
292 288
292 289
292 290
292 291
292 293
292 294
292 295
292 319
292 320
292 322
293 249
293 253
293 288
293 289
293 290
293 291
293 292
293 294
293 295
293 296
293 298
293 319
293 322
294 289
294 290
294 291
294 292
294 293
294 295
294 296
294 297
294 298
294 299
295 292
295 293
295 294
295 296
295 297
295 298
296 293
296 294
296 295
296 297
296 298
296 299
296 300
297 294
297 295
297 296
297 298
297 299
297 300
298 293
298 294
298 295
298 296
298 297
298 299
298 300
298 301
299 294
299 296
299 297
299 298
299 300
299 301
299 302
300 296
300 297
300 298
300 299
300 301
300 302
300 303
300 304
300 325
301 298
301 299
301 300
301 302
301 303
301 304
301 320
301 321
301 322
301 325
302 299
302 300
302 301
302 303
302 304
302 305
303 300
303 301
303 302
303 304
303 305
303 306
303 321
303 325
303 329
304 300
304 301
304 302
304 303
304 305
304 306
304 307
304 311
304 320
304 321
304 325
304 329
305 302
305 303
305 304
305 306
305 307
305 308
305 311
305 321
305 325
305 329
305 330
306 303
306 304
306 305
306 307
306 308
306 311
306 325
306 326
306 328
306 329
306 330
306 331
306 334
307 304
307 305
307 306
307 308
307 309
307 310
307 311
307 312
307 317
307 321
307 325
307 326
307 327
307 328
307 329
307 330
307 331
307 334
307 335
308 305
308 306
308 307
308 309
308 310
308 311
308 312
308 313
308 329
308 330
308 331
308 334
308 335
308 338
309 307
309 308
309 310
309 311
309 312
309 313
309 314
309 334
309 335
309 337
309 338
309 339
309 341
309 342
310 307
310 308
310 309
310 311
310 312
310 313
310 314
310 317
311 304
311 305
311 306
311 307
311 308
311 309
311 310
311 312
311 313
311 314
311 315
311 316
311 317
311 320
311 321
311 342
312 307
312 308
312 309
312 310
312 311
312 313
312 314
312 315
312 316
312 317
312 318
312 334
312 335
312 338
312 339
312 341
312 342
312 343
312 344
312 345
313 308
313 309
313 310
313 311
313 312
313 314
313 315
313 316
313 317
313 338
313 341
313 342
313 344
313 345
314 265
314 309
314 310
314 311
314 312
314 313
314 315
314 316
314 317
314 318
314 319
314 320
314 341
314 345
315 261
315 264
315 265
315 266
315 267
315 268
315 269
315 311
315 312
315 313
315 314
315 316
315 317
315 318
315 319
315 320
315 344
315 345
315 346
316 261
316 262
316 264
316 265
316 268
316 311
316 312
316 313
316 314
316 315
316 317
316 318
316 319
316 320
316 321
316 345
317 307
317 310
317 311
317 312
317 313
317 314
317 315
317 316
317 318
317 319
317 320
317 321
317 322
317 326
317 342
317 345
318 285
318 286
318 289
318 312
318 314
318 315
318 316
318 317
318 319
318 320
318 321
318 322
318 323
318 325
318 326
318 345
318 346
318 347
318 348
318 351
319 261
319 264
319 285
319 288
319 289
319 292
319 293
319 314
319 315
319 316
319 317
319 318
319 320
319 321
319 322
320 289
320 292
320 301
320 304
320 311
320 314
320 315
320 316
320 317
320 318
320 319
320 321
320 322
320 325
320 326
321 301
321 303
321 304
321 305
321 307
321 311
321 316
321 317
321 318
321 319
321 320
321 322
321 323
321 324
321 325
321 326
321 327
321 329
321 330
321 351
322 289
322 290
322 292
322 293
322 301
322 317
322 318
322 319
322 320
322 321
322 323
322 324
322 325
322 326
322 327
322 347
322 348
322 350
322 351
323 318
323 321
323 322
323 324
323 325
323 326
323 327
323 328
323 329
323 347
323 348
323 349
323 350
323 351
323 352
323 353
323 354
323 355
324 321
324 322
324 323
324 325
324 326
324 327
324 328
324 329
324 330
324 350
324 351
324 354
325 300
325 301
325 303
325 304
325 305
325 306
325 307
325 318
325 320
325 321
325 322
325 323
325 324
325 326
325 327
325 328
325 329
325 330
325 351
326 306
326 307
326 317
326 318
326 320
326 321
326 322
326 323
326 324
326 325
326 327
326 328
326 329
326 330
326 331
326 351
326 354
326 355
327 307
327 321
327 322
327 323
327 324
327 325
327 326
327 328
327 329
327 330
327 331
327 351
327 353
327 354
327 355
327 357
327 358
328 306
328 307
328 323
328 324
328 325
328 326
328 327
328 329
328 330
328 331
328 354
329 303
329 304
329 305
329 306
329 307
329 308
329 321
329 323
329 324
329 325
329 326
329 327
329 328
329 330
329 331
329 332
330 305
330 306
330 307
330 308
330 321
330 324
330 325
330 326
330 327
330 328
330 329
330 331
330 332
330 333
330 334
330 335
330 354
330 355
330 358
331 306
331 307
331 308
331 326
331 327
331 328
331 329
331 330
331 332
331 333
331 334
331 335
331 336
331 358
332 329
332 330
332 331
332 333
332 334
332 335
332 336
332 337
332 338
332 339
332 355
332 358
332 359
332 361
332 362
333 330
333 331
333 332
333 334
333 335
333 336
333 337
333 338
333 339
333 362
334 306
334 307
334 308
334 309
334 312
334 330
334 331
334 332
334 333
334 335
334 336
334 337
334 338
334 339
334 342
335 307
335 308
335 309
335 312
335 330
335 331
335 332
335 333
335 334
335 336
335 337
335 338
335 339
335 340
335 341
335 342
335 355
335 358
335 359
335 362
336 331
336 332
336 333
336 334
336 335
336 337
336 338
336 339
336 340
336 342
336 358
336 359
336 362
336 363
336 371
337 309
337 332
337 333
337 334
337 335
337 336
337 338
337 339
337 340
337 341
337 342
338 308
338 309
338 312
338 313
338 332
338 333
338 334
338 335
338 336
338 337
338 339
338 340
338 341
338 342
338 343
339 309
339 312
339 332
339 333
339 334
339 335
339 336
339 337
339 338
339 340
339 341
339 342
339 343
339 344
339 355
339 359
339 371
339 374
339 375
340 335
340 336
340 337
340 338
340 339
340 341
340 342
340 343
340 344
340 345
340 371
340 373
340 374
340 375
341 309
341 312
341 313
341 314
341 335
341 337
341 338
341 339
341 340
341 342
341 343
341 344
341 345
341 374
342 309
342 311
342 312
342 313
342 317
342 334
342 335
342 336
342 337
342 338
342 339
342 340
342 341
342 343
342 344
342 345
342 346
342 347
342 355
343 312
343 338
343 339
343 340
343 341
343 342
343 344
343 345
343 346
343 347
343 352
343 355
343 374
343 375
343 376
343 377
343 378
344 268
344 271
344 272
344 278
344 312
344 313
344 315
344 339
344 340
344 341
344 342
344 343
344 345
344 346
344 347
344 374
344 377
345 268
345 271
345 272
345 278
345 282
345 285
345 312
345 313
345 314
345 315
345 316
345 317
345 318
345 340
345 341
345 342
345 343
345 344
345 346
345 347
345 348
346 267
346 268
346 271
346 272
346 278
346 279
346 281
346 282
346 283
346 284
346 285
346 286
346 315
346 318
346 342
346 343
346 344
346 345
346 347
346 348
346 349
346 351
346 352
346 377
347 282
347 283
347 285
347 286
347 318
347 322
347 323
347 342
347 343
347 344
347 345
347 346
347 348
347 349
347 350
347 351
347 352
347 353
347 355
347 377
347 378
348 282
348 283
348 284
348 285
348 286
348 287
348 289
348 290
348 318
348 322
348 323
348 345
348 346
348 347
348 349
348 350
348 351
348 352
348 353
349 282
349 286
349 323
349 346
349 347
349 348
349 350
349 351
349 352
349 353
349 354
349 355
349 378
349 381
350 286
350 322
350 323
350 324
350 347
350 348
350 349
350 351
350 352
350 353
350 354
350 355
350 356
351 318
351 321
351 322
351 323
351 324
351 325
351 326
351 327
351 346
351 347
351 348
351 349
351 350
351 352
351 353
351 354
351 355
351 356
351 357
352 323
352 343
352 346
352 347
352 348
352 349
352 350
352 351
352 353
352 354
352 355
352 356
352 357
352 358
352 377
352 378
352 381
353 323
353 327
353 347
353 348
353 349
353 350
353 351
353 352
353 354
353 355
353 356
353 357
353 358
353 359
353 378
353 381
353 382
354 323
354 324
354 326
354 327
354 328
354 330
354 349
354 350
354 351
354 352
354 353
354 355
354 356
354 357
354 358
354 359
354 360
355 323
355 326
355 327
355 330
355 332
355 335
355 339
355 342
355 343
355 347
355 349
355 350
355 351
355 352
355 353
355 354
355 356
355 357
355 358
355 359
355 360
355 361
355 375
355 378
356 350
356 351
356 352
356 353
356 354
356 355
356 357
356 358
356 359
356 360
356 361
356 362
356 375
356 378
356 379
356 381
356 382
357 327
357 351
357 352
357 353
357 354
357 355
357 356
357 358
357 359
357 360
357 361
357 362
357 363
358 327
358 330
358 331
358 332
358 335
358 336
358 352
358 353
358 354
358 355
358 356
358 357
358 359
358 360
358 361
358 362
358 363
358 364
359 332
359 335
359 336
359 339
359 353
359 354
359 355
359 356
359 357
359 358
359 360
359 361
359 362
359 363
359 364
359 366
359 367
359 371
359 375
360 354
360 355
360 356
360 357
360 358
360 359
360 361
360 362
360 363
360 364
360 365
360 366
360 367
360 386
361 332
361 355
361 356
361 357
361 358
361 359
361 360
361 362
361 363
361 364
361 365
361 366
362 332
362 333
362 335
362 336
362 356
362 357
362 358
362 359
362 360
362 361
362 363
362 364
362 365
362 366
362 367
363 336
363 357
363 358
363 359
363 360
363 361
363 362
363 364
363 365
363 366
363 367
363 368
364 358
364 359
364 360
364 361
364 362
364 363
364 365
364 366
364 367
364 386
364 389
365 360
365 361
365 362
365 363
365 364
365 366
365 367
365 368
365 386
365 389
365 390
366 359
366 360
366 361
366 362
366 363
366 364
366 365
366 367
366 368
366 369
366 372
366 386
366 387
366 388
366 389
366 390
366 391
367 359
367 360
367 362
367 363
367 364
367 365
367 366
367 368
367 369
367 370
367 371
367 372
367 375
367 386
367 387
367 389
367 390
367 391
367 392
368 363
368 365
368 366
368 367
368 369
368 370
368 371
368 372
368 373
368 389
368 390
368 391
368 392
369 366
369 367
369 368
369 370
369 371
369 372
369 373
369 374
369 390
369 391
369 392
369 393
369 394
369 397
370 367
370 368
370 369
370 371
370 372
370 373
370 374
370 375
370 392
370 397
371 336
371 339
371 340
371 359
371 367
371 368
371 369
371 370
371 372
371 373
371 374
371 375
371 376
371 397
372 366
372 367
372 368
372 369
372 370
372 371
372 373
372 374
372 375
372 376
372 378
372 379
372 390
372 391
372 392
372 397
372 398
372 400
372 401
373 340
373 368
373 369
373 370
373 371
373 372
373 374
373 375
373 376
373 377
373 396
373 397
373 398
373 399
373 400
373 401
374 339
374 340
374 341
374 343
374 344
374 369
374 370
374 371
374 372
374 373
374 375
374 376
374 377
374 378
374 379
374 397
374 400
374 401
375 339
375 340
375 343
375 355
375 356
375 359
375 367
375 370
375 371
375 372
375 373
375 374
375 376
375 377
375 378
375 379
375 380
375 400
375 401
375 404
376 343
376 371
376 372
376 373
376 374
376 375
376 377
376 378
376 379
376 380
376 397
376 398
376 399
376 400
376 401
376 402
376 403
376 404
376 405
376 406
377 278
377 343
377 344
377 346
377 347
377 352
377 373
377 374
377 375
377 376
377 378
377 379
377 380
377 381
377 400
377 401
377 402
377 403
377 404
377 405
377 406
378 343
378 347
378 349
378 352
378 353
378 355
378 356
378 372
378 374
378 375
378 376
378 377
378 379
378 380
378 381
378 382
378 401
378 404
378 406
379 356
379 372
379 374
379 375
379 376
379 377
379 378
379 380
379 381
379 382
379 383
379 387
379 401
379 402
379 404
379 406
379 407
379 408
379 411
379 412
379 415
380 375
380 376
380 377
380 378
380 379
380 381
380 382
380 383
380 384
380 401
380 404
380 406
380 407
380 408
380 409
380 410
380 411
380 412
381 349
381 352
381 353
381 356
381 377
381 378
381 379
381 380
381 382
381 383
381 384
381 386
381 406
381 408
381 411
382 353
382 356
382 378
382 379
382 380
382 381
382 383
382 384
382 385
382 386
382 387
382 388
382 408
382 411
383 379
383 380
383 381
383 382
383 384
383 385
383 386
383 387
383 388
383 410
383 411
383 414
384 380
384 381
384 382
384 383
384 385
384 386
384 387
384 388
384 389
384 410
384 411
384 412
384 413
384 414
384 415
385 382
385 383
385 384
385 386
385 387
385 388
385 389
385 390
385 411
385 414
386 360
386 364
386 365
386 366
386 367
386 381
386 382
386 383
386 384
386 385
386 387
386 388
386 389
386 390
386 411
386 414
387 366
387 367
387 379
387 382
387 383
387 384
387 385
387 386
387 388
387 389
387 390
387 391
387 392
387 411
387 412
387 414
387 415
387 417
387 418
388 366
388 382
388 383
388 384
388 385
388 386
388 387
388 389
388 390
388 391
388 392
388 411
388 414
388 415
388 417
388 418
389 364
389 365
389 366
389 367
389 368
389 384
389 385
389 386
389 387
389 388
389 390
389 391
389 392
389 418
390 365
390 366
390 367
390 368
390 369
390 372
390 385
390 386
390 387
390 388
390 389
390 391
390 392
390 393
390 414
390 415
390 418
390 419
391 366
391 367
391 368
391 369
391 372
391 387
391 388
391 389
391 390
391 392
391 393
391 394
391 397
391 415
391 418
391 419
391 421
391 422
392 367
392 368
392 369
392 370
392 372
392 387
392 388
392 389
392 390
392 391
392 393
392 394
392 395
392 396
392 397
392 398
392 415
392 416
392 417
392 418
392 419
392 420
392 421
392 422
392 424
393 369
393 390
393 391
393 392
393 394
393 395
393 396
393 397
393 398
393 418
393 419
393 420
393 421
393 422
393 423
393 424
394 369
394 391
394 392
394 393
394 395
394 396
394 397
394 398
394 399
394 419
394 422
394 423
394 424
394 425
395 392
395 393
395 394
395 396
395 397
395 398
395 399
395 400
395 401
395 416
395 419
395 424
395 425
395 426
395 427
395 429
395 430
396 373
396 392
396 393
396 394
396 395
396 397
396 398
396 399
396 400
396 401
396 402
396 430
397 369
397 370
397 371
397 372
397 373
397 374
397 376
397 391
397 392
397 393
397 394
397 395
397 396
397 398
397 399
397 400
397 401
397 402
397 403
397 415
397 419
398 372
398 373
398 376
398 392
398 393
398 394
398 395
398 396
398 397
398 399
398 400
398 401
398 402
398 403
398 412
398 415
398 416
398 418
398 419
398 424
398 430
398 433
398 434
399 373
399 376
399 394
399 395
399 396
399 397
399 398
399 400
399 401
399 402
399 403
399 404
399 429
399 430
399 431
399 432
399 433
399 434
400 372
400 373
400 374
400 375
400 376
400 377
400 395
400 396
400 397
400 398
400 399
400 401
400 402
400 403
400 404
400 433
400 434
401 372
401 373
401 374
401 375
401 376
401 377
401 378
401 379
401 380
401 395
401 396
401 397
401 398
401 399
401 400
401 402
401 403
401 404
401 405
401 406
401 408
401 411
401 412
401 415
401 416
401 434
402 376
402 377
402 379
402 396
402 397
402 398
402 399
402 400
402 401
402 403
402 404
402 405
402 406
402 407
402 408
402 411
402 412
402 415
402 416
402 430
402 433
402 434
402 435
402 438
403 376
403 377
403 397
403 398
403 399
403 400
403 401
403 402
403 404
403 405
403 406
403 408
403 433
403 434
403 435
403 438
404 278
404 375
404 376
404 377
404 378
404 379
404 380
404 399
404 400
404 401
404 402
404 403
404 405
404 406
404 407
404 408
404 434
405 277
405 278
405 279
405 376
405 377
405 401
405 402
405 403
405 404
405 406
405 407
405 408
406 278
406 279
406 376
406 377
406 378
406 379
406 380
406 381
406 401
406 402
406 403
406 404
406 405
406 407
406 408
406 409
407 379
407 380
407 402
407 404
407 405
407 406
407 408
407 409
407 410
407 411
407 412
407 438
408 379
408 380
408 381
408 382
408 401
408 402
408 403
408 404
408 405
408 406
408 407
408 409
408 410
408 411
408 412
408 413
408 414
408 415
408 438
408 441
409 380
409 406
409 407
409 408
409 410
409 411
409 412
409 413
409 414
409 437
409 438
409 440
409 441
409 442
410 380
410 383
410 384
410 407
410 408
410 409
410 411
410 412
410 413
410 414
410 415
410 441
410 442
410 443
411 379
411 380
411 381
411 382
411 383
411 384
411 385
411 386
411 387
411 388
411 401
411 402
411 407
411 408
411 409
411 410
411 412
411 413
411 414
411 415
411 416
411 417
411 441
411 442
412 379
412 380
412 384
412 387
412 398
412 401
412 402
412 407
412 408
412 409
412 410
412 411
412 413
412 414
412 415
412 416
412 417
412 434
412 438
412 439
412 440
412 441
412 442
412 443
413 384
413 408
413 409
413 410
413 411
413 412
413 414
413 415
413 416
413 417
413 418
413 438
413 439
413 440
413 441
413 442
413 443
413 446
414 383
414 384
414 385
414 386
414 387
414 388
414 390
414 408
414 409
414 410
414 411
414 412
414 413
414 415
414 416
414 417
414 418
414 419
414 420
414 441
414 442
414 443
415 379
415 384
415 387
415 388
415 390
415 391
415 392
415 397
415 398
415 401
415 402
415 408
415 410
415 411
415 412
415 413
415 414
415 416
415 417
415 418
415 419
415 420
415 442
416 392
416 395
416 398
416 401
416 402
416 411
416 412
416 413
416 414
416 415
416 417
416 418
416 419
416 420
416 421
416 424
416 425
416 426
416 439
416 441
416 442
416 443
416 446
417 387
417 388
417 392
417 411
417 412
417 413
417 414
417 415
417 416
417 418
417 419
417 420
417 421
417 422
417 424
417 442
417 443
417 446
418 387
418 388
418 389
418 390
418 391
418 392
418 393
418 398
418 413
418 414
418 415
418 416
418 417
418 419
418 420
418 421
418 422
418 423
418 424
419 390
419 391
419 392
419 393
419 394
419 395
419 397
419 398
419 414
419 415
419 416
419 417
419 418
419 420
419 421
419 422
419 423
419 424
419 425
419 426
420 392
420 393
420 414
420 415
420 416
420 417
420 418
420 419
420 421
420 422
420 423
420 424
420 425
420 426
420 446
420 449
421 391
421 392
421 393
421 416
421 417
421 418
421 419
421 420
421 422
421 423
421 424
421 425
422 391
422 392
422 393
422 394
422 417
422 418
422 419
422 420
422 421
422 423
422 424
422 425
423 393
423 394
423 418
423 419
423 420
423 421
423 422
423 424
423 425
423 426
424 392
424 393
424 394
424 395
424 398
424 416
424 417
424 418
424 419
424 420
424 421
424 422
424 423
424 425
424 426
424 427
425 394
425 395
425 416
425 419
425 420
425 421
425 422
425 423
425 424
425 426
425 427
425 428
425 430
425 449
425 450
425 451
425 454
426 395
426 416
426 419
426 420
426 423
426 424
426 425
426 427
426 428
426 429
426 430
426 431
426 446
426 447
426 449
426 450
426 451
426 454
426 455
427 395
427 424
427 425
427 426
427 428
427 429
427 430
427 431
427 432
427 433
427 450
427 451
427 453
427 454
427 455
427 457
427 458
428 425
428 426
428 427
428 429
428 430
428 431
428 432
428 433
428 434
428 450
428 451
428 452
428 453
428 454
428 455
428 456
428 457
428 458
428 459
429 395
429 399
429 426
429 427
429 428
429 430
429 431
429 432
429 433
429 434
429 435
429 454
429 455
429 457
429 458
429 459
430 395
430 396
430 398
430 399
430 402
430 425
430 426
430 427
430 428
430 429
430 431
430 432
430 433
430 434
430 435
430 439
430 454
430 457
430 458
431 399
431 426
431 427
431 428
431 429
431 430
431 432
431 433
431 434
431 435
431 436
431 438
431 439
431 450
431 454
431 455
431 457
431 458
431 459
431 460
431 461
432 399
432 427
432 428
432 429
432 430
432 431
432 433
432 434
432 435
432 436
432 439
432 454
432 455
432 457
432 458
432 459
432 460
432 461
433 398
433 399
433 400
433 402
433 403
433 427
433 428
433 429
433 430
433 431
433 432
433 434
433 435
433 436
433 438
433 458
434 398
434 399
434 400
434 401
434 402
434 403
434 404
434 412
434 428
434 429
434 430
434 431
434 432
434 433
434 435
434 436
434 437
434 438
434 439
434 458
434 461
435 402
435 403
435 429
435 430
435 431
435 432
435 433
435 434
435 436
435 437
435 438
435 439
435 440
435 458
435 459
435 460
435 461
435 462
435 463
436 431
436 432
436 433
436 434
436 435
436 437
436 438
436 439
436 440
436 441
436 458
436 460
436 461
436 462
436 463
436 464
436 465
436 466
436 497
437 409
437 434
437 435
437 436
437 438
437 439
437 440
437 441
437 442
437 461
437 462
437 463
437 464
437 465
437 466
438 402
438 403
438 407
438 408
438 409
438 412
438 413
438 431
438 433
438 434
438 435
438 436
438 437
438 439
438 440
438 441
438 442
438 462
438 463
438 465
438 466
439 412
439 413
439 416
439 430
439 431
439 432
439 434
439 435
439 436
439 437
439 438
439 440
439 441
439 442
439 443
439 446
439 447
439 461
439 462
439 463
439 465
439 466
439 470
439 474
440 409
440 412
440 413
440 435
440 436
440 437
440 438
440 439
440 441
440 442
440 443
440 444
440 447
440 462
440 463
440 464
440 465
440 466
440 467
440 468
440 469
440 470
440 471
440 474
441 408
441 409
441 410
441 411
441 412
441 413
441 414
441 416
441 436
441 437
441 438
441 439
441 440
441 442
441 443
441 444
441 446
441 447
441 465
441 466
441 467
441 470
442 409
442 410
442 411
442 412
442 413
442 414
442 415
442 416
442 417
442 437
442 438
442 439
442 440
442 441
442 443
442 444
442 445
442 446
442 447
442 448
442 466
442 470
443 410
443 412
443 413
443 414
443 416
443 417
443 439
443 440
443 441
443 442
443 444
443 445
443 446
443 447
443 448
443 469
443 470
443 473
444 440
444 441
444 442
444 443
444 445
444 446
444 447
444 448
444 449
444 469
444 470
444 471
444 472
444 473
444 474
444 506
445 442
445 443
445 444
445 446
445 447
445 448
445 449
445 450
445 470
445 473
446 413
446 416
446 417
446 420
446 426
446 439
446 441
446 442
446 443
446 444
446 445
446 447
446 448
446 449
446 450
447 426
447 439
447 440
447 441
447 442
447 443
447 444
447 445
447 446
447 448
447 449
447 450
447 451
447 470
447 471
447 473
447 474
447 477
448 442
448 443
448 444
448 445
448 446
448 447
448 449
448 450
448 451
448 452
448 470
448 473
448 474
448 476
448 477
449 420
449 425
449 426
449 444
449 445
449 446
449 447
449 448
449 450
449 451
449 452
449 477
450 425
450 426
450 427
450 428
450 431
450 445
450 446
450 447
450 448
450 449
450 451
450 452
450 453
450 454
450 455
450 474
450 477
451 425
451 426
451 427
451 428
451 447
451 448
451 449
451 450
451 452
451 453
451 454
451 455
451 456
451 477
451 480
451 481
452 428
452 448
452 449
452 450
452 451
452 453
452 454
452 455
452 456
452 457
452 474
452 476
452 477
452 478
452 479
452 480
452 481
452 482
453 427
453 428
453 450
453 451
453 452
453 454
453 455
453 456
453 457
453 458
453 477
453 478
453 480
453 481
453 482
454 425
454 426
454 427
454 428
454 429
454 430
454 431
454 432
454 450
454 451
454 452
454 453
454 455
454 456
454 457
454 458
454 459
454 478
454 481
455 426
455 427
455 428
455 429
455 431
455 432
455 450
455 451
455 452
455 453
455 454
455 456
455 457
455 458
455 459
455 460
455 461
455 474
455 477
455 478
455 481
455 482
455 494
456 428
456 451
456 452
456 453
456 454
456 455
456 457
456 458
456 459
456 460
456 478
456 481
456 482
456 494
457 36
457 427
457 428
457 429
457 430
457 431
457 432
457 452
457 453
457 454
457 455
457 456
457 458
457 459
457 460
458 427
458 428
458 429
458 430
458 431
458 432
458 433
458 434
458 435
458 436
458 453
458 454
458 455
458 456
458 457
458 459
458 460
458 461
459 36
459 39
459 428
459 429
459 431
459 432
459 435
459 454
459 455
459 456
459 457
459 458
459 460
459 461
459 462
459 494
459 497
460 431
460 432
460 435
460 436
460 455
460 456
460 457
460 458
460 459
460 461
460 462
460 463
460 493
460 494
460 495
460 496
460 497
460 498
461 431
461 432
461 434
461 435
461 436
461 437
461 439
461 455
461 458
461 459
461 460
461 462
461 463
461 464
461 496
461 497
461 498
462 435
462 436
462 437
462 438
462 439
462 440
462 459
462 460
462 461
462 463
462 464
462 465
462 466
462 497
462 498
463 435
463 436
463 437
463 438
463 439
463 440
463 460
463 461
463 462
463 464
463 465
463 466
463 467
463 468
463 470
463 471
463 474
463 497
463 498
463 499
463 500
463 501
463 539
464 436
464 437
464 440
464 461
464 462
464 463
464 465
464 466
464 467
464 471
464 497
464 498
464 500
464 535
464 536
464 538
464 539
464 540
465 436
465 437
465 438
465 439
465 440
465 441
465 462
465 463
465 464
465 466
465 467
465 468
465 471
465 539
466 436
466 437
466 438
466 439
466 440
466 441
466 442
466 462
466 463
466 464
466 465
466 467
466 468
466 469
466 470
466 471
466 472
466 474
466 500
466 501
466 539
467 440
467 441
467 463
467 464
467 465
467 466
467 468
467 469
467 470
467 471
467 472
467 500
467 501
468 440
468 463
468 465
468 466
468 467
468 469
468 470
468 471
468 472
468 473
468 474
468 500
468 501
468 502
468 505
468 540
468 541
469 440
469 443
469 444
469 466
469 467
469 468
469 470
469 471
469 472
469 473
469 474
469 501
469 502
469 503
469 504
469 505
469 506
470 439
470 440
470 441
470 442
470 443
470 444
470 445
470 447
470 448
470 463
470 466
470 467
470 468
470 469
470 471
470 472
470 473
470 474
470 475
470 500
470 501
470 502
471 440
471 444
471 447
471 463
471 464
471 465
471 466
471 467
471 468
471 469
471 470
471 472
471 473
471 474
471 475
471 476
471 477
471 497
471 498
471 499
471 500
471 501
471 502
471 503
471 540
471 541
472 444
472 466
472 467
472 468
472 469
472 470
472 471
472 473
472 474
472 475
472 476
472 477
472 478
472 498
472 499
472 500
472 501
472 502
472 503
472 504
472 505
472 506
472 541
473 443
473 444
473 445
473 447
473 448
473 468
473 469
473 470
473 471
473 472
473 474
473 475
473 476
473 477
473 478
473 479
473 498
473 501
473 502
473 503
473 504
473 505
473 506
473 508
474 439
474 440
474 444
474 447
474 448
474 450
474 452
474 455
474 463
474 466
474 468
474 469
474 470
474 471
474 472
474 473
474 475
474 476
474 477
474 478
474 479
474 480
474 497
474 498
474 499
474 500
474 501
474 502
474 503
475 470
475 471
475 472
475 473
475 474
475 476
475 477
475 478
475 479
475 480
475 481
475 495
475 496
475 497
475 498
475 499
475 500
475 501
475 502
475 503
475 518
476 448
476 452
476 471
476 472
476 473
476 474
476 475
476 477
476 478
476 479
476 480
476 481
476 482
476 483
476 498
476 499
476 501
476 502
476 503
476 506
476 508
477 447
477 448
477 449
477 450
477 451
477 452
477 453
477 455
477 471
477 472
477 473
477 474
477 475
477 476
477 478
477 479
477 480
477 481
477 482
477 483
477 498
477 508
478 452
478 453
478 454
478 455
478 456
478 472
478 473
478 474
478 475
478 476
478 477
478 479
478 480
478 481
478 482
478 483
478 494
478 495
478 496
478 497
478 498
478 499
478 501
479 452
479 473
479 474
479 475
479 476
479 477
479 478
479 480
479 481
479 482
479 483
479 484
479 485
479 491
479 494
479 495
479 498
479 499
480 451
480 452
480 453
480 474
480 475
480 476
480 477
480 478
480 479
480 481
480 482
480 483
480 484
481 451
481 452
481 453
481 454
481 455
481 456
481 475
481 476
481 477
481 478
481 479
481 480
481 482
481 483
481 484
481 485
481 494
481 495
482 452
482 453
482 455
482 456
482 476
482 477
482 478
482 479
482 480
482 481
482 483
482 484
482 485
482 486
482 490
482 491
482 492
482 493
482 494
482 495
483 476
483 477
483 478
483 479
483 480
483 481
483 482
483 484
483 485
483 486
483 488
483 491
483 492
483 494
483 495
484 479
484 480
484 481
484 482
484 483
484 485
484 486
484 487
484 488
484 491
485 479
485 481
485 482
485 483
485 484
485 486
485 487
485 488
485 489
485 490
485 491
485 492
485 493
485 494
485 495
486 482
486 483
486 484
486 485
486 487
486 488
486 489
486 490
486 491
487 484
487 485
487 486
487 488
487 489
487 490
487 491
487 492
487 493
488 483
488 484
488 485
488 486
488 487
488 489
488 490
488 491
488 492
488 493
488 494
488 524
488 525
488 528
488 529
488 530
489 64
489 485
489 486
489 487
489 488
489 490
489 491
489 492
489 493
489 494
489 495
489 525
489 528
489 529
489 530
489 531
490 39
490 40
490 41
490 482
490 485
490 486
490 487
490 488
490 489
490 491
490 492
490 493
490 494
490 495
491 479
491 482
491 483
491 484
491 485
491 486
491 487
491 488
491 489
491 490
491 492
491 493
491 494
491 495
491 496
491 525
492 482
492 483
492 485
492 487
492 488
492 489
492 490
492 491
492 493
492 494
492 495
492 496
492 497
492 498
492 499
492 525
492 530
492 532
493 39
493 40
493 41
493 62
493 460
493 482
493 485
493 487
493 488
493 489
493 490
493 491
493 492
493 494
493 495
493 496
493 497
493 530
493 532
494 39
494 455
494 456
494 459
494 460
494 478
494 479
494 481
494 482
494 483
494 485
494 488
494 489
494 490
494 491
494 492
494 493
494 495
494 496
494 497
494 498
494 499
495 460
495 475
495 478
495 479
495 481
495 482
495 483
495 485
495 489
495 490
495 491
495 492
495 493
495 494
495 496
495 497
495 498
495 499
495 500
496 460
496 461
496 475
496 478
496 491
496 492
496 493
496 494
496 495
496 497
496 498
496 499
496 500
496 532
496 533
496 536
496 537
496 539
496 540
497 436
497 459
497 460
497 461
497 462
497 463
497 464
497 471
497 474
497 475
497 478
497 492
497 493
497 494
497 495
497 496
497 498
497 499
497 500
497 501
497 535
497 536
497 539
497 540
498 460
498 461
498 462
498 463
498 464
498 471
498 472
498 473
498 474
498 475
498 476
498 477
498 478
498 479
498 492
498 494
498 495
498 496
498 497
498 499
498 500
498 501
498 502
498 536
498 539
498 540
499 463
499 471
499 472
499 474
499 475
499 476
499 478
499 479
499 492
499 494
499 495
499 496
499 497
499 498
499 500
499 501
499 502
499 518
499 521
499 522
499 536
499 537
499 539
499 540
499 541
500 463
500 464
500 466
500 467
500 468
500 470
500 471
500 472
500 474
500 475
500 495
500 496
500 497
500 498
500 499
500 501
500 502
500 518
500 536
500 537
500 538
500 539
500 540
500 541
500 542
500 544
501 463
501 466
501 467
501 468
501 469
501 470
501 471
501 472
501 473
501 474
501 475
501 476
501 478
501 497
501 498
501 499
501 500
501 502
501 503
501 504
501 518
501 539
501 540
501 541
501 544
502 468
502 469
502 470
502 471
502 472
502 473
502 474
502 475
502 476
502 498
502 499
502 500
502 501
502 503
502 504
502 505
502 506
502 516
502 517
502 518
502 519
502 540
502 541
502 543
502 544
503 469
503 471
503 472
503 473
503 474
503 475
503 476
503 501
503 502
503 504
503 505
503 506
503 507
503 508
503 516
503 517
503 518
504 469
504 472
504 473
504 501
504 502
504 503
504 505
504 506
504 507
504 508
504 516
504 517
504 518
505 468
505 469
505 472
505 473
505 502
505 503
505 504
505 506
505 507
505 508
506 444
506 469
506 472
506 473
506 476
506 502
506 503
506 504
506 505
506 507
506 508
506 509
507 503
507 504
507 505
507 506
507 508
507 509
507 510
508 473
508 476
508 477
508 503
508 504
508 505
508 506
508 507
508 509
508 510
508 511
508 512
508 516
509 506
509 507
509 508
509 510
509 511
509 512
510 507
510 508
510 509
510 511
510 512
510 513
511 508
511 509
511 510
511 512
511 513
511 514
512 508
512 509
512 510
512 511
512 513
512 514
512 515
512 516
513 510
513 511
513 512
513 514
513 515
513 516
514 511
514 512
514 513
514 515
514 516
514 517
515 512
515 513
515 514
515 516
515 517
515 518
515 519
515 520
515 521
516 502
516 503
516 504
516 508
516 512
516 513
516 514
516 515
516 517
516 518
516 519
516 520
516 521
517 502
517 503
517 504
517 514
517 515
517 516
517 518
517 519
517 520
517 521
517 522
517 544
518 475
518 499
518 500
518 501
518 502
518 503
518 504
518 515
518 516
518 517
518 519
518 520
518 521
518 522
518 523
518 524
518 540
518 541
518 544
518 545
519 502
519 515
519 516
519 517
519 518
519 520
519 521
519 522
519 523
519 524
519 525
519 541
519 543
519 544
519 545
519 546
519 547
519 548
520 515
520 516
520 517
520 518
520 519
520 521
520 522
520 523
520 524
520 525
520 526
520 544
520 547
520 548
521 499
521 515
521 516
521 517
521 518
521 519
521 520
521 522
521 523
521 524
521 525
521 526
521 527
522 499
522 517
522 518
522 519
522 520
522 521
522 523
522 524
522 525
522 526
522 527
522 528
522 540
522 544
522 545
522 548
522 552
522 553
522 556
523 518
523 519
523 520
523 521
523 522
523 524
523 525
523 526
523 527
523 528
523 547
523 548
523 549
523 551
523 552
523 553
523 555
523 556
524 488
524 518
524 519
524 520
524 521
524 522
524 523
524 525
524 526
524 527
524 528
524 529
524 530
524 552
524 556
525 488
525 489
525 491
525 492
525 519
525 520
525 521
525 522
525 523
525 524
525 526
525 527
525 528
525 529
525 530
525 531
525 532
525 552
525 555
525 556
525 557
526 520
526 521
526 522
526 523
526 524
526 525
526 527
526 528
526 529
526 530
526 531
526 532
526 548
526 551
526 552
526 553
526 554
526 555
526 556
526 557
526 558
527 521
527 522
527 523
527 524
527 525
527 526
527 528
527 529
527 530
527 551
527 552
527 555
527 556
528 488
528 489
528 522
528 523
528 524
528 525
528 526
528 527
528 529
528 530
528 531
528 555
528 556
528 558
529 64
529 488
529 489
529 524
529 525
529 526
529 527
529 528
529 530
529 531
529 532
529 552
529 554
529 555
529 556
529 557
529 558
529 559
530 63
530 64
530 488
530 489
530 492
530 493
530 524
530 525
530 526
530 527
530 528
530 529
530 531
530 532
530 533
530 555
530 556
530 557
530 558
530 559
531 62
531 63
531 64
531 67
531 95
531 489
531 525
531 526
531 528
531 529
531 530
531 532
531 533
531 534
531 553
531 554
531 555
531 556
531 557
531 558
531 559
531 560
531 561
532 63
532 64
532 91
532 95
532 492
532 493
532 496
532 525
532 526
532 529
532 530
532 531
532 533
532 534
532 535
532 536
532 537
532 553
532 554
532 555
532 556
532 557
532 558
532 559
532 560
532 561
533 63
533 90
533 91
533 92
533 94
533 95
533 496
533 530
533 531
533 532
533 534
533 535
533 536
533 537
533 538
533 556
533 557
533 558
533 559
533 560
533 561
533 563
534 90
534 91
534 94
534 95
534 147
534 148
534 531
534 532
534 533
534 535
534 536
534 537
534 538
534 539
534 540
534 557
534 560
534 561
534 562
534 563
534 564
534 566
534 567
534 573
535 90
535 91
535 94
535 145
535 146
535 147
535 148
535 464
535 497
535 532
535 533
535 534
535 536
535 537
535 538
535 539
535 540
535 563
535 567
536 91
536 147
536 464
536 496
536 497
536 498
536 499
536 500
536 532
536 533
536 534
536 535
536 537
536 538
536 539
536 540
536 557
537 147
537 496
537 499
537 500
537 532
537 533
537 534
537 535
537 536
537 538
537 539
537 540
537 541
537 542
537 545
537 553
537 556
537 557
537 560
537 564
537 572
537 573
538 147
538 148
538 464
538 500
538 533
538 534
538 535
538 536
538 537
538 539
538 540
538 541
538 542
538 545
538 564
538 567
538 570
538 571
538 572
538 573
539 147
539 463
539 464
539 465
539 466
539 496
539 497
539 498
539 499
539 500
539 501
539 534
539 535
539 536
539 537
539 538
539 540
539 541
539 542
539 572
540 464
540 468
540 471
540 496
540 497
540 498
540 499
540 500
540 501
540 502
540 518
540 522
540 534
540 535
540 536
540 537
540 538
540 539
540 541
540 542
540 543
540 544
540 545
540 572
541 468
541 471
541 472
541 499
541 500
541 501
541 502
541 518
541 519
541 537
541 538
541 539
541 540
541 542
541 543
541 544
541 545
541 546
541 572
542 500
542 537
542 538
542 539
542 540
542 541
542 543
542 544
542 545
542 546
542 547
542 571
542 572
542 573
542 575
542 576
543 502
543 519
543 540
543 541
543 542
543 544
543 545
543 546
543 547
543 548
543 572
543 575
543 576
544 500
544 501
544 502
544 517
544 518
544 519
544 520
544 522
544 540
544 541
544 542
544 543
544 545
544 546
544 547
544 548
544 576
545 518
545 519
545 522
545 537
545 538
545 540
545 541
545 542
545 543
545 544
545 546
545 547
545 548
545 549
545 552
545 553
545 572
545 573
545 575
545 576
545 579
546 519
546 541
546 542
546 543
546 544
546 545
546 547
546 548
546 549
546 572
546 573
546 575
546 576
546 577
546 578
546 579
546 580
547 519
547 520
547 523
547 542
547 543
547 544
547 545
547 546
547 548
547 549
547 552
547 576
547 579
548 519
548 520
548 522
548 523
548 526
548 543
548 544
548 545
548 546
548 547
548 549
548 550
548 551
548 552
548 553
548 554
548 556
548 576
548 579
548 580
549 523
549 545
549 546
549 547
549 548
549 550
549 551
549 552
549 553
549 554
549 576
549 579
549 580
549 584
550 548
550 549
550 551
550 552
550 553
550 554
550 555
550 556
550 576
550 577
550 580
550 584
550 585
550 587
550 588
551 523
551 526
551 527
551 548
551 549
551 550
551 552
551 553
551 554
551 555
551 556
552 522
552 523
552 524
552 525
552 526
552 527
552 529
552 545
552 547
552 548
552 549
552 550
552 551
552 553
552 554
552 555
552 556
552 557
552 558
553 522
553 523
553 526
553 531
553 532
553 537
553 545
553 548
553 549
553 550
553 551
553 552
553 554
553 555
553 556
553 557
553 558
553 561
553 564
553 576
554 526
554 529
554 531
554 532
554 548
554 549
554 550
554 551
554 552
554 553
554 555
554 556
554 557
554 558
554 559
554 560
554 561
554 562
554 564
554 588
555 523
555 525
555 526
555 527
555 528
555 529
555 530
555 531
555 532
555 550
555 551
555 552
555 553
555 554
555 556
555 557
555 558
555 559
555 560
555 561
556 522
556 523
556 524
556 525
556 526
556 527
556 528
556 529
556 530
556 531
556 532
556 533
556 537
556 548
556 550
556 551
556 552
556 553
556 554
556 555
556 557
556 558
556 559
556 560
556 561
557 525
557 526
557 529
557 530
557 531
557 532
557 533
557 534
557 536
557 537
557 552
557 553
557 554
557 555
557 556
557 558
557 559
557 560
557 561
557 562
557 563
557 564
558 63
558 64
558 67
558 95
558 526
558 528
558 529
558 530
558 531
558 532
558 533
558 552
558 553
558 554
558 555
558 556
558 557
558 559
558 560
558 561
558 562
559 63
559 64
559 67
559 94
559 95
559 96
559 97
559 98
559 99
559 102
559 529
559 530
559 531
559 532
559 533
559 554
559 555
559 556
559 557
559 558
559 560
559 561
559 562
559 563
560 63
560 91
560 94
560 95
560 96
560 97
560 98
560 99
560 531
560 532
560 533
560 534
560 537
560 554
560 555
560 556
560 557
560 558
560 559
560 561
560 562
560 563
560 564
561 95
561 98
561 531
561 532
561 533
561 534
561 553
561 554
561 555
561 556
561 557
561 558
561 559
561 560
561 562
561 563
561 564
561 565
561 566
561 588
562 94
562 95
562 97
562 98
562 121
562 534
562 554
562 557
562 558
562 559
562 560
562 561
562 563
562 564
562 565
562 566
562 567
562 588
562 589
563 94
563 95
563 97
563 98
563 119
563 121
563 147
563 148
563 150
563 151
563 533
563 534
563 535
563 557
563 559
563 560
563 561
563 562
563 564
563 565
563 566
563 567
563 568
564 148
564 150
564 534
564 537
564 538
564 553
564 554
564 557
564 560
564 561
564 562
564 563
564 565
564 566
564 567
564 568
564 569
564 570
564 573
564 574
564 577
564 588
564 589
564 590
565 148
565 150
565 151
565 561
565 562
565 563
565 564
565 566
565 567
565 568
565 569
565 570
565 573
565 588
565 589
565 590
565 591
565 592
565 593
565 594
566 119
566 120
566 121
566 145
566 147
566 148
566 149
566 150
566 151
566 152
566 153
566 154
566 534
566 561
566 562
566 563
566 564
566 565
566 567
566 568
566 569
566 570
567 145
567 146
567 147
567 148
567 149
567 150
567 151
567 152
567 534
567 535
567 538
567 562
567 563
567 564
567 565
567 566
567 568
567 569
567 570
567 571
567 572
567 573
567 574
568 148
568 149
568 150
568 151
568 563
568 564
568 565
568 566
568 567
568 569
568 570
568 571
568 572
568 573
568 574
568 575
568 576
568 577
568 590
568 593
569 147
569 148
569 149
569 150
569 151
569 564
569 565
569 566
569 567
569 568
569 570
569 571
569 572
569 573
569 574
569 575
569 577
570 146
570 147
570 148
570 149
570 150
570 538
570 564
570 565
570 566
570 567
570 568
570 569
570 571
570 572
570 573
570 574
570 575
571 147
571 538
571 542
571 567
571 568
571 569
571 570
571 572
571 573
571 574
571 575
571 576
571 577
572 537
572 538
572 539
572 540
572 541
572 542
572 543
572 545
572 546
572 567
572 568
572 569
572 570
572 571
572 573
572 574
572 575
572 576
572 577
573 534
573 537
573 538
573 542
573 545
573 546
573 564
573 565
573 567
573 568
573 569
573 570
573 571
573 572
573 574
573 575
573 576
573 577
573 578
574 564
574 567
574 568
574 569
574 570
574 571
574 572
574 573
574 575
574 576
574 577
574 578
574 579
575 542
575 543
575 545
575 546
575 568
575 569
575 570
575 571
575 572
575 573
575 574
575 576
575 577
575 578
575 579
575 580
576 542
576 543
576 544
576 545
576 546
576 547
576 548
576 549
576 550
576 553
576 568
576 571
576 572
576 573
576 574
576 575
576 577
576 578
576 579
576 580
577 546
577 550
577 564
577 568
577 569
577 571
577 572
577 573
577 574
577 575
577 576
577 578
577 579
577 580
577 581
577 582
577 584
577 585
577 590
578 546
578 573
578 574
578 575
578 576
578 577
578 579
578 580
578 581
578 582
578 585
579 545
579 546
579 547
579 548
579 549
579 574
579 575
579 576
579 577
579 578
579 580
579 581
579 582
580 546
580 548
580 549
580 550
580 575
580 576
580 577
580 578
580 579
580 581
580 582
580 583
580 584
580 585
581 577
581 578
581 579
581 580
581 582
581 583
581 584
581 585
581 586
582 577
582 578
582 579
582 580
582 581
582 583
582 584
582 585
582 586
582 587
582 590
582 591
583 580
583 581
583 582
583 584
583 585
583 586
583 587
583 588
583 591
584 549
584 550
584 577
584 580
584 581
584 582
584 583
584 585
584 586
584 587
584 588
584 589
584 590
584 591
585 550
585 577
585 578
585 580
585 581
585 582
585 583
585 584
585 586
585 587
585 588
585 589
585 590
585 591
585 592
586 581
586 582
586 583
586 584
586 585
586 587
586 588
586 589
586 590
586 591
586 592
587 550
587 582
587 583
587 584
587 585
587 586
587 588
587 589
587 590
587 591
588 550
588 554
588 561
588 562
588 564
588 565
588 583
588 584
588 585
588 586
588 587
588 589
588 590
588 591
589 562
589 564
589 565
589 584
589 585
589 586
589 587
589 588
589 590
589 591
589 592
590 564
590 565
590 568
590 577
590 582
590 584
590 585
590 586
590 587
590 588
590 589
590 591
590 592
590 593
590 594
591 565
591 582
591 583
591 584
591 585
591 586
591 587
591 588
591 589
591 590
591 592
591 593
591 594
592 565
592 585
592 586
592 589
592 590
592 591
592 593
592 594
592 595
592 596
593 565
593 568
593 590
593 591
593 592
593 594
593 595
593 596
594 150
594 154
594 565
594 590
594 591
594 592
594 593
594 595
594 596
594 597
594 598
595 592
595 593
595 594
595 596
595 597
595 598
596 592
596 593
596 594
596 595
596 597
596 598
596 599
597 594
597 595
597 596
597 598
597 599
597 600
598 594
598 595
598 596
598 597
598 599
598 600
598 601
599 596
599 597
599 598
599 600
599 601
599 602
600 597
600 598
600 599
600 601
600 602
600 603
601 598
601 599
601 600
601 602
601 603
601 604
602 599
602 600
602 601
602 603
602 604
602 605
603 600
603 601
603 602
603 604
603 605
603 606
604 601
604 602
604 603
604 605
604 606
604 607
605 602
605 603
605 604
605 606
605 607
605 608
606 603
606 604
606 605
606 607
606 608
606 609
607 604
607 605
607 606
607 608
607 609
607 610
608 605
608 606
608 607
608 609
608 610
608 611
609 606
609 607
609 608
609 610
609 611
609 612
610 607
610 608
610 609
610 611
610 612
610 613
611 608
611 609
611 610
611 612
611 613
611 614
612 609
612 610
612 611
612 613
612 614
612 615
613 610
613 611
613 612
613 614
613 615
613 616
614 611
614 612
614 613
614 615
614 616
614 617
615 612
615 613
615 614
615 616
615 617
615 618
616 613
616 614
616 615
616 617
616 618
616 619
617 614
617 615
617 616
617 618
617 619
617 620
618 615
618 616
618 617
618 619
618 620
619 616
619 617
619 618
619 620
619 621
620 617
620 618
620 619
620 621
620 622
621 619
621 620
621 622
621 623
622 620
622 621
622 623
622 624
622 625
623 621
623 622
623 624
623 625
624 622
624 623
624 625
624 626
624 627
625 622
625 623
625 624
625 626
625 627
626 624
626 625
626 627
626 628
626 629
627 624
627 625
627 626
627 628
627 629
627 630
628 626
628 627
628 629
628 630
628 631
629 626
629 627
629 628
629 630
629 631
629 632
630 627
630 628
630 629
630 631
630 632
631 628
631 629
631 630
631 632
631 633
631 634
632 629
632 630
632 631
632 633
632 634
633 631
633 632
633 634
633 635
634 631
634 632
634 633
634 635
634 636
635 633
635 634
635 636
635 637
635 638
636 634
636 635
636 637
636 638
636 639
637 635
637 636
637 638
637 639
637 640
638 635
638 636
638 637
638 639
638 640
638 641
639 636
639 637
639 638
639 640
639 641
639 642
640 637
640 638
640 639
640 641
640 642
641 638
641 639
641 640
641 642
641 643
641 644
642 639
642 640
642 641
642 643
642 644
643 641
643 642
643 644
643 645
643 646
644 641
644 642
644 643
644 645
644 646
644 647
645 643
645 644
645 646
645 647
645 648
646 643
646 644
646 645
646 647
646 648
646 649
647 644
647 645
647 646
647 648
647 649
647 650
648 645
648 646
648 647
648 649
648 650
648 651
649 646
649 647
649 648
649 650
649 651
649 652
649 653
649 654
650 647
650 648
650 649
650 651
650 652
650 653
650 654
650 655
651 648
651 649
651 650
651 652
651 653
651 654
651 655
651 656
652 649
652 650
652 651
652 653
652 654
652 655
652 656
652 657
653 649
653 650
653 651
653 652
653 654
653 655
653 656
653 657
653 658
654 649
654 650
654 651
654 652
654 653
654 655
654 656
654 657
654 658
654 659
654 660
655 650
655 651
655 652
655 653
655 654
655 656
655 657
655 658
655 659
655 660
656 651
656 652
656 653
656 654
656 655
656 657
656 658
656 659
656 660
656 661
657 652
657 653
657 654
657 655
657 656
657 658
657 659
657 660
657 661
657 662
658 653
658 654
658 655
658 656
658 657
658 659
658 660
658 661
658 662
659 654
659 655
659 656
659 657
659 658
659 660
659 661
659 662
659 663
660 654
660 655
660 656
660 657
660 658
660 659
660 661
660 662
660 663
660 664
661 656
661 657
661 658
661 659
661 660
661 662
661 663
661 664
661 665
662 657
662 658
662 659
662 660
662 661
662 663
662 664
662 665
662 666
663 659
663 660
663 661
663 662
663 664
663 665
663 666
663 667
664 660
664 661
664 662
664 663
664 665
664 666
664 667
665 661
665 662
665 663
665 664
665 666
665 667
665 668
666 662
666 663
666 664
666 665
666 667
666 668
666 669
667 663
667 664
667 665
667 666
667 668
667 669
667 670
668 665
668 666
668 667
668 669
668 670
668 671
669 666
669 667
669 668
669 670
669 671
669 672
670 667
670 668
670 669
670 671
670 672
671 668
671 669
671 670
671 672
671 673
671 674
672 669
672 670
672 671
672 673
672 674
673 671
673 672
673 674
673 675
673 676
674 671
674 672
674 673
674 675
674 676
675 673
675 674
675 676
675 677
676 673
676 674
676 675
676 677
676 678
676 679
677 675
677 676
677 678
677 679
677 680
678 676
678 677
678 679
678 680
678 681
679 676
679 677
679 678
679 680
679 681
680 677
680 678
680 679
680 681
680 682
681 678
681 679
681 680
681 682
681 683
681 684
682 680
682 681
682 683
682 684
682 685
683 681
683 682
683 684
683 685
683 686
684 681
684 682
684 683
684 685
684 686
684 687
685 682
685 683
685 684
685 686
685 687
685 688
686 683
686 684
686 685
686 687
686 688
686 689
686 694
687 684
687 685
687 686
687 688
687 689
687 690
687 692
687 694
688 685
688 686
688 687
688 689
688 690
688 691
688 692
688 693
688 694
688 695
689 686
689 687
689 688
689 690
689 691
689 692
689 693
689 694
689 695
690 687
690 688
690 689
690 691
690 692
690 693
691 688
691 689
691 690
691 692
691 693
691 694
692 687
692 688
692 689
692 690
692 691
692 693
692 694
692 695
693 688
693 689
693 690
693 691
693 692
693 694
693 695
693 696
694 686
694 687
694 688
694 689
694 691
694 692
694 693
694 695
694 696
694 697
695 688
695 689
695 692
695 693
695 694
695 696
695 697
695 698
696 693
696 694
696 695
696 697
696 698
697 694
697 695
697 696
697 698
697 699
697 700
698 695
698 696
698 697
698 699
698 700
699 697
699 698
699 700
699 701
700 697
700 698
700 699
700 701
701 699
701 700
