0 1
0 2
1 0
1 2
1 3
2 0
2 1
2 3
2 4
3 1
3 2
3 4
3 5
4 2
4 3
4 5
4 6
5 3
5 4
5 6
5 7
6 4
6 5
6 7
6 8
7 5
7 6
7 8
7 9
8 6
8 7
8 9
8 10
9 7
9 8
9 10
9 11
10 8
10 9
10 11
10 12
11 9
11 10
11 12
11 13
12 10
12 11
12 13
12 14
13 11
13 12
13 14
13 15
14 12
14 13
14 15
14 16
15 13
15 14
15 16
15 17
15 18
16 14
16 15
16 17
16 18
17 15
17 16
17 18
17 19
18 15
18 16
18 17
18 19
18 20
19 17
19 18
19 20
19 21
19 22
20 18
20 19
20 21
20 22
20 23
21 19
21 20
21 22
21 23
21 24
22 19
22 20
22 21
22 23
22 24
22 25
23 20
23 21
23 22
23 24
23 25
23 26
24 21
24 22
24 23
24 25
24 26
24 27
25 22
25 23
25 24
25 26
25 27
25 28
26 23
26 24
26 25
26 27
26 28
27 24
27 25
27 26
27 28
27 29
28 25
28 26
28 27
28 29
28 30
29 27
29 28
29 30
29 31
30 28
30 29
30 31
30 32
30 33
31 29
31 30
31 32
31 33
32 30
32 31
32 33
32 34
32 35
33 30
33 31
33 32
33 34
33 35
34 32
34 33
34 35
34 36
34 37
35 32
35 33
35 34
35 36
35 37
35 38
36 34
36 35
36 37
36 38
36 39
37 34
37 35
37 36
37 38
37 39
37 40
38 35
38 36
38 37
38 39
38 40
38 41
39 36
39 37
39 38
39 40
39 41
39 42
40 37
40 38
40 39
40 41
40 42
40 43
41 38
41 39
41 40
41 42
41 43
41 44
42 39
42 40
42 41
42 43
42 44
42 45
43 40
43 41
43 42
43 44
43 45
43 46
44 41
44 42
44 43
44 45
44 46
44 47
45 42
45 43
45 44
45 46
45 47
45 48
46 43
46 44
46 45
46 47
46 48
46 49
47 44
47 45
47 46
47 48
47 49
47 50
48 45
48 46
48 47
48 49
48 50
48 51
49 46
49 47
49 48
49 50
49 51
49 52
50 47
50 48
50 49
50 51
50 52
50 53
51 48
51 49
51 50
51 52
51 53
51 54
52 49
52 50
52 51
52 53
52 54
52 55
53 50
53 51
53 52
53 54
53 55
53 56
54 51
54 52
54 53
54 55
54 56
54 57
55 52
55 53
55 54
55 56
55 57
55 58
56 53
56 54
56 55
56 57
56 58
56 59
57 54
57 55
57 56
57 58
57 59
58 55
58 56
58 57
58 59
58 60
58 61
59 56
59 57
59 58
59 60
59 61
60 58
60 59
60 61
60 62
61 58
61 59
61 60
61 62
61 63
62 60
62 61
62 63
62 64
63 61
63 62
63 64
63 65
64 62
64 63
64 65
64 66
64 67
65 63
65 64
65 66
65 67
66 64
66 65
66 67
66 68
67 64
67 65
67 66
67 68
67 69
68 66
68 67
68 69
68 70
69 67
69 68
69 70
69 71
69 72
70 68
70 69
70 71
70 72
70 73
71 69
71 70
71 72
71 73
71 74
72 69
72 70
72 71
72 73
72 74
72 75
73 70
73 71
73 72
73 74
73 75
73 76
73 77
73 78
74 71
74 72
74 73
74 75
74 76
74 77
74 78
74 79
75 72
75 73
75 74
75 76
75 77
75 78
75 79
75 80
75 81
76 73
76 74
76 75
76 77
76 78
76 79
76 80
76 81
76 82
77 73
77 74
77 75
77 76
77 78
77 79
77 80
77 81
77 82
77 83
78 73
78 74
78 75
78 76
78 77
78 79
78 80
78 81
78 82
78 83
78 84
79 74
79 75
79 76
79 77
79 78
79 80
79 81
79 82
79 83
79 84
79 85
80 75
80 76
80 77
80 78
80 79
80 81
80 82
80 83
80 84
80 85
81 75
81 76
81 77
81 78
81 79
81 80
81 82
81 83
81 84
81 85
81 86
82 76
82 77
82 78
82 79
82 80
82 81
82 83
82 84
82 85
82 86
82 87
82 88
82 486
83 77
83 78
83 79
83 80
83 81
83 82
83 84
83 85
83 86
83 87
83 88
83 89
84 78
84 79
84 80
84 81
84 82
84 83
84 85
84 86
84 87
84 88
84 89
84 90
85 79
85 80
85 81
85 82
85 83
85 84
85 86
85 87
85 88
85 89
85 90
85 91
85 565
85 566
86 81
86 82
86 83
86 84
86 85
86 87
86 88
86 89
86 90
86 91
86 92
87 82
87 83
87 84
87 85
87 86
87 88
87 89
87 90
87 91
87 92
87 93
88 82
88 83
88 84
88 85
88 86
88 87
88 89
88 90
88 91
88 92
88 93
88 94
88 567
89 83
89 84
89 85
89 86
89 87
89 88
89 90
89 91
89 92
89 93
89 94
89 95
89 566
89 567
90 84
90 85
90 86
90 87
90 88
90 89
90 91
90 92
90 93
90 94
90 95
90 96
91 85
91 86
91 87
91 88
91 89
91 90
91 92
91 93
91 94
91 95
91 96
91 97
92 86
92 87
92 88
92 89
92 90
92 91
92 93
92 94
92 95
92 96
92 97
92 98
92 567
93 87
93 88
93 89
93 90
93 91
93 92
93 94
93 95
93 96
93 97
93 98
93 99
94 88
94 89
94 90
94 91
94 92
94 93
94 95
94 96
94 97
94 98
94 99
94 100
95 89
95 90
95 91
95 92
95 93
95 94
95 96
95 97
95 98
95 99
95 100
95 101
96 90
96 91
96 92
96 93
96 94
96 95
96 97
96 98
96 99
96 100
96 101
97 91
97 92
97 93
97 94
97 95
97 96
97 98
97 99
97 100
97 101
97 102
98 92
98 93
98 94
98 95
98 96
98 97
98 99
98 100
98 101
98 102
98 103
99 93
99 94
99 95
99 96
99 97
99 98
99 100
99 101
99 102
99 103
99 104
100 94
100 95
100 96
100 97
100 98
100 99
100 101
100 102
100 103
100 104
100 105
101 95
101 96
101 97
101 98
101 99
101 100
101 102
101 103
101 104
101 105
102 97
102 98
102 99
102 100
102 101
102 103
102 104
102 105
102 106
103 98
103 99
103 100
103 101
103 102
103 104
103 105
103 106
103 107
104 99
104 100
104 101
104 102
104 103
104 105
104 106
104 107
105 100
105 101
105 102
105 103
105 104
105 106
105 107
105 108
106 102
106 103
106 104
106 105
106 107
106 108
106 109
107 103
107 104
107 105
107 106
107 108
107 109
107 110
108 105
108 106
108 107
108 109
108 110
108 111
109 106
109 107
109 108
109 110
109 111
109 112
109 113
109 114
109 115
110 107
110 108
110 109
110 111
110 112
110 113
110 114
110 115
111 108
111 109
111 110
111 112
111 113
111 114
112 109
112 110
112 111
112 113
112 114
112 115
113 109
113 110
113 111
113 112
113 114
113 115
113 116
114 109
114 110
114 111
114 112
114 113
114 115
114 116
114 117
115 109
115 110
115 112
115 113
115 114
115 116
115 117
115 118
116 113
116 114
116 115
116 117
116 118
116 119
117 114
117 115
117 116
117 118
117 119
117 120
118 115
118 116
118 117
118 119
118 120
118 121
119 116
119 117
119 118
119 120
119 121
119 122
120 117
120 118
120 119
120 121
120 122
120 123
121 118
121 119
121 120
121 122
121 123
121 124
122 119
122 120
122 121
122 123
122 124
122 125
123 120
123 121
123 122
123 124
123 125
123 126
124 121
124 122
124 123
124 125
124 126
125 122
125 123
125 124
125 126
125 127
126 123
126 124
126 125
126 127
126 128
127 125
127 126
127 128
127 129
128 126
128 127
128 129
128 130
129 127
129 128
129 130
129 131
130 128
130 129
130 131
130 132
131 129
131 130
131 132
131 133
132 130
132 131
132 133
132 134
133 131
133 132
133 134
133 135
134 132
134 133
134 135
134 136
135 133
135 134
135 136
135 137
136 134
136 135
136 137
136 138
137 135
137 136
137 138
137 139
138 136
138 137
138 139
138 140
139 137
139 138
139 140
139 141
140 138
140 139
140 141
140 142
141 139
141 140
141 142
141 143
142 140
142 141
142 143
142 144
143 141
143 142
143 144
143 145
144 142
144 143
144 145
144 146
145 143
145 144
145 146
145 147
146 144
146 145
146 147
146 148
147 145
147 146
147 148
147 149
148 146
148 147
148 149
148 150
149 147
149 148
149 150
149 151
150 148
150 149
150 151
150 152
151 149
151 150
151 152
151 153
152 150
152 151
152 153
152 154
153 151
153 152
153 154
153 155
154 152
154 153
154 155
154 156
155 153
155 154
155 156
155 157
156 154
156 155
156 157
156 158
157 155
157 156
157 158
157 159
158 156
158 157
158 159
158 160
159 157
159 158
159 160
159 161
160 158
160 159
160 161
160 162
161 159
161 160
161 162
161 163
161 164
162 160
162 161
162 163
162 164
162 165
163 161
163 162
163 164
163 165
164 161
164 162
164 163
164 165
164 166
165 162
165 163
165 164
165 166
165 167
166 164
166 165
166 167
166 168
167 165
167 166
167 168
167 169
168 166
168 167
168 169
168 170
169 167
169 168
169 170
169 171
169 172
170 168
170 169
170 171
170 172
171 169
171 170
171 172
171 173
172 169
172 170
172 171
172 173
172 174
173 171
173 172
173 174
173 175
174 172
174 173
174 175
174 176
175 173
175 174
175 176
175 177
176 174
176 175
176 177
176 178
177 175
177 176
177 178
177 179
178 176
178 177
178 179
178 180
179 177
179 178
179 180
179 181
180 178
180 179
180 181
180 182
180 183
181 179
181 180
181 182
181 183
182 180
182 181
182 183
182 184
183 180
183 181
183 182
183 184
183 185
183 186
184 182
184 183
184 185
184 186
185 183
185 184
185 186
185 187
186 183
186 184
186 185
186 187
186 188
187 185
187 186
187 188
187 189
188 186
188 187
188 189
188 190
189 187
189 188
189 190
189 191
190 188
190 189
190 191
190 192
190 193
191 189
191 190
191 192
191 193
191 194
192 190
192 191
192 193
192 194
192 195
193 190
193 191
193 192
193 194
193 195
193 196
194 191
194 192
194 193
194 195
194 196
194 197
195 192
195 193
195 194
195 196
195 197
195 198
196 193
196 194
196 195
196 197
196 198
197 194
197 195
197 196
197 198
197 199
198 195
198 196
198 197
198 199
198 200
199 197
199 198
199 200
199 201
200 198
200 199
200 201
200 202
201 199
201 200
201 202
201 203
201 204
202 200
202 201
202 203
202 204
202 205
203 201
203 202
203 204
203 205
203 206
204 201
204 202
204 203
204 205
204 206
205 202
205 203
205 204
205 206
205 207
206 203
206 204
206 205
206 207
206 208
207 205
207 206
207 208
207 209
208 206
208 207
208 209
208 210
209 207
209 208
209 210
209 211
210 208
210 209
210 211
210 212
210 213
211 209
211 210
211 212
211 213
211 214
212 210
212 211
212 213
212 214
212 215
213 210
213 211
213 212
213 214
213 215
213 216
213 217
214 211
214 212
214 213
214 215
214 216
214 217
214 218
215 212
215 213
215 214
215 216
215 217
215 218
216 213
216 214
216 215
216 217
216 218
216 219
216 220
217 213
217 214
217 215
217 216
217 218
217 219
217 220
217 221
218 214
218 215
218 216
218 217
218 219
218 220
218 221
219 216
219 217
219 218
219 220
219 221
219 222
220 216
220 217
220 218
220 219
220 221
220 222
220 223
221 217
221 218
221 219
221 220
221 222
221 223
221 224
222 219
222 220
222 221
222 223
222 224
222 225
223 220
223 221
223 222
223 224
223 225
223 226
224 221
224 222
224 223
224 225
224 226
224 227
225 222
225 223
225 224
225 226
225 227
225 228
226 223
226 224
226 225
226 227
226 228
226 229
227 224
227 225
227 226
227 228
227 229
228 225
228 226
228 227
228 229
228 230
229 226
229 227
229 228
229 230
229 231
229 232
230 228
230 229
230 231
230 232
230 233
231 229
231 230
231 232
231 233
231 234
232 229
232 230
232 231
232 233
232 234
232 235
233 230
233 231
233 232
233 234
233 235
233 236
234 231
234 232
234 233
234 235
234 236
234 237
235 232
235 233
235 234
235 236
235 237
235 238
236 233
236 234
236 235
236 237
236 238
236 239
237 234
237 235
237 236
237 238
237 239
237 240
238 235
238 236
238 237
238 239
238 240
238 241
239 236
239 237
239 238
239 240
239 241
239 242
239 521
240 237
240 238
240 239
240 241
240 242
240 243
241 238
241 239
241 240
241 242
241 243
241 244
242 239
242 240
242 241
242 243
242 244
242 245
243 240
243 241
243 242
243 244
243 245
243 246
243 247
243 248
244 241
244 242
244 243
244 245
244 246
244 247
244 248
244 249
244 304
244 305
245 242
245 243
245 244
245 246
245 247
245 248
245 249
245 304
245 305
245 306
245 307
245 374
246 243
246 244
246 245
246 247
246 248
246 249
246 250
246 304
246 305
247 243
247 244
247 245
247 246
247 248
247 249
247 250
248 243
248 244
248 245
248 246
248 247
248 249
248 250
248 251
249 244
249 245
249 246
249 247
249 248
249 250
249 251
249 252
249 422
250 246
250 247
250 248
250 249
250 251
250 252
250 253
250 254
251 248
251 249
251 250
251 252
251 253
251 254
252 249
252 250
252 251
252 253
252 254
252 255
252 441
253 250
253 251
253 252
253 254
253 255
253 256
254 250
254 251
254 252
254 253
254 255
254 256
254 257
255 252
255 253
255 254
255 256
255 257
255 258
256 253
256 254
256 255
256 257
256 258
256 259
256 260
257 254
257 255
257 256
257 258
257 259
257 260
258 255
258 256
258 257
258 259
258 260
258 261
259 256
259 257
259 258
259 260
259 261
259 262
259 263
260 256
260 257
260 258
260 259
260 261
260 262
260 263
261 258
261 259
261 260
261 262
261 263
261 264
262 259
262 260
262 261
262 263
262 264
262 265
263 259
263 260
263 261
263 262
263 264
263 265
263 266
263 267
263 268
264 261
264 262
264 263
264 265
264 266
264 267
264 268
264 269
265 262
265 263
265 264
265 266
265 267
265 268
265 269
265 270
265 271
266 263
266 264
266 265
266 267
266 268
266 269
266 270
266 271
266 272
267 263
267 264
267 265
267 266
267 268
267 269
267 270
267 271
267 272
267 273
268 263
268 264
268 265
268 266
268 267
268 269
268 270
268 271
268 272
268 273
268 274
269 264
269 265
269 266
269 267
269 268
269 270
269 271
269 272
269 273
269 274
269 275
270 265
270 266
270 267
270 268
270 269
270 271
270 272
270 273
270 274
270 275
270 276
271 265
271 266
271 267
271 268
271 269
271 270
271 272
271 273
271 274
271 275
271 276
271 277
272 266
272 267
272 268
272 269
272 270
272 271
272 273
272 274
272 275
272 276
272 277
272 278
273 267
273 268
273 269
273 270
273 271
273 272
273 274
273 275
273 276
273 277
273 278
273 279
274 268
274 269
274 270
274 271
274 272
274 273
274 275
274 276
274 277
274 278
274 279
274 280
275 269
275 270
275 271
275 272
275 273
275 274
275 276
275 277
275 278
275 279
275 280
275 281
276 270
276 271
276 272
276 273
276 274
276 275
276 277
276 278
276 279
276 280
276 281
276 282
277 271
277 272
277 273
277 274
277 275
277 276
277 278
277 279
277 280
277 281
277 282
277 283
278 272
278 273
278 274
278 275
278 276
278 277
278 279
278 280
278 281
278 282
278 283
278 284
278 302
279 273
279 274
279 275
279 276
279 277
279 278
279 280
279 281
279 282
279 283
279 284
279 285
279 302
280 274
280 275
280 276
280 277
280 278
280 279
280 281
280 282
280 283
280 284
280 285
280 286
281 275
281 276
281 277
281 278
281 279
281 280
281 282
281 283
281 284
281 285
281 286
282 276
282 277
282 278
282 279
282 280
282 281
282 283
282 284
282 285
282 286
282 287
282 288
282 301
282 302
283 277
283 278
283 279
283 280
283 281
283 282
283 284
283 285
283 286
283 287
283 288
284 278
284 279
284 280
284 281
284 282
284 283
284 285
284 286
284 287
284 288
284 289
284 290
285 279
285 280
285 281
285 282
285 283
285 284
285 286
285 287
285 288
285 289
285 290
285 299
285 300
286 280
286 281
286 282
286 283
286 284
286 285
286 287
286 288
286 289
286 290
286 291
286 299
286 300
286 301
287 282
287 283
287 284
287 285
287 286
287 288
287 289
287 290
287 291
287 292
288 282
288 283
288 284
288 285
288 286
288 287
288 289
288 290
288 291
288 292
288 293
288 299
289 284
289 285
289 286
289 287
289 288
289 290
289 291
289 292
289 293
289 294
289 295
289 296
289 297
289 298
289 299
289 300
290 284
290 285
290 286
290 287
290 288
290 289
290 291
290 292
290 293
290 294
290 295
290 299
291 286
291 287
291 288
291 289
291 290
291 292
291 293
291 294
291 295
292 287
292 288
292 289
292 290
292 291
292 293
292 294
292 295
292 296
293 288
293 289
293 290
293 291
293 292
293 294
293 295
293 296
293 297
294 289
294 290
294 291
294 292
294 293
294 295
294 296
294 297
295 289
295 290
295 291
295 292
295 293
295 294
295 296
295 297
295 298
295 299
296 289
296 292
296 293
296 294
296 295
296 297
296 298
296 299
297 289
297 293
297 294
297 295
297 296
297 298
297 299
297 300
297 400
297 401
297 402
297 403
297 404
298 289
298 295
298 296
298 297
298 299
298 300
298 301
298 362
298 363
298 366
298 370
298 402
299 285
299 286
299 288
299 289
299 290
299 295
299 296
299 297
299 298
299 300
299 301
299 302
299 371
299 373
299 402
299 404
300 285
300 286
300 289
300 297
300 298
300 299
300 301
300 302
300 303
300 306
300 372
300 373
300 375
300 376
300 377
300 378
300 402
300 403
300 404
300 405
301 282
301 286
301 298
301 299
301 300
301 302
301 303
301 304
301 305
301 306
301 307
301 308
301 371
301 372
301 373
301 374
301 375
301 376
301 377
302 278
302 279
302 282
302 299
302 300
302 301
302 303
302 304
302 305
302 306
302 307
302 372
302 373
302 374
302 375
302 377
303 300
303 301
303 302
303 304
303 305
303 306
303 307
303 308
303 373
303 374
303 375
303 376
303 377
303 421
303 422
303 423
304 244
304 245
304 246
304 301
304 302
304 303
304 305
304 306
304 307
304 308
304 373
304 374
304 421
304 422
305 244
305 245
305 246
305 301
305 302
305 303
305 304
305 306
305 307
305 308
305 372
305 373
305 374
305 375
305 376
305 377
305 422
306 245
306 300
306 301
306 302
306 303
306 304
306 305
306 307
306 308
306 309
306 372
306 373
306 374
306 375
306 376
306 377
306 378
306 422
306 423
306 424
306 511
307 245
307 301
307 302
307 303
307 304
307 305
307 306
307 308
307 309
307 310
307 373
307 374
307 375
307 376
307 377
307 378
307 422
307 423
307 424
307 425
307 508
307 511
307 512
307 515
308 301
308 303
308 304
308 305
308 306
308 307
308 309
308 310
308 311
308 374
308 375
308 376
308 377
308 378
308 379
308 418
308 421
308 422
308 423
308 424
308 425
308 426
308 508
309 306
309 307
309 308
309 310
309 311
309 355
309 358
309 376
309 377
309 378
309 379
309 380
309 381
309 418
309 421
309 422
309 423
309 424
309 425
309 426
309 427
309 444
309 508
310 307
310 308
310 309
310 311
310 312
310 313
310 377
310 378
310 379
310 380
310 381
310 382
310 405
310 406
310 407
310 417
310 418
310 421
310 422
310 423
310 424
310 425
310 426
310 427
310 428
310 444
311 308
311 309
311 310
311 312
311 313
311 314
311 315
311 316
311 317
311 351
311 352
311 355
311 378
311 379
311 380
311 381
311 382
311 406
311 425
311 426
311 427
311 428
311 429
311 444
311 447
312 310
312 311
312 313
312 314
312 315
312 316
312 317
312 351
312 379
312 380
312 381
312 382
312 383
312 384
312 407
312 414
312 426
312 427
312 428
312 429
312 430
312 433
312 446
312 447
313 310
313 311
313 312
313 314
313 315
313 316
313 317
313 318
313 319
313 349
313 351
313 379
313 380
313 381
313 382
313 383
313 384
313 389
313 392
313 406
313 408
313 427
313 428
313 429
314 311
314 312
314 313
314 315
314 316
314 317
314 318
314 319
314 320
314 322
314 323
314 348
314 349
314 350
314 351
314 381
314 382
314 427
314 428
314 429
314 430
314 447
315 311
315 312
315 313
315 314
315 316
315 317
315 318
315 319
315 348
315 349
315 350
315 351
315 352
315 380
315 427
315 428
315 429
315 430
315 446
315 447
315 448
315 449
316 311
316 312
316 313
316 314
316 315
316 317
316 318
316 319
316 346
316 347
316 348
316 349
316 350
316 351
316 352
316 353
316 354
316 355
316 380
316 392
316 396
316 427
316 428
316 429
316 447
317 311
317 312
317 313
317 314
317 315
317 316
317 318
317 319
317 320
317 345
317 346
317 347
317 348
317 349
317 350
317 351
317 352
317 392
317 395
317 396
318 313
318 314
318 315
318 316
318 317
318 319
318 320
318 321
318 322
318 323
318 346
318 347
318 348
318 349
318 350
318 351
318 352
318 429
318 449
319 313
319 314
319 315
319 316
319 317
319 318
319 320
319 321
319 322
319 323
319 324
319 346
319 347
319 348
319 349
320 314
320 317
320 318
320 319
320 321
320 322
320 323
320 324
320 325
320 326
320 349
321 318
321 319
321 320
321 322
321 323
321 324
321 325
321 326
321 327
321 334
321 337
322 314
322 318
322 319
322 320
322 321
322 323
322 324
322 325
322 326
322 327
322 328
322 333
322 334
322 335
322 337
322 338
323 314
323 318
323 319
323 320
323 321
323 322
323 324
323 325
323 326
323 327
323 328
323 329
323 330
323 331
323 334
324 319
324 320
324 321
324 322
324 323
324 325
324 326
324 327
324 328
324 329
324 330
324 334
325 320
325 321
325 322
325 323
325 324
325 326
325 327
325 328
325 329
325 330
325 331
325 332
325 333
325 334
325 335
325 337
325 338
326 320
326 321
326 322
326 323
326 324
326 325
326 327
326 328
326 329
326 330
326 331
326 332
326 333
326 334
326 335
326 337
327 321
327 322
327 323
327 324
327 325
327 326
327 328
327 329
327 330
327 331
327 334
328 322
328 323
328 324
328 325
328 326
328 327
328 329
328 330
328 331
328 333
328 334
329 323
329 324
329 325
329 326
329 327
329 328
329 330
329 331
329 332
329 333
329 334
330 323
330 324
330 325
330 326
330 327
330 328
330 329
330 331
330 332
330 333
330 334
330 335
331 323
331 325
331 326
331 327
331 328
331 329
331 330
331 332
331 333
331 334
331 335
331 336
331 337
331 384
331 385
331 410
331 411
332 325
332 326
332 329
332 330
332 331
332 333
332 334
332 335
332 336
332 337
332 338
332 385
333 322
333 325
333 326
333 328
333 329
333 330
333 331
333 332
333 334
333 335
333 336
333 337
333 338
333 339
334 321
334 322
334 323
334 324
334 325
334 326
334 327
334 328
334 329
334 330
334 331
334 332
334 333
334 335
334 336
334 337
334 338
334 339
334 384
334 385
334 388
335 322
335 325
335 326
335 330
335 331
335 332
335 333
335 334
335 336
335 337
335 338
335 339
335 340
335 341
335 384
335 385
335 386
335 387
335 388
336 331
336 332
336 333
336 334
336 335
336 337
336 338
336 339
336 340
336 341
336 342
336 387
336 388
337 321
337 322
337 325
337 326
337 331
337 332
337 333
337 334
337 335
337 336
337 338
337 339
337 340
337 341
337 342
337 388
338 322
338 325
338 332
338 333
338 334
338 335
338 336
338 337
338 339
338 340
338 341
338 342
338 343
338 344
338 387
338 388
338 389
338 390
338 391
338 392
339 333
339 334
339 335
339 336
339 337
339 338
339 340
339 341
339 342
339 343
339 344
339 387
339 388
339 389
339 390
339 391
340 335
340 336
340 337
340 338
340 339
340 341
340 342
340 343
340 344
340 391
341 335
341 336
341 337
341 338
341 339
341 340
341 342
341 343
341 344
341 345
341 346
341 388
341 390
341 391
342 336
342 337
342 338
342 339
342 340
342 341
342 343
342 344
342 345
342 346
342 387
342 388
342 389
342 390
342 391
342 392
342 393
342 394
342 395
343 338
343 339
343 340
343 341
343 342
343 344
343 345
343 346
343 390
343 391
343 392
343 393
343 394
343 395
344 338
344 339
344 340
344 341
344 342
344 343
344 345
344 346
344 347
344 391
344 392
344 394
344 395
345 317
345 341
345 342
345 343
345 344
345 346
345 347
345 348
345 391
345 392
345 393
345 394
345 395
345 396
345 397
345 398
345 399
346 316
346 317
346 318
346 319
346 341
346 342
346 343
346 344
346 345
346 347
346 348
346 349
346 391
346 392
346 394
346 395
346 396
346 398
346 399
347 316
347 317
347 318
347 319
347 344
347 345
347 346
347 348
347 349
347 352
347 395
347 399
348 314
348 315
348 316
348 317
348 318
348 319
348 345
348 346
348 347
348 349
348 350
348 351
348 352
348 353
348 395
348 399
348 452
349 313
349 314
349 315
349 316
349 317
349 318
349 319
349 320
349 346
349 347
349 348
349 350
349 351
349 352
349 353
349 429
349 447
349 448
349 449
349 450
349 452
350 314
350 315
350 316
350 317
350 318
350 348
350 349
350 351
350 352
350 353
350 354
350 355
350 428
350 429
350 447
350 448
350 449
350 450
350 451
350 452
350 579
350 580
350 597
350 598
350 599
350 600
351 311
351 312
351 313
351 314
351 315
351 316
351 317
351 318
351 348
351 349
351 350
351 352
351 353
351 354
351 355
351 356
351 427
351 428
351 429
351 447
351 448
351 449
351 450
351 579
351 580
351 598
351 599
351 600
352 311
352 315
352 316
352 317
352 318
352 347
352 348
352 349
352 350
352 351
352 353
352 354
352 355
352 356
352 357
352 358
352 399
352 401
352 579
353 316
353 348
353 349
353 350
353 351
353 352
353 354
353 355
353 356
353 357
353 358
353 359
353 456
353 457
353 458
353 461
353 578
353 579
353 580
353 598
354 316
354 350
354 351
354 352
354 353
354 355
354 356
354 357
354 358
354 359
354 360
354 456
354 458
354 460
354 461
354 462
354 463
354 578
354 579
354 580
354 598
355 309
355 311
355 316
355 350
355 351
355 352
355 353
355 354
355 356
355 357
355 358
355 359
355 360
355 361
355 376
355 378
355 401
355 402
355 403
355 461
355 579
356 351
356 352
356 353
356 354
356 355
356 357
356 358
356 359
356 360
356 361
356 362
356 399
356 400
356 401
356 402
356 458
356 459
356 460
356 461
356 579
357 352
357 353
357 354
357 355
357 356
357 358
357 359
357 360
357 361
357 362
357 363
357 456
357 457
357 458
357 459
357 460
357 461
357 462
357 529
357 530
357 579
358 309
358 352
358 353
358 354
358 355
358 356
358 357
358 359
358 360
358 361
358 362
358 363
358 375
358 376
358 377
358 378
358 402
358 460
358 461
358 462
358 529
358 530
358 579
359 353
359 354
359 355
359 356
359 357
359 358
359 360
359 361
359 362
359 363
359 364
359 365
359 375
359 376
359 377
359 378
359 401
359 402
359 403
359 461
360 354
360 355
360 356
360 357
360 358
360 359
360 361
360 362
360 363
360 364
360 365
360 458
360 459
360 460
360 461
360 529
360 530
361 355
361 356
361 357
361 358
361 359
361 360
361 362
361 363
361 364
361 365
361 366
361 367
361 375
361 376
361 459
361 460
361 461
361 515
361 516
361 528
361 529
361 530
362 298
362 356
362 357
362 358
362 359
362 360
362 361
362 363
362 364
362 365
362 366
362 367
362 372
362 373
362 374
362 375
362 376
362 377
362 515
362 529
363 298
363 357
363 358
363 359
363 360
363 361
363 362
363 364
363 365
363 366
363 367
363 368
363 369
363 370
363 375
363 529
364 359
364 360
364 361
364 362
364 363
364 365
364 366
364 367
364 368
364 369
364 370
364 459
364 519
364 528
364 529
365 359
365 360
365 361
365 362
365 363
365 364
365 366
365 367
365 368
365 369
365 370
365 371
365 372
365 373
365 374
365 375
365 515
365 516
365 518
365 519
365 528
365 529
366 298
366 361
366 362
366 363
366 364
366 365
366 367
366 368
366 369
366 370
366 371
366 372
366 373
366 375
367 361
367 362
367 363
367 364
367 365
367 366
367 368
367 369
367 370
367 371
367 372
368 363
368 364
368 365
368 366
368 367
368 369
368 370
368 371
368 372
368 518
368 519
368 522
368 524
369 363
369 364
369 365
369 366
369 367
369 368
369 370
369 371
369 372
369 373
369 518
369 519
369 522
370 298
370 363
370 364
370 365
370 366
370 367
370 368
370 369
370 371
370 372
370 373
371 299
371 301
371 365
371 366
371 367
371 368
371 369
371 370
371 372
371 373
371 374
372 300
372 301
372 302
372 305
372 306
372 362
372 365
372 366
372 367
372 368
372 369
372 370
372 371
372 373
372 374
372 375
373 299
373 300
373 301
373 302
373 303
373 304
373 305
373 306
373 307
373 362
373 365
373 366
373 369
373 370
373 371
373 372
373 374
373 375
373 376
373 377
374 245
374 301
374 302
374 303
374 304
374 305
374 306
374 307
374 308
374 362
374 365
374 371
374 372
374 373
374 375
374 376
374 377
374 511
374 514
374 515
374 518
375 300
375 301
375 302
375 303
375 305
375 306
375 307
375 308
375 358
375 359
375 361
375 362
375 363
375 365
375 366
375 372
375 373
375 374
375 376
375 377
375 378
375 511
375 515
376 300
376 301
376 303
376 305
376 306
376 307
376 308
376 309
376 355
376 358
376 359
376 361
376 362
376 373
376 374
376 375
376 377
376 378
376 379
376 424
376 511
376 512
376 515
377 300
377 301
377 302
377 303
377 305
377 306
377 307
377 308
377 309
377 310
377 358
377 359
377 362
377 373
377 374
377 375
377 376
377 378
377 379
377 402
377 403
377 404
377 405
377 423
377 424
378 300
378 306
378 307
378 308
378 309
378 310
378 311
378 355
378 358
378 359
378 375
378 376
378 377
378 379
378 380
378 381
378 401
378 402
378 403
378 404
378 405
378 406
378 423
378 425
379 308
379 309
379 310
379 311
379 312
379 313
379 376
379 377
379 378
379 380
379 381
379 382
379 402
379 403
379 404
379 405
379 406
379 407
379 418
379 421
379 423
379 426
380 309
380 310
380 311
380 312
380 313
380 315
380 316
380 378
380 379
380 381
380 382
380 392
380 393
380 396
380 403
380 404
380 405
380 406
380 407
380 408
380 427
381 309
381 310
381 311
381 312
381 313
381 314
381 378
381 379
381 380
381 382
381 383
381 384
381 405
381 406
381 407
381 408
381 409
381 414
381 415
381 417
381 418
381 421
381 426
381 427
381 428
382 310
382 311
382 312
382 313
382 314
382 379
382 380
382 381
382 383
382 384
382 385
382 386
382 389
382 406
382 407
382 408
382 409
382 410
382 411
382 412
382 413
382 414
382 428
383 312
383 313
383 381
383 382
383 384
383 385
383 386
383 407
383 408
383 409
383 410
383 411
383 412
383 413
383 414
384 312
384 313
384 331
384 334
384 335
384 381
384 382
384 383
384 385
384 386
384 387
384 388
384 389
384 407
384 408
384 409
384 410
384 411
384 412
385 331
385 332
385 334
385 335
385 382
385 383
385 384
385 386
385 387
385 388
385 389
385 407
385 408
385 409
385 410
385 411
385 412
386 335
386 382
386 383
386 384
386 385
386 387
386 388
386 389
386 390
386 406
386 407
386 408
386 409
386 410
386 411
387 335
387 336
387 338
387 339
387 342
387 384
387 385
387 386
387 388
387 389
387 390
387 391
387 392
387 408
387 410
388 334
388 335
388 336
388 337
388 338
388 339
388 341
388 342
388 384
388 385
388 386
388 387
388 389
388 390
388 391
388 392
388 393
388 408
388 410
389 313
389 338
389 339
389 342
389 382
389 384
389 385
389 386
389 387
389 388
389 390
389 391
389 392
389 393
389 394
389 395
389 406
389 407
389 408
390 338
390 339
390 341
390 342
390 343
390 386
390 387
390 388
390 389
390 391
390 392
390 393
390 394
390 395
390 396
391 338
391 339
391 340
391 341
391 342
391 343
391 344
391 345
391 346
391 387
391 388
391 389
391 390
391 392
391 393
391 394
391 395
391 396
391 397
392 313
392 316
392 317
392 338
392 342
392 343
392 344
392 345
392 346
392 380
392 387
392 388
392 389
392 390
392 391
392 393
392 394
392 395
392 396
392 397
392 398
392 406
393 342
393 343
393 345
393 380
393 388
393 389
393 390
393 391
393 392
393 394
393 395
393 396
393 397
393 398
393 401
393 403
393 404
393 406
394 342
394 343
394 344
394 345
394 346
394 389
394 390
394 391
394 392
394 393
394 395
394 396
394 397
394 398
394 399
394 400
395 317
395 342
395 343
395 344
395 345
395 346
395 347
395 348
395 389
395 390
395 391
395 392
395 393
395 394
395 396
395 397
395 398
395 399
395 400
395 401
396 316
396 317
396 345
396 346
396 380
396 390
396 391
396 392
396 393
396 394
396 395
396 397
396 398
396 399
396 400
396 401
396 402
396 403
396 404
397 345
397 391
397 392
397 393
397 394
397 395
397 396
397 398
397 399
397 400
397 401
397 402
397 403
397 404
398 345
398 346
398 392
398 393
398 394
398 395
398 396
398 397
398 399
398 400
398 401
399 345
399 346
399 347
399 348
399 352
399 356
399 394
399 395
399 396
399 397
399 398
399 400
399 401
399 402
400 297
400 356
400 394
400 395
400 396
400 397
400 398
400 399
400 401
400 402
400 403
401 297
401 352
401 355
401 356
401 359
401 378
401 393
401 395
401 396
401 397
401 398
401 399
401 400
401 402
401 403
401 404
402 297
402 298
402 299
402 300
402 355
402 356
402 358
402 359
402 377
402 378
402 379
402 396
402 397
402 399
402 400
402 401
402 403
402 404
402 405
403 297
403 300
403 355
403 359
403 377
403 378
403 379
403 380
403 393
403 396
403 397
403 400
403 401
403 402
403 404
403 405
403 406
404 297
404 299
404 300
404 377
404 378
404 379
404 380
404 393
404 396
404 397
404 401
404 402
404 403
404 405
404 406
405 300
405 310
405 377
405 378
405 379
405 380
405 381
405 402
405 403
405 404
405 406
405 407
405 421
406 310
406 311
406 313
406 378
406 379
406 380
406 381
406 382
406 386
406 389
406 392
406 393
406 403
406 404
406 405
406 407
406 408
406 409
407 310
407 312
407 379
407 380
407 381
407 382
407 383
407 384
407 385
407 386
407 389
407 405
407 406
407 408
407 409
407 410
407 414
407 417
407 418
407 421
408 313
408 380
408 381
408 382
408 383
408 384
408 385
408 386
408 387
408 388
408 389
408 406
408 407
408 409
408 410
408 411
408 412
408 414
409 381
409 382
409 383
409 384
409 385
409 386
409 406
409 407
409 408
409 410
409 411
409 412
409 413
409 414
409 417
410 331
410 382
410 383
410 384
410 385
410 386
410 387
410 388
410 407
410 408
410 409
410 411
410 412
410 413
410 414
411 331
411 382
411 383
411 384
411 385
411 386
411 408
411 409
411 410
411 412
411 413
411 414
412 382
412 383
412 384
412 385
412 408
412 409
412 410
412 411
412 413
412 414
412 415
412 416
413 382
413 383
413 409
413 410
413 411
413 412
413 414
413 415
413 416
413 417
413 418
413 433
413 436
414 312
414 381
414 382
414 383
414 407
414 408
414 409
414 410
414 411
414 412
414 413
414 415
414 416
414 417
414 418
414 419
414 433
414 436
414 437
415 381
415 412
415 413
415 414
415 416
415 417
415 418
415 419
415 420
415 421
415 423
415 426
415 433
415 434
415 436
415 437
415 438
415 439
415 440
415 442
416 412
416 413
416 414
416 415
416 417
416 418
416 419
416 420
416 421
416 437
416 440
417 310
417 381
417 407
417 409
417 413
417 414
417 415
417 416
417 418
417 419
417 420
417 421
417 422
417 423
418 308
418 309
418 310
418 379
418 381
418 407
418 413
418 414
418 415
418 416
418 417
418 419
418 420
418 421
418 422
418 423
418 424
418 425
418 426
418 437
418 440
418 442
419 414
419 415
419 416
419 417
419 418
419 420
419 421
419 422
419 423
419 424
419 437
419 440
419 441
419 442
420 415
420 416
420 417
420 418
420 419
420 421
420 422
420 423
421 303
421 304
421 308
421 309
421 310
421 379
421 381
421 405
421 407
421 415
421 416
421 417
421 418
421 419
421 420
421 422
421 423
421 424
422 249
422 303
422 304
422 305
422 306
422 307
422 308
422 309
422 310
422 417
422 418
422 419
422 420
422 421
422 423
422 424
422 425
422 442
423 303
423 306
423 307
423 308
423 309
423 310
423 377
423 378
423 379
423 415
423 417
423 418
423 419
423 420
423 421
423 422
423 424
423 425
423 426
423 442
423 443
423 444
424 306
424 307
424 308
424 309
424 310
424 376
424 377
424 418
424 419
424 421
424 422
424 423
424 425
424 426
424 442
424 443
424 444
424 505
424 507
424 508
424 511
425 307
425 308
425 309
425 310
425 311
425 378
425 418
425 422
425 423
425 424
425 426
425 427
425 437
425 442
425 443
425 444
425 445
425 504
425 505
425 507
425 508
426 308
426 309
426 310
426 311
426 312
426 379
426 381
426 415
426 418
426 423
426 424
426 425
426 427
426 428
426 433
426 434
426 437
426 438
426 442
426 443
426 444
426 445
426 446
427 309
427 310
427 311
427 312
427 313
427 314
427 315
427 316
427 351
427 380
427 381
427 425
427 426
427 428
427 429
427 430
427 431
427 433
427 434
427 437
427 443
427 444
427 445
427 446
427 447
427 600
427 601
427 602
428 310
428 311
428 312
428 313
428 314
428 315
428 316
428 350
428 351
428 381
428 382
428 426
428 427
428 429
428 430
428 431
428 432
428 433
428 434
428 444
428 445
428 446
428 447
428 448
428 600
428 601
429 311
429 312
429 313
429 314
429 315
429 316
429 318
429 349
429 350
429 351
429 427
429 428
429 430
429 431
429 432
429 433
429 434
429 445
429 446
429 447
429 448
429 449
429 600
429 601
430 312
430 314
430 315
430 427
430 428
430 429
430 431
430 432
430 433
430 434
430 435
430 445
430 446
430 447
430 448
431 427
431 428
431 429
431 430
431 432
431 433
431 434
431 435
431 436
431 437
431 444
431 445
431 446
431 447
431 601
431 602
431 603
432 428
432 429
432 430
432 431
432 433
432 434
432 435
432 436
432 437
432 438
432 446
433 312
433 413
433 414
433 415
433 426
433 427
433 428
433 429
433 430
433 431
433 432
433 434
433 435
433 436
433 437
433 438
433 444
433 445
433 446
434 415
434 426
434 427
434 428
434 429
434 430
434 431
434 432
434 433
434 435
434 436
434 437
434 438
434 439
434 440
434 442
434 443
434 444
434 445
434 446
434 447
434 601
434 602
434 603
435 430
435 431
435 432
435 433
435 434
435 436
435 437
435 438
435 439
435 440
435 441
435 442
435 443
435 444
435 445
435 446
435 602
435 603
435 604
435 605
436 413
436 414
436 415
436 431
436 432
436 433
436 434
436 435
436 437
436 438
436 439
436 440
436 441
436 442
436 444
437 414
437 415
437 416
437 418
437 419
437 425
437 426
437 427
437 431
437 432
437 433
437 434
437 435
437 436
437 438
437 439
437 440
437 441
437 442
437 443
437 444
437 445
438 415
438 426
438 432
438 433
438 434
438 435
438 436
438 437
438 439
438 440
438 441
438 442
438 443
438 444
438 445
438 504
438 602
438 603
438 604
438 605
439 415
439 434
439 435
439 436
439 437
439 438
439 440
439 441
439 442
439 443
439 444
439 603
439 604
439 605
439 606
440 415
440 416
440 418
440 419
440 434
440 435
440 436
440 437
440 438
440 439
440 441
440 442
440 443
441 252
441 419
441 435
441 436
441 437
441 438
441 439
441 440
441 442
441 443
441 444
441 504
441 604
442 415
442 418
442 419
442 422
442 423
442 424
442 425
442 426
442 434
442 435
442 436
442 437
442 438
442 439
442 440
442 441
442 443
442 444
442 445
442 504
442 505
442 507
443 423
443 424
443 425
443 426
443 427
443 434
443 435
443 437
443 438
443 439
443 440
443 441
443 442
443 444
443 445
443 470
443 503
443 504
443 505
443 506
443 507
443 508
443 602
443 603
443 604
444 309
444 310
444 311
444 423
444 424
444 425
444 426
444 427
444 428
444 431
444 433
444 434
444 435
444 436
444 437
444 438
444 439
444 441
444 442
444 443
444 445
444 446
444 447
444 504
444 505
444 508
444 582
444 600
444 601
444 602
444 603
444 604
445 425
445 426
445 427
445 428
445 429
445 430
445 431
445 433
445 434
445 435
445 437
445 438
445 442
445 443
445 444
445 446
445 447
445 448
445 505
445 580
445 581
445 582
445 583
445 584
445 599
445 600
445 601
445 602
445 603
446 312
446 315
446 426
446 427
446 428
446 429
446 430
446 431
446 432
446 433
446 434
446 435
446 444
446 445
446 447
446 448
446 582
446 599
446 600
446 601
446 602
446 603
447 311
447 312
447 314
447 315
447 316
447 349
447 350
447 351
447 427
447 428
447 429
447 430
447 431
447 434
447 444
447 445
447 446
447 448
447 449
447 450
447 580
447 581
447 582
447 589
447 598
447 599
447 600
447 601
447 602
448 315
448 349
448 350
448 351
448 428
448 429
448 430
448 445
448 446
448 447
448 449
448 450
448 580
448 589
448 590
448 592
448 593
448 597
448 598
448 599
448 600
448 601
449 315
449 318
449 349
449 350
449 351
449 429
449 447
449 448
449 450
449 451
449 452
449 590
449 593
449 594
449 596
449 597
449 598
449 599
449 600
450 349
450 350
450 351
450 447
450 448
450 449
450 451
450 452
450 453
450 454
450 589
450 590
450 592
450 593
450 594
450 595
450 596
450 597
450 598
450 599
451 350
451 449
451 450
451 452
451 453
451 454
451 455
451 592
451 593
451 594
451 595
451 596
451 597
451 598
452 348
452 349
452 350
452 449
452 450
452 451
452 453
452 454
452 455
452 596
452 597
452 598
453 450
453 451
453 452
453 454
453 455
453 456
453 596
454 450
454 451
454 452
454 453
454 455
454 456
454 574
454 577
454 595
454 596
454 597
454 598
455 451
455 452
455 453
455 454
455 456
455 457
455 458
455 577
456 353
456 354
456 357
456 453
456 454
456 455
456 457
456 458
456 459
456 460
456 461
456 462
456 576
456 577
456 578
456 579
456 597
457 353
457 357
457 455
457 456
457 458
457 459
457 460
457 461
457 462
457 529
457 576
457 577
457 578
457 579
458 353
458 354
458 356
458 357
458 360
458 455
458 456
458 457
458 459
458 460
458 461
458 462
458 529
458 579
459 356
459 357
459 360
459 361
459 364
459 456
459 457
459 458
459 460
459 461
459 462
459 527
459 528
459 529
459 530
460 354
460 356
460 357
460 358
460 360
460 361
460 456
460 457
460 458
460 459
460 461
460 462
460 463
460 527
460 528
460 529
460 530
460 531
460 578
460 579
461 353
461 354
461 355
461 356
461 357
461 358
461 359
461 360
461 361
461 456
461 457
461 458
461 459
461 460
461 462
461 463
461 512
461 528
461 529
461 530
461 531
461 532
461 578
461 579
461 580
462 354
462 357
462 358
462 456
462 457
462 458
462 459
462 460
462 461
462 463
462 464
462 529
462 530
462 531
462 532
462 533
462 576
462 577
462 578
462 579
462 580
462 581
463 354
463 460
463 461
463 462
463 464
463 465
463 509
463 512
463 530
463 531
463 532
463 533
463 534
463 576
463 577
463 578
463 579
463 580
463 581
463 582
464 462
464 463
464 465
464 466
464 531
464 532
464 533
464 534
464 535
464 536
464 558
464 560
464 561
464 573
464 576
464 577
464 578
464 579
464 580
464 581
464 582
464 583
464 599
464 600
465 463
465 464
465 466
465 467
465 468
465 470
465 471
465 505
465 506
465 509
465 532
465 533
465 534
465 535
465 536
465 558
465 561
465 578
465 580
465 581
465 582
465 583
465 584
465 599
465 600
466 464
466 465
466 467
466 468
466 469
466 470
466 471
466 472
466 505
466 533
466 534
466 535
466 536
466 537
466 538
466 561
466 562
466 563
466 569
466 581
466 582
466 583
466 584
466 585
467 465
467 466
467 468
467 469
467 470
467 471
467 472
467 473
467 474
467 500
467 502
467 503
467 505
467 506
467 534
467 535
467 536
467 537
467 538
467 544
467 547
467 561
467 563
467 582
467 583
467 584
468 465
468 466
468 467
468 469
468 470
468 471
468 472
468 473
468 474
468 475
468 476
468 477
468 500
468 501
468 502
468 503
468 536
468 537
468 538
468 547
468 583
468 584
469 466
469 467
469 468
469 470
469 471
469 472
469 473
469 474
469 475
469 476
469 477
469 501
469 502
469 503
469 504
469 505
469 583
469 584
469 585
469 602
469 603
469 604
469 605
470 443
470 465
470 466
470 467
470 468
470 469
470 471
470 472
470 473
470 474
470 502
470 503
470 504
470 505
470 506
470 582
470 583
470 584
470 601
470 602
470 603
470 604
471 465
471 466
471 467
471 468
471 469
471 470
471 472
471 473
471 474
471 500
471 501
471 502
471 503
471 504
471 505
471 506
471 507
471 508
471 509
471 534
471 547
471 551
471 582
471 583
472 466
472 467
472 468
472 469
472 470
472 471
472 473
472 474
472 475
472 476
472 499
472 500
472 501
472 502
472 503
472 504
472 505
472 506
472 547
472 550
472 551
473 467
473 468
473 469
473 470
473 471
473 472
473 474
473 475
473 476
473 477
473 478
473 500
473 501
473 502
473 503
473 504
473 506
473 604
473 605
474 467
474 468
474 469
474 470
474 471
474 472
474 473
474 475
474 476
474 477
474 478
474 479
474 480
474 500
474 501
474 502
474 503
474 584
474 604
474 605
474 606
475 468
475 469
475 472
475 473
475 474
475 476
475 477
475 478
475 479
475 480
475 481
475 500
475 501
476 468
476 469
476 472
476 473
476 474
476 475
476 477
476 478
476 479
476 480
476 481
476 485
476 488
476 491
476 492
476 500
476 501
477 468
477 469
477 473
477 474
477 475
477 476
477 478
477 479
477 480
477 481
477 482
477 483
477 484
477 485
477 488
478 473
478 474
478 475
478 476
478 477
478 479
478 480
478 481
478 482
478 483
478 484
478 488
479 474
479 475
479 476
479 477
479 478
479 480
479 481
479 482
479 483
479 484
479 485
479 487
479 488
479 491
480 474
480 475
480 476
480 477
480 478
480 479
480 481
480 482
480 483
480 484
480 485
480 486
480 487
480 488
480 489
480 491
481 475
481 476
481 477
481 478
481 479
481 480
481 482
481 483
481 484
481 485
481 488
482 477
482 478
482 479
482 480
482 481
482 483
482 484
482 485
482 487
482 488
483 477
483 478
483 479
483 480
483 481
483 482
483 484
483 485
483 486
483 487
483 488
483 491
484 477
484 478
484 479
484 480
484 481
484 482
484 483
484 485
484 486
484 487
484 488
484 489
485 476
485 477
485 479
485 480
485 481
485 482
485 483
485 484
485 486
485 487
485 488
485 489
485 490
485 491
486 82
486 480
486 483
486 484
486 485
486 487
486 488
486 489
486 490
486 491
487 479
487 480
487 482
487 483
487 484
487 485
487 486
487 488
487 489
487 490
487 491
487 492
487 493
488 476
488 477
488 478
488 479
488 480
488 481
488 482
488 483
488 484
488 485
488 486
488 487
488 489
488 490
488 491
488 492
488 493
488 494
488 542
488 543
489 480
489 484
489 485
489 486
489 487
489 488
489 490
489 491
489 492
489 493
489 494
489 495
489 539
489 541
489 542
489 543
490 485
490 486
490 487
490 488
490 489
490 491
490 492
490 493
490 494
490 495
490 496
490 542
490 543
491 476
491 479
491 480
491 483
491 485
491 486
491 487
491 488
491 489
491 490
491 492
491 493
491 494
491 495
491 496
491 542
491 543
492 476
492 487
492 488
492 489
492 490
492 491
492 493
492 494
492 495
492 496
492 497
492 498
492 500
492 542
492 543
492 544
492 545
492 546
492 547
493 487
493 488
493 489
493 490
493 491
493 492
493 494
493 495
493 496
493 497
493 498
493 541
493 542
493 543
493 544
493 545
493 546
494 488
494 489
494 490
494 491
494 492
494 493
494 495
494 496
494 497
494 498
494 546
495 489
495 490
495 491
495 492
495 493
495 494
495 496
495 497
495 498
495 499
495 500
495 543
495 546
496 490
496 491
496 492
496 493
496 494
496 495
496 497
496 498
496 499
496 500
496 542
496 543
496 544
496 545
496 546
496 547
496 548
496 549
496 550
497 492
497 493
497 494
497 495
497 496
497 498
497 499
497 500
497 545
497 546
497 547
497 549
497 550
497 553
498 492
498 493
498 494
498 495
498 496
498 497
498 499
498 500
498 501
498 546
498 547
498 549
498 550
498 553
499 472
499 495
499 496
499 497
499 498
499 500
499 501
499 502
499 546
499 547
499 548
499 549
499 550
499 551
499 552
499 553
499 554
500 467
500 468
500 471
500 472
500 473
500 474
500 475
500 476
500 492
500 495
500 496
500 497
500 498
500 499
500 501
500 502
500 503
500 546
500 547
500 549
500 550
500 551
501 468
501 469
501 471
501 472
501 473
501 474
501 475
501 476
501 498
501 499
501 500
501 502
501 503
501 506
501 550
502 467
502 468
502 469
502 470
502 471
502 472
502 473
502 474
502 499
502 500
502 501
502 503
502 504
502 505
502 506
502 507
502 550
502 554
503 443
503 467
503 468
503 469
503 470
503 471
503 472
503 473
503 474
503 500
503 501
503 502
503 504
503 505
503 506
503 507
503 604
504 425
504 438
504 441
504 442
504 443
504 444
504 469
504 470
504 471
504 472
504 473
504 502
504 503
504 505
504 506
504 507
504 508
504 509
504 602
504 603
504 604
505 424
505 425
505 442
505 443
505 444
505 445
505 465
505 466
505 467
505 469
505 470
505 471
505 472
505 502
505 503
505 504
505 506
505 507
505 508
505 509
505 510
505 511
505 582
505 602
506 443
506 465
506 467
506 470
506 471
506 472
506 473
506 501
506 502
506 503
506 504
506 505
506 507
506 508
506 509
506 510
506 511
506 512
506 551
506 554
506 556
507 424
507 425
507 442
507 443
507 471
507 502
507 503
507 504
507 505
507 506
507 508
507 509
507 510
507 511
507 512
507 513
508 307
508 308
508 309
508 424
508 425
508 443
508 444
508 471
508 504
508 505
508 506
508 507
508 509
508 510
508 511
508 512
508 513
508 514
509 463
509 465
509 471
509 504
509 505
509 506
509 507
509 508
509 510
509 511
509 512
509 513
509 514
509 515
509 532
509 551
509 556
509 557
509 558
510 505
510 506
510 507
510 508
510 509
510 511
510 512
510 513
510 514
510 515
510 516
510 551
510 554
510 555
510 556
510 557
511 306
511 307
511 374
511 375
511 376
511 424
511 505
511 506
511 507
511 508
511 509
511 510
511 512
511 513
511 514
511 515
511 516
511 556
512 307
512 376
512 461
512 463
512 506
512 507
512 508
512 509
512 510
512 511
512 513
512 514
512 515
512 516
512 517
512 530
512 531
512 532
512 556
512 557
512 558
513 507
513 508
513 509
513 510
513 511
513 512
513 514
513 515
513 516
513 517
513 518
513 530
513 531
513 532
513 554
513 555
513 556
513 557
513 558
514 374
514 508
514 509
514 510
514 511
514 512
514 513
514 515
514 516
514 517
514 518
514 519
514 555
514 556
515 307
515 361
515 362
515 365
515 374
515 375
515 376
515 509
515 510
515 511
515 512
515 513
515 514
515 516
515 517
515 518
515 519
515 520
515 528
515 529
515 530
516 361
516 365
516 510
516 511
516 512
516 513
516 514
516 515
516 517
516 518
516 519
516 520
516 521
516 524
516 525
516 528
516 529
516 530
516 531
516 532
516 556
516 557
517 512
517 513
517 514
517 515
517 516
517 518
517 519
517 520
517 521
517 522
517 523
517 524
517 525
517 528
517 556
517 557
518 365
518 368
518 369
518 374
518 513
518 514
518 515
518 516
518 517
518 519
518 520
518 521
518 522
518 523
518 524
518 525
518 528
519 364
519 365
519 368
519 369
519 514
519 515
519 516
519 517
519 518
519 520
519 521
519 522
519 523
519 524
519 525
519 526
519 527
519 528
519 529
519 530
520 515
520 516
520 517
520 518
520 519
520 521
520 522
520 523
520 524
520 525
520 526
520 527
520 528
521 239
521 516
521 517
521 518
521 519
521 520
521 522
521 523
521 524
521 525
522 368
522 369
522 517
522 518
522 519
522 520
522 521
522 523
522 524
522 525
522 528
523 517
523 518
523 519
523 520
523 521
523 522
523 524
523 525
523 526
523 527
523 528
524 368
524 516
524 517
524 518
524 519
524 520
524 521
524 522
524 523
524 525
524 526
524 527
524 528
524 529
525 516
525 517
525 518
525 519
525 520
525 521
525 522
525 523
525 524
525 526
525 527
525 528
525 529
525 530
526 519
526 520
526 523
526 524
526 525
526 527
526 528
526 529
526 531
527 459
527 460
527 519
527 520
527 523
527 524
527 525
527 526
527 528
527 529
527 530
527 531
528 361
528 364
528 365
528 459
528 460
528 461
528 515
528 516
528 517
528 518
528 519
528 520
528 522
528 523
528 524
528 525
528 526
528 527
528 529
528 530
528 531
529 357
529 358
529 360
529 361
529 362
529 363
529 364
529 365
529 457
529 458
529 459
529 460
529 461
529 462
529 515
529 516
529 519
529 524
529 525
529 526
529 527
529 528
529 530
529 531
530 357
530 358
530 360
530 361
530 459
530 460
530 461
530 462
530 463
530 512
530 513
530 515
530 516
530 519
530 525
530 527
530 528
530 529
530 531
530 532
530 559
531 460
531 461
531 462
531 463
531 464
531 512
531 513
531 516
531 526
531 527
531 528
531 529
531 530
531 532
531 533
531 558
531 559
531 560
531 578
532 461
532 462
532 463
532 464
532 465
532 509
532 512
532 513
532 516
532 530
532 531
532 533
532 534
532 535
532 557
532 558
532 559
532 560
532 561
532 578
533 462
533 463
533 464
533 465
533 466
533 531
533 532
533 534
533 535
533 536
533 557
533 558
533 559
533 560
533 561
533 562
533 573
533 576
533 578
533 581
534 463
534 464
534 465
534 466
534 467
534 471
534 532
534 533
534 535
534 536
534 537
534 547
534 548
534 558
534 559
534 560
534 561
534 562
534 563
534 581
534 582
535 464
535 465
535 466
535 467
535 532
535 533
535 534
535 536
535 537
535 538
535 560
535 561
535 562
535 563
535 564
535 568
535 569
535 570
535 572
535 573
535 576
535 581
535 582
535 583
536 464
536 465
536 466
536 467
536 468
536 533
536 534
536 535
536 537
536 538
536 539
536 540
536 544
536 561
536 562
536 563
536 564
536 565
536 566
536 567
536 568
536 569
536 583
537 466
537 467
537 468
537 534
537 535
537 536
537 538
537 539
537 540
537 544
537 562
537 563
537 564
537 565
537 566
537 567
537 568
537 569
538 466
538 467
538 468
538 535
538 536
538 537
538 539
538 540
538 541
538 542
538 543
538 544
538 547
538 562
538 563
538 564
538 565
538 566
538 567
539 489
539 536
539 537
539 538
539 540
539 541
539 542
539 543
539 544
539 545
539 562
539 563
539 564
539 565
539 566
539 567
540 536
540 537
540 538
540 539
540 541
540 542
540 543
540 544
540 545
540 546
540 547
540 548
540 561
540 562
540 563
540 564
540 565
541 489
541 493
541 538
541 539
541 540
541 542
541 543
541 544
541 545
541 563
541 565
542 488
542 489
542 490
542 491
542 492
542 493
542 496
542 538
542 539
542 540
542 541
542 543
542 544
542 545
542 546
542 565
543 488
543 489
543 490
543 491
543 492
543 493
543 495
543 496
543 538
543 539
543 540
543 541
543 542
543 544
543 545
543 546
543 547
543 548
543 563
543 565
544 467
544 492
544 493
544 496
544 536
544 537
544 538
544 539
544 540
544 541
544 542
544 543
544 545
544 546
544 547
544 548
544 549
544 550
544 561
544 562
544 563
544 565
545 492
545 493
545 496
545 497
545 539
545 540
545 541
545 542
545 543
545 544
545 546
545 547
545 548
545 549
545 550
546 492
546 493
546 494
546 495
546 496
546 497
546 498
546 499
546 500
546 540
546 542
546 543
546 544
546 545
546 547
546 548
546 549
546 550
546 551
546 552
547 467
547 468
547 471
547 472
547 492
547 496
547 497
547 498
547 499
547 500
547 534
547 538
547 540
547 543
547 544
547 545
547 546
547 548
547 549
547 550
547 551
547 552
547 553
547 561
548 496
548 499
548 534
548 540
548 543
548 544
548 545
548 546
548 547
548 549
548 550
548 551
548 552
548 553
548 556
548 557
548 558
548 561
549 496
549 497
549 498
549 499
549 500
549 544
549 545
549 546
549 547
549 548
549 550
549 551
549 552
549 553
549 554
549 555
549 556
550 472
550 496
550 497
550 498
550 499
550 500
550 501
550 502
550 544
550 545
550 546
550 547
550 548
550 549
550 551
550 552
550 553
550 554
550 555
550 556
551 471
551 472
551 499
551 500
551 506
551 509
551 510
551 546
551 547
551 548
551 549
551 550
551 552
551 553
551 554
551 555
551 556
551 557
551 558
552 499
552 546
552 547
552 548
552 549
552 550
552 551
552 553
552 554
552 555
552 556
552 557
552 558
553 497
553 498
553 499
553 547
553 548
553 549
553 550
553 551
553 552
553 554
553 555
553 556
553 557
554 499
554 502
554 506
554 510
554 513
554 549
554 550
554 551
554 552
554 553
554 555
554 556
554 557
555 510
555 513
555 514
555 549
555 550
555 551
555 552
555 553
555 554
555 556
555 557
556 506
556 509
556 510
556 511
556 512
556 513
556 514
556 516
556 517
556 548
556 549
556 550
556 551
556 552
556 553
556 554
556 555
556 557
556 558
556 559
557 509
557 510
557 512
557 513
557 516
557 517
557 532
557 533
557 548
557 551
557 552
557 553
557 554
557 555
557 556
557 558
557 559
557 560
557 561
558 464
558 465
558 509
558 512
558 513
558 531
558 532
558 533
558 534
558 548
558 551
558 552
558 556
558 557
558 559
558 560
558 561
559 530
559 531
559 532
559 533
559 534
559 556
559 557
559 558
559 560
559 561
560 464
560 531
560 532
560 533
560 534
560 535
560 557
560 558
560 559
560 561
560 562
560 563
560 576
561 464
561 465
561 466
561 467
561 532
561 533
561 534
561 535
561 536
561 540
561 544
561 547
561 548
561 557
561 558
561 559
561 560
561 562
561 563
561 564
562 466
562 533
562 534
562 535
562 536
562 537
562 538
562 539
562 540
562 544
562 560
562 561
562 563
562 564
562 565
562 569
562 572
563 466
563 467
563 534
563 535
563 536
563 537
563 538
563 539
563 540
563 541
563 543
563 544
563 560
563 561
563 562
563 564
563 565
563 566
563 567
563 569
564 535
564 536
564 537
564 538
564 539
564 540
564 561
564 562
564 563
564 565
564 566
564 567
564 568
564 569
564 572
565 85
565 536
565 537
565 538
565 539
565 540
565 541
565 542
565 543
565 544
565 562
565 563
565 564
565 566
565 567
565 568
566 85
566 89
566 536
566 537
566 538
566 539
566 563
566 564
566 565
566 567
566 568
566 569
567 88
567 89
567 92
567 536
567 537
567 538
567 539
567 563
567 564
567 565
567 566
567 568
567 569
567 570
567 571
567 572
568 535
568 536
568 537
568 564
568 565
568 566
568 567
568 569
568 570
568 571
568 572
568 573
568 587
568 588
568 591
568 592
569 466
569 535
569 536
569 537
569 562
569 563
569 564
569 566
569 567
569 568
569 570
569 571
569 572
569 573
569 574
569 587
569 588
569 589
569 591
569 592
570 535
570 567
570 568
570 569
570 571
570 572
570 573
570 574
570 575
570 576
570 587
570 588
570 589
570 590
570 591
570 592
570 593
570 594
570 595
570 596
570 597
571 567
571 568
571 569
571 570
571 572
571 573
571 574
571 575
571 576
571 591
571 592
571 595
571 597
572 535
572 562
572 564
572 567
572 568
572 569
572 570
572 571
572 573
572 574
572 575
572 576
572 577
572 592
573 464
573 533
573 535
573 568
573 569
573 570
573 571
573 572
573 574
573 575
573 576
573 577
573 578
573 580
573 581
573 588
573 591
573 592
573 593
573 595
573 596
573 597
573 598
573 599
574 454
574 569
574 570
574 571
574 572
574 573
574 575
574 576
574 577
574 578
574 592
574 593
574 595
574 596
574 597
574 598
575 570
575 571
575 572
575 573
575 574
575 576
575 577
575 578
575 597
576 456
576 457
576 462
576 463
576 464
576 533
576 535
576 560
576 570
576 571
576 572
576 573
576 574
576 575
576 577
576 578
576 579
576 581
576 597
577 454
577 455
577 456
577 457
577 462
577 463
577 464
577 572
577 573
577 574
577 575
577 576
577 578
577 579
577 580
577 581
577 596
577 597
577 598
578 353
578 354
578 456
578 457
578 460
578 461
578 462
578 463
578 464
578 465
578 531
578 532
578 533
578 573
578 574
578 575
578 576
578 577
578 579
578 580
578 581
578 582
578 597
578 598
578 599
579 350
579 351
579 352
579 353
579 354
579 355
579 356
579 357
579 358
579 456
579 457
579 458
579 460
579 461
579 462
579 463
579 464
579 576
579 577
579 578
579 580
579 581
579 597
579 598
579 599
579 600
580 350
580 351
580 353
580 354
580 445
580 447
580 448
580 461
580 462
580 463
580 464
580 465
580 573
580 577
580 578
580 579
580 581
580 582
580 583
580 597
580 598
580 599
580 600
580 601
581 445
581 447
581 462
581 463
581 464
581 465
581 466
581 533
581 534
581 535
581 573
581 576
581 577
581 578
581 579
581 580
581 582
581 583
581 588
581 589
581 592
581 597
581 598
581 599
581 600
581 601
581 602
582 444
582 445
582 446
582 447
582 463
582 464
582 465
582 466
582 467
582 470
582 471
582 505
582 534
582 535
582 578
582 580
582 581
582 583
582 584
582 585
582 588
582 589
582 598
582 599
582 600
582 601
582 602
582 603
583 445
583 464
583 465
583 466
583 467
583 468
583 469
583 470
583 471
583 535
583 536
583 580
583 581
583 582
583 584
583 585
583 586
583 587
583 588
583 589
583 599
583 600
583 601
583 602
583 603
584 445
584 465
584 466
584 467
584 468
584 469
584 470
584 474
584 582
584 583
584 585
584 586
584 587
584 588
584 589
584 600
584 601
584 602
584 603
584 604
584 605
585 466
585 469
585 582
585 583
585 584
585 586
585 587
585 588
585 589
585 590
585 601
585 602
585 603
586 583
586 584
586 585
586 587
586 588
586 589
586 590
586 591
586 592
586 599
586 600
586 601
586 602
586 603
587 568
587 569
587 570
587 583
587 584
587 585
587 586
587 588
587 589
587 590
587 591
587 592
587 593
588 568
588 569
588 570
588 573
588 581
588 582
588 583
588 584
588 585
588 586
588 587
588 589
588 590
588 591
588 592
588 593
588 594
588 599
588 600
588 601
589 447
589 448
589 450
589 569
589 570
589 581
589 582
589 583
589 584
589 585
589 586
589 587
589 588
589 590
589 591
589 592
589 593
589 594
589 597
589 598
589 599
589 600
589 601
590 448
590 449
590 450
590 570
590 585
590 586
590 587
590 588
590 589
590 591
590 592
590 593
590 594
590 595
590 596
590 597
590 598
590 599
591 568
591 569
591 570
591 571
591 573
591 586
591 587
591 588
591 589
591 590
591 592
591 593
591 594
591 595
591 596
591 597
591 599
592 448
592 450
592 451
592 568
592 569
592 570
592 571
592 572
592 573
592 574
592 581
592 586
592 587
592 588
592 589
592 590
592 591
592 593
592 594
592 595
592 596
592 597
592 598
592 599
592 600
593 448
593 449
593 450
593 451
593 570
593 573
593 574
593 587
593 588
593 589
593 590
593 591
593 592
593 594
593 595
593 596
593 597
593 598
593 599
594 449
594 450
594 451
594 570
594 588
594 589
594 590
594 591
594 592
594 593
594 595
594 596
594 597
594 598
595 450
595 451
595 454
595 570
595 571
595 573
595 574
595 590
595 591
595 592
595 593
595 594
595 596
595 597
595 598
596 449
596 450
596 451
596 452
596 453
596 454
596 570
596 573
596 574
596 577
596 590
596 591
596 592
596 593
596 594
596 595
596 597
596 598
596 599
597 350
597 448
597 449
597 450
597 451
597 452
597 454
597 456
597 570
597 571
597 573
597 574
597 575
597 576
597 577
597 578
597 579
597 580
597 581
597 589
597 590
597 591
597 592
597 593
597 594
597 595
597 596
597 598
597 599
597 600
598 350
598 351
598 353
598 354
598 447
598 448
598 449
598 450
598 451
598 452
598 454
598 573
598 574
598 577
598 578
598 579
598 580
598 581
598 582
598 589
598 590
598 592
598 593
598 594
598 595
598 596
598 597
598 599
598 600
599 350
599 351
599 445
599 446
599 447
599 448
599 449
599 450
599 464
599 465
599 573
599 578
599 579
599 580
599 581
599 582
599 583
599 586
599 588
599 589
599 590
599 591
599 592
599 593
599 596
599 597
599 598
599 600
599 601
599 602
600 350
600 351
600 427
600 428
600 429
600 444
600 445
600 446
600 447
600 448
600 449
600 464
600 465
600 579
600 580
600 581
600 582
600 583
600 584
600 586
600 588
600 589
600 592
600 597
600 598
600 599
600 601
600 602
601 427
601 428
601 429
601 431
601 434
601 444
601 445
601 446
601 447
601 448
601 470
601 580
601 581
601 582
601 583
601 584
601 585
601 586
601 588
601 589
601 599
601 600
601 602
601 603
602 427
602 431
602 434
602 435
602 438
602 443
602 444
602 445
602 446
602 447
602 469
602 470
602 504
602 505
602 581
602 582
602 583
602 584
602 585
602 586
602 599
602 600
602 601
602 603
602 604
602 605
603 431
603 434
603 435
603 438
603 439
603 443
603 444
603 445
603 446
603 469
603 470
603 504
603 582
603 583
603 584
603 585
603 586
603 601
603 602
603 604
603 605
603 606
604 435
604 438
604 439
604 441
604 443
604 444
604 469
604 470
604 473
604 474
604 503
604 504
604 584
604 602
604 603
604 605
604 606
604 607
605 435
605 438
605 439
605 469
605 473
605 474
605 584
605 602
605 603
605 604
605 606
605 607
605 608
605 609
606 439
606 474
606 603
606 604
606 605
606 607
606 608
606 609
607 604
607 605
607 606
607 608
607 609
608 605
608 606
608 607
608 609
609 605
609 606
609 607
609 608
