0 1
0 2
1 0
1 2
1 3
2 0
2 1
2 3
2 4
3 1
3 2
3 4
3 5
4 2
4 3
4 5
4 6
5 3
5 4
5 6
5 7
6 4
6 5
6 7
6 8
7 5
7 6
7 8
7 9
8 6
8 7
8 9
8 10
9 7
9 8
9 10
9 11
10 8
10 9
10 11
10 12
11 9
11 10
11 12
11 13
11 14
12 10
12 11
12 13
12 14
12 15
13 11
13 12
13 14
13 15
13 16
14 11
14 12
14 13
14 15
14 16
14 17
15 12
15 13
15 14
15 16
15 17
15 18
16 13
16 14
16 15
16 17
16 18
16 19
17 14
17 15
17 16
17 18
17 19
17 20
18 15
18 16
18 17
18 19
18 20
18 21
19 16
19 17
19 18
19 20
19 21
19 22
20 17
20 18
20 19
20 21
20 22
20 23
21 18
21 19
21 20
21 22
21 23
21 24
22 19
22 20
22 21
22 23
22 24
22 25
23 20
23 21
23 22
23 24
23 25
23 26
24 21
24 22
24 23
24 25
24 26
24 27
24 28
25 22
25 23
25 24
25 26
25 27
25 28
25 29
25 30
26 23
26 24
26 25
26 27
26 28
26 29
26 30
26 31
27 24
27 25
27 26
27 28
27 29
27 30
27 31
27 32
27 33
27 104
28 24
28 25
28 26
28 27
28 29
28 30
28 31
28 32
28 33
29 25
29 26
29 27
29 28
29 30
29 31
29 32
29 33
29 34
29 35
30 25
30 26
30 27
30 28
30 29
30 31
30 32
30 33
30 34
30 35
30 36
31 26
31 27
31 28
31 29
31 30
31 32
31 33
31 34
31 35
31 36
31 37
31 103
31 104
32 27
32 28
32 29
32 30
32 31
32 33
32 34
32 35
32 36
32 37
32 38
33 27
33 28
33 29
33 30
33 31
33 32
33 34
33 35
33 36
33 37
33 38
33 39
34 29
34 30
34 31
34 32
34 33
34 35
34 36
34 37
34 38
34 39
34 40
34 103
34 109
34 113
35 29
35 30
35 31
35 32
35 33
35 34
35 36
35 37
35 38
35 39
35 40
35 41
35 207
35 208
36 30
36 31
36 32
36 33
36 34
36 35
36 37
36 38
36 39
36 40
36 41
36 42
36 43
36 207
36 208
37 31
37 32
37 33
37 34
37 35
37 36
37 38
37 39
37 40
37 41
37 42
37 43
37 113
38 32
38 33
38 34
38 35
38 36
38 37
38 39
38 40
38 41
38 42
38 43
38 44
38 109
38 112
38 113
38 116
38 117
38 207
39 33
39 34
39 35
39 36
39 37
39 38
39 40
39 41
39 42
39 43
39 44
39 45
39 46
39 203
39 204
39 207
39 208
40 34
40 35
40 36
40 37
40 38
40 39
40 41
40 42
40 43
40 44
40 45
40 46
40 47
40 204
41 35
41 36
41 37
41 38
41 39
41 40
41 42
41 43
41 44
41 45
41 46
41 47
41 113
42 36
42 37
42 38
42 39
42 40
42 41
42 43
42 44
42 45
42 46
42 47
42 48
42 113
42 116
42 117
42 120
42 200
42 203
42 204
43 36
43 37
43 38
43 39
43 40
43 41
43 42
43 44
43 45
43 46
43 47
43 48
43 49
43 200
43 201
43 203
43 204
44 38
44 39
44 40
44 41
44 42
44 43
44 45
44 46
44 47
44 48
44 49
44 50
45 39
45 40
45 41
45 42
45 43
45 44
45 46
45 47
45 48
45 49
45 50
45 51
45 120
46 39
46 40
46 41
46 42
46 43
46 44
46 45
46 47
46 48
46 49
46 50
46 51
46 52
46 120
46 124
46 196
46 197
46 199
46 200
46 203
47 40
47 41
47 42
47 43
47 44
47 45
47 46
47 48
47 49
47 50
47 51
47 52
47 53
47 197
47 200
48 42
48 43
48 44
48 45
48 46
48 47
48 49
48 50
48 51
48 52
48 53
49 43
49 44
49 45
49 46
49 47
49 48
49 50
49 51
49 52
49 53
49 54
49 55
49 124
49 196
50 44
50 45
50 46
50 47
50 48
50 49
50 51
50 52
50 53
50 54
50 55
50 196
50 197
50 200
51 45
51 46
51 47
51 48
51 49
51 50
51 52
51 53
51 54
51 55
51 56
52 46
52 47
52 48
52 49
52 50
52 51
52 53
52 54
52 55
52 56
52 57
53 47
53 48
53 49
53 50
53 51
53 52
53 54
53 55
53 56
53 57
53 58
53 196
54 49
54 50
54 51
54 52
54 53
54 55
54 56
54 57
54 58
54 196
55 49
55 50
55 51
55 52
55 53
55 54
55 56
55 57
55 58
55 59
56 51
56 52
56 53
56 54
56 55
56 57
56 58
56 59
56 60
57 52
57 53
57 54
57 55
57 56
57 58
57 59
57 60
57 61
58 53
58 54
58 55
58 56
58 57
58 59
58 60
58 61
58 62
59 55
59 56
59 57
59 58
59 60
59 61
59 62
59 63
60 56
60 57
60 58
60 59
60 61
60 62
60 63
61 57
61 58
61 59
61 60
61 62
61 63
61 64
61 65
62 58
62 59
62 60
62 61
62 63
62 64
62 65
62 66
63 59
63 60
63 61
63 62
63 64
63 65
63 66
63 67
64 61
64 62
64 63
64 65
64 66
64 67
65 61
65 62
65 63
65 64
65 66
65 67
65 68
65 69
66 62
66 63
66 64
66 65
66 67
66 68
66 69
66 70
67 63
67 64
67 65
67 66
67 68
67 69
67 70
68 65
68 66
68 67
68 69
68 70
68 71
69 65
69 66
69 67
69 68
69 70
69 71
69 72
70 66
70 67
70 68
70 69
70 71
70 72
71 68
71 69
71 70
71 72
71 73
71 74
72 69
72 70
72 71
72 73
72 74
72 75
73 71
73 72
73 74
73 75
73 76
74 71
74 72
74 73
74 75
74 76
74 77
75 72
75 73
75 74
75 76
75 77
75 78
76 73
76 74
76 75
76 77
76 78
76 79
77 74
77 75
77 76
77 78
77 79
77 80
78 75
78 76
78 77
78 79
78 80
78 81
79 76
79 77
79 78
79 80
79 81
79 82
79 83
80 77
80 78
80 79
80 81
80 82
80 83
80 84
81 78
81 79
81 80
81 82
81 83
81 84
81 85
82 79
82 80
82 81
82 83
82 84
82 85
82 86
83 79
83 80
83 81
83 82
83 84
83 85
83 86
83 87
84 80
84 81
84 82
84 83
84 85
84 86
84 87
84 88
85 81
85 82
85 83
85 84
85 86
85 87
85 88
86 82
86 83
86 84
86 85
86 87
86 88
86 89
87 83
87 84
87 85
87 86
87 88
87 89
87 90
88 84
88 85
88 86
88 87
88 89
88 90
88 91
89 86
89 87
89 88
89 90
89 91
89 92
89 114
89 117
89 118
90 87
90 88
90 89
90 91
90 92
90 93
90 114
91 88
91 89
91 90
91 92
91 93
91 94
91 114
92 89
92 90
92 91
92 93
92 94
92 95
92 97
92 110
92 111
92 114
92 115
92 118
92 165
93 90
93 91
93 92
93 94
93 95
93 96
93 97
93 111
93 114
93 115
93 164
93 165
94 91
94 92
94 93
94 95
94 96
94 97
94 98
94 111
94 114
94 115
94 163
94 164
94 165
94 166
94 167
94 168
95 92
95 93
95 94
95 96
95 97
95 98
95 162
95 163
95 164
95 165
95 166
95 167
96 93
96 94
96 95
96 97
96 98
96 101
96 162
96 163
96 164
96 165
97 92
97 93
97 94
97 95
97 96
97 98
97 99
97 100
97 101
97 102
97 111
97 115
97 162
97 163
97 164
97 165
98 94
98 95
98 96
98 97
98 99
98 100
98 101
98 102
98 111
98 161
98 162
98 163
98 164
98 165
98 166
98 167
99 97
99 98
99 100
99 101
99 102
99 103
99 104
99 105
99 108
99 111
99 112
99 115
99 161
99 162
99 163
99 164
99 167
100 97
100 98
100 99
100 101
100 102
100 103
100 104
100 105
100 108
100 161
100 164
101 96
101 97
101 98
101 99
101 100
101 102
101 103
101 104
101 105
101 106
101 107
101 108
101 109
101 111
101 112
101 164
102 97
102 98
102 99
102 100
102 101
102 103
102 104
102 105
102 106
102 107
102 108
102 109
102 110
102 111
102 112
102 113
102 115
102 164
103 31
103 34
103 99
103 100
103 101
103 102
103 104
103 105
103 106
103 107
103 108
103 109
103 110
103 111
103 112
103 113
104 27
104 31
104 99
104 100
104 101
104 102
104 103
104 105
104 106
104 107
104 108
104 109
104 112
105 99
105 100
105 101
105 102
105 103
105 104
105 106
105 107
105 108
105 109
105 112
106 101
106 102
106 103
106 104
106 105
106 107
106 108
106 109
107 101
107 102
107 103
107 104
107 105
107 106
107 108
107 109
107 110
107 111
107 112
108 99
108 100
108 101
108 102
108 103
108 104
108 105
108 106
108 107
108 109
108 110
108 111
108 112
108 113
109 34
109 38
109 101
109 102
109 103
109 104
109 105
109 106
109 107
109 108
109 110
109 111
109 112
109 113
109 114
109 115
110 92
110 102
110 103
110 107
110 108
110 109
110 111
110 112
110 113
110 114
110 115
111 92
111 93
111 94
111 97
111 98
111 99
111 101
111 102
111 103
111 107
111 108
111 109
111 110
111 112
111 113
111 114
111 115
111 116
111 117
111 164
112 38
112 99
112 101
112 102
112 103
112 104
112 105
112 107
112 108
112 109
112 110
112 111
112 113
112 114
112 115
112 116
112 117
113 34
113 37
113 38
113 41
113 42
113 102
113 103
113 108
113 109
113 110
113 111
113 112
113 114
113 115
113 116
113 117
113 118
113 119
114 89
114 90
114 91
114 92
114 93
114 94
114 109
114 110
114 111
114 112
114 113
114 115
114 116
114 117
114 118
114 119
114 120
115 92
115 93
115 94
115 97
115 99
115 102
115 109
115 110
115 111
115 112
115 113
115 114
115 116
115 117
115 118
115 119
115 120
115 121
115 164
115 165
115 167
115 168
116 38
116 42
116 111
116 112
116 113
116 114
116 115
116 117
116 118
116 119
116 120
116 121
116 122
116 168
117 38
117 42
117 89
117 111
117 112
117 113
117 114
117 115
117 116
117 118
117 119
117 120
117 121
117 122
117 123
118 89
118 92
118 113
118 114
118 115
118 116
118 117
118 119
118 120
118 121
118 122
118 123
118 124
118 165
118 168
119 113
119 114
119 115
119 116
119 117
119 118
119 120
119 121
119 122
119 123
119 124
119 167
119 168
119 169
119 171
119 172
120 42
120 45
120 46
120 114
120 115
120 116
120 117
120 118
120 119
120 121
120 122
120 123
120 124
120 125
120 126
121 115
121 116
121 117
121 118
121 119
121 120
121 122
121 123
121 124
121 125
121 126
121 127
122 116
122 117
122 118
122 119
122 120
122 121
122 123
122 124
122 125
122 126
122 127
122 168
122 169
122 171
122 172
122 175
123 117
123 118
123 119
123 120
123 121
123 122
123 124
123 125
123 126
123 127
123 128
123 129
123 171
123 172
123 175
124 46
124 49
124 118
124 119
124 120
124 121
124 122
124 123
124 125
124 126
124 127
124 128
124 129
124 130
125 120
125 121
125 122
125 123
125 124
125 126
125 127
125 128
125 129
125 130
125 172
126 120
126 121
126 122
126 123
126 124
126 125
126 127
126 128
126 129
126 130
126 131
126 172
126 175
126 176
126 180
127 121
127 122
127 123
127 124
127 125
127 126
127 128
127 129
127 130
127 131
127 132
127 180
127 182
127 183
127 194
127 196
127 199
128 123
128 124
128 125
128 126
128 127
128 129
128 130
128 131
128 132
129 123
129 124
129 125
129 126
129 127
129 128
129 130
129 131
129 132
129 133
129 134
129 135
129 136
129 180
129 182
129 183
130 124
130 125
130 126
130 127
130 128
130 129
130 131
130 132
130 133
130 134
130 135
130 136
130 137
130 179
130 180
130 181
130 182
130 183
130 184
130 193
130 194
130 573
131 126
131 127
131 128
131 129
131 130
131 132
131 133
131 134
131 135
131 180
131 182
131 183
131 184
131 185
131 193
131 194
131 573
131 574
132 127
132 128
132 129
132 130
132 131
132 133
132 134
132 135
132 136
132 137
132 183
132 184
132 185
133 129
133 130
133 131
133 132
133 134
133 135
133 136
133 137
133 183
133 184
133 185
133 550
133 551
133 578
134 129
134 130
134 131
134 132
134 133
134 135
134 136
134 137
134 550
135 129
135 130
135 131
135 132
135 133
135 134
135 136
135 137
135 138
135 139
135 180
135 183
135 549
135 550
136 129
136 130
136 132
136 133
136 134
136 135
136 137
136 138
136 139
136 140
136 176
136 179
136 180
136 183
136 185
136 186
136 546
136 548
136 549
136 550
136 551
137 130
137 132
137 133
137 134
137 135
137 136
137 138
137 139
137 140
137 178
137 179
137 180
137 181
137 182
137 183
137 184
137 185
137 186
137 545
137 546
137 548
137 549
137 550
137 551
137 552
138 135
138 136
138 137
138 139
138 140
138 141
138 175
138 176
138 177
138 178
138 179
138 180
138 181
138 183
138 186
138 545
138 546
138 547
138 548
138 549
138 550
138 551
138 552
139 135
139 136
139 137
139 138
139 140
139 141
139 176
139 177
139 178
139 179
139 180
139 546
139 547
139 548
139 549
139 550
140 136
140 137
140 138
140 139
140 141
140 142
140 143
140 145
140 146
140 177
140 178
140 179
140 543
140 545
140 546
140 547
140 548
140 549
141 138
141 139
141 140
141 142
141 143
141 144
141 145
141 146
141 147
141 177
141 178
141 546
141 547
142 140
142 141
142 143
142 144
142 145
142 146
142 147
143 140
143 141
143 142
143 144
143 145
143 146
143 147
143 148
144 141
144 142
144 143
144 145
144 146
144 147
144 148
144 149
145 140
145 141
145 142
145 143
145 144
145 146
145 147
145 148
145 149
145 150
146 140
146 141
146 142
146 143
146 144
146 145
146 147
146 148
146 149
146 150
146 151
146 153
146 154
146 155
146 177
147 141
147 142
147 143
147 144
147 145
147 146
147 148
147 149
147 150
147 153
147 154
147 155
147 156
148 143
148 144
148 145
148 146
148 147
148 149
148 150
148 151
148 153
148 154
148 155
149 144
149 145
149 146
149 147
149 148
149 150
149 151
149 152
149 153
149 154
149 155
149 156
150 145
150 146
150 147
150 148
150 149
150 151
150 152
150 153
150 154
150 155
150 173
150 177
151 146
151 148
151 149
151 150
151 152
151 153
151 154
151 173
152 149
152 150
152 151
152 153
152 154
152 166
152 169
152 170
152 173
153 146
153 147
153 148
153 149
153 150
153 151
153 152
153 154
153 155
153 156
153 166
153 167
153 169
153 170
153 171
153 172
153 173
153 174
154 146
154 147
154 148
154 149
154 150
154 151
154 152
154 153
154 155
154 156
154 157
154 166
154 170
154 173
155 146
155 147
155 148
155 149
155 150
155 153
155 154
155 156
155 157
155 158
155 170
155 174
156 147
156 149
156 153
156 154
156 155
156 157
156 158
157 154
157 155
157 156
157 158
157 159
157 160
157 161
157 162
158 155
158 156
158 157
158 159
158 160
158 161
158 162
159 157
159 158
159 160
159 161
159 162
160 157
160 158
160 159
160 161
160 162
160 163
161 98
161 99
161 100
161 157
161 158
161 159
161 160
161 162
161 163
161 164
161 166
161 167
162 95
162 96
162 97
162 98
162 99
162 157
162 158
162 159
162 160
162 161
162 163
162 164
162 165
162 166
162 167
163 94
163 95
163 96
163 97
163 98
163 99
163 160
163 161
163 162
163 164
163 165
163 166
163 167
163 168
163 169
164 93
164 94
164 95
164 96
164 97
164 98
164 99
164 100
164 101
164 102
164 111
164 115
164 161
164 162
164 163
164 165
164 166
164 167
164 168
164 169
164 170
165 92
165 93
165 94
165 95
165 96
165 97
165 98
165 115
165 118
165 162
165 163
165 164
165 166
165 167
165 168
165 169
165 170
165 171
166 94
166 95
166 98
166 152
166 153
166 154
166 161
166 162
166 163
166 164
166 165
166 167
166 168
166 169
166 170
166 171
166 172
167 94
167 95
167 98
167 99
167 115
167 119
167 153
167 161
167 162
167 163
167 164
167 165
167 166
167 168
167 169
167 170
167 171
167 172
167 173
168 94
168 115
168 116
168 118
168 119
168 122
168 163
168 164
168 165
168 166
168 167
168 169
168 170
168 171
168 172
168 173
168 174
169 119
169 122
169 152
169 153
169 163
169 164
169 165
169 166
169 167
169 168
169 170
169 171
169 172
169 173
169 174
170 152
170 153
170 154
170 155
170 164
170 165
170 166
170 167
170 168
170 169
170 171
170 172
170 173
170 174
170 175
170 176
171 119
171 122
171 123
171 153
171 165
171 166
171 167
171 168
171 169
171 170
171 172
171 173
171 174
171 175
171 176
172 119
172 122
172 123
172 125
172 126
172 153
172 166
172 167
172 168
172 169
172 170
172 171
172 173
172 174
172 175
172 176
172 177
173 150
173 151
173 152
173 153
173 154
173 167
173 168
173 169
173 170
173 171
173 172
173 174
173 175
173 176
173 177
173 178
174 153
174 155
174 168
174 169
174 170
174 171
174 172
174 173
174 175
174 176
174 177
174 178
174 179
175 122
175 123
175 126
175 138
175 170
175 171
175 172
175 173
175 174
175 176
175 177
175 178
175 179
175 180
176 126
176 136
176 138
176 139
176 170
176 171
176 172
176 173
176 174
176 175
176 177
176 178
176 179
176 180
177 138
177 139
177 140
177 141
177 146
177 150
177 172
177 173
177 174
177 175
177 176
177 178
177 179
177 180
178 137
178 138
178 139
178 140
178 141
178 173
178 174
178 175
178 176
178 177
178 179
178 180
178 181
179 130
179 136
179 137
179 138
179 139
179 140
179 174
179 175
179 176
179 177
179 178
179 180
179 181
179 182
179 183
179 186
179 549
179 552
180 126
180 127
180 129
180 130
180 131
180 135
180 136
180 137
180 138
180 139
180 175
180 176
180 177
180 178
180 179
180 181
180 182
180 183
180 184
180 185
180 186
180 192
180 193
180 194
181 130
181 137
181 138
181 178
181 179
181 180
181 182
181 183
181 184
181 185
181 186
181 187
181 188
181 189
181 191
181 192
181 193
181 194
181 552
181 571
182 127
182 129
182 130
182 131
182 137
182 179
182 180
182 181
182 183
182 184
182 185
182 186
182 187
182 191
182 192
182 193
182 194
182 195
182 407
182 571
182 572
182 573
182 574
183 127
183 129
183 130
183 131
183 132
183 133
183 135
183 136
183 137
183 138
183 179
183 180
183 181
183 182
183 184
183 185
183 186
183 187
183 192
183 193
183 194
183 551
183 552
183 571
183 573
183 574
184 130
184 131
184 132
184 133
184 137
184 180
184 181
184 182
184 183
184 185
184 186
184 187
184 192
184 193
184 194
184 551
184 569
184 570
184 571
184 572
184 573
184 574
184 575
184 577
184 578
184 579
185 131
185 132
185 133
185 136
185 137
185 180
185 181
185 182
185 183
185 184
185 186
185 187
185 188
185 192
185 193
185 549
185 550
185 551
185 552
185 553
185 569
185 571
185 573
185 574
185 575
185 577
185 578
185 579
185 581
185 582
186 136
186 137
186 138
186 179
186 180
186 181
186 182
186 183
186 184
186 185
186 187
186 188
186 189
186 191
186 192
186 193
186 549
186 550
186 551
186 552
186 553
186 554
186 567
186 568
186 569
186 570
186 571
186 573
186 574
186 578
186 582
187 181
187 182
187 183
187 184
187 185
187 186
187 188
187 189
187 190
187 191
187 192
187 193
187 551
187 552
187 553
187 554
187 566
187 567
187 568
187 569
187 570
187 571
187 574
187 579
187 582
188 181
188 185
188 186
188 187
188 189
188 190
188 191
188 192
188 551
188 552
188 553
188 554
188 555
188 565
188 566
188 567
188 568
188 569
189 181
189 186
189 187
189 188
189 190
189 191
189 192
189 347
189 404
189 552
189 553
189 554
189 566
189 567
189 568
189 569
189 570
190 187
190 188
190 189
190 191
190 192
190 193
190 347
190 348
190 375
190 403
190 404
190 405
190 407
190 510
190 511
190 554
190 567
190 568
190 569
190 570
190 571
191 181
191 182
191 186
191 187
191 188
191 189
191 190
191 192
191 193
191 194
191 375
191 401
191 402
191 403
191 404
191 405
191 406
191 407
191 408
191 409
191 410
191 411
191 568
191 569
191 570
191 571
192 180
192 181
192 182
192 183
192 184
192 185
192 186
192 187
192 188
192 189
192 190
192 191
192 193
192 194
192 195
192 403
192 404
192 405
192 406
192 407
192 408
192 409
192 410
192 568
192 569
192 570
192 571
192 572
192 573
192 574
193 130
193 131
193 180
193 181
193 182
193 183
193 184
193 185
193 186
193 187
193 190
193 191
193 192
193 194
193 195
193 196
193 403
193 404
193 405
193 406
193 407
193 408
193 409
193 569
193 570
193 571
193 572
193 573
193 574
194 127
194 130
194 131
194 180
194 181
194 182
194 183
194 184
194 191
194 192
194 193
194 195
194 196
194 197
194 198
194 199
194 407
194 408
194 409
194 571
194 572
194 573
195 182
195 192
195 193
195 194
195 196
195 197
195 198
195 199
195 200
195 201
195 406
195 407
195 408
195 409
195 462
195 466
195 571
195 572
195 573
196 46
196 49
196 50
196 53
196 54
196 127
196 193
196 194
196 195
196 197
196 198
196 199
196 200
196 201
196 202
196 408
196 409
196 462
196 466
197 46
197 47
197 50
197 194
197 195
197 196
197 198
197 199
197 200
197 201
197 202
197 203
197 408
197 409
197 462
197 463
197 464
197 465
197 466
197 467
197 468
197 469
197 470
198 194
198 195
198 196
198 197
198 199
198 200
198 201
198 202
198 203
198 204
198 403
198 407
198 408
198 409
198 410
198 461
198 462
198 463
198 464
198 465
198 466
198 467
198 469
199 46
199 127
199 194
199 195
199 196
199 197
199 198
199 200
199 201
199 202
199 203
199 204
199 205
199 408
199 409
199 462
199 466
200 42
200 43
200 46
200 47
200 50
200 195
200 196
200 197
200 198
200 199
200 201
200 202
200 203
200 204
200 205
200 461
200 462
200 465
200 466
201 43
201 195
201 196
201 197
201 198
201 199
201 200
201 202
201 203
201 204
201 205
201 206
201 207
201 408
201 409
201 459
201 460
201 461
201 462
201 463
201 464
201 465
201 466
202 196
202 197
202 198
202 199
202 200
202 201
202 203
202 204
202 205
202 206
202 207
202 208
202 408
202 409
202 410
202 458
202 459
202 460
202 461
202 462
202 463
202 465
203 39
203 42
203 43
203 46
203 197
203 198
203 199
203 200
203 201
203 202
203 204
203 205
203 206
203 207
203 208
203 462
204 39
204 40
204 42
204 43
204 198
204 199
204 200
204 201
204 202
204 203
204 205
204 206
204 207
204 208
204 209
204 461
204 462
205 199
205 200
205 201
205 202
205 203
205 204
205 206
205 207
205 208
205 209
205 210
205 221
205 457
205 458
205 459
205 460
205 461
205 462
206 201
206 202
206 203
206 204
206 205
206 207
206 208
206 209
206 210
206 457
206 458
207 35
207 36
207 38
207 39
207 201
207 202
207 203
207 204
207 205
207 206
207 208
207 209
207 210
208 35
208 36
208 39
208 202
208 203
208 204
208 205
208 206
208 207
208 209
208 210
208 211
208 218
208 458
209 204
209 205
209 206
209 207
209 208
209 210
209 211
209 218
209 457
209 458
210 205
210 206
210 207
210 208
210 209
210 211
210 212
210 213
210 214
210 217
210 218
210 221
210 455
210 456
210 457
210 458
211 208
211 209
211 210
211 212
211 213
211 214
211 215
211 216
211 217
211 218
211 221
211 222
211 448
211 454
211 455
211 456
211 457
211 458
212 210
212 211
212 213
212 214
212 215
212 216
212 217
212 218
212 219
212 220
212 221
212 222
212 225
212 247
212 446
212 447
212 448
212 453
212 454
212 455
212 456
212 457
212 458
212 459
212 460
213 210
213 211
213 212
213 214
213 215
213 216
213 217
213 218
213 222
213 434
213 435
213 445
213 446
213 447
213 448
213 449
213 450
213 451
213 453
213 454
213 455
213 456
213 457
213 458
214 210
214 211
214 212
214 213
214 215
214 216
214 217
214 218
214 219
214 221
214 222
214 434
214 435
214 443
214 444
214 445
214 446
214 447
214 448
214 449
215 211
215 212
215 213
215 214
215 216
215 217
215 218
215 219
215 220
215 221
215 222
215 223
215 441
215 442
215 443
215 444
215 445
215 446
215 447
215 448
216 211
216 212
216 213
216 214
216 215
216 217
216 218
216 219
216 220
216 222
216 439
216 440
216 441
216 443
216 445
216 446
217 210
217 211
217 212
217 213
217 214
217 215
217 216
217 218
217 219
217 220
217 221
217 222
217 446
218 208
218 209
218 210
218 211
218 212
218 213
218 214
218 215
218 216
218 217
218 219
218 220
218 221
218 222
218 223
218 224
218 446
218 458
219 212
219 214
219 215
219 216
219 217
219 218
219 220
219 221
219 222
219 223
219 224
219 445
219 446
220 212
220 215
220 216
220 217
220 218
220 219
220 221
220 222
220 223
220 224
220 225
220 461
221 205
221 210
221 211
221 212
221 214
221 215
221 217
221 218
221 219
221 220
221 222
221 223
221 224
221 225
221 226
221 227
221 458
221 459
221 460
221 461
221 464
222 211
222 212
222 213
222 214
222 215
222 216
222 217
222 218
222 219
222 220
222 221
222 223
222 224
222 225
222 226
222 227
222 228
222 445
222 446
222 447
222 458
222 460
222 461
223 215
223 218
223 219
223 220
223 221
223 222
223 224
223 225
223 226
223 227
223 228
223 229
223 445
223 460
224 218
224 219
224 220
224 221
224 222
224 223
224 225
224 226
224 227
224 228
224 229
224 230
224 460
224 461
224 463
224 464
224 465
225 212
225 220
225 221
225 222
225 223
225 224
225 226
225 227
225 228
225 229
225 230
225 231
225 245
225 246
225 247
225 414
225 447
225 458
225 459
225 460
225 461
225 463
225 464
226 221
226 222
226 223
226 224
226 225
226 227
226 228
226 229
226 230
226 231
226 244
226 245
226 246
226 445
226 447
226 460
227 221
227 222
227 223
227 224
227 225
227 226
227 228
227 229
227 230
227 231
227 232
227 464
228 222
228 223
228 224
228 225
228 226
228 227
228 229
228 230
228 231
228 232
228 233
228 234
228 245
228 414
228 460
228 461
228 463
228 464
228 467
229 223
229 224
229 225
229 226
229 227
229 228
229 230
229 231
229 232
229 233
229 234
229 235
229 243
229 244
229 245
229 246
229 247
229 414
229 415
229 416
229 417
229 460
230 224
230 225
230 226
230 227
230 228
230 229
230 231
230 232
230 233
230 234
230 235
230 236
230 238
230 239
230 240
230 241
230 242
230 243
230 244
230 245
230 416
231 225
231 226
231 227
231 228
231 229
231 230
231 232
231 233
231 234
231 235
231 236
231 237
231 238
231 240
232 227
232 228
232 229
232 230
232 231
232 233
232 234
232 235
232 236
232 237
232 238
232 240
232 245
232 377
232 380
232 381
232 398
232 400
232 414
232 416
233 228
233 229
233 230
233 231
233 232
233 234
233 235
233 236
233 237
233 238
233 239
233 240
233 241
233 242
233 243
233 244
233 245
233 393
233 397
233 398
233 416
233 417
233 418
234 228
234 229
234 230
234 231
234 232
234 233
234 235
234 236
234 237
234 238
234 239
234 240
234 241
234 243
234 393
235 229
235 230
235 231
235 232
235 233
235 234
235 236
235 237
235 238
235 239
235 240
235 377
235 380
235 381
235 386
235 393
236 230
236 231
236 232
236 233
236 234
236 235
236 237
236 238
236 239
236 377
236 380
236 381
236 386
236 389
236 390
236 391
236 392
236 393
236 394
236 395
236 398
236 416
237 231
237 232
237 233
237 234
237 235
237 236
237 238
237 239
237 240
237 380
237 390
237 391
237 392
237 393
237 394
237 395
238 230
238 231
238 232
238 233
238 234
238 235
238 236
238 237
238 239
238 240
238 241
238 242
238 243
238 392
238 393
238 394
238 395
238 396
238 417
238 418
239 230
239 233
239 234
239 235
239 236
239 237
239 238
239 240
239 241
239 242
239 243
239 393
239 418
240 230
240 231
240 232
240 233
240 234
240 235
240 237
240 238
240 239
240 241
240 242
240 243
241 230
241 233
241 234
241 238
241 239
241 240
241 242
241 243
241 244
242 230
242 233
242 238
242 239
242 240
242 241
242 243
242 244
242 417
242 418
242 419
242 420
243 229
243 230
243 233
243 234
243 238
243 239
243 240
243 241
243 242
243 244
243 245
243 396
243 397
243 416
243 417
243 418
243 419
243 420
243 421
243 422
244 226
244 229
244 230
244 233
244 241
244 242
244 243
244 245
244 246
244 397
244 415
244 416
244 417
244 418
244 419
244 420
244 421
244 422
244 423
244 424
244 450
245 225
245 226
245 228
245 229
245 230
245 232
245 233
245 243
245 244
245 246
245 247
245 248
245 254
245 257
245 397
245 398
245 399
245 414
245 415
245 416
245 417
245 418
245 419
245 420
245 421
245 422
245 423
245 447
245 450
245 451
246 225
246 226
246 229
246 244
246 245
246 247
246 248
246 254
246 257
246 413
246 414
246 415
246 416
246 417
246 423
246 447
246 448
246 450
246 451
246 460
247 212
247 225
247 229
247 245
247 246
247 248
247 249
247 250
247 251
247 253
247 254
247 399
247 400
247 401
247 411
247 412
247 413
247 414
247 415
247 416
247 451
247 456
247 457
247 458
247 459
247 460
248 245
248 246
248 247
248 249
248 250
248 251
248 252
248 253
248 254
248 255
248 256
248 257
248 399
248 401
248 411
248 412
248 413
248 414
248 415
248 451
248 452
248 453
248 456
248 457
248 459
249 247
249 248
249 250
249 251
249 252
249 253
249 254
249 410
249 411
249 412
249 413
249 414
249 453
249 456
249 457
249 459
250 247
250 248
250 249
250 251
250 252
250 253
250 254
250 255
250 374
250 399
250 400
250 401
250 403
250 410
250 411
250 412
250 413
250 414
250 415
251 247
251 248
251 249
251 250
251 252
251 253
251 254
251 255
251 256
251 257
251 290
251 292
251 372
251 373
251 374
251 375
251 399
251 400
251 401
251 402
251 403
251 411
251 412
251 413
251 414
251 415
252 248
252 249
252 250
252 251
252 253
252 254
252 255
252 256
252 257
252 290
252 291
252 292
252 293
252 295
252 296
252 372
252 374
252 399
252 413
253 247
253 248
253 249
253 250
253 251
253 252
253 254
253 255
253 256
253 257
253 258
253 259
253 292
253 293
253 295
253 296
253 399
253 413
253 414
253 415
253 452
254 245
254 246
254 247
254 248
254 249
254 250
254 251
254 252
254 253
254 255
254 256
254 257
254 258
254 259
254 260
254 292
254 372
254 374
254 397
254 398
254 399
254 400
254 401
254 413
254 414
254 415
254 416
255 248
255 250
255 251
255 252
255 253
255 254
255 256
255 257
255 258
255 259
255 260
255 261
255 290
255 292
255 293
255 295
255 296
255 341
255 370
255 371
255 372
255 373
255 374
255 397
255 398
255 399
255 400
255 414
255 415
256 248
256 251
256 252
256 253
256 254
256 255
256 257
256 258
256 259
256 260
256 261
256 262
256 292
256 293
256 294
256 295
256 296
256 297
256 299
256 300
256 399
256 415
256 452
257 245
257 246
257 248
257 251
257 252
257 253
257 254
257 255
257 256
257 258
257 259
257 260
257 261
257 262
257 263
257 296
257 397
257 399
257 415
257 416
257 417
257 423
257 426
257 427
257 451
257 452
258 253
258 254
258 255
258 256
258 257
258 259
258 260
258 261
258 262
258 263
258 264
258 293
258 296
258 339
258 341
258 368
258 369
258 370
258 371
258 372
258 396
258 397
258 398
258 399
258 415
258 416
258 417
258 423
259 253
259 254
259 255
259 256
259 257
259 258
259 260
259 261
259 262
259 263
259 264
259 265
259 283
259 293
259 296
259 297
259 300
259 338
259 339
259 340
259 341
259 368
259 369
259 370
259 397
260 254
260 255
260 256
260 257
260 258
260 259
260 261
260 262
260 263
260 264
260 265
260 267
260 268
260 270
260 271
260 296
260 297
260 300
260 422
260 423
260 426
260 427
260 452
261 255
261 256
261 257
261 258
261 259
261 260
261 262
261 263
261 264
261 265
261 266
261 267
261 268
261 368
261 396
261 397
261 417
261 419
261 421
261 422
261 423
261 424
261 425
261 426
261 427
262 256
262 257
262 258
262 259
262 260
262 261
262 263
262 264
262 265
262 266
262 267
262 268
262 338
262 339
262 340
262 367
262 368
262 369
262 370
262 396
262 397
262 417
262 422
262 423
262 426
263 257
263 258
263 259
263 260
263 261
263 262
263 264
263 265
263 266
263 267
263 268
263 269
263 270
263 271
263 275
263 281
263 300
263 338
263 339
263 368
263 422
263 426
264 258
264 259
264 260
264 261
264 262
264 263
264 265
264 266
264 267
264 268
264 269
264 270
264 271
264 422
264 423
264 425
264 426
264 427
265 259
265 260
265 261
265 262
265 263
265 264
265 266
265 267
265 268
265 269
265 338
265 368
265 419
265 422
265 423
265 425
265 426
266 261
266 262
266 263
266 264
266 265
266 267
266 268
266 269
266 270
266 338
266 339
266 366
266 367
266 368
267 260
267 261
267 262
267 263
267 264
267 265
267 266
267 268
267 269
267 270
267 271
267 275
267 277
267 278
267 281
267 338
268 260
268 261
268 262
268 263
268 264
268 265
268 266
268 267
268 269
268 270
268 271
268 272
268 273
268 274
268 422
268 425
268 426
269 263
269 264
269 265
269 266
269 267
269 268
269 270
269 271
269 272
269 273
269 274
269 275
269 277
269 278
270 260
270 263
270 264
270 266
270 267
270 268
270 269
270 271
270 272
270 273
270 274
270 275
270 276
270 277
270 278
270 426
271 260
271 263
271 264
271 267
271 268
271 269
271 270
271 272
271 273
271 274
271 275
271 425
271 426
271 427
272 268
272 269
272 270
272 271
272 273
272 274
272 275
272 277
273 268
273 269
273 270
273 271
273 272
273 274
273 275
273 276
273 277
273 278
274 268
274 269
274 270
274 271
274 272
274 273
274 275
274 276
274 277
274 278
274 300
274 301
275 263
275 267
275 269
275 270
275 271
275 272
275 273
275 274
275 276
275 277
275 278
275 279
275 280
275 281
275 300
275 301
275 302
276 270
276 273
276 274
276 275
276 277
276 278
276 279
276 280
276 301
276 302
277 267
277 269
277 270
277 272
277 273
277 274
277 275
277 276
277 278
277 279
277 280
278 267
278 269
278 270
278 273
278 274
278 275
278 276
278 277
278 279
278 280
278 281
278 336
279 275
279 276
279 277
279 278
279 280
279 281
279 282
279 334
279 335
279 336
280 275
280 276
280 277
280 278
280 279
280 281
280 282
280 302
280 303
280 306
280 330
280 333
280 334
280 335
280 336
280 337
281 263
281 267
281 275
281 278
281 279
281 280
281 282
281 283
281 301
281 302
281 303
281 306
281 307
281 330
281 334
281 335
281 336
281 337
281 338
281 339
282 279
282 280
282 281
282 283
282 284
282 297
282 302
282 303
282 304
282 305
282 306
282 307
282 308
282 326
282 327
282 330
282 331
282 335
282 336
282 337
282 338
282 339
282 340
283 259
283 281
283 282
283 284
283 285
283 293
283 294
283 297
283 302
283 304
283 305
283 306
283 307
283 308
283 309
283 327
283 330
283 336
283 337
283 338
283 339
283 340
283 341
283 367
283 368
284 282
284 283
284 285
284 286
284 287
284 293
284 294
284 306
284 307
284 308
284 309
284 310
284 323
284 326
284 327
284 337
284 338
284 339
284 340
284 341
284 342
284 367
284 369
285 283
285 284
285 286
285 287
285 288
285 289
285 290
285 291
285 293
285 294
285 307
285 308
285 309
285 310
285 311
285 318
285 323
285 339
285 340
285 341
285 342
285 343
285 370
285 372
286 284
286 285
286 287
286 288
286 289
286 290
286 293
286 308
286 309
286 310
286 311
286 312
286 316
286 317
286 318
286 319
286 323
286 340
286 341
286 342
286 343
286 346
286 353
287 284
287 285
287 286
287 288
287 289
287 290
287 291
287 308
287 309
287 310
287 311
287 312
287 316
287 317
287 318
287 558
287 559
288 285
288 286
288 287
288 289
288 290
288 291
288 309
288 310
288 311
288 312
288 316
288 317
288 318
288 343
288 345
288 346
288 347
288 348
288 349
288 350
288 351
288 353
288 558
288 559
289 285
289 286
289 287
289 288
289 290
289 291
289 292
289 293
289 294
289 309
289 310
289 312
289 316
289 317
289 318
289 341
289 342
289 343
289 344
289 345
289 346
289 347
289 348
289 351
289 353
289 372
290 251
290 252
290 255
290 285
290 286
290 287
290 288
290 289
290 291
290 292
290 293
290 294
290 295
290 341
290 343
290 345
290 346
290 347
290 348
290 372
290 374
291 252
291 285
291 287
291 288
291 289
291 290
291 292
291 293
291 294
291 295
291 296
291 347
292 251
292 252
292 253
292 254
292 255
292 256
292 289
292 290
292 291
292 293
292 294
292 295
292 296
292 297
292 298
293 252
293 253
293 255
293 256
293 258
293 259
293 283
293 284
293 285
293 286
293 289
293 290
293 291
293 292
293 294
293 295
293 296
293 297
293 298
293 299
293 304
293 307
293 340
293 341
293 372
294 256
294 283
294 284
294 285
294 289
294 290
294 291
294 292
294 293
294 295
294 296
294 297
294 298
294 299
294 300
294 302
294 303
294 304
294 305
294 306
294 307
294 308
294 309
295 252
295 253
295 255
295 256
295 290
295 291
295 292
295 293
295 294
295 296
295 297
295 298
295 299
295 300
295 303
295 304
295 307
296 252
296 253
296 255
296 256
296 257
296 258
296 259
296 260
296 291
296 292
296 293
296 294
296 295
296 297
296 298
296 299
296 300
296 301
296 302
296 303
296 304
296 307
297 256
297 259
297 260
297 282
297 283
297 292
297 293
297 294
297 295
297 296
297 298
297 299
297 300
297 301
297 302
297 303
297 304
297 305
297 306
297 307
298 292
298 293
298 294
298 295
298 296
298 297
298 299
298 300
298 301
298 302
298 303
298 304
298 305
298 306
298 307
299 256
299 293
299 294
299 295
299 296
299 297
299 298
299 300
299 301
299 302
299 303
299 304
300 256
300 259
300 260
300 263
300 274
300 275
300 294
300 295
300 296
300 297
300 298
300 299
300 301
300 302
300 303
301 274
301 275
301 276
301 281
301 296
301 297
301 298
301 299
301 300
301 302
301 303
301 304
301 306
302 275
302 276
302 280
302 281
302 282
302 283
302 294
302 296
302 297
302 298
302 299
302 300
302 301
302 303
302 304
302 305
302 306
302 307
303 280
303 281
303 282
303 294
303 295
303 296
303 297
303 298
303 299
303 300
303 301
303 302
303 304
303 305
303 306
303 307
304 282
304 283
304 293
304 294
304 295
304 296
304 297
304 298
304 299
304 301
304 302
304 303
304 305
304 306
304 307
304 308
305 282
305 283
305 294
305 297
305 298
305 302
305 303
305 304
305 306
305 307
305 308
305 309
306 280
306 281
306 282
306 283
306 284
306 294
306 297
306 298
306 301
306 302
306 303
306 304
306 305
306 307
306 308
306 309
306 330
306 335
306 336
306 337
307 281
307 282
307 283
307 284
307 285
307 293
307 294
307 295
307 296
307 297
307 298
307 302
307 303
307 304
307 305
307 306
307 308
307 309
307 310
307 339
307 340
308 282
308 283
308 284
308 285
308 286
308 287
308 294
308 304
308 305
308 306
308 307
308 309
308 310
308 311
308 323
308 326
308 327
308 330
308 337
308 340
309 283
309 284
309 285
309 286
309 287
309 288
309 289
309 294
309 305
309 306
309 307
309 308
309 310
309 311
309 312
309 318
309 322
309 323
309 326
310 284
310 285
310 286
310 287
310 288
310 289
310 307
310 308
310 309
310 311
310 312
310 317
310 318
310 319
310 320
310 321
310 322
310 323
310 324
310 325
310 326
310 340
310 341
310 342
311 285
311 286
311 287
311 288
311 308
311 309
311 310
311 312
311 313
311 314
311 316
311 317
311 318
311 319
311 320
311 321
311 322
311 323
311 326
312 286
312 287
312 288
312 289
312 309
312 310
312 311
312 313
312 314
312 315
312 316
312 317
312 318
312 319
312 320
312 322
312 323
312 353
313 311
313 312
313 314
313 315
313 316
313 317
313 318
313 319
314 311
314 312
314 313
314 315
314 316
314 317
314 318
314 502
314 503
314 504
314 505
315 312
315 313
315 314
315 316
315 317
315 318
315 349
315 350
315 351
315 352
315 353
315 502
315 503
315 504
315 505
315 506
315 507
315 508
316 286
316 287
316 288
316 289
316 311
316 312
316 313
316 314
316 315
316 317
316 318
316 319
316 345
316 346
316 348
316 349
316 350
316 351
316 352
316 353
316 503
317 286
317 287
317 288
317 289
317 310
317 311
317 312
317 313
317 314
317 315
317 316
317 318
317 319
317 320
317 342
317 343
317 344
317 345
317 346
317 349
317 350
317 351
317 352
317 353
317 354
318 285
318 286
318 287
318 288
318 289
318 309
318 310
318 311
318 312
318 313
318 314
318 315
318 316
318 317
318 319
318 320
318 321
318 322
318 323
318 342
318 343
318 351
318 352
318 353
318 354
318 355
318 357
318 358
319 286
319 310
319 311
319 312
319 313
319 316
319 317
319 318
319 320
319 321
319 322
319 323
319 324
319 353
319 354
319 357
319 358
320 310
320 311
320 312
320 317
320 318
320 319
320 321
320 322
320 323
320 324
320 325
320 326
320 353
320 354
320 355
320 356
320 357
320 358
320 359
320 360
320 361
321 310
321 311
321 318
321 319
321 320
321 322
321 323
321 324
321 325
321 326
321 357
321 358
321 361
322 309
322 310
322 311
322 312
322 318
322 319
322 320
322 321
322 323
322 324
322 325
322 326
322 327
322 328
323 284
323 285
323 286
323 308
323 309
323 310
323 311
323 312
323 318
323 319
323 320
323 321
323 322
323 324
323 325
323 326
323 327
323 328
323 329
323 340
323 358
323 361
323 362
324 310
324 319
324 320
324 321
324 322
324 323
324 325
324 326
324 327
324 328
324 329
324 358
324 361
324 362
324 364
324 365
325 310
325 320
325 321
325 322
325 323
325 324
325 326
325 327
325 328
325 329
325 330
325 331
326 282
326 284
326 308
326 309
326 310
326 311
326 320
326 321
326 322
326 323
326 324
326 325
326 327
326 328
326 329
326 330
326 331
326 332
326 337
327 282
327 283
327 284
327 308
327 322
327 323
327 324
327 325
327 326
327 328
327 329
327 330
327 331
327 332
327 335
327 336
327 337
327 338
327 340
327 361
327 362
327 365
327 367
328 322
328 323
328 324
328 325
328 326
328 327
328 329
328 330
328 331
328 332
328 333
328 334
328 335
328 336
328 337
328 365
329 323
329 324
329 325
329 326
329 327
329 328
329 330
329 331
329 332
329 333
329 334
329 335
329 337
330 280
330 281
330 282
330 283
330 306
330 308
330 325
330 326
330 327
330 328
330 329
330 331
330 332
330 333
330 334
330 335
330 336
330 337
331 282
331 325
331 326
331 327
331 328
331 329
331 330
331 332
331 333
331 334
331 335
331 336
331 337
332 326
332 327
332 328
332 329
332 330
332 331
332 333
332 334
332 335
332 336
333 280
333 328
333 329
333 330
333 331
333 332
333 334
333 335
333 336
334 279
334 280
334 281
334 328
334 329
334 330
334 331
334 332
334 333
334 335
334 336
334 337
335 279
335 280
335 281
335 282
335 306
335 327
335 328
335 329
335 330
335 331
335 332
335 333
335 334
335 336
335 337
335 338
336 278
336 279
336 280
336 281
336 282
336 283
336 306
336 327
336 328
336 330
336 331
336 332
336 333
336 334
336 335
336 337
336 338
336 339
336 367
337 280
337 281
337 282
337 283
337 284
337 306
337 308
337 326
337 327
337 328
337 329
337 330
337 331
337 334
337 335
337 336
337 338
337 339
337 340
337 362
337 365
337 366
337 367
337 368
338 259
338 262
338 263
338 265
338 266
338 267
338 281
338 282
338 283
338 284
338 327
338 335
338 336
338 337
338 339
338 340
338 362
338 365
338 366
338 367
338 368
338 369
339 258
339 259
339 262
339 263
339 266
339 281
339 282
339 283
339 284
339 285
339 307
339 336
339 337
339 338
339 340
339 341
339 342
339 362
339 366
339 367
339 368
339 369
339 370
340 259
340 262
340 282
340 283
340 284
340 285
340 286
340 293
340 307
340 308
340 310
340 323
340 327
340 337
340 338
340 339
340 341
340 342
340 343
340 358
340 359
340 361
340 362
340 367
340 368
340 369
340 370
340 371
341 255
341 258
341 259
341 283
341 284
341 285
341 286
341 289
341 290
341 293
341 310
341 339
341 340
341 342
341 343
341 344
341 353
341 355
341 358
341 368
341 369
341 370
341 371
341 372
341 373
341 395
341 397
341 398
342 284
342 285
342 286
342 289
342 310
342 317
342 318
342 339
342 340
342 341
342 343
342 344
342 345
342 346
342 352
342 353
342 354
342 355
342 358
342 359
342 369
342 370
342 371
342 372
342 373
342 392
342 395
342 398
343 285
343 286
343 288
343 289
343 290
343 317
343 318
343 340
343 341
343 342
343 344
343 345
343 346
343 347
343 350
343 351
343 352
343 353
343 354
343 355
343 370
343 371
343 372
343 373
343 374
343 375
343 376
343 389
343 398
343 399
344 289
344 317
344 341
344 342
344 343
344 345
344 346
344 347
344 350
344 351
344 352
344 353
344 354
344 355
344 371
344 372
344 373
344 374
344 375
344 376
344 377
344 379
344 388
344 389
344 390
344 392
344 398
344 399
344 400
344 509
345 288
345 289
345 290
345 316
345 317
345 342
345 343
345 344
345 346
345 347
345 348
345 349
345 350
345 351
345 352
345 353
345 371
345 372
345 373
345 374
345 375
345 376
345 377
345 378
345 379
345 388
345 389
345 508
345 509
345 510
345 511
346 286
346 288
346 289
346 290
346 316
346 317
346 342
346 343
346 344
346 345
346 347
346 348
346 349
346 350
346 351
346 352
346 353
346 372
346 373
346 374
346 375
346 376
346 508
346 509
346 511
347 189
347 190
347 288
347 289
347 290
347 291
347 343
347 344
347 345
347 346
347 348
347 349
347 350
347 351
347 374
347 375
347 376
347 509
347 511
347 566
347 568
348 190
348 288
348 289
348 290
348 316
348 345
348 346
348 347
348 349
348 350
348 351
348 509
348 511
348 512
348 513
348 554
348 555
348 556
348 557
348 558
348 565
348 566
348 567
348 568
349 288
349 315
349 316
349 317
349 345
349 346
349 347
349 348
349 350
349 351
349 352
349 502
349 503
349 507
349 508
349 509
349 510
349 511
349 512
349 513
349 558
349 566
349 567
349 568
350 288
350 315
350 316
350 317
350 343
350 344
350 345
350 346
350 347
350 348
350 349
350 351
350 352
350 353
350 375
350 376
350 507
350 508
350 509
350 510
350 511
350 512
350 513
350 566
350 568
351 288
351 289
351 315
351 316
351 317
351 318
351 343
351 344
351 345
351 346
351 347
351 348
351 349
351 350
351 352
351 353
351 354
351 376
351 388
351 507
351 508
351 509
351 511
352 315
352 316
352 317
352 318
352 342
352 343
352 344
352 345
352 346
352 349
352 350
352 351
352 353
352 354
352 355
352 372
352 373
352 376
352 388
352 389
352 390
352 508
352 509
353 286
353 288
353 289
353 312
353 315
353 316
353 317
353 318
353 319
353 320
353 341
353 342
353 343
353 344
353 345
353 346
353 350
353 351
353 352
353 354
353 355
353 356
353 357
353 358
353 371
353 372
353 388
353 389
353 390
354 317
354 318
354 319
354 320
354 342
354 343
354 344
354 351
354 352
354 353
354 355
354 356
354 357
354 358
354 359
354 388
354 389
354 390
354 391
354 392
355 318
355 320
355 341
355 342
355 343
355 344
355 352
355 353
355 354
355 356
355 357
355 358
355 359
355 360
355 361
355 369
355 370
355 371
355 388
355 389
355 390
355 391
355 392
355 393
355 394
355 395
356 320
356 353
356 354
356 355
356 357
356 358
356 359
356 360
356 361
356 362
356 389
356 390
356 391
356 392
356 393
356 394
356 395
357 318
357 319
357 320
357 321
357 353
357 354
357 355
357 356
357 358
357 359
357 360
357 361
357 362
357 391
358 318
358 319
358 320
358 321
358 323
358 324
358 340
358 341
358 342
358 353
358 354
358 355
358 356
358 357
358 359
358 360
358 361
358 362
358 363
358 364
358 369
358 391
358 394
358 395
359 320
359 340
359 342
359 354
359 355
359 356
359 357
359 358
359 360
359 361
359 362
359 363
359 364
359 365
359 366
359 367
359 368
359 369
359 370
359 391
359 392
359 393
359 394
359 395
359 396
360 320
360 355
360 356
360 357
360 358
360 359
360 361
360 362
360 363
360 364
360 365
360 366
360 369
360 391
360 394
361 320
361 321
361 323
361 324
361 327
361 340
361 355
361 356
361 357
361 358
361 359
361 360
361 362
361 363
361 364
361 365
361 366
361 367
361 369
362 323
362 324
362 327
362 337
362 338
362 339
362 340
362 356
362 357
362 358
362 359
362 360
362 361
362 363
362 364
362 365
362 366
362 367
362 368
362 369
362 394
362 395
363 358
363 359
363 360
363 361
363 362
363 364
363 365
363 366
363 367
363 368
363 369
363 394
364 324
364 358
364 359
364 360
364 361
364 362
364 363
364 365
364 366
364 367
365 324
365 327
365 328
365 337
365 338
365 359
365 360
365 361
365 362
365 363
365 364
365 366
365 367
365 368
366 266
366 337
366 338
366 339
366 359
366 360
366 361
366 362
366 363
366 364
366 365
366 367
366 368
366 369
367 262
367 266
367 283
367 284
367 327
367 336
367 337
367 338
367 339
367 340
367 359
367 361
367 362
367 363
367 364
367 365
367 366
367 368
367 369
367 370
367 396
368 258
368 259
368 261
368 262
368 263
368 265
368 266
368 283
368 337
368 338
368 339
368 340
368 341
368 359
368 362
368 363
368 365
368 366
368 367
368 369
368 370
368 371
368 395
368 396
368 397
369 258
369 259
369 262
369 284
369 338
369 339
369 340
369 341
369 342
369 355
369 358
369 359
369 360
369 361
369 362
369 363
369 366
369 367
369 368
369 370
369 371
369 372
369 392
369 394
369 395
369 396
369 397
369 398
370 255
370 258
370 259
370 262
370 285
370 339
370 340
370 341
370 342
370 343
370 355
370 359
370 367
370 368
370 369
370 371
370 372
370 373
370 392
370 394
370 395
370 396
370 397
370 398
370 399
370 416
370 417
371 255
371 258
371 340
371 341
371 342
371 343
371 344
371 345
371 353
371 355
371 368
371 369
371 370
371 372
371 373
371 374
371 377
371 389
371 391
371 392
371 393
371 394
371 395
371 396
371 397
371 398
371 399
371 400
371 416
372 251
372 252
372 254
372 255
372 258
372 285
372 289
372 290
372 293
372 341
372 342
372 343
372 344
372 345
372 346
372 352
372 353
372 369
372 370
372 371
372 373
372 374
372 375
372 376
372 377
372 392
372 397
372 398
372 399
372 400
372 401
372 415
373 251
373 255
373 341
373 342
373 343
373 344
373 345
373 346
373 352
373 370
373 371
373 372
373 374
373 375
373 376
373 377
373 378
373 379
373 380
373 389
373 392
373 397
373 398
373 399
373 400
373 401
373 414
373 415
374 250
374 251
374 252
374 254
374 255
374 290
374 343
374 344
374 345
374 346
374 347
374 371
374 372
374 373
374 375
374 376
374 377
374 378
374 398
374 399
374 400
374 401
374 402
374 403
374 404
374 405
374 413
374 414
374 415
375 190
375 191
375 251
375 343
375 344
375 345
375 346
375 347
375 350
375 372
375 373
375 374
375 376
375 377
375 378
375 379
375 399
375 400
375 401
375 402
375 403
375 404
375 405
375 406
375 509
376 343
376 344
376 345
376 346
376 347
376 350
376 351
376 352
376 372
376 373
376 374
376 375
376 377
376 378
376 379
376 380
376 385
376 386
376 388
376 389
376 399
376 400
376 401
376 402
376 404
376 405
376 508
376 509
376 510
377 232
377 235
377 236
377 344
377 345
377 371
377 372
377 373
377 374
377 375
377 376
377 378
377 379
377 380
377 381
377 382
377 386
377 388
377 389
377 392
377 398
377 399
377 400
377 401
377 402
377 404
377 405
377 406
378 345
378 373
378 374
378 375
378 376
378 377
378 379
378 380
378 381
378 382
378 385
378 386
378 400
378 401
378 402
378 403
378 404
378 405
378 406
378 407
378 475
378 476
378 479
378 570
379 344
379 345
379 373
379 375
379 376
379 377
379 378
379 380
379 381
379 382
379 383
379 384
379 385
379 386
379 387
379 388
379 389
379 405
379 406
379 475
379 476
379 479
379 480
379 483
379 509
380 232
380 235
380 236
380 237
380 373
380 376
380 377
380 378
380 379
380 381
380 382
380 383
380 384
380 385
380 386
380 387
380 388
380 389
380 390
380 392
380 475
380 476
380 479
381 232
381 235
381 236
381 377
381 378
381 379
381 380
381 382
381 383
381 384
381 385
381 386
381 406
381 472
381 473
381 474
381 475
381 476
381 477
381 478
381 479
381 480
382 377
382 378
382 379
382 380
382 381
382 383
382 384
382 385
382 386
382 387
382 472
382 473
382 474
382 475
382 476
382 477
382 478
382 479
382 480
383 379
383 380
383 381
383 382
383 384
383 385
383 386
383 387
383 473
383 476
383 480
384 379
384 380
384 381
384 382
384 383
384 385
384 386
384 387
384 388
384 476
384 479
384 480
385 376
385 378
385 379
385 380
385 381
385 382
385 383
385 384
385 386
385 387
385 388
385 389
385 476
385 479
385 480
385 483
385 508
385 509
386 235
386 236
386 376
386 377
386 378
386 379
386 380
386 381
386 382
386 383
386 384
386 385
386 387
386 388
386 389
386 390
387 379
387 380
387 382
387 383
387 384
387 385
387 386
387 388
387 389
387 390
387 391
387 392
388 344
388 345
388 351
388 352
388 353
388 354
388 355
388 376
388 377
388 379
388 380
388 384
388 385
388 386
388 387
388 389
388 390
388 391
388 392
388 508
388 509
389 236
389 343
389 344
389 345
389 352
389 353
389 354
389 355
389 356
389 371
389 373
389 376
389 377
389 379
389 380
389 385
389 386
389 387
389 388
389 390
389 391
389 392
389 393
390 236
390 237
390 344
390 352
390 353
390 354
390 355
390 356
390 380
390 386
390 387
390 388
390 389
390 391
390 392
390 393
390 394
391 236
391 237
391 354
391 355
391 356
391 357
391 358
391 359
391 360
391 371
391 387
391 388
391 389
391 390
391 392
391 393
391 394
391 395
392 236
392 237
392 238
392 342
392 344
392 354
392 355
392 356
392 359
392 369
392 370
392 371
392 372
392 373
392 377
392 380
392 387
392 388
392 389
392 390
392 391
392 393
392 394
392 395
392 396
392 397
392 398
393 233
393 234
393 235
393 236
393 237
393 238
393 239
393 355
393 356
393 359
393 371
393 389
393 390
393 391
393 392
393 394
393 395
393 396
393 397
393 398
393 418
394 236
394 237
394 238
394 355
394 356
394 358
394 359
394 360
394 362
394 363
394 369
394 370
394 371
394 390
394 391
394 392
394 393
394 395
394 396
394 397
394 418
395 236
395 237
395 238
395 341
395 342
395 355
395 356
395 358
395 359
395 362
395 368
395 369
395 370
395 371
395 391
395 392
395 393
395 394
395 396
395 397
395 398
395 416
395 417
395 418
396 238
396 243
396 258
396 261
396 262
396 359
396 367
396 368
396 369
396 370
396 371
396 392
396 393
396 394
396 395
396 397
396 398
396 416
396 417
396 418
396 419
397 233
397 243
397 244
397 245
397 254
397 255
397 257
397 258
397 259
397 261
397 262
397 341
397 368
397 369
397 370
397 371
397 372
397 373
397 392
397 393
397 394
397 395
397 396
397 398
397 399
397 400
397 415
397 416
397 417
397 418
397 419
398 232
398 233
398 236
398 245
398 254
398 255
398 258
398 341
398 342
398 343
398 344
398 369
398 370
398 371
398 372
398 373
398 374
398 377
398 392
398 393
398 395
398 396
398 397
398 399
398 400
398 414
398 415
398 416
398 417
398 418
399 245
399 247
399 248
399 250
399 251
399 252
399 253
399 254
399 255
399 256
399 257
399 258
399 343
399 344
399 370
399 371
399 372
399 373
399 374
399 375
399 376
399 377
399 397
399 398
399 400
399 401
399 413
399 414
399 415
399 416
399 417
400 232
400 247
400 250
400 251
400 254
400 255
400 344
400 371
400 372
400 373
400 374
400 375
400 376
400 377
400 378
400 397
400 398
400 399
400 401
400 402
400 403
400 404
400 405
400 412
400 413
400 414
400 415
400 416
401 191
401 247
401 248
401 250
401 251
401 254
401 372
401 373
401 374
401 375
401 376
401 377
401 378
401 399
401 400
401 402
401 403
401 404
401 405
401 406
401 407
401 408
401 410
401 411
401 412
401 413
401 414
401 415
402 191
402 251
402 374
402 375
402 376
402 377
402 378
402 400
402 401
402 403
402 404
402 405
402 406
402 407
402 408
402 409
402 410
402 411
402 412
402 413
402 414
402 463
403 190
403 191
403 192
403 193
403 198
403 250
403 251
403 374
403 375
403 378
403 400
403 401
403 402
403 404
403 405
403 406
403 407
403 408
403 409
403 410
403 411
403 412
403 413
403 459
403 463
403 570
404 189
404 190
404 191
404 192
404 193
404 374
404 375
404 376
404 377
404 378
404 400
404 401
404 402
404 403
404 405
404 406
404 407
404 408
404 409
404 410
404 411
404 412
404 413
404 569
404 570
404 571
405 190
405 191
405 192
405 193
405 374
405 375
405 376
405 377
405 378
405 379
405 400
405 401
405 402
405 403
405 404
405 406
405 407
405 408
405 475
405 478
405 479
405 482
405 510
405 568
405 569
405 570
405 571
405 572
406 191
406 192
406 193
406 195
406 375
406 377
406 378
406 379
406 381
406 401
406 402
406 403
406 404
406 405
406 407
406 408
406 409
406 463
406 466
406 467
406 474
406 475
406 476
406 478
406 479
406 570
406 571
406 572
407 182
407 190
407 191
407 192
407 193
407 194
407 195
407 198
407 378
407 401
407 402
407 403
407 404
407 405
407 406
407 408
407 409
407 410
407 412
407 463
407 466
407 475
407 478
407 479
407 570
407 571
407 572
408 191
408 192
408 193
408 194
408 195
408 196
408 197
408 198
408 199
408 201
408 202
408 401
408 402
408 403
408 404
408 405
408 406
408 407
408 409
408 410
408 411
408 412
408 413
408 459
408 460
408 462
408 463
408 464
408 466
408 467
409 191
409 192
409 193
409 194
409 195
409 196
409 197
409 198
409 199
409 201
409 202
409 402
409 403
409 404
409 406
409 407
409 408
409 410
409 411
409 412
409 459
409 462
409 463
410 191
410 192
410 198
410 202
410 249
410 250
410 401
410 402
410 403
410 404
410 407
410 408
410 409
410 411
410 412
410 413
410 459
410 462
411 191
411 247
411 248
411 249
411 250
411 251
411 401
411 402
411 403
411 404
411 408
411 409
411 410
411 412
411 413
411 457
411 458
411 459
411 460
412 247
412 248
412 249
412 250
412 251
412 400
412 401
412 402
412 403
412 404
412 407
412 408
412 409
412 410
412 411
412 413
412 414
412 457
412 458
412 459
412 460
412 461
412 462
412 463
413 246
413 247
413 248
413 249
413 250
413 251
413 252
413 253
413 254
413 374
413 399
413 400
413 401
413 402
413 403
413 404
413 408
413 410
413 411
413 412
413 414
413 415
413 416
413 459
413 460
414 225
414 228
414 229
414 232
414 245
414 246
414 247
414 248
414 249
414 250
414 251
414 253
414 254
414 255
414 373
414 374
414 398
414 399
414 400
414 401
414 402
414 412
414 413
414 415
414 416
414 417
414 459
414 460
415 229
415 244
415 245
415 246
415 247
415 248
415 250
415 251
415 253
415 254
415 255
415 256
415 257
415 258
415 372
415 373
415 374
415 397
415 398
415 399
415 400
415 401
415 413
415 414
415 416
415 417
415 423
416 229
416 230
416 232
416 233
416 236
416 243
416 244
416 245
416 246
416 247
416 254
416 257
416 258
416 370
416 371
416 395
416 396
416 397
416 398
416 399
416 400
416 413
416 414
416 415
416 417
416 418
416 419
416 420
416 423
417 229
417 233
417 238
417 242
417 243
417 244
417 245
417 246
417 257
417 258
417 261
417 262
417 370
417 395
417 396
417 397
417 398
417 399
417 414
417 415
417 416
417 418
417 419
417 420
417 421
417 422
417 423
418 233
418 238
418 239
418 242
418 243
418 244
418 245
418 393
418 394
418 395
418 396
418 397
418 398
418 416
418 417
418 419
418 420
418 421
418 422
419 242
419 243
419 244
419 245
419 261
419 265
419 396
419 397
419 416
419 417
419 418
419 420
419 421
419 422
419 423
420 242
420 243
420 244
420 245
420 416
420 417
420 418
420 419
420 421
420 422
420 423
420 424
420 425
421 243
421 244
421 245
421 261
421 417
421 418
421 419
421 420
421 422
421 423
421 424
421 425
421 426
421 450
422 243
422 244
422 245
422 260
422 261
422 262
422 263
422 264
422 265
422 268
422 417
422 418
422 419
422 420
422 421
422 423
422 424
422 425
422 426
422 427
422 428
422 450
423 244
423 245
423 246
423 257
423 258
423 260
423 261
423 262
423 264
423 265
423 415
423 416
423 417
423 419
423 420
423 421
423 422
423 424
423 425
423 426
423 427
423 428
423 447
423 449
423 450
423 451
423 452
424 244
424 261
424 420
424 421
424 422
424 423
424 425
424 426
424 427
424 428
424 429
424 430
424 447
424 448
424 449
424 450
424 451
425 261
425 264
425 265
425 268
425 271
425 420
425 421
425 422
425 423
425 424
425 426
425 427
425 428
425 429
425 449
425 450
426 257
426 260
426 261
426 262
426 263
426 264
426 265
426 268
426 270
426 271
426 421
426 422
426 423
426 424
426 425
426 427
426 428
426 429
426 449
426 450
426 451
426 452
427 257
427 260
427 261
427 264
427 271
427 422
427 423
427 424
427 425
427 426
427 428
427 429
427 430
427 448
427 449
427 450
427 451
427 452
427 453
428 422
428 423
428 424
428 425
428 426
428 427
428 429
428 430
428 431
428 435
428 448
428 449
428 450
428 451
428 452
429 424
429 425
429 426
429 427
429 428
429 430
429 431
429 432
429 435
429 449
429 450
429 451
429 452
430 424
430 427
430 428
430 429
430 431
430 432
430 433
430 434
430 435
430 436
430 437
430 448
430 449
430 450
431 428
431 429
431 430
431 432
431 433
431 434
431 435
431 436
431 449
432 429
432 430
432 431
432 433
432 434
432 435
432 436
432 437
433 430
433 431
433 432
433 434
433 435
433 436
434 213
434 214
434 430
434 431
434 432
434 433
434 435
434 436
434 437
434 446
434 448
434 449
434 454
435 213
435 214
435 428
435 429
435 430
435 431
435 432
435 433
435 434
435 436
435 437
435 438
435 439
435 443
435 444
435 446
435 447
435 448
435 449
436 430
436 431
436 432
436 433
436 434
436 435
436 437
436 438
436 439
436 440
436 443
436 446
437 430
437 432
437 434
437 435
437 436
437 438
437 439
437 440
437 441
437 442
437 443
437 444
437 446
438 435
438 436
438 437
438 439
438 440
438 441
438 442
438 443
439 216
439 435
439 436
439 437
439 438
439 440
439 441
439 442
439 443
440 216
440 436
440 437
440 438
440 439
440 441
440 442
440 443
441 215
441 216
441 437
441 438
441 439
441 440
441 442
441 443
441 444
441 445
441 446
442 215
442 437
442 438
442 439
442 440
442 441
442 443
442 444
442 445
442 446
443 214
443 215
443 216
443 435
443 436
443 437
443 438
443 439
443 440
443 441
443 442
443 444
443 445
443 446
443 447
444 214
444 215
444 435
444 437
444 441
444 442
444 443
444 445
444 446
444 447
445 213
445 214
445 215
445 216
445 219
445 222
445 223
445 226
445 441
445 442
445 443
445 444
445 446
445 447
445 448
446 212
446 213
446 214
446 215
446 216
446 217
446 218
446 219
446 222
446 434
446 435
446 436
446 437
446 441
446 442
446 443
446 444
446 445
446 447
446 448
446 449
446 450
447 212
447 213
447 214
447 215
447 222
447 225
447 226
447 245
447 246
447 423
447 424
447 435
447 443
447 444
447 445
447 446
447 448
447 449
447 450
447 451
448 211
448 212
448 213
448 214
448 215
448 246
448 424
448 427
448 428
448 430
448 434
448 435
448 445
448 446
448 447
448 449
448 450
448 451
448 452
448 453
448 454
448 455
448 456
449 213
449 214
449 423
449 424
449 425
449 426
449 427
449 428
449 429
449 430
449 431
449 434
449 435
449 446
449 447
449 448
449 450
449 451
449 452
449 453
449 454
450 213
450 244
450 245
450 246
450 421
450 422
450 423
450 424
450 425
450 426
450 427
450 428
450 429
450 430
450 446
450 447
450 448
450 449
450 451
450 452
450 453
450 454
451 213
451 245
451 246
451 247
451 248
451 257
451 423
451 424
451 426
451 427
451 428
451 429
451 447
451 448
451 449
451 450
451 452
451 453
451 454
451 455
451 456
452 248
452 253
452 256
452 257
452 260
452 423
452 426
452 427
452 428
452 429
452 448
452 449
452 450
452 451
452 453
452 454
452 455
452 456
453 212
453 213
453 248
453 249
453 427
453 448
453 449
453 450
453 451
453 452
453 454
453 455
453 456
453 457
454 211
454 212
454 213
454 434
454 448
454 449
454 450
454 451
454 452
454 453
454 455
454 456
454 457
455 210
455 211
455 212
455 213
455 448
455 451
455 452
455 453
455 454
455 456
455 457
455 458
456 210
456 211
456 212
456 213
456 247
456 248
456 249
456 448
456 451
456 452
456 453
456 454
456 455
456 457
456 458
456 459
457 205
457 206
457 209
457 210
457 211
457 212
457 213
457 247
457 248
457 249
457 411
457 412
457 453
457 454
457 455
457 456
457 458
457 459
457 460
458 202
458 205
458 206
458 208
458 209
458 210
458 211
458 212
458 213
458 218
458 221
458 222
458 225
458 247
458 411
458 412
458 455
458 456
458 457
458 459
458 460
458 461
458 462
459 201
459 202
459 205
459 212
459 221
459 225
459 247
459 248
459 249
459 403
459 408
459 409
459 410
459 411
459 412
459 413
459 414
459 456
459 457
459 458
459 460
459 461
459 462
459 463
459 464
460 201
460 202
460 205
460 212
460 221
460 222
460 223
460 224
460 225
460 226
460 228
460 229
460 246
460 247
460 408
460 411
460 412
460 413
460 414
460 457
460 458
460 459
460 461
460 462
460 463
460 464
460 465
461 198
461 200
461 201
461 202
461 204
461 205
461 220
461 221
461 222
461 224
461 225
461 228
461 412
461 458
461 459
461 460
461 462
461 463
461 464
461 465
461 466
461 467
462 195
462 196
462 197
462 198
462 199
462 200
462 201
462 202
462 203
462 204
462 205
462 408
462 409
462 410
462 412
462 458
462 459
462 460
462 461
462 463
462 464
462 465
462 466
462 467
462 468
463 197
463 198
463 201
463 202
463 224
463 225
463 228
463 402
463 403
463 406
463 407
463 408
463 409
463 412
463 459
463 460
463 461
463 462
463 464
463 465
463 466
463 467
463 468
463 469
464 197
464 198
464 201
464 221
464 224
464 225
464 227
464 228
464 408
464 459
464 460
464 461
464 462
464 463
464 465
464 466
464 467
464 468
464 469
464 471
465 197
465 198
465 200
465 201
465 202
465 224
465 460
465 461
465 462
465 463
465 464
465 466
465 467
465 468
465 469
465 470
465 471
466 195
466 196
466 197
466 198
466 199
466 200
466 201
466 406
466 407
466 408
466 461
466 462
466 463
466 464
466 465
466 467
466 468
466 469
466 470
466 471
466 472
466 474
466 475
467 197
467 198
467 228
467 406
467 408
467 461
467 462
467 463
467 464
467 465
467 466
467 468
467 469
467 470
467 471
467 472
467 473
467 474
467 475
468 197
468 462
468 463
468 464
468 465
468 466
468 467
468 469
468 470
468 471
468 472
468 474
469 197
469 198
469 463
469 464
469 465
469 466
469 467
469 468
469 470
469 471
469 472
469 474
469 475
470 197
470 465
470 466
470 467
470 468
470 469
470 471
470 472
470 473
470 474
470 475
470 476
470 477
470 478
471 464
471 465
471 466
471 467
471 468
471 469
471 470
471 472
471 473
471 474
471 475
471 476
472 381
472 382
472 466
472 467
472 468
472 469
472 470
472 471
472 473
472 474
472 475
472 476
472 477
473 381
473 382
473 383
473 467
473 470
473 471
473 472
473 474
473 475
473 476
473 477
473 478
473 479
474 381
474 382
474 406
474 466
474 467
474 468
474 469
474 470
474 471
474 472
474 473
474 475
474 476
474 477
474 478
474 479
474 480
475 378
475 379
475 380
475 381
475 382
475 405
475 406
475 407
475 466
475 467
475 469
475 470
475 471
475 472
475 473
475 474
475 476
475 477
475 478
475 479
475 480
476 378
476 379
476 380
476 381
476 382
476 383
476 384
476 385
476 406
476 470
476 471
476 472
476 473
476 474
476 475
476 477
476 478
476 479
476 480
476 481
477 381
477 382
477 470
477 472
477 473
477 474
477 475
477 476
477 478
477 479
477 480
477 481
477 482
477 572
478 381
478 382
478 405
478 406
478 407
478 470
478 473
478 474
478 475
478 476
478 477
478 479
478 480
478 481
478 482
478 483
478 570
478 571
478 572
478 573
479 378
479 379
479 380
479 381
479 382
479 384
479 385
479 405
479 406
479 407
479 473
479 474
479 475
479 476
479 477
479 478
479 480
479 481
479 482
479 483
479 484
479 510
479 569
479 570
479 571
479 572
480 379
480 381
480 382
480 383
480 384
480 385
480 474
480 475
480 476
480 477
480 478
480 479
480 481
480 482
480 483
480 484
480 485
480 486
480 510
481 476
481 477
481 478
481 479
481 480
481 482
481 483
481 484
481 485
481 486
481 487
481 510
481 569
481 570
481 571
481 572
481 574
481 575
482 405
482 477
482 478
482 479
482 480
482 481
482 483
482 484
482 485
482 486
482 487
482 488
482 509
482 510
482 568
482 569
482 570
482 571
482 572
482 573
482 574
482 575
482 576
483 379
483 385
483 478
483 479
483 480
483 481
483 482
483 484
483 485
483 486
483 487
483 488
483 489
483 507
483 508
483 509
483 510
483 511
483 568
483 569
483 570
484 479
484 480
484 481
484 482
484 483
484 485
484 486
484 487
484 488
484 489
484 490
484 509
484 510
484 569
484 576
485 480
485 481
485 482
485 483
485 484
485 486
485 487
485 488
485 489
485 490
485 491
485 510
485 568
485 569
485 570
485 574
485 575
485 576
485 577
485 578
485 579
486 480
486 481
486 482
486 483
486 484
486 485
486 487
486 488
486 489
486 490
486 491
486 492
486 506
486 507
486 508
486 509
486 510
486 511
486 512
486 567
486 568
486 569
486 570
486 576
486 579
487 481
487 482
487 483
487 484
487 485
487 486
487 488
487 489
487 490
487 491
487 492
487 506
487 507
487 508
487 509
487 510
487 511
487 512
488 482
488 483
488 484
488 485
488 486
488 487
488 489
488 490
488 491
488 492
488 493
488 576
488 579
488 580
489 483
489 484
489 485
489 486
489 487
489 488
489 490
489 491
489 492
489 493
489 494
489 510
489 511
489 512
489 567
489 576
489 579
489 580
489 582
489 583
490 484
490 485
490 486
490 487
490 488
490 489
490 491
490 492
490 493
490 494
490 495
490 501
490 506
490 507
490 510
490 511
490 512
490 513
490 514
490 567
491 485
491 486
491 487
491 488
491 489
491 490
491 492
491 493
491 494
491 495
491 496
491 506
492 486
492 487
492 488
492 489
492 490
492 491
492 493
492 494
492 495
492 496
492 499
492 579
492 580
492 583
493 488
493 489
493 490
493 491
493 492
493 494
493 495
493 496
493 497
493 498
493 499
493 500
493 501
493 512
493 514
493 516
493 583
494 489
494 490
494 491
494 492
494 493
494 495
494 496
494 497
494 498
494 499
494 500
494 501
494 504
494 506
494 514
495 490
495 491
495 492
495 493
495 494
495 496
495 497
495 498
495 499
495 500
495 501
496 491
496 492
496 493
496 494
496 495
496 497
496 498
496 499
496 500
496 501
496 516
496 517
497 493
497 494
497 495
497 496
497 498
497 499
497 500
497 516
497 517
497 518
497 519
497 522
497 523
498 493
498 494
498 495
498 496
498 497
498 499
498 500
498 515
498 516
498 517
498 518
498 519
498 521
498 522
498 583
498 586
498 587
498 590
498 591
499 492
499 493
499 494
499 495
499 496
499 497
499 498
499 500
499 501
499 502
499 514
499 515
499 516
499 517
499 518
499 522
499 583
499 586
499 587
500 493
500 494
500 495
500 496
500 497
500 498
500 499
500 501
500 502
500 503
500 513
500 514
500 515
500 516
500 517
500 522
500 564
501 490
501 493
501 494
501 495
501 496
501 499
501 500
501 502
501 503
501 504
501 505
501 506
501 512
501 513
501 514
501 515
501 516
501 564
501 565
502 314
502 315
502 349
502 499
502 500
502 501
502 503
502 504
502 505
502 512
502 513
502 514
502 515
502 558
502 561
502 562
502 563
502 564
502 565
502 566
503 314
503 315
503 316
503 349
503 500
503 501
503 502
503 504
503 505
503 506
503 507
503 512
503 513
503 514
503 561
504 314
504 315
504 494
504 501
504 502
504 503
504 505
504 506
504 507
505 314
505 315
505 501
505 502
505 503
505 504
505 506
505 507
505 508
506 315
506 486
506 487
506 490
506 491
506 494
506 501
506 503
506 504
506 505
506 507
506 508
506 509
506 511
506 512
507 315
507 349
507 350
507 351
507 483
507 486
507 487
507 490
507 503
507 504
507 505
507 506
507 508
507 509
507 510
507 511
507 512
507 513
508 315
508 345
508 346
508 349
508 350
508 351
508 352
508 376
508 385
508 388
508 483
508 486
508 487
508 505
508 506
508 507
508 509
508 510
508 511
508 512
509 344
509 345
509 346
509 347
509 348
509 349
509 350
509 351
509 352
509 375
509 376
509 379
509 385
509 388
509 482
509 483
509 484
509 486
509 487
509 506
509 507
509 508
509 510
509 511
509 512
509 568
509 569
510 190
510 345
510 349
510 350
510 376
510 405
510 479
510 480
510 481
510 482
510 483
510 484
510 485
510 486
510 487
510 489
510 490
510 507
510 508
510 509
510 511
510 512
510 513
510 566
510 567
510 568
510 569
510 570
511 190
511 345
511 346
511 347
511 348
511 349
511 350
511 351
511 483
511 486
511 487
511 489
511 490
511 506
511 507
511 508
511 509
511 510
511 512
511 513
511 514
511 565
511 566
511 567
511 568
511 569
511 570
512 348
512 349
512 350
512 486
512 487
512 489
512 490
512 493
512 501
512 502
512 503
512 506
512 507
512 508
512 509
512 510
512 511
512 513
512 514
512 565
512 566
512 567
512 568
512 569
513 348
513 349
513 350
513 490
513 500
513 501
513 502
513 503
513 507
513 510
513 511
513 512
513 514
513 515
513 554
513 555
513 556
513 564
513 565
513 566
513 567
513 568
514 490
514 493
514 494
514 499
514 500
514 501
514 502
514 503
514 511
514 512
514 513
514 515
514 516
514 517
514 538
514 555
514 563
514 564
514 565
514 566
514 567
515 498
515 499
515 500
515 501
515 502
515 513
515 514
515 516
515 517
515 518
515 534
515 535
515 537
515 538
515 555
515 562
515 563
515 564
515 565
515 566
516 493
516 496
516 497
516 498
516 499
516 500
516 501
516 514
516 515
516 517
516 518
516 519
516 521
516 522
516 534
516 537
516 538
516 541
516 564
516 565
516 583
516 586
516 587
516 590
516 591
517 496
517 497
517 498
517 499
517 500
517 514
517 515
517 516
517 518
517 519
517 520
517 521
517 522
517 523
517 534
517 537
517 538
517 587
517 590
517 591
517 593
518 497
518 498
518 499
518 515
518 516
518 517
518 519
518 520
518 521
518 522
518 534
518 537
518 587
518 589
518 590
518 591
518 592
518 593
519 497
519 498
519 516
519 517
519 518
519 520
519 521
519 522
519 523
519 524
519 590
519 591
519 592
519 593
520 517
520 518
520 519
520 521
520 522
520 523
520 524
520 533
520 534
520 591
520 592
520 593
521 498
521 516
521 517
521 518
521 519
521 520
521 522
521 523
521 524
521 525
521 526
521 530
521 531
521 533
521 534
521 593
522 497
522 498
522 499
522 500
522 516
522 517
522 518
522 519
522 520
522 521
522 523
522 524
522 525
523 497
523 517
523 519
523 520
523 521
523 522
523 524
523 525
523 526
524 519
524 520
524 521
524 522
524 523
524 525
524 526
524 527
524 530
525 521
525 522
525 523
525 524
525 526
525 527
525 528
525 529
525 530
525 531
526 521
526 523
526 524
526 525
526 527
526 528
526 529
526 530
526 531
527 524
527 525
527 526
527 528
527 529
527 530
527 531
527 532
528 525
528 526
528 527
528 529
528 530
528 531
528 532
528 533
528 534
528 560
528 562
529 525
529 526
529 527
529 528
529 530
529 531
529 532
529 533
529 534
529 535
530 521
530 524
530 525
530 526
530 527
530 528
530 529
530 531
530 532
530 533
530 534
530 535
530 562
531 521
531 525
531 526
531 527
531 528
531 529
531 530
531 532
531 533
531 534
531 535
531 536
531 560
531 561
531 562
531 563
532 527
532 528
532 529
532 530
532 531
532 533
532 534
532 535
532 536
532 537
532 561
532 562
532 563
533 520
533 521
533 528
533 529
533 530
533 531
533 532
533 534
533 535
533 536
533 537
533 562
533 563
533 593
534 515
534 516
534 517
534 518
534 520
534 521
534 528
534 529
534 530
534 531
534 532
534 533
534 535
534 536
534 537
534 538
534 539
534 561
534 562
534 563
534 564
534 593
535 515
535 529
535 530
535 531
535 532
535 533
535 534
535 536
535 537
535 538
535 539
535 540
535 556
535 557
535 561
535 562
535 563
535 564
536 531
536 532
536 533
536 534
536 535
536 537
536 538
536 539
536 540
536 541
536 562
536 563
536 564
536 593
537 515
537 516
537 517
537 518
537 532
537 533
537 534
537 535
537 536
537 538
537 539
537 540
537 541
537 542
537 562
537 563
537 564
537 565
537 589
537 590
537 593
538 514
538 515
538 516
538 517
538 534
538 535
538 536
538 537
538 539
538 540
538 541
538 542
538 543
538 553
538 554
538 555
538 556
538 557
538 562
538 563
538 564
538 565
538 586
538 590
539 534
539 535
539 536
539 537
539 538
539 540
539 541
539 542
539 543
539 544
539 545
539 554
539 555
539 556
539 563
539 564
539 565
540 535
540 536
540 537
540 538
540 539
540 541
540 542
540 543
540 544
540 545
540 589
540 590
540 593
541 516
541 536
541 537
541 538
541 539
541 540
541 542
541 543
541 544
541 545
541 546
541 553
541 555
541 585
541 586
541 587
541 588
541 589
541 590
541 591
541 593
542 537
542 538
542 539
542 540
542 541
542 543
542 544
542 545
542 546
542 547
542 548
542 551
542 552
542 553
542 554
542 555
542 565
542 586
542 589
542 590
543 140
543 538
543 539
543 540
543 541
543 542
543 544
543 545
543 546
543 547
543 548
543 549
543 552
543 589
544 539
544 540
544 541
544 542
544 543
544 545
544 546
544 547
544 548
544 549
544 550
544 551
544 585
544 586
544 589
544 590
545 137
545 138
545 140
545 539
545 540
545 541
545 542
545 543
545 544
545 546
545 547
545 548
545 549
545 550
545 551
545 552
545 553
545 585
545 586
545 589
546 136
546 137
546 138
546 139
546 140
546 141
546 541
546 542
546 543
546 544
546 545
546 547
546 548
546 549
546 550
546 551
546 552
546 553
547 138
547 139
547 140
547 141
547 542
547 543
547 544
547 545
547 546
547 548
547 549
547 550
548 136
548 137
548 138
548 139
548 140
548 542
548 543
548 544
548 545
548 546
548 547
548 549
548 550
548 551
548 552
549 135
549 136
549 137
549 138
549 139
549 140
549 179
549 185
549 186
549 543
549 544
549 545
549 546
549 547
549 548
549 550
549 551
549 552
550 133
550 134
550 135
550 136
550 137
550 138
550 139
550 185
550 186
550 544
550 545
550 546
550 547
550 548
550 549
550 551
550 552
550 581
550 582
550 585
551 133
551 136
551 137
551 138
551 183
551 184
551 185
551 186
551 187
551 188
551 542
551 544
551 545
551 546
551 548
551 549
551 550
551 552
551 553
551 578
551 581
551 582
551 585
551 586
552 137
552 138
552 179
552 181
552 183
552 185
552 186
552 187
552 188
552 189
552 542
552 543
552 545
552 546
552 548
552 549
552 550
552 551
552 553
552 554
552 555
552 567
552 582
553 185
553 186
553 187
553 188
553 189
553 538
553 541
553 542
553 545
553 546
553 551
553 552
553 554
553 555
553 565
553 566
553 567
553 568
553 582
553 586
554 186
554 187
554 188
554 189
554 190
554 348
554 513
554 538
554 539
554 542
554 552
554 553
554 555
554 556
554 563
554 564
554 565
554 566
554 567
554 568
555 188
555 348
555 513
555 514
555 515
555 538
555 539
555 541
555 542
555 552
555 553
555 554
555 556
555 557
555 562
555 563
555 564
555 565
555 566
555 567
556 348
556 513
556 535
556 538
556 539
556 554
556 555
556 557
556 558
556 561
556 562
556 563
556 564
556 565
556 566
557 348
557 535
557 538
557 555
557 556
557 558
557 559
557 560
557 561
557 562
557 563
557 564
557 565
557 566
558 287
558 288
558 348
558 349
558 502
558 556
558 557
558 559
558 560
558 561
558 562
558 563
558 564
559 287
559 288
559 557
559 558
559 560
559 561
559 562
560 528
560 531
560 557
560 558
560 559
560 561
560 562
560 563
561 502
561 503
561 531
561 532
561 534
561 535
561 556
561 557
561 558
561 559
561 560
561 562
561 563
561 564
562 502
562 515
562 528
562 530
562 531
562 532
562 533
562 534
562 535
562 536
562 537
562 538
562 555
562 556
562 557
562 558
562 559
562 560
562 561
562 563
562 564
563 502
563 514
563 515
563 531
563 532
563 533
563 534
563 535
563 536
563 537
563 538
563 539
563 554
563 555
563 556
563 557
563 558
563 560
563 561
563 562
563 564
563 565
563 566
564 500
564 501
564 502
564 513
564 514
564 515
564 516
564 534
564 535
564 536
564 537
564 538
564 539
564 554
564 555
564 556
564 557
564 558
564 561
564 562
564 563
564 565
564 566
564 567
565 188
565 348
565 501
565 502
565 511
565 512
565 513
565 514
565 515
565 516
565 537
565 538
565 539
565 542
565 553
565 554
565 555
565 556
565 557
565 563
565 564
565 566
565 567
565 568
565 586
566 187
566 188
566 189
566 347
566 348
566 349
566 350
566 502
566 510
566 511
566 512
566 513
566 514
566 515
566 553
566 554
566 555
566 556
566 557
566 563
566 564
566 565
566 567
566 568
567 186
567 187
567 188
567 189
567 190
567 348
567 349
567 486
567 489
567 490
567 510
567 511
567 512
567 513
567 514
567 552
567 553
567 554
567 555
567 564
567 565
567 566
567 568
567 569
567 579
567 582
568 186
568 187
568 188
568 189
568 190
568 191
568 192
568 347
568 348
568 349
568 350
568 405
568 482
568 483
568 485
568 486
568 509
568 510
568 511
568 512
568 513
568 553
568 554
568 565
568 566
568 567
568 569
568 570
568 571
569 184
569 185
569 186
569 187
569 188
569 189
569 190
569 191
569 192
569 193
569 404
569 405
569 479
569 481
569 482
569 483
569 484
569 485
569 486
569 509
569 510
569 511
569 512
569 567
569 568
569 570
569 571
569 572
569 573
569 574
569 575
569 579
570 184
570 186
570 187
570 189
570 190
570 191
570 192
570 193
570 378
570 403
570 404
570 405
570 406
570 407
570 478
570 479
570 481
570 482
570 483
570 485
570 486
570 510
570 511
570 568
570 569
570 571
570 572
570 573
570 574
571 181
571 182
571 183
571 184
571 185
571 186
571 187
571 190
571 191
571 192
571 193
571 194
571 195
571 404
571 405
571 406
571 407
571 478
571 479
571 481
571 482
571 568
571 569
571 570
571 572
571 573
571 574
571 575
572 182
572 184
572 192
572 193
572 194
572 195
572 405
572 406
572 407
572 477
572 478
572 479
572 481
572 482
572 569
572 570
572 571
572 573
572 574
572 575
573 130
573 131
573 182
573 183
573 184
573 185
573 186
573 192
573 193
573 194
573 195
573 478
573 482
573 569
573 570
573 571
573 572
573 574
573 575
573 578
574 131
574 182
574 183
574 184
574 185
574 186
574 187
574 192
574 193
574 481
574 482
574 485
574 569
574 570
574 571
574 572
574 573
574 575
574 576
574 577
574 578
574 579
575 184
575 185
575 481
575 482
575 485
575 569
575 571
575 572
575 573
575 574
575 576
575 577
575 578
575 579
575 580
575 581
576 482
576 484
576 485
576 486
576 488
576 489
576 574
576 575
576 577
576 578
576 579
576 580
576 581
576 582
577 184
577 185
577 485
577 574
577 575
577 576
577 578
577 579
577 580
577 581
577 582
577 583
578 133
578 184
578 185
578 186
578 485
578 551
578 573
578 574
578 575
578 576
578 577
578 579
578 580
578 581
578 582
578 583
578 584
579 184
579 185
579 187
579 485
579 486
579 488
579 489
579 492
579 567
579 569
579 574
579 575
579 576
579 577
579 578
579 580
579 581
579 582
579 583
579 584
579 585
580 488
580 489
580 492
580 575
580 576
580 577
580 578
580 579
580 581
580 582
580 583
580 584
580 585
581 185
581 550
581 551
581 575
581 576
581 577
581 578
581 579
581 580
581 582
581 583
581 584
581 585
581 586
581 587
582 185
582 186
582 187
582 489
582 550
582 551
582 552
582 553
582 567
582 576
582 577
582 578
582 579
582 580
582 581
582 583
582 584
582 585
582 586
582 587
582 588
583 489
583 492
583 493
583 498
583 499
583 516
583 577
583 578
583 579
583 580
583 581
583 582
583 584
583 585
583 586
583 587
583 588
584 578
584 579
584 580
584 581
584 582
584 583
584 585
584 586
584 587
584 588
584 589
584 590
585 541
585 544
585 545
585 550
585 551
585 579
585 580
585 581
585 582
585 583
585 584
585 586
585 587
585 588
585 589
585 590
585 591
586 498
586 499
586 516
586 538
586 541
586 542
586 544
586 545
586 551
586 553
586 565
586 581
586 582
586 583
586 584
586 585
586 587
586 588
586 589
586 590
586 591
587 498
587 499
587 516
587 517
587 518
587 541
587 581
587 582
587 583
587 584
587 585
587 586
587 588
587 589
587 590
587 591
587 592
588 541
588 582
588 583
588 584
588 585
588 586
588 587
588 589
588 590
588 591
588 592
589 518
589 537
589 540
589 541
589 542
589 543
589 544
589 545
589 584
589 585
589 586
589 587
589 588
589 590
589 591
589 592
589 593
590 498
590 516
590 517
590 518
590 519
590 537
590 538
590 540
590 541
590 542
590 544
590 584
590 585
590 586
590 587
590 588
590 589
590 591
590 592
590 593
591 498
591 516
591 517
591 518
591 519
591 520
591 541
591 585
591 586
591 587
591 588
591 589
591 590
591 592
591 593
592 518
592 519
592 520
592 587
592 588
592 589
592 590
592 591
592 593
593 517
593 518
593 519
593 520
593 521
593 533
593 534
593 536
593 537
593 540
593 541
593 589
593 590
593 591
593 592
