0 1
0 2
1 0
1 2
1 3
1 4
2 0
2 1
2 3
2 4
2 5
3 1
3 2
3 4
3 5
3 6
4 1
4 2
4 3
4 5
4 6
4 7
5 2
5 3
5 4
5 6
5 7
5 8
6 3
6 4
6 5
6 7
6 8
6 9
7 4
7 5
7 6
7 8
7 9
7 10
8 5
8 6
8 7
8 9
8 10
8 11
9 6
9 7
9 8
9 10
9 11
9 12
10 7
10 8
10 9
10 11
10 12
10 13
11 8
11 9
11 10
11 12
11 13
11 14
11 15
11 16
12 9
12 10
12 11
12 13
12 14
12 15
12 16
12 17
13 10
13 11
13 12
13 14
13 15
13 16
13 17
13 18
14 11
14 12
14 13
14 15
14 16
14 17
14 18
14 19
15 11
15 12
15 13
15 14
15 16
15 17
15 18
15 19
15 20
16 11
16 12
16 13
16 14
16 15
16 17
16 18
16 19
16 20
16 21
17 12
17 13
17 14
17 15
17 16
17 18
17 19
17 20
17 21
17 22
18 13
18 14
18 15
18 16
18 17
18 19
18 20
18 21
18 22
18 23
19 14
19 15
19 16
19 17
19 18
19 20
19 21
19 22
19 23
20 15
20 16
20 17
20 18
20 19
20 21
20 22
20 23
20 24
20 25
21 16
21 17
21 18
21 19
21 20
21 22
21 23
21 24
22 17
22 18
22 19
22 20
22 21
22 23
22 24
22 25
23 18
23 19
23 20
23 21
23 22
23 24
23 25
23 26
23 27
24 20
24 21
24 22
24 23
24 25
24 26
24 27
24 28
25 20
25 22
25 23
25 24
25 26
25 27
25 28
25 29
26 23
26 24
26 25
26 27
26 28
26 29
26 30
26 31
26 32
27 23
27 24
27 25
27 26
27 28
27 29
27 30
27 31
27 32
28 24
28 25
28 26
28 27
28 29
28 30
28 31
28 32
28 33
28 34
29 25
29 26
29 27
29 28
29 30
29 31
29 32
29 33
29 34
29 35
30 26
30 27
30 28
30 29
30 31
30 32
30 33
30 34
30 35
30 36
31 26
31 27
31 28
31 29
31 30
31 32
31 33
31 34
31 35
31 36
31 37
32 26
32 27
32 28
32 29
32 30
32 31
32 33
32 34
32 35
32 36
32 37
32 38
33 28
33 29
33 30
33 31
33 32
33 34
33 35
33 36
33 37
33 38
33 39
34 28
34 29
34 30
34 31
34 32
34 33
34 35
34 36
34 37
34 38
34 39
34 40
35 29
35 30
35 31
35 32
35 33
35 34
35 36
35 37
35 38
35 39
35 40
35 41
35 99
36 30
36 31
36 32
36 33
36 34
36 35
36 37
36 38
36 39
36 40
36 41
37 31
37 32
37 33
37 34
37 35
37 36
37 38
37 39
37 40
37 41
37 42
37 99
37 100
38 32
38 33
38 34
38 35
38 36
38 37
38 39
38 40
38 41
38 42
38 98
38 99
38 100
38 101
39 33
39 34
39 35
39 36
39 37
39 38
39 40
39 41
39 42
39 98
39 99
39 100
40 34
40 35
40 36
40 37
40 38
40 39
40 41
40 42
40 43
40 99
40 100
40 101
40 146
41 35
41 36
41 37
41 38
41 39
41 40
41 42
41 43
41 93
41 94
41 95
41 98
41 99
41 100
41 101
41 102
42 37
42 38
42 39
42 40
42 41
42 43
42 44
42 93
42 94
42 99
42 100
42 101
42 102
42 103
42 149
42 291
42 292
43 40
43 41
43 42
43 44
43 45
43 91
43 93
43 100
43 101
43 102
43 103
43 104
43 148
43 149
43 150
43 151
43 153
43 295
44 42
44 43
44 45
44 46
44 91
44 92
44 101
44 102
44 103
44 104
44 105
44 149
44 150
44 151
44 152
44 153
44 154
44 287
44 291
44 292
44 294
44 295
45 43
45 44
45 46
45 47
45 89
45 90
45 91
45 102
45 103
45 104
45 105
45 106
45 149
45 150
45 151
45 152
45 153
45 154
45 155
45 295
46 44
46 45
46 47
46 48
46 60
46 89
46 90
46 103
46 104
46 105
46 106
46 107
46 150
46 151
46 152
46 153
46 154
46 155
46 156
46 286
47 45
47 46
47 48
47 49
47 60
47 87
47 88
47 89
47 104
47 105
47 106
47 107
47 108
47 124
47 128
47 151
47 152
47 153
47 154
47 155
47 156
47 157
47 181
47 182
47 183
48 46
48 47
48 49
48 50
48 56
48 57
48 59
48 60
48 87
48 105
48 106
48 107
48 108
48 109
48 110
48 154
48 155
48 156
48 157
48 158
48 183
48 184
49 47
49 48
49 50
49 51
49 52
49 54
49 56
49 106
49 107
49 108
49 109
49 110
49 111
49 121
49 124
49 155
49 156
49 157
49 158
49 159
49 173
49 174
49 183
49 185
50 48
50 49
50 51
50 52
50 53
50 54
50 55
50 56
50 107
50 108
50 109
50 110
50 111
50 112
50 155
50 156
50 157
50 158
50 159
50 160
50 170
50 173
50 185
50 186
50 188
51 49
51 50
51 52
51 53
51 54
51 55
51 56
51 108
51 109
51 110
51 111
51 112
51 113
51 157
51 158
51 159
51 160
51 169
51 170
51 188
52 49
52 50
52 51
52 53
52 54
52 55
52 56
52 83
52 84
52 108
52 109
52 110
52 111
52 112
52 113
52 158
52 160
53 50
53 51
53 52
53 54
53 55
53 56
53 57
53 58
53 81
53 83
53 110
53 111
53 112
53 113
53 160
53 188
53 189
54 49
54 50
54 51
54 52
54 53
54 55
54 56
54 57
54 58
54 59
54 110
54 158
54 159
54 160
54 161
54 187
54 188
54 189
54 246
54 247
55 50
55 51
55 52
55 53
55 54
55 56
55 57
55 58
55 59
55 60
55 61
55 110
55 158
55 188
55 189
55 245
55 246
55 247
55 248
56 48
56 49
56 50
56 51
56 52
56 53
56 54
56 55
56 57
56 58
56 59
56 60
56 61
56 62
56 107
56 108
56 109
56 110
56 156
56 157
56 158
56 188
56 247
57 48
57 53
57 54
57 55
57 56
57 58
57 59
57 60
57 61
57 62
57 84
57 105
57 106
57 107
57 108
57 247
58 53
58 54
58 55
58 56
58 57
58 59
58 60
58 61
58 62
58 63
58 246
58 247
58 248
58 249
59 48
59 54
59 55
59 56
59 57
59 58
59 60
59 61
59 62
59 63
59 64
59 188
59 189
59 245
59 246
59 247
59 248
59 249
59 279
60 46
60 47
60 48
60 55
60 56
60 57
60 58
60 59
60 61
60 62
60 63
60 64
60 65
60 66
60 105
60 106
60 107
60 156
60 247
60 248
61 55
61 56
61 57
61 58
61 59
61 60
61 62
61 63
61 64
61 65
61 66
61 67
61 68
61 69
61 247
61 248
61 249
62 56
62 57
62 58
62 59
62 60
62 61
62 63
62 64
62 65
62 66
62 67
62 246
62 247
62 248
62 249
62 250
62 260
62 271
62 272
62 279
62 283
63 58
63 59
63 60
63 61
63 62
63 64
63 65
63 66
63 247
63 248
63 279
63 280
63 282
63 283
63 284
63 286
63 287
64 59
64 60
64 61
64 62
64 63
64 65
64 66
64 67
64 68
64 92
64 94
64 103
64 283
64 287
65 60
65 61
65 62
65 63
65 64
65 66
65 67
65 68
65 249
66 60
66 61
66 62
66 63
66 64
66 65
66 67
66 68
66 69
66 70
66 92
66 94
67 61
67 62
67 64
67 65
67 66
67 68
67 69
67 70
67 71
67 72
67 249
68 61
68 64
68 65
68 66
68 67
68 69
68 70
68 71
68 72
68 90
68 91
68 92
69 61
69 66
69 67
69 68
69 70
69 71
69 72
69 73
69 74
70 66
70 67
70 68
70 69
70 71
70 72
70 73
71 67
71 68
71 69
71 70
71 72
71 73
71 74
72 67
72 68
72 69
72 70
72 71
72 73
72 74
72 75
73 69
73 70
73 71
73 72
73 74
73 75
73 76
74 69
74 71
74 72
74 73
74 75
74 76
74 77
74 79
74 80
75 72
75 73
75 74
75 76
75 77
75 78
75 79
75 80
75 81
76 73
76 74
76 75
76 77
76 78
76 79
76 80
76 81
77 74
77 75
77 76
77 78
77 79
77 80
77 81
77 82
78 75
78 76
78 77
78 79
78 80
78 81
78 82
78 83
79 74
79 75
79 76
79 77
79 78
79 80
79 81
79 82
79 83
80 74
80 75
80 76
80 77
80 78
80 79
80 81
80 82
80 83
81 53
81 75
81 76
81 77
81 78
81 79
81 80
81 82
81 83
81 84
82 77
82 78
82 79
82 80
82 81
82 83
82 84
82 85
83 52
83 53
83 78
83 79
83 80
83 81
83 82
83 84
83 85
83 86
83 109
83 110
84 52
84 57
84 81
84 82
84 83
84 85
84 86
84 87
84 88
84 107
84 108
84 109
84 110
85 82
85 83
85 84
85 86
85 87
85 88
85 107
85 108
85 109
85 110
85 111
86 83
86 84
86 85
86 87
86 88
86 89
86 107
86 108
86 109
86 110
86 123
87 47
87 48
87 84
87 85
87 86
87 88
87 89
87 106
87 107
87 108
87 109
87 110
87 123
87 124
87 127
88 47
88 84
88 85
88 86
88 87
88 89
88 90
88 91
88 105
88 106
88 107
88 108
88 109
89 45
89 46
89 47
89 86
89 87
89 88
89 90
89 91
89 92
89 104
89 105
89 106
89 107
89 108
90 45
90 46
90 68
90 88
90 89
90 91
90 92
90 103
90 104
90 105
90 106
90 107
91 43
91 44
91 45
91 68
91 88
91 89
91 90
91 92
91 93
91 94
91 102
91 103
91 104
91 105
91 106
92 44
92 64
92 66
92 68
92 89
92 90
92 91
92 93
92 94
92 95
92 101
92 102
92 103
92 104
92 105
93 41
93 42
93 43
93 91
93 92
93 94
93 95
93 100
93 101
93 102
93 103
93 104
94 41
94 42
94 64
94 66
94 91
94 92
94 93
94 95
94 96
94 98
94 99
94 100
94 101
94 102
94 103
95 41
95 92
95 93
95 94
95 96
95 97
95 98
95 99
95 100
95 101
95 102
96 94
96 95
96 97
96 98
96 99
96 100
96 101
97 95
97 96
97 98
97 99
97 100
98 38
98 39
98 41
98 94
98 95
98 96
98 97
98 99
98 100
98 101
99 35
99 37
99 38
99 39
99 40
99 41
99 42
99 94
99 95
99 96
99 97
99 98
99 100
99 101
100 37
100 38
100 39
100 40
100 41
100 42
100 43
100 93
100 94
100 95
100 96
100 97
100 98
100 99
100 101
100 102
100 103
101 38
101 40
101 41
101 42
101 43
101 44
101 92
101 93
101 94
101 95
101 96
101 98
101 99
101 100
101 102
101 103
101 104
102 41
102 42
102 43
102 44
102 45
102 91
102 92
102 93
102 94
102 95
102 100
102 101
102 103
102 104
102 105
102 149
103 42
103 43
103 44
103 45
103 46
103 64
103 90
103 91
103 92
103 93
103 94
103 100
103 101
103 102
103 104
103 105
103 106
103 150
104 43
104 44
104 45
104 46
104 47
104 89
104 90
104 91
104 92
104 93
104 101
104 102
104 103
104 105
104 106
104 107
104 149
104 150
104 151
104 152
105 44
105 45
105 46
105 47
105 48
105 57
105 60
105 88
105 89
105 90
105 91
105 92
105 102
105 103
105 104
105 106
105 107
105 108
105 152
106 45
106 46
106 47
106 48
106 49
106 57
106 60
106 87
106 88
106 89
106 90
106 91
106 103
106 104
106 105
106 107
106 108
106 109
106 124
106 127
106 152
106 155
107 46
107 47
107 48
107 49
107 50
107 56
107 57
107 60
107 84
107 85
107 86
107 87
107 88
107 89
107 90
107 104
107 105
107 106
107 108
107 109
107 110
108 47
108 48
108 49
108 50
108 51
108 52
108 56
108 57
108 84
108 85
108 86
108 87
108 88
108 89
108 105
108 106
108 107
108 109
108 110
108 111
108 123
108 124
109 48
109 49
109 50
109 51
109 52
109 56
109 83
109 84
109 85
109 86
109 87
109 88
109 106
109 107
109 108
109 110
109 111
109 112
109 113
109 120
109 123
109 124
110 48
110 49
110 50
110 51
110 52
110 53
110 54
110 55
110 56
110 83
110 84
110 85
110 86
110 87
110 107
110 108
110 109
110 111
110 112
110 113
110 114
110 120
111 49
111 50
111 51
111 52
111 53
111 85
111 108
111 109
111 110
111 112
111 113
111 114
111 117
111 119
111 120
111 121
111 169
111 170
111 173
112 50
112 51
112 52
112 53
112 109
112 110
112 111
112 113
112 114
112 115
112 116
112 117
112 118
112 120
112 169
112 170
113 51
113 52
113 53
113 109
113 110
113 111
113 112
113 114
113 115
113 116
113 117
114 110
114 111
114 112
114 113
114 115
114 116
114 117
114 118
114 120
115 112
115 113
115 114
115 116
115 117
115 118
116 112
116 113
116 114
116 115
116 117
116 118
116 119
116 120
117 111
117 112
117 113
117 114
117 115
117 116
117 118
117 119
117 120
117 121
117 169
118 112
118 114
118 115
118 116
118 117
118 119
118 120
118 121
118 122
118 169
118 172
118 173
119 111
119 116
119 117
119 118
119 120
119 121
119 122
119 123
119 169
119 172
119 173
119 176
120 109
120 110
120 111
120 112
120 114
120 116
120 117
120 118
120 119
120 121
120 122
120 123
120 124
120 125
120 169
120 172
120 173
121 49
121 111
121 117
121 118
121 119
121 120
121 122
121 123
121 124
121 125
121 126
121 127
121 169
121 170
121 172
121 173
121 174
121 175
121 176
121 177
122 118
122 119
122 120
122 121
122 123
122 124
122 125
122 126
122 127
122 128
122 173
122 176
122 177
123 86
123 87
123 108
123 109
123 119
123 120
123 121
123 122
123 124
123 125
123 126
123 127
123 128
123 129
124 47
124 49
124 87
124 106
124 108
124 109
124 120
124 121
124 122
124 123
124 125
124 126
124 127
124 128
124 129
124 130
124 173
124 176
124 177
125 120
125 121
125 122
125 123
125 124
125 126
125 127
125 128
125 129
125 130
125 173
125 176
125 177
125 180
125 181
126 121
126 122
126 123
126 124
126 125
126 127
126 128
126 129
126 130
126 131
126 132
127 87
127 106
127 121
127 122
127 123
127 124
127 125
127 126
127 128
127 129
127 130
127 131
127 132
127 133
127 151
127 152
128 47
128 122
128 123
128 124
128 125
128 126
128 127
128 129
128 130
128 131
128 132
128 133
128 134
128 150
128 151
128 152
128 177
128 180
128 181
129 123
129 124
129 125
129 126
129 127
129 128
129 130
129 131
129 132
129 133
129 134
129 135
129 151
129 152
129 180
129 303
129 306
130 124
130 125
130 126
130 127
130 128
130 129
130 131
130 132
130 133
130 134
130 135
130 136
130 150
130 151
131 126
131 127
131 128
131 129
131 130
131 132
131 133
131 134
131 135
131 136
131 137
131 149
131 150
131 151
131 152
132 126
132 127
132 128
132 129
132 130
132 131
132 133
132 134
132 135
132 136
132 137
132 138
132 149
132 150
132 151
132 152
132 180
132 302
132 303
132 304
132 306
132 307
133 127
133 128
133 129
133 130
133 131
133 132
133 134
133 135
133 136
133 137
133 138
133 139
133 151
133 303
133 306
133 307
133 310
134 128
134 129
134 130
134 131
134 132
134 133
134 135
134 136
134 137
134 138
134 139
134 140
134 148
134 149
134 150
134 151
135 129
135 130
135 131
135 132
135 133
135 134
135 136
135 137
135 138
135 139
135 140
135 141
135 147
135 148
135 149
135 150
135 151
135 303
135 307
136 130
136 131
136 132
136 133
136 134
136 135
136 137
136 138
136 139
136 140
136 141
136 303
136 304
136 306
136 307
136 310
137 131
137 132
137 133
137 134
137 135
137 136
137 138
137 139
137 140
137 141
137 142
138 132
138 133
138 134
138 135
138 136
138 137
138 139
138 140
138 141
138 142
138 143
138 144
138 145
138 146
138 147
138 148
138 149
139 133
139 134
139 135
139 136
139 137
139 138
139 140
139 141
139 142
139 143
139 144
139 145
139 146
139 147
140 134
140 135
140 136
140 137
140 138
140 139
140 141
140 142
140 143
140 144
141 135
141 136
141 137
141 138
141 139
141 140
141 142
141 143
141 144
141 147
142 137
142 138
142 139
142 140
142 141
142 143
142 144
142 145
143 138
143 139
143 140
143 141
143 142
143 144
143 145
143 146
143 147
144 138
144 139
144 140
144 141
144 142
144 143
144 145
144 146
144 147
144 148
145 138
145 139
145 142
145 143
145 144
145 146
145 147
145 148
146 40
146 138
146 139
146 143
146 144
146 145
146 147
146 148
146 149
147 135
147 138
147 139
147 141
147 143
147 144
147 145
147 146
147 148
147 149
147 150
148 43
148 134
148 135
148 138
148 144
148 145
148 146
148 147
148 149
148 150
148 151
149 42
149 43
149 44
149 45
149 102
149 104
149 131
149 132
149 134
149 135
149 138
149 146
149 147
149 148
149 150
149 151
149 152
149 153
149 295
150 43
150 44
150 45
150 46
150 103
150 104
150 128
150 130
150 131
150 132
150 134
150 135
150 147
150 148
150 149
150 151
150 152
150 153
151 43
151 44
151 45
151 46
151 47
151 104
151 127
151 128
151 129
151 130
151 131
151 132
151 133
151 134
151 135
151 148
151 149
151 150
151 152
151 153
151 154
151 181
151 295
151 298
151 299
151 303
152 44
152 45
152 46
152 47
152 104
152 105
152 106
152 127
152 128
152 129
152 131
152 132
152 149
152 150
152 151
152 153
152 154
152 155
152 180
152 181
152 182
152 294
152 295
152 298
152 302
153 43
153 44
153 45
153 46
153 47
153 149
153 150
153 151
153 152
153 154
153 155
153 180
153 181
153 182
153 183
153 291
153 292
153 293
153 294
153 295
153 296
153 297
153 298
153 299
153 302
154 44
154 45
154 46
154 47
154 48
154 151
154 152
154 153
154 155
154 156
154 157
154 180
154 181
154 182
154 183
154 184
154 217
154 286
154 291
154 294
154 295
154 297
154 298
155 45
155 46
155 47
155 48
155 49
155 50
155 106
155 152
155 153
155 154
155 156
155 157
155 158
155 177
155 178
155 180
155 181
155 182
155 183
155 184
155 185
155 217
156 46
156 47
156 48
156 49
156 50
156 56
156 60
156 154
156 155
156 157
156 158
156 159
156 181
156 182
156 183
156 184
156 185
156 186
157 47
157 48
157 49
157 50
157 51
157 56
157 154
157 155
157 156
157 158
157 159
157 160
157 170
157 173
157 174
157 182
157 183
157 184
157 185
157 186
157 187
157 188
157 242
158 48
158 49
158 50
158 51
158 52
158 54
158 55
158 56
158 155
158 156
158 157
158 159
158 160
158 161
158 170
158 184
158 185
158 186
158 187
158 188
158 189
158 242
158 243
158 244
158 245
159 49
159 50
159 51
159 54
159 156
159 157
159 158
159 160
159 161
159 162
159 163
159 165
159 166
159 167
159 170
159 185
159 186
159 187
159 188
159 189
159 205
159 242
159 243
159 244
160 50
160 51
160 52
160 53
160 54
160 157
160 158
160 159
160 161
160 162
160 163
160 164
160 165
160 166
160 167
160 170
160 186
160 187
160 188
160 189
160 190
161 54
161 158
161 159
161 160
161 162
161 163
161 164
161 165
161 166
161 186
161 187
161 188
161 189
161 190
161 191
161 192
161 193
161 197
161 198
161 201
161 244
162 159
162 160
162 161
162 163
162 164
162 165
162 166
162 187
162 188
162 189
162 190
162 192
162 193
162 201
163 159
163 160
163 161
163 162
163 164
163 165
163 166
163 167
163 201
163 205
164 160
164 161
164 162
164 163
164 165
164 166
164 167
164 197
164 200
164 201
164 204
164 205
165 159
165 160
165 161
165 162
165 163
165 164
165 166
165 167
165 168
165 170
165 200
165 201
165 202
165 203
165 204
165 205
165 206
165 207
165 208
165 209
166 159
166 160
166 161
166 162
166 163
166 164
166 165
166 167
166 168
166 169
166 170
166 171
166 172
166 201
166 204
166 205
166 206
166 207
166 208
166 209
167 159
167 160
167 163
167 164
167 165
167 166
167 168
167 169
167 170
167 171
167 172
167 173
167 205
167 208
168 165
168 166
168 167
168 169
168 170
168 171
168 172
168 173
168 174
169 51
169 111
169 112
169 117
169 118
169 119
169 120
169 121
169 166
169 167
169 168
169 170
169 171
169 172
169 173
169 174
169 175
170 50
170 51
170 111
170 112
170 121
170 157
170 158
170 159
170 160
170 165
170 166
170 167
170 168
170 169
170 171
170 172
170 173
170 174
170 175
170 176
171 166
171 167
171 168
171 169
171 170
171 172
171 173
171 174
171 175
171 176
171 208
171 209
171 212
171 213
171 214
172 118
172 119
172 120
172 121
172 166
172 167
172 168
172 169
172 170
172 171
172 173
172 174
172 175
172 176
172 177
172 212
172 214
173 49
173 50
173 111
173 118
173 119
173 120
173 121
173 122
173 124
173 125
173 157
173 167
173 168
173 169
173 170
173 171
173 172
173 174
173 175
173 176
173 177
173 178
174 49
174 121
174 157
174 168
174 169
174 170
174 171
174 172
174 173
174 175
174 176
174 177
174 178
174 179
174 181
174 183
174 185
174 209
174 212
174 213
174 214
174 215
174 216
175 121
175 169
175 170
175 171
175 172
175 173
175 174
175 176
175 177
175 178
175 179
175 209
175 212
175 213
175 214
175 215
175 216
176 119
176 121
176 122
176 124
176 125
176 170
176 171
176 172
176 173
176 174
176 175
176 177
176 178
176 179
176 180
176 181
176 214
177 121
177 122
177 124
177 125
177 128
177 155
177 172
177 173
177 174
177 175
177 176
177 178
177 179
177 180
177 181
177 182
177 183
177 214
177 215
177 216
178 155
178 173
178 174
178 175
178 176
178 177
178 179
178 180
178 181
178 182
178 183
178 184
178 213
178 214
178 215
178 216
178 217
178 302
179 174
179 175
179 176
179 177
179 178
179 180
179 181
179 182
179 183
179 214
179 215
179 216
179 301
179 302
179 303
179 305
179 306
180 125
180 128
180 129
180 132
180 152
180 153
180 154
180 155
180 176
180 177
180 178
180 179
180 181
180 182
180 183
180 298
180 301
180 302
180 303
180 305
180 306
181 47
181 125
181 128
181 151
181 152
181 153
181 154
181 155
181 156
181 174
181 176
181 177
181 178
181 179
181 180
181 182
181 183
181 184
181 215
181 216
181 217
181 294
181 297
181 298
181 301
181 302
181 303
182 47
182 152
182 153
182 154
182 155
182 156
182 157
182 177
182 178
182 179
182 180
182 181
182 183
182 184
182 185
182 215
182 216
182 217
182 218
182 294
182 295
182 297
182 298
182 301
182 302
183 47
183 48
183 49
183 153
183 154
183 155
183 156
183 157
183 174
183 177
183 178
183 179
183 180
183 181
183 182
183 184
183 185
183 186
183 214
183 215
183 216
183 217
183 218
183 294
184 48
184 154
184 155
184 156
184 157
184 158
184 178
184 181
184 182
184 183
184 185
184 186
184 216
184 217
184 218
184 241
184 242
184 243
184 282
184 286
185 49
185 50
185 155
185 156
185 157
185 158
185 159
185 174
185 182
185 183
185 184
185 186
185 187
185 188
185 205
185 206
185 209
185 216
185 217
185 241
185 242
185 243
185 244
186 50
186 156
186 157
186 158
186 159
186 160
186 161
186 183
186 184
186 185
186 187
186 188
186 189
186 190
186 202
186 241
186 242
186 243
186 244
186 245
186 246
186 278
186 279
186 282
187 54
187 157
187 158
187 159
187 160
187 161
187 162
187 185
187 186
187 188
187 189
187 190
187 198
187 201
187 202
187 205
187 241
187 242
187 243
187 244
187 245
187 246
187 278
188 50
188 51
188 53
188 54
188 55
188 56
188 59
188 157
188 158
188 159
188 160
188 161
188 162
188 185
188 186
188 187
188 189
188 190
188 191
188 192
188 243
188 244
188 245
188 246
188 247
189 53
189 54
189 55
189 59
189 158
189 159
189 160
189 161
189 162
189 186
189 187
189 188
189 190
189 191
189 192
189 193
189 244
189 245
189 246
189 247
189 277
190 160
190 161
190 162
190 186
190 187
190 188
190 189
190 191
190 192
190 193
190 194
190 195
190 197
190 198
190 243
190 244
190 245
190 246
190 247
190 276
190 277
190 278
191 161
191 188
191 189
191 190
191 192
191 193
191 194
191 195
191 198
191 244
191 245
191 246
191 247
191 262
191 269
191 271
191 276
191 277
192 161
192 162
192 188
192 189
192 190
192 191
192 193
192 194
192 195
192 197
192 198
192 246
193 161
193 162
193 189
193 190
193 191
193 192
193 194
193 195
193 196
193 197
193 198
193 199
193 201
193 244
194 190
194 191
194 192
194 193
194 195
194 196
194 197
194 198
194 199
195 190
195 191
195 192
195 193
195 194
195 196
195 197
195 198
195 199
195 200
195 201
195 244
195 275
195 276
195 277
196 193
196 194
196 195
196 197
196 198
196 199
196 200
196 201
197 161
197 164
197 190
197 192
197 193
197 194
197 195
197 196
197 198
197 199
197 200
197 201
197 202
197 203
198 161
198 187
198 190
198 191
198 192
198 193
198 194
198 195
198 196
198 197
198 199
198 200
198 201
198 202
198 203
198 204
198 242
198 243
198 244
199 193
199 194
199 195
199 196
199 197
199 198
199 200
199 201
199 202
199 203
199 204
199 205
199 240
199 244
200 164
200 165
200 195
200 196
200 197
200 198
200 199
200 201
200 202
200 203
200 204
200 205
201 161
201 162
201 163
201 164
201 165
201 166
201 187
201 193
201 195
201 196
201 197
201 198
201 199
201 200
201 202
201 203
201 204
201 205
201 206
201 207
201 242
202 165
202 186
202 187
202 197
202 198
202 199
202 200
202 201
202 203
202 204
202 205
202 206
202 207
202 208
202 239
202 240
202 241
202 242
202 243
202 244
203 165
203 197
203 198
203 199
203 200
203 201
203 202
203 204
203 205
203 206
203 207
203 208
203 241
203 242
204 164
204 165
204 166
204 198
204 199
204 200
204 201
204 202
204 203
204 205
204 206
204 207
204 208
204 209
204 210
205 159
205 163
205 164
205 165
205 166
205 167
205 185
205 187
205 199
205 200
205 201
205 202
205 203
205 204
205 206
205 207
205 208
205 209
205 210
205 211
205 241
205 242
206 165
206 166
206 185
206 201
206 202
206 203
206 204
206 205
206 207
206 208
206 209
206 210
206 211
206 212
206 214
206 216
206 241
206 242
207 165
207 166
207 201
207 202
207 203
207 204
207 205
207 206
207 208
207 209
207 210
207 211
207 212
207 213
208 165
208 166
208 167
208 171
208 202
208 203
208 204
208 205
208 206
208 207
208 209
208 210
208 211
208 212
208 213
208 214
209 165
209 166
209 171
209 174
209 175
209 185
209 204
209 205
209 206
209 207
209 208
209 210
209 211
209 212
209 213
209 214
209 215
209 216
210 204
210 205
210 206
210 207
210 208
210 209
210 211
210 212
210 213
210 214
210 215
210 216
211 205
211 206
211 207
211 208
211 209
211 210
211 212
211 213
211 214
212 171
212 172
212 174
212 175
212 206
212 207
212 208
212 209
212 210
212 211
212 213
212 214
212 215
213 171
213 174
213 175
213 178
213 207
213 208
213 209
213 210
213 211
213 212
213 214
213 215
213 216
214 171
214 172
214 174
214 175
214 176
214 177
214 178
214 179
214 183
214 206
214 208
214 209
214 210
214 211
214 212
214 213
214 215
214 216
214 217
215 174
215 175
215 177
215 178
215 179
215 181
215 182
215 183
215 209
215 210
215 212
215 213
215 214
215 216
215 217
215 218
216 174
216 175
216 177
216 178
216 179
216 181
216 182
216 183
216 184
216 185
216 206
216 209
216 210
216 213
216 214
216 215
216 217
216 218
216 219
216 241
216 242
217 154
217 155
217 178
217 181
217 182
217 183
217 184
217 185
217 214
217 215
217 216
217 218
217 219
217 220
217 241
217 294
217 297
218 182
218 183
218 184
218 215
218 216
218 217
218 219
218 220
218 221
218 238
218 241
218 294
218 297
219 216
219 217
219 218
219 220
219 221
219 222
219 234
219 235
219 237
219 238
219 285
219 290
219 293
219 294
220 217
220 218
220 219
220 221
220 222
220 223
220 234
220 238
220 290
220 293
220 294
220 297
221 218
221 219
221 220
221 222
221 223
221 224
221 231
221 234
221 235
222 219
222 220
222 221
222 223
222 224
222 225
222 226
222 227
222 228
222 230
222 231
222 232
222 234
222 235
223 220
223 221
223 222
223 224
223 225
223 226
223 227
223 231
224 221
224 222
224 223
224 225
224 226
224 227
224 228
224 231
225 222
225 223
225 224
225 226
225 227
225 228
225 231
226 222
226 223
226 224
226 225
226 227
226 228
226 229
226 230
226 231
227 222
227 223
227 224
227 225
227 226
227 228
227 229
227 230
227 231
227 232
227 233
228 222
228 224
228 225
228 226
228 227
228 229
228 230
228 231
228 232
228 233
228 234
229 226
229 227
229 228
229 230
229 231
229 232
229 233
229 234
229 235
230 222
230 226
230 227
230 228
230 229
230 231
230 232
230 233
230 234
230 235
230 236
230 289
231 221
231 222
231 223
231 224
231 225
231 226
231 227
231 228
231 229
231 230
231 232
231 233
231 234
231 235
231 236
231 237
232 222
232 227
232 228
232 229
232 230
232 231
232 233
232 234
232 235
232 236
232 237
232 238
233 227
233 228
233 229
233 230
233 231
233 232
233 234
233 235
233 236
233 237
233 238
233 239
233 281
233 284
233 285
233 289
234 219
234 220
234 221
234 222
234 228
234 229
234 230
234 231
234 232
234 233
234 235
234 236
234 237
234 238
234 239
234 240
234 281
234 285
234 289
234 290
235 219
235 221
235 222
235 229
235 230
235 231
235 232
235 233
235 234
235 236
235 237
235 238
235 239
235 240
236 230
236 231
236 232
236 233
236 234
236 235
236 237
236 238
236 239
236 240
236 241
236 281
237 219
237 231
237 232
237 233
237 234
237 235
237 236
237 238
237 239
237 240
237 241
237 242
237 243
237 278
237 281
237 282
237 284
237 285
238 218
238 219
238 220
238 232
238 233
238 234
238 235
238 236
238 237
238 239
238 240
238 241
238 242
238 243
239 202
239 233
239 234
239 235
239 236
239 237
239 238
239 240
239 241
239 242
239 243
240 199
240 202
240 234
240 235
240 236
240 237
240 238
240 239
240 241
240 242
240 243
240 244
240 278
240 281
240 282
241 184
241 185
241 186
241 187
241 202
241 203
241 205
241 206
241 216
241 217
241 218
241 236
241 237
241 238
241 239
241 240
241 242
241 243
241 244
241 278
241 281
241 282
242 157
242 158
242 159
242 184
242 185
242 186
242 187
242 198
242 201
242 202
242 203
242 205
242 206
242 216
242 237
242 238
242 239
242 240
242 241
242 243
242 244
242 245
242 278
242 282
243 158
243 159
243 184
243 185
243 186
243 187
243 188
243 190
243 198
243 202
243 237
243 238
243 239
243 240
243 241
243 242
243 244
243 245
243 246
243 277
243 278
243 279
243 280
243 281
243 282
244 158
244 159
244 161
244 185
244 186
244 187
244 188
244 189
244 190
244 191
244 193
244 195
244 198
244 199
244 202
244 240
244 241
244 242
244 243
244 245
244 246
244 276
244 277
244 278
244 279
244 281
244 282
245 55
245 59
245 158
245 186
245 187
245 188
245 189
245 190
245 191
245 242
245 243
245 244
245 246
245 247
245 271
245 276
245 277
245 278
245 279
245 280
245 281
245 282
246 54
246 55
246 58
246 59
246 62
246 186
246 187
246 188
246 189
246 190
246 191
246 192
246 243
246 244
246 245
246 247
246 248
246 261
246 262
246 269
246 270
246 271
246 272
246 276
246 277
246 278
246 279
247 54
247 55
247 56
247 57
247 58
247 59
247 60
247 61
247 62
247 63
247 188
247 189
247 190
247 191
247 245
247 246
247 248
247 249
247 250
247 260
247 261
247 262
247 270
247 271
247 272
247 277
247 279
248 55
248 58
248 59
248 60
248 61
248 62
248 63
248 246
248 247
248 249
248 250
248 251
248 252
248 260
248 261
248 262
248 263
248 269
248 270
248 271
248 272
249 58
249 59
249 61
249 62
249 65
249 67
249 247
249 248
249 250
249 251
249 252
249 260
249 261
249 262
249 271
250 62
250 247
250 248
250 249
250 251
250 252
250 253
250 258
250 259
250 260
250 261
250 262
250 263
251 248
251 249
251 250
251 252
251 253
251 254
251 257
251 258
251 259
251 260
251 261
251 262
251 263
251 270
252 248
252 249
252 250
252 251
252 253
252 254
252 255
252 256
252 257
252 258
252 259
252 260
252 261
252 262
252 263
252 268
252 269
252 270
253 250
253 251
253 252
253 254
253 255
253 256
253 257
253 258
253 259
253 260
253 261
253 263
253 268
253 270
254 251
254 252
254 253
254 255
254 256
254 257
254 258
254 259
254 260
254 261
254 268
254 269
254 270
255 252
255 253
255 254
255 256
255 257
255 258
255 259
256 252
256 253
256 254
256 255
256 257
256 258
256 259
257 251
257 252
257 253
257 254
257 255
257 256
257 258
257 259
257 260
258 250
258 251
258 252
258 253
258 254
258 255
258 256
258 257
258 259
258 260
258 261
259 250
259 251
259 252
259 253
259 254
259 255
259 256
259 257
259 258
259 260
259 261
259 262
259 268
259 269
259 270
259 271
259 272
259 273
260 62
260 247
260 248
260 249
260 250
260 251
260 252
260 253
260 254
260 257
260 258
260 259
260 261
260 262
260 263
260 268
260 269
260 270
260 271
260 272
260 273
261 246
261 247
261 248
261 249
261 250
261 251
261 252
261 253
261 254
261 258
261 259
261 260
261 262
261 263
261 264
261 268
261 269
261 270
261 271
261 272
261 273
262 191
262 246
262 247
262 248
262 249
262 250
262 251
262 252
262 259
262 260
262 261
262 263
262 264
262 267
262 268
262 269
262 270
262 271
263 248
263 250
263 251
263 252
263 253
263 260
263 261
263 262
263 264
263 265
263 266
263 267
263 268
263 269
263 270
264 261
264 262
264 263
264 265
264 266
264 267
264 268
264 269
265 263
265 264
265 266
265 267
265 268
266 263
266 264
266 265
266 267
266 268
266 269
267 262
267 263
267 264
267 265
267 266
267 268
267 269
267 270
268 252
268 253
268 254
268 259
268 260
268 261
268 262
268 263
268 264
268 265
268 266
268 267
268 269
268 270
268 271
269 191
269 246
269 248
269 252
269 254
269 259
269 260
269 261
269 262
269 263
269 264
269 266
269 267
269 268
269 270
269 271
269 272
269 273
269 275
269 276
269 277
270 246
270 247
270 248
270 251
270 252
270 253
270 254
270 259
270 260
270 261
270 262
270 263
270 267
270 268
270 269
270 271
270 272
270 273
270 274
270 275
270 276
270 277
271 62
271 191
271 245
271 246
271 247
271 248
271 249
271 259
271 260
271 261
271 262
271 268
271 269
271 270
271 272
271 273
271 274
271 275
271 276
271 277
271 278
271 279
271 280
272 62
272 246
272 247
272 248
272 259
272 260
272 261
272 269
272 270
272 271
272 273
272 274
272 275
272 276
272 277
272 278
272 279
272 280
272 281
272 283
273 259
273 260
273 261
273 269
273 270
273 271
273 272
273 274
273 275
273 276
273 277
273 278
273 279
273 280
274 270
274 271
274 272
274 273
274 275
274 276
274 277
274 278
274 279
274 280
274 281
275 195
275 269
275 270
275 271
275 272
275 273
275 274
275 276
275 277
275 278
276 190
276 191
276 195
276 244
276 245
276 246
276 269
276 270
276 271
276 272
276 273
276 274
276 275
276 277
276 278
276 279
277 189
277 190
277 191
277 195
277 243
277 244
277 245
277 246
277 247
277 269
277 270
277 271
277 272
277 273
277 274
277 275
277 276
277 278
277 279
277 280
277 281
277 282
278 186
278 187
278 190
278 237
278 240
278 241
278 242
278 243
278 244
278 245
278 246
278 271
278 272
278 273
278 274
278 275
278 276
278 277
278 279
278 280
278 281
278 282
278 283
279 59
279 62
279 63
279 186
279 243
279 244
279 245
279 246
279 247
279 271
279 272
279 273
279 274
279 276
279 277
279 278
279 280
279 281
279 282
279 283
279 284
279 285
280 63
280 243
280 245
280 271
280 272
280 273
280 274
280 277
280 278
280 279
280 281
280 282
280 283
280 284
280 285
280 286
281 233
281 234
281 236
281 237
281 240
281 241
281 243
281 244
281 245
281 272
281 274
281 277
281 278
281 279
281 280
281 282
281 283
281 284
281 285
281 286
282 63
282 184
282 186
282 237
282 240
282 241
282 242
282 243
282 244
282 245
282 277
282 278
282 279
282 280
282 281
282 283
282 284
282 285
282 286
282 287
282 288
283 62
283 63
283 64
283 272
283 278
283 279
283 280
283 281
283 282
283 284
283 285
283 286
283 287
283 288
283 289
284 63
284 233
284 237
284 279
284 280
284 281
284 282
284 283
284 285
284 286
284 287
284 288
284 289
284 290
284 291
285 219
285 233
285 234
285 237
285 279
285 280
285 281
285 282
285 283
285 284
285 286
285 287
285 288
285 289
285 290
285 291
285 294
286 46
286 63
286 154
286 184
286 280
286 281
286 282
286 283
286 284
286 285
286 287
286 288
286 289
286 290
286 291
286 292
286 293
286 294
287 44
287 63
287 64
287 282
287 283
287 284
287 285
287 286
287 288
287 289
287 290
287 291
287 292
288 282
288 283
288 284
288 285
288 286
288 287
288 289
288 290
288 291
288 292
289 230
289 233
289 234
289 283
289 284
289 285
289 286
289 287
289 288
289 290
289 291
289 292
289 293
289 294
290 219
290 220
290 234
290 284
290 285
290 286
290 287
290 288
290 289
290 291
290 292
290 293
290 294
290 295
290 296
291 42
291 44
291 153
291 154
291 284
291 285
291 286
291 287
291 288
291 289
291 290
291 292
291 293
291 294
291 295
291 296
292 42
292 44
292 153
292 286
292 287
292 288
292 289
292 290
292 291
292 293
292 294
292 295
292 296
292 297
292 298
293 153
293 219
293 220
293 286
293 289
293 290
293 291
293 292
293 294
293 295
293 296
293 297
293 298
293 299
294 44
294 152
294 153
294 154
294 181
294 182
294 183
294 217
294 218
294 219
294 220
294 285
294 286
294 289
294 290
294 291
294 292
294 293
294 295
294 296
294 297
294 298
294 299
295 43
295 44
295 45
295 149
295 151
295 152
295 153
295 154
295 182
295 290
295 291
295 292
295 293
295 294
295 296
295 297
295 298
295 299
295 300
295 301
295 302
296 153
296 290
296 291
296 292
296 293
296 294
296 295
296 297
296 298
296 299
296 300
296 301
296 302
296 303
297 153
297 154
297 181
297 182
297 217
297 218
297 220
297 292
297 293
297 294
297 295
297 296
297 298
297 299
297 300
297 301
297 302
297 303
297 304
298 151
298 152
298 153
298 154
298 180
298 181
298 182
298 292
298 293
298 294
298 295
298 296
298 297
298 299
298 300
298 301
298 302
298 303
298 304
298 305
299 151
299 153
299 293
299 294
299 295
299 296
299 297
299 298
299 300
299 301
299 302
299 303
299 304
299 305
299 306
300 295
300 296
300 297
300 298
300 299
300 301
300 302
300 303
300 304
300 305
301 179
301 180
301 181
301 182
301 295
301 296
301 297
301 298
301 299
301 300
301 302
301 303
301 304
301 305
301 306
301 307
302 132
302 152
302 153
302 178
302 179
302 180
302 181
302 182
302 295
302 296
302 297
302 298
302 299
302 300
302 301
302 303
302 304
302 305
302 306
302 307
303 129
303 132
303 133
303 135
303 136
303 151
303 179
303 180
303 181
303 296
303 297
303 298
303 299
303 300
303 301
303 302
303 304
303 305
303 306
303 307
303 308
303 309
304 132
304 136
304 297
304 298
304 299
304 300
304 301
304 302
304 303
304 305
304 306
304 307
304 308
304 309
304 310
305 179
305 180
305 298
305 299
305 300
305 301
305 302
305 303
305 304
305 306
305 307
305 308
305 309
305 310
306 129
306 132
306 133
306 136
306 179
306 180
306 299
306 301
306 302
306 303
306 304
306 305
306 307
306 308
306 309
306 310
306 311
306 312
307 132
307 133
307 135
307 136
307 301
307 302
307 303
307 304
307 305
307 306
307 308
307 309
307 310
307 311
307 312
307 313
308 303
308 304
308 305
308 306
308 307
308 309
308 310
308 311
308 312
308 313
308 314
309 303
309 304
309 305
309 306
309 307
309 308
309 310
309 311
309 312
309 313
309 314
309 315
310 133
310 136
310 304
310 305
310 306
310 307
310 308
310 309
310 311
310 312
310 313
310 314
310 315
310 316
311 306
311 307
311 308
311 309
311 310
311 312
311 313
311 314
311 315
311 316
311 317
312 306
312 307
312 308
312 309
312 310
312 311
312 313
312 314
312 315
312 316
312 317
312 318
313 307
313 308
313 309
313 310
313 311
313 312
313 314
313 315
313 316
313 317
313 318
313 319
314 308
314 309
314 310
314 311
314 312
314 313
314 315
314 316
314 317
314 318
314 319
315 309
315 310
315 311
315 312
315 313
315 314
315 316
315 317
315 318
315 319
315 320
315 321
316 310
316 311
316 312
316 313
316 314
316 315
316 317
316 318
316 319
316 320
316 321
316 322
317 311
317 312
317 313
317 314
317 315
317 316
317 318
317 319
317 320
317 321
317 322
318 312
318 313
318 314
318 315
318 316
318 317
318 319
318 320
318 321
318 322
318 323
319 313
319 314
319 315
319 316
319 317
319 318
319 320
319 321
319 322
319 323
319 324
320 315
320 316
320 317
320 318
320 319
320 321
320 322
320 323
320 324
321 315
321 316
321 317
321 318
321 319
321 320
321 322
321 323
321 324
321 325
322 316
322 317
322 318
322 319
322 320
322 321
322 323
322 324
322 325
322 326
323 318
323 319
323 320
323 321
323 322
323 324
323 325
323 326
324 319
324 320
324 321
324 322
324 323
324 325
324 326
324 327
325 321
325 322
325 323
325 324
325 326
325 327
325 328
326 322
326 323
326 324
326 325
326 327
326 328
326 329
327 324
327 325
327 326
327 328
327 329
327 330
328 325
328 326
328 327
328 329
328 330
328 331
329 326
329 327
329 328
329 330
329 331
329 332
330 327
330 328
330 329
330 331
330 332
330 333
331 328
331 329
331 330
331 332
331 333
331 334
332 329
332 330
332 331
332 333
332 334
332 335
333 330
333 331
333 332
333 334
333 335
333 336
334 331
334 332
334 333
334 335
334 336
334 337
335 332
335 333
335 334
335 336
335 337
335 338
335 340
335 341
336 333
336 334
336 335
336 337
336 338
336 339
336 340
336 341
337 334
337 335
337 336
337 338
337 339
337 340
337 341
337 342
337 343
338 335
338 336
338 337
338 339
338 340
338 341
338 342
338 343
339 336
339 337
339 338
339 340
339 341
339 342
339 343
339 344
339 345
340 335
340 336
340 337
340 338
340 339
340 341
340 342
340 343
340 344
340 345
340 346
341 335
341 336
341 337
341 338
341 339
341 340
341 342
341 343
341 344
341 345
341 346
341 347
342 337
342 338
342 339
342 340
342 341
342 343
342 344
342 345
342 346
342 347
342 348
343 337
343 338
343 339
343 340
343 341
343 342
343 344
343 345
343 346
343 347
343 348
343 349
344 339
344 340
344 341
344 342
344 343
344 345
344 346
344 347
344 348
344 349
344 350
345 339
345 340
345 341
345 342
345 343
345 344
345 346
345 347
345 348
345 349
345 350
345 351
346 340
346 341
346 342
346 343
346 344
346 345
346 347
346 348
346 349
346 350
346 351
346 352
347 341
347 342
347 343
347 344
347 345
347 346
347 348
347 349
347 350
347 351
347 352
347 353
348 342
348 343
348 344
348 345
348 346
348 347
348 349
348 350
348 351
348 352
348 353
348 354
349 343
349 344
349 345
349 346
349 347
349 348
349 350
349 351
349 352
349 353
349 354
349 355
350 344
350 345
350 346
350 347
350 348
350 349
350 351
350 352
350 353
350 354
350 355
350 356
351 345
351 346
351 347
351 348
351 349
351 350
351 352
351 353
351 354
351 355
351 356
351 357
352 346
352 347
352 348
352 349
352 350
352 351
352 353
352 354
352 355
352 356
352 357
352 358
353 347
353 348
353 349
353 350
353 351
353 352
353 354
353 355
353 356
353 357
353 358
353 359
354 348
354 349
354 350
354 351
354 352
354 353
354 355
354 356
354 357
354 358
354 359
354 360
355 349
355 350
355 351
355 352
355 353
355 354
355 356
355 357
355 358
355 359
355 360
355 361
356 350
356 351
356 352
356 353
356 354
356 355
356 357
356 358
356 359
356 360
356 361
356 362
357 351
357 352
357 353
357 354
357 355
357 356
357 358
357 359
357 360
357 361
357 362
357 363
358 352
358 353
358 354
358 355
358 356
358 357
358 359
358 360
358 361
358 362
358 363
358 364
359 353
359 354
359 355
359 356
359 357
359 358
359 360
359 361
359 362
359 363
359 364
359 365
360 354
360 355
360 356
360 357
360 358
360 359
360 361
360 362
360 363
360 364
360 365
360 366
361 355
361 356
361 357
361 358
361 359
361 360
361 362
361 363
361 364
361 365
361 366
362 356
362 357
362 358
362 359
362 360
362 361
362 363
362 364
362 365
362 366
362 367
363 357
363 358
363 359
363 360
363 361
363 362
363 364
363 365
363 366
363 367
363 368
364 358
364 359
364 360
364 361
364 362
364 363
364 365
364 366
364 367
364 368
365 359
365 360
365 361
365 362
365 363
365 364
365 366
365 367
365 368
366 360
366 361
366 362
366 363
366 364
366 365
366 367
366 368
367 362
367 363
367 364
367 365
367 366
367 368
368 363
368 364
368 365
368 366
368 367
