0 1
0 2
0 3
0 31
0 32
0 33
0 48
0 49
0 52
0 378
0 406
0 407
0 408
0 409
0 410
0 411
1 0
1 2
1 3
1 31
1 32
1 46
1 47
1 48
1 49
1 50
1 51
1 52
1 53
1 408
1 409
1 410
1 411
1 412
1 442
2 0
2 1
2 3
2 4
2 5
2 29
2 30
2 31
2 32
2 33
2 45
2 46
2 47
2 48
2 49
2 50
2 52
2 409
2 410
2 411
2 412
3 0
3 1
3 2
3 4
3 5
3 29
3 30
3 31
3 32
3 33
3 45
3 46
3 47
3 48
3 49
4 2
4 3
4 5
4 6
4 29
4 30
4 31
4 32
4 40
4 41
4 44
4 45
4 46
4 47
4 48
5 2
5 3
5 4
5 6
5 7
5 8
5 26
5 29
5 30
5 40
5 43
5 44
5 45
5 46
5 47
5 48
6 4
6 5
6 7
6 8
6 9
6 43
6 44
6 45
6 46
6 47
7 5
7 6
7 8
7 9
7 10
7 43
7 44
7 45
7 47
8 5
8 6
8 7
8 9
8 10
8 11
9 6
9 7
9 8
9 10
9 11
9 12
10 7
10 8
10 9
10 11
10 12
10 13
11 8
11 9
11 10
11 12
11 13
11 14
12 9
12 10
12 11
12 13
12 14
12 15
13 10
13 11
13 12
13 14
13 15
13 16
14 11
14 12
14 13
14 15
14 16
15 12
15 13
15 14
15 16
15 17
15 18
16 13
16 14
16 15
16 17
16 18
16 19
17 15
17 16
17 18
17 19
17 20
18 15
18 16
18 17
18 19
18 20
18 21
19 16
19 17
19 18
19 20
19 21
19 22
20 17
20 18
20 19
20 21
20 22
20 23
21 18
21 19
21 20
21 22
21 23
21 24
22 19
22 20
22 21
22 23
22 24
22 25
23 20
23 21
23 22
23 24
23 25
23 26
24 21
24 22
24 23
24 25
24 26
24 27
25 22
25 23
25 24
25 26
25 27
25 28
26 5
26 23
26 24
26 25
26 27
26 28
26 29
27 24
27 25
27 26
27 28
27 29
27 30
28 25
28 26
28 27
28 29
28 30
28 31
29 2
29 3
29 4
29 5
29 26
29 27
29 28
29 30
29 31
29 32
30 2
30 3
30 4
30 5
30 27
30 28
30 29
30 31
30 32
30 33
30 396
30 398
31 0
31 1
31 2
31 3
31 4
31 28
31 29
31 30
31 32
31 33
31 34
31 396
31 398
31 399
32 0
32 1
32 2
32 3
32 4
32 29
32 30
32 31
32 33
32 34
32 35
32 36
32 37
32 38
32 39
32 40
32 46
32 47
32 398
33 0
33 2
33 3
33 30
33 31
33 32
33 34
33 35
33 36
33 37
33 38
33 39
33 398
33 399
33 402
33 409
34 31
34 32
34 33
34 35
34 36
34 37
34 38
34 39
34 40
34 350
34 351
34 352
34 374
34 375
34 376
34 409
34 411
35 32
35 33
35 34
35 36
35 37
35 38
35 39
35 350
35 351
35 352
35 374
36 32
36 33
36 34
36 35
36 37
36 38
36 39
36 398
37 32
37 33
37 34
37 35
37 36
37 38
37 39
37 40
37 398
38 32
38 33
38 34
38 35
38 36
38 37
38 39
38 40
38 41
39 32
39 33
39 34
39 35
39 36
39 37
39 38
39 40
39 41
39 42
39 44
40 4
40 5
40 32
40 34
40 37
40 38
40 39
40 41
40 42
40 43
40 44
40 45
40 46
41 4
41 38
41 39
41 40
41 42
41 43
41 44
41 45
42 39
42 40
42 41
42 43
42 44
42 45
43 5
43 6
43 7
43 40
43 41
43 42
43 44
43 45
44 4
44 5
44 6
44 7
44 39
44 40
44 41
44 42
44 43
44 45
44 46
44 47
45 2
45 3
45 4
45 5
45 6
45 7
45 40
45 41
45 42
45 43
45 44
45 46
45 47
45 48
45 412
46 1
46 2
46 3
46 4
46 5
46 6
46 32
46 40
46 44
46 45
46 47
46 48
46 49
46 411
46 412
47 1
47 2
47 3
47 4
47 5
47 6
47 7
47 32
47 44
47 45
47 46
47 48
47 49
47 50
47 412
48 0
48 1
48 2
48 3
48 4
48 5
48 45
48 46
48 47
48 49
48 50
48 51
48 52
48 53
48 410
48 411
48 412
49 0
49 1
49 2
49 3
49 46
49 47
49 48
49 50
49 51
49 52
49 53
50 1
50 2
50 47
50 48
50 49
50 51
50 52
50 53
50 54
50 55
50 56
50 112
50 113
50 114
50 442
51 1
51 48
51 49
51 50
51 52
51 53
51 54
51 55
51 113
51 114
51 442
51 443
52 0
52 1
52 2
52 48
52 49
52 50
52 51
52 53
52 54
52 55
52 56
52 113
52 408
52 410
52 441
52 442
52 443
52 444
53 1
53 48
53 49
53 50
53 51
53 52
53 54
53 55
53 56
53 112
53 113
53 114
53 440
53 441
53 442
53 443
53 444
53 445
54 50
54 51
54 52
54 53
54 55
54 56
54 111
54 112
54 113
54 114
54 427
54 428
54 440
54 441
54 442
54 443
54 444
54 445
55 50
55 51
55 52
55 53
55 54
55 56
55 57
55 82
55 83
55 84
55 110
55 111
55 112
55 113
55 114
55 428
55 429
55 439
55 440
55 441
55 442
55 443
56 50
56 52
56 53
56 54
56 55
56 57
56 58
56 110
56 111
56 112
56 113
56 428
56 429
56 430
56 438
56 439
56 440
56 441
56 442
57 55
57 56
57 58
57 59
57 107
57 110
57 111
57 112
57 113
57 138
57 430
57 437
57 438
57 439
57 440
57 441
58 56
58 57
58 59
58 60
58 107
58 138
58 140
58 430
58 431
58 432
58 435
58 436
58 437
58 438
58 439
58 440
59 57
59 58
59 60
59 61
59 62
59 105
59 107
59 138
59 139
59 140
59 432
59 435
59 436
59 437
59 438
59 439
60 58
60 59
60 61
60 62
60 63
60 64
60 140
60 432
60 433
60 434
60 435
60 436
60 437
60 438
61 59
61 60
61 62
61 63
61 64
61 65
61 90
61 92
61 103
61 105
61 140
61 141
61 142
61 435
61 436
61 437
62 59
62 60
62 61
62 63
62 64
62 65
62 92
62 93
62 94
62 434
62 435
62 436
63 60
63 61
63 62
63 64
63 65
63 66
63 91
63 92
63 93
63 94
63 95
63 99
63 100
63 101
63 434
63 435
63 436
64 60
64 61
64 62
64 63
64 65
64 66
64 67
64 90
64 91
64 92
64 93
64 94
64 95
64 100
64 415
64 417
64 432
64 433
64 434
64 435
64 436
64 437
65 61
65 62
65 63
65 64
65 66
65 67
65 68
65 90
65 91
65 92
65 93
65 94
65 100
65 101
65 102
65 103
65 150
65 151
65 152
65 153
65 154
65 416
65 417
65 418
65 431
65 432
65 433
65 434
65 435
65 436
65 437
66 63
66 64
66 65
66 67
66 68
66 90
66 91
66 92
66 93
66 150
66 151
66 152
66 153
66 154
66 217
66 356
66 415
66 416
66 417
66 418
66 432
66 433
66 434
66 436
67 64
67 65
67 66
67 68
67 69
67 89
67 90
67 91
67 92
67 93
67 151
67 152
67 153
67 154
67 155
67 167
67 168
67 217
67 417
67 418
67 419
67 431
67 432
67 433
68 65
68 66
68 67
68 69
68 70
68 71
68 88
68 89
68 90
68 91
68 92
68 102
68 103
68 104
68 151
68 152
68 153
68 154
68 155
68 156
68 165
68 167
68 417
68 418
68 419
68 420
68 430
68 431
68 432
68 437
69 67
69 68
69 70
69 71
69 72
69 87
69 88
69 89
69 90
69 91
69 104
69 153
69 154
69 155
69 156
69 157
69 165
69 418
69 419
69 420
69 421
69 422
69 430
69 431
70 68
70 69
70 71
70 72
70 73
70 86
70 87
70 88
70 89
70 90
70 104
70 105
70 154
70 155
70 156
70 157
70 420
70 421
70 422
70 423
70 424
70 430
71 68
71 69
71 70
71 72
71 73
71 86
71 87
71 88
71 89
71 90
71 104
71 105
71 106
71 155
71 156
71 157
71 158
71 163
71 164
71 165
71 179
71 183
71 422
71 423
72 69
72 70
72 71
72 73
72 74
72 75
72 76
72 77
72 86
72 87
72 88
72 156
72 157
72 158
72 163
72 422
72 423
72 424
73 70
73 71
73 72
73 74
73 75
73 76
73 77
73 85
73 86
73 87
73 88
73 163
73 183
73 424
74 72
74 73
74 75
74 76
74 77
74 424
75 72
75 73
75 74
75 76
75 77
75 78
75 79
75 84
75 85
75 86
75 424
76 72
76 73
76 74
76 75
76 77
76 78
76 79
76 424
76 425
77 72
77 73
77 74
77 75
77 76
77 78
77 79
77 80
77 422
77 423
77 424
77 425
77 426
78 75
78 76
78 77
78 79
78 80
78 81
78 363
78 422
78 423
78 424
78 425
78 426
78 427
79 75
79 76
79 77
79 78
79 80
79 81
79 82
79 83
79 84
79 85
79 422
79 423
79 424
79 425
79 426
79 428
80 77
80 78
80 79
80 81
80 82
80 83
80 84
80 424
80 425
80 426
80 427
80 428
81 78
81 79
81 80
81 82
81 83
81 84
81 111
81 112
81 425
82 55
82 79
82 80
82 81
82 83
82 84
82 85
82 109
82 110
82 111
82 112
82 116
83 55
83 79
83 80
83 81
83 82
83 84
83 85
83 108
83 109
83 110
83 111
83 112
83 136
83 138
84 55
84 75
84 79
84 80
84 81
84 82
84 83
84 85
84 86
84 107
84 108
84 109
84 110
84 111
84 112
84 138
84 425
85 73
85 75
85 79
85 82
85 83
85 84
85 86
85 87
85 106
85 107
85 108
85 109
85 110
85 111
85 138
85 139
85 140
85 425
86 70
86 71
86 72
86 73
86 75
86 84
86 85
86 87
86 88
86 105
86 106
86 107
86 108
86 109
86 110
86 140
86 422
86 424
86 425
86 430
86 439
87 69
87 70
87 71
87 72
87 73
87 85
87 86
87 88
87 89
87 104
87 105
87 106
87 107
87 108
87 140
87 141
87 183
87 186
87 422
88 68
88 69
88 70
88 71
88 72
88 73
88 86
88 87
88 89
88 90
88 103
88 104
88 105
88 106
88 107
88 142
88 156
88 183
88 430
89 67
89 68
89 69
89 70
89 71
89 87
89 88
89 90
89 91
89 102
89 103
89 104
89 105
89 106
89 142
89 143
89 144
89 154
89 155
89 156
89 164
89 165
89 179
89 182
89 183
90 61
90 64
90 65
90 66
90 67
90 68
90 69
90 70
90 71
90 88
90 89
90 91
90 92
90 101
90 102
90 103
90 104
90 105
90 144
90 151
90 153
90 154
90 155
90 156
90 165
90 167
90 432
91 63
91 64
91 65
91 66
91 67
91 68
91 69
91 89
91 90
91 92
91 93
91 94
91 100
91 101
91 102
91 103
91 104
91 144
91 145
91 147
91 150
91 151
91 152
91 153
91 154
91 155
91 167
91 168
91 169
92 61
92 62
92 63
92 64
92 65
92 66
92 67
92 68
92 90
92 91
92 93
92 94
92 95
92 99
92 100
92 101
92 102
92 103
92 147
92 149
92 150
92 151
92 152
92 153
92 154
92 169
93 62
93 63
93 64
93 65
93 66
93 67
93 91
93 92
93 94
93 95
93 96
93 97
93 99
93 100
93 101
93 149
93 150
93 151
93 152
93 169
93 170
93 434
94 62
94 63
94 64
94 65
94 91
94 92
94 93
94 95
94 96
94 97
94 98
94 99
94 100
94 101
94 148
94 149
94 150
94 151
95 63
95 64
95 92
95 93
95 94
95 96
95 97
95 98
95 99
95 100
95 149
95 150
96 93
96 94
96 95
96 97
96 98
96 99
96 100
96 148
96 149
96 150
97 93
97 94
97 95
97 96
97 98
97 99
97 100
97 101
97 147
97 148
97 149
97 150
97 151
97 170
97 171
98 94
98 95
98 96
98 97
98 99
98 100
98 101
98 146
98 147
98 148
98 149
98 150
99 63
99 92
99 93
99 94
99 95
99 96
99 97
99 98
99 100
99 101
99 146
99 147
99 148
99 149
99 150
100 63
100 64
100 65
100 91
100 92
100 93
100 94
100 95
100 96
100 97
100 98
100 99
100 101
100 102
100 103
100 144
100 145
100 146
100 147
100 148
100 149
100 150
100 151
101 63
101 65
101 90
101 91
101 92
101 93
101 94
101 97
101 98
101 99
101 100
101 102
101 103
101 104
101 143
101 144
101 145
101 146
101 147
101 148
101 149
101 150
101 151
102 65
102 68
102 89
102 90
102 91
102 92
102 100
102 101
102 103
102 104
102 143
102 144
102 145
102 146
102 147
102 148
102 150
102 151
102 154
102 165
102 167
102 177
102 179
103 61
103 65
103 68
103 88
103 89
103 90
103 91
103 92
103 100
103 101
103 102
103 104
103 105
103 106
103 142
103 143
103 144
103 145
103 146
103 147
103 179
103 182
103 183
104 68
104 69
104 70
104 71
104 87
104 88
104 89
104 90
104 91
104 101
104 102
104 103
104 105
104 106
104 107
104 141
104 142
104 143
104 144
104 145
104 179
104 180
104 181
104 182
104 183
104 184
104 185
104 186
105 59
105 61
105 70
105 71
105 86
105 87
105 88
105 89
105 90
105 103
105 104
105 106
105 107
105 108
105 140
105 141
105 142
105 143
105 144
105 182
105 183
105 186
105 187
106 71
106 85
106 86
106 87
106 88
106 89
106 103
106 104
106 105
106 107
106 108
106 139
106 140
106 141
106 142
106 143
106 182
106 183
106 185
106 186
106 187
107 57
107 58
107 59
107 84
107 85
107 86
107 87
107 88
107 104
107 105
107 106
107 108
107 109
107 110
107 138
107 139
107 140
107 141
107 142
107 186
107 439
108 83
108 84
108 85
108 86
108 87
108 105
108 106
108 107
108 109
108 110
108 111
108 137
108 138
108 139
108 140
108 141
109 82
109 83
109 84
109 85
109 86
109 107
109 108
109 110
109 111
109 112
109 135
109 136
109 137
109 138
109 139
109 140
110 55
110 56
110 57
110 82
110 83
110 84
110 85
110 86
110 107
110 108
110 109
110 111
110 112
110 113
110 136
110 137
110 138
110 139
110 140
110 439
110 440
111 54
111 55
111 56
111 57
111 81
111 82
111 83
111 84
111 85
111 108
111 109
111 110
111 112
111 113
111 114
111 115
111 116
111 136
111 137
111 138
112 50
112 53
112 54
112 55
112 56
112 57
112 81
112 82
112 83
112 84
112 109
112 110
112 111
112 113
112 114
112 115
112 116
112 136
112 440
112 441
113 50
113 51
113 52
113 53
113 54
113 55
113 56
113 57
113 110
113 111
113 112
113 114
113 115
113 116
113 440
113 441
114 50
114 51
114 53
114 54
114 55
114 111
114 112
114 113
114 115
114 116
114 117
115 111
115 112
115 113
115 114
115 116
115 117
115 118
115 125
115 127
115 128
115 133
115 136
116 82
116 111
116 112
116 113
116 114
116 115
116 117
116 118
116 119
117 114
117 115
117 116
117 118
117 119
117 120
117 121
117 125
118 115
118 116
118 117
118 119
118 120
118 121
118 122
118 123
118 124
118 125
118 126
118 128
119 116
119 117
119 118
119 120
119 121
120 117
120 118
120 119
120 121
120 122
120 123
121 117
121 118
121 119
121 120
121 122
121 123
121 124
121 125
121 126
122 118
122 120
122 121
122 123
122 124
122 125
123 118
123 120
123 121
123 122
123 124
123 125
123 126
124 118
124 121
124 122
124 123
124 125
124 126
124 127
125 115
125 117
125 118
125 121
125 122
125 123
125 124
125 126
125 127
125 128
126 118
126 121
126 123
126 124
126 125
126 127
126 128
126 129
127 115
127 124
127 125
127 126
127 128
127 129
127 130
127 133
128 115
128 118
128 125
128 126
128 127
128 129
128 130
128 131
128 132
128 133
129 126
129 127
129 128
129 130
129 131
129 132
129 133
129 134
130 127
130 128
130 129
130 131
130 132
130 133
130 134
130 135
131 128
131 129
131 130
131 132
131 133
131 134
131 135
131 136
132 128
132 129
132 130
132 131
132 133
132 134
132 135
132 136
132 137
133 115
133 127
133 128
133 129
133 130
133 131
133 132
133 134
133 135
133 136
133 137
134 129
134 130
134 131
134 132
134 133
134 135
134 136
134 137
134 138
135 109
135 130
135 131
135 132
135 133
135 134
135 136
135 137
135 138
135 139
136 83
136 109
136 110
136 111
136 112
136 115
136 131
136 132
136 133
136 134
136 135
136 137
136 138
136 139
137 108
137 109
137 110
137 111
137 132
137 133
137 134
137 135
137 136
137 138
137 139
137 140
138 57
138 58
138 59
138 83
138 84
138 85
138 107
138 108
138 109
138 110
138 111
138 134
138 135
138 136
138 137
138 139
138 140
139 59
139 85
139 106
139 107
139 108
139 109
139 110
139 135
139 136
139 137
139 138
139 140
139 141
140 58
140 59
140 60
140 61
140 85
140 86
140 87
140 105
140 106
140 107
140 108
140 109
140 110
140 137
140 138
140 139
140 141
140 142
140 186
141 61
141 87
141 104
141 105
141 106
141 107
141 108
141 139
141 140
141 142
141 143
141 144
141 185
141 186
141 187
141 188
141 189
141 192
142 61
142 88
142 89
142 103
142 104
142 105
142 106
142 107
142 140
142 141
142 143
142 144
142 182
142 183
142 185
142 186
142 187
142 189
142 192
142 196
143 89
143 101
143 102
143 103
143 104
143 105
143 106
143 141
143 142
143 144
143 145
143 181
143 182
143 183
143 184
143 185
143 186
143 187
143 192
143 193
143 195
143 196
143 200
144 89
144 90
144 91
144 100
144 101
144 102
144 103
144 104
144 105
144 141
144 142
144 143
144 145
144 146
144 147
144 182
144 186
144 192
144 195
144 196
144 200
144 201
144 203
145 91
145 100
145 101
145 102
145 103
145 104
145 143
145 144
145 146
145 147
145 177
145 182
145 195
145 196
145 199
145 200
145 201
145 202
145 203
145 204
146 98
146 99
146 100
146 101
146 102
146 103
146 144
146 145
146 147
146 148
146 149
146 200
146 201
146 202
146 203
146 204
147 91
147 92
147 97
147 98
147 99
147 100
147 101
147 102
147 103
147 144
147 145
147 146
147 148
147 149
147 150
147 151
147 167
147 169
147 171
147 201
147 203
147 204
147 205
148 94
148 96
148 97
148 98
148 99
148 100
148 101
148 102
148 146
148 147
148 149
148 150
148 151
148 169
148 170
148 171
149 92
149 93
149 94
149 95
149 96
149 97
149 98
149 99
149 100
149 101
149 146
149 147
149 148
149 150
149 151
149 152
149 168
149 169
149 170
149 171
149 172
149 173
150 65
150 66
150 91
150 92
150 93
150 94
150 95
150 96
150 97
150 98
150 99
150 100
150 101
150 102
150 147
150 148
150 149
150 151
150 152
150 153
150 168
150 169
150 170
150 171
151 65
151 66
151 67
151 68
151 90
151 91
151 92
151 93
151 94
151 97
151 100
151 101
151 102
151 147
151 148
151 149
151 150
151 152
151 153
151 154
151 167
151 168
151 169
151 170
151 171
151 174
151 215
151 216
151 217
152 65
152 66
152 67
152 68
152 91
152 92
152 93
152 149
152 150
152 151
152 153
152 154
152 167
152 168
152 169
152 170
152 171
152 215
152 216
152 217
152 218
152 219
153 65
153 66
153 67
153 68
153 69
153 90
153 91
153 92
153 150
153 151
153 152
153 154
153 155
153 165
153 166
153 167
153 168
153 169
153 174
153 216
153 217
153 218
153 219
153 220
153 265
153 418
154 65
154 66
154 67
154 68
154 69
154 70
154 89
154 90
154 91
154 92
154 102
154 151
154 152
154 153
154 155
154 156
154 165
154 166
154 167
154 168
154 169
154 174
154 175
154 176
154 217
154 218
154 219
154 220
155 67
155 68
155 69
155 70
155 71
155 89
155 90
155 91
155 153
155 154
155 156
155 157
155 164
155 165
155 166
155 167
155 168
155 176
155 218
155 219
155 220
155 221
155 229
156 68
156 69
156 70
156 71
156 72
156 88
156 89
156 90
156 154
156 155
156 157
156 158
156 159
156 163
156 164
156 165
156 166
156 167
156 176
156 177
156 178
156 179
156 220
156 221
157 69
157 70
157 71
157 72
157 155
157 156
157 158
157 159
157 160
157 161
157 162
157 163
157 164
157 165
157 166
157 178
157 179
157 220
157 221
157 222
157 223
157 226
157 227
157 228
157 229
158 71
158 72
158 156
158 157
158 159
158 160
158 161
158 162
158 163
158 164
158 165
158 178
158 179
158 221
158 223
158 226
158 227
159 156
159 157
159 158
159 160
159 161
159 162
159 163
159 164
159 178
159 225
159 226
159 227
159 228
159 243
159 247
160 157
160 158
160 159
160 161
160 162
160 163
160 226
160 227
161 157
161 158
161 159
161 160
161 162
161 163
161 164
161 180
162 157
162 158
162 159
162 160
162 161
162 163
162 164
162 178
162 179
162 180
162 181
163 71
163 72
163 73
163 156
163 157
163 158
163 159
163 160
163 161
163 162
163 164
163 165
163 177
163 178
163 179
163 180
163 181
163 182
163 183
164 71
164 89
164 155
164 156
164 157
164 158
164 159
164 161
164 162
164 163
164 165
164 166
164 167
164 176
164 177
164 178
164 179
164 180
164 205
164 206
164 227
165 68
165 69
165 71
165 89
165 90
165 102
165 153
165 154
165 155
165 156
165 157
165 158
165 163
165 164
165 166
165 167
165 168
165 175
165 176
165 177
165 178
165 179
165 205
165 221
166 153
166 154
166 155
166 156
166 157
166 164
166 165
166 167
166 168
166 174
166 175
166 176
166 177
166 178
166 205
166 207
166 208
166 219
166 220
166 221
166 227
166 229
166 230
166 231
167 67
167 68
167 90
167 91
167 102
167 147
167 151
167 152
167 153
167 154
167 155
167 156
167 164
167 165
167 166
167 168
167 169
167 173
167 174
167 175
167 176
167 177
167 205
167 208
167 217
167 219
167 231
168 67
168 91
168 149
168 150
168 151
168 152
168 153
168 154
168 155
168 165
168 166
168 167
168 169
168 170
168 171
168 172
168 173
168 174
168 175
168 176
168 215
168 216
168 217
168 218
168 219
168 231
168 232
168 233
169 91
169 92
169 93
169 147
169 148
169 149
169 150
169 151
169 152
169 153
169 154
169 167
169 168
169 170
169 171
169 172
169 173
169 174
169 175
169 214
169 215
169 216
169 217
170 93
170 97
170 148
170 149
170 150
170 151
170 152
170 168
170 169
170 171
170 172
170 173
170 174
170 214
170 215
170 216
170 217
171 97
171 147
171 148
171 149
171 150
171 151
171 152
171 168
171 169
171 170
171 172
171 173
171 174
171 175
171 210
171 212
171 214
171 215
171 216
172 149
172 168
172 169
172 170
172 171
172 173
172 174
172 209
172 210
172 211
172 212
172 213
172 214
172 215
172 216
172 233
172 234
173 149
173 167
173 168
173 169
173 170
173 171
173 172
173 174
173 175
173 208
173 209
173 210
173 211
173 212
173 213
173 214
173 215
173 216
173 231
173 233
174 151
174 153
174 154
174 166
174 167
174 168
174 169
174 170
174 171
174 172
174 173
174 175
174 176
174 205
174 207
174 208
174 209
174 210
174 211
174 212
174 215
174 216
174 219
174 231
174 232
175 154
175 165
175 166
175 167
175 168
175 169
175 171
175 173
175 174
175 176
175 177
175 204
175 205
175 206
175 207
175 208
175 209
175 210
176 154
176 155
176 156
176 164
176 165
176 166
176 167
176 168
176 174
176 175
176 177
176 178
176 179
176 204
176 205
176 206
176 207
176 208
176 209
176 248
176 249
177 102
177 145
177 156
177 163
177 164
177 165
177 166
177 167
177 175
177 176
177 178
177 179
177 180
177 203
177 204
177 205
177 206
177 207
177 208
178 156
178 157
178 158
178 159
178 162
178 163
178 164
178 165
178 166
178 176
178 177
178 179
178 180
178 181
178 182
178 183
178 203
178 204
178 205
178 206
178 207
179 71
179 89
179 102
179 103
179 104
179 156
179 157
179 158
179 162
179 163
179 164
179 165
179 176
179 177
179 178
179 180
179 181
179 182
179 183
179 184
179 203
179 205
180 104
180 161
180 162
180 163
180 164
180 177
180 178
180 179
180 181
180 182
180 183
180 184
180 185
181 104
181 143
181 162
181 163
181 178
181 179
181 180
181 182
181 183
181 184
181 185
181 186
181 191
181 192
181 195
181 199
181 200
181 203
182 89
182 103
182 104
182 105
182 106
182 142
182 143
182 144
182 145
182 163
182 178
182 179
182 180
182 181
182 183
182 184
182 185
182 186
182 187
182 191
182 192
182 195
182 200
182 203
183 71
183 73
183 87
183 88
183 89
183 103
183 104
183 105
183 106
183 142
183 143
183 163
183 178
183 179
183 180
183 181
183 182
183 184
183 185
183 186
183 187
183 188
183 192
184 104
184 143
184 179
184 180
184 181
184 182
184 183
184 185
184 186
184 187
184 188
184 191
184 192
185 104
185 106
185 141
185 142
185 143
185 180
185 181
185 182
185 183
185 184
185 186
185 187
185 188
185 189
185 190
185 191
185 192
185 193
185 194
185 195
185 196
186 87
186 104
186 105
186 106
186 107
186 140
186 141
186 142
186 143
186 144
186 181
186 182
186 183
186 184
186 185
186 187
186 188
186 189
186 190
186 191
186 192
186 193
186 195
187 105
187 106
187 141
187 142
187 143
187 182
187 183
187 184
187 185
187 186
187 188
187 189
187 190
187 191
187 192
188 141
188 183
188 184
188 185
188 186
188 187
188 189
188 190
188 191
188 192
188 193
189 141
189 142
189 185
189 186
189 187
189 188
189 190
189 191
189 192
189 193
189 194
189 195
190 185
190 186
190 187
190 188
190 189
190 191
190 192
190 193
190 194
190 195
191 181
191 182
191 184
191 185
191 186
191 187
191 188
191 189
191 190
191 192
191 193
191 194
191 195
191 196
192 141
192 142
192 143
192 144
192 181
192 182
192 183
192 184
192 185
192 186
192 187
192 188
192 189
192 190
192 191
192 193
192 194
192 195
192 196
192 197
192 199
192 200
193 143
193 185
193 186
193 188
193 189
193 190
193 191
193 192
193 194
193 195
193 196
193 197
193 198
193 199
194 185
194 189
194 190
194 191
194 192
194 193
194 195
194 196
194 197
194 198
194 199
194 200
195 143
195 144
195 145
195 181
195 182
195 185
195 186
195 189
195 190
195 191
195 192
195 193
195 194
195 196
195 197
195 198
195 199
195 200
195 201
195 202
196 142
196 143
196 144
196 145
196 185
196 191
196 192
196 193
196 194
196 195
196 197
196 198
196 199
196 200
196 201
197 192
197 193
197 194
197 195
197 196
197 198
197 199
197 200
197 201
198 193
198 194
198 195
198 196
198 197
198 199
198 200
198 201
198 202
199 145
199 181
199 192
199 193
199 194
199 195
199 196
199 197
199 198
199 200
199 201
199 202
199 203
200 143
200 144
200 145
200 146
200 181
200 182
200 192
200 194
200 195
200 196
200 197
200 198
200 199
200 201
200 202
200 203
200 204
201 144
201 145
201 146
201 147
201 195
201 196
201 197
201 198
201 199
201 200
201 202
201 203
201 204
202 145
202 146
202 195
202 198
202 199
202 200
202 201
202 203
202 204
203 144
203 145
203 146
203 147
203 177
203 178
203 179
203 181
203 182
203 199
203 200
203 201
203 202
203 204
203 205
203 206
204 145
204 146
204 147
204 175
204 176
204 177
204 178
204 200
204 201
204 202
204 203
204 205
204 206
204 207
204 208
205 147
205 164
205 165
205 166
205 167
205 174
205 175
205 176
205 177
205 178
205 179
205 203
205 204
205 206
205 207
205 208
206 164
206 175
206 176
206 177
206 178
206 203
206 204
206 205
206 207
206 208
206 247
206 248
206 249
207 166
207 174
207 175
207 176
207 177
207 178
207 204
207 205
207 206
207 208
207 209
207 247
207 248
207 249
208 166
208 167
208 173
208 174
208 175
208 176
208 177
208 204
208 205
208 206
208 207
208 209
208 210
208 211
208 248
208 249
209 172
209 173
209 174
209 175
209 176
209 207
209 208
209 210
209 211
209 212
209 241
209 249
209 250
209 251
210 171
210 172
210 173
210 174
210 175
210 208
210 209
210 211
210 212
210 213
210 214
210 215
211 172
211 173
211 174
211 208
211 209
211 210
211 212
211 213
211 214
211 239
211 251
211 252
211 253
212 171
212 172
212 173
212 174
212 209
212 210
212 211
212 213
212 214
212 215
212 216
212 231
212 232
212 233
212 234
212 235
212 236
212 237
212 238
212 239
212 253
212 255
213 172
213 173
213 210
213 211
213 212
213 214
213 215
213 216
213 233
213 234
213 235
213 236
213 237
214 169
214 170
214 171
214 172
214 173
214 210
214 211
214 212
214 213
214 215
214 216
214 232
214 233
214 234
214 235
214 236
214 237
214 262
215 151
215 152
215 168
215 169
215 170
215 171
215 172
215 173
215 174
215 210
215 212
215 213
215 214
215 216
215 217
215 218
215 232
215 233
215 234
215 235
215 262
216 151
216 152
216 153
216 168
216 169
216 170
216 171
216 172
216 173
216 174
216 212
216 213
216 214
216 215
216 217
216 218
216 219
216 231
216 232
216 233
216 234
216 235
216 236
216 237
216 238
216 262
216 263
216 264
216 265
217 66
217 67
217 151
217 152
217 153
217 154
217 167
217 168
217 169
217 170
217 215
217 216
217 218
217 219
217 231
217 232
217 233
217 234
217 262
217 263
217 264
217 265
217 266
217 311
217 312
218 152
218 153
218 154
218 155
218 168
218 215
218 216
218 217
218 219
218 220
218 230
218 231
218 232
218 233
218 234
218 238
218 262
218 263
218 264
218 265
218 266
218 267
218 278
218 279
218 280
218 311
218 312
219 152
219 153
219 154
219 155
219 166
219 167
219 168
219 174
219 216
219 217
219 218
219 220
219 221
219 229
219 230
219 231
219 232
219 233
219 238
219 239
219 263
219 264
219 265
219 266
219 267
219 268
220 153
220 154
220 155
220 156
220 157
220 166
220 218
220 219
220 221
220 222
220 223
220 228
220 229
220 230
220 231
220 232
220 265
220 266
220 267
220 268
220 276
221 155
221 156
221 157
221 158
221 165
221 166
221 219
221 220
221 222
221 223
221 224
221 225
221 226
221 227
221 228
221 229
221 230
221 231
221 241
221 266
221 267
221 268
222 157
222 220
222 221
222 223
222 224
222 225
222 226
222 227
222 228
222 229
222 230
222 267
222 268
222 269
222 270
222 272
222 273
222 274
222 275
222 276
223 157
223 158
223 220
223 221
223 222
223 224
223 225
223 226
223 227
223 228
223 229
223 267
223 268
223 269
223 270
223 271
223 272
223 273
224 221
224 222
224 223
224 225
224 226
224 227
224 228
224 268
224 269
224 270
224 271
224 272
224 273
224 274
225 159
225 221
225 222
225 223
225 224
225 226
225 227
225 228
225 229
225 242
225 243
225 268
225 272
225 273
225 274
226 157
226 158
226 159
226 160
226 221
226 222
226 223
226 224
226 225
226 227
226 228
226 229
226 242
226 243
227 157
227 158
227 159
227 160
227 164
227 166
227 221
227 222
227 223
227 224
227 225
227 226
227 228
227 229
227 241
227 242
227 243
227 244
227 247
227 248
227 249
228 157
228 159
228 220
228 221
228 222
228 223
228 224
228 225
228 226
228 227
228 229
228 230
228 240
228 241
228 242
228 243
228 244
228 249
228 250
228 251
228 268
228 273
229 155
229 157
229 166
229 219
229 220
229 221
229 222
229 223
229 225
229 226
229 227
229 228
229 230
229 231
229 239
229 240
229 241
229 242
229 243
229 249
229 251
229 266
229 268
230 166
230 218
230 219
230 220
230 221
230 222
230 228
230 229
230 231
230 232
230 238
230 239
230 240
230 241
230 242
230 251
230 265
230 266
230 267
230 268
230 276
230 278
231 166
231 167
231 168
231 173
231 174
231 212
231 216
231 217
231 218
231 219
231 220
231 221
231 229
231 230
231 232
231 233
231 237
231 238
231 239
231 240
231 241
231 251
231 255
231 263
231 265
231 266
232 168
232 174
232 212
232 214
232 215
232 216
232 217
232 218
232 219
232 220
232 230
232 231
232 233
232 234
232 235
232 236
232 237
232 238
232 239
232 240
232 255
232 256
232 262
232 263
232 264
232 265
232 266
232 278
232 279
232 280
233 168
233 172
233 173
233 212
233 213
233 214
233 215
233 216
233 217
233 218
233 219
233 231
233 232
233 234
233 235
233 236
233 237
233 238
233 239
233 261
233 262
233 263
233 264
233 265
233 280
234 172
234 212
234 213
234 214
234 215
234 216
234 217
234 218
234 232
234 233
234 235
234 236
234 237
234 238
234 260
234 261
234 262
234 263
234 264
234 280
234 281
235 212
235 213
235 214
235 215
235 216
235 232
235 233
235 234
235 236
235 237
235 238
235 257
235 259
235 260
235 261
235 262
235 263
236 212
236 213
236 214
236 216
236 232
236 233
236 234
236 235
236 237
236 238
236 255
236 256
236 257
236 258
236 259
236 260
236 261
236 262
236 263
236 264
236 280
236 281
236 282
237 212
237 213
237 214
237 216
237 231
237 232
237 233
237 234
237 235
237 236
237 238
237 239
237 254
237 255
237 256
237 257
237 258
237 259
237 260
237 261
237 262
237 263
238 212
238 216
238 218
238 219
238 230
238 231
238 232
238 233
238 234
238 235
238 236
238 237
238 239
238 240
238 241
238 252
238 253
238 254
238 255
238 256
238 257
238 258
238 259
238 262
238 263
238 266
238 278
238 294
239 211
239 212
239 219
239 229
239 230
239 231
239 232
239 233
239 237
239 238
239 240
239 241
239 242
239 251
239 252
239 253
239 254
239 255
239 256
239 257
239 294
240 228
240 229
240 230
240 231
240 232
240 238
240 239
240 241
240 242
240 243
240 249
240 250
240 251
240 252
240 253
240 254
240 255
240 256
240 290
240 294
241 209
241 221
241 227
241 228
241 229
241 230
241 231
241 238
241 239
241 240
241 242
241 243
241 244
241 248
241 249
241 250
241 251
241 252
241 253
242 225
242 226
242 227
242 228
242 229
242 230
242 239
242 240
242 241
242 243
242 244
242 248
242 249
242 250
242 251
242 252
243 159
243 225
243 226
243 227
243 228
243 229
243 240
243 241
243 242
243 244
243 245
243 246
243 247
243 248
243 249
243 250
243 251
244 227
244 228
244 241
244 242
244 243
244 245
244 246
244 247
244 248
244 249
244 250
245 243
245 244
245 246
245 247
245 248
245 249
246 243
246 244
246 245
246 247
246 248
246 249
247 159
247 206
247 207
247 227
247 243
247 244
247 245
247 246
247 248
247 249
248 176
248 206
248 207
248 208
248 227
248 241
248 242
248 243
248 244
248 245
248 246
248 247
248 249
248 250
248 251
249 176
249 206
249 207
249 208
249 209
249 227
249 228
249 229
249 240
249 241
249 242
249 243
249 244
249 245
249 246
249 247
249 248
249 250
249 251
249 252
250 209
250 228
250 240
250 241
250 242
250 243
250 244
250 248
250 249
250 251
250 252
250 253
251 209
251 211
251 228
251 229
251 230
251 231
251 239
251 240
251 241
251 242
251 243
251 248
251 249
251 250
251 252
251 253
251 254
251 255
252 211
252 238
252 239
252 240
252 241
252 242
252 249
252 250
252 251
252 253
252 254
252 255
252 256
252 294
253 211
253 212
253 238
253 239
253 240
253 241
253 250
253 251
253 252
253 254
253 255
253 256
253 294
254 237
254 238
254 239
254 240
254 251
254 252
254 253
254 255
254 256
254 257
254 293
254 294
254 295
255 212
255 231
255 232
255 236
255 237
255 238
255 239
255 240
255 251
255 252
255 253
255 254
255 256
255 257
255 258
255 293
255 294
255 295
256 232
256 236
256 237
256 238
256 239
256 240
256 252
256 253
256 254
256 255
256 257
256 258
256 259
256 288
256 289
256 290
256 292
256 293
256 294
256 295
256 296
256 297
256 298
257 235
257 236
257 237
257 238
257 239
257 254
257 255
257 256
257 258
257 259
257 260
257 294
257 295
257 296
257 297
257 298
258 236
258 237
258 238
258 255
258 256
258 257
258 259
258 260
258 261
258 284
258 286
258 288
258 294
258 295
258 296
258 297
258 298
258 301
259 235
259 236
259 237
259 238
259 256
259 257
259 258
259 260
259 261
259 262
259 263
259 278
259 279
259 280
259 281
259 282
259 283
259 284
259 285
259 286
259 298
259 301
259 303
260 234
260 235
260 236
260 237
260 257
260 258
260 259
260 261
260 262
260 263
260 280
260 281
260 282
260 283
260 284
261 233
261 234
261 235
261 236
261 237
261 258
261 259
261 260
261 262
261 263
261 264
261 279
261 280
261 281
261 282
261 283
261 284
261 309
262 214
262 215
262 216
262 217
262 218
262 232
262 233
262 234
262 235
262 236
262 237
262 238
262 259
262 260
262 261
262 263
262 264
262 265
262 279
262 280
262 281
262 282
262 309
262 310
262 311
263 216
263 217
263 218
263 219
263 231
263 232
263 233
263 234
263 235
263 236
263 237
263 238
263 259
263 260
263 261
263 262
263 264
263 265
263 266
263 278
263 279
263 280
263 281
263 282
263 284
263 285
263 309
263 310
263 311
263 312
264 216
264 217
264 218
264 219
264 232
264 233
264 234
264 236
264 261
264 262
264 263
264 265
264 266
264 278
264 279
264 280
264 281
264 282
264 309
264 310
264 311
264 312
264 313
265 153
265 216
265 217
265 218
265 219
265 220
265 230
265 231
265 232
265 233
265 262
265 263
265 264
265 266
265 267
265 277
265 278
265 279
265 280
265 281
265 285
265 310
265 311
265 312
265 313
265 314
265 324
266 217
266 218
266 219
266 220
266 221
266 229
266 230
266 231
266 232
266 238
266 263
266 264
266 265
266 267
266 268
266 269
266 276
266 277
266 278
266 279
266 280
266 285
266 286
266 287
266 312
266 313
266 314
266 315
267 218
267 219
267 220
267 221
267 222
267 223
267 230
267 265
267 266
267 268
267 269
267 270
267 275
267 276
267 277
267 278
267 279
267 287
267 312
267 313
267 314
267 315
267 322
268 219
268 220
268 221
268 222
268 223
268 224
268 225
268 228
268 229
268 230
268 266
268 267
268 269
268 270
268 271
268 272
268 273
268 274
268 275
268 276
268 277
268 278
268 287
268 288
268 314
268 315
269 222
269 223
269 224
269 266
269 267
269 268
269 270
269 271
269 272
269 273
269 274
269 275
269 276
269 277
269 287
269 288
269 289
269 314
269 315
269 316
269 317
269 320
269 322
270 222
270 223
270 224
270 267
270 268
270 269
270 271
270 272
270 273
270 275
270 276
270 315
270 316
270 317
270 318
270 319
270 320
271 223
271 224
271 268
271 269
271 270
271 272
271 273
271 274
271 275
271 276
271 315
271 316
271 317
271 318
271 319
271 320
272 222
272 223
272 224
272 225
272 268
272 269
272 270
272 271
272 273
272 274
272 275
272 276
272 289
273 222
273 223
273 224
273 225
273 228
273 268
273 269
273 270
273 271
273 272
273 274
273 275
273 276
273 289
273 290
273 291
274 222
274 224
274 225
274 268
274 269
274 271
274 272
274 273
274 275
274 276
274 288
274 289
274 290
274 291
274 292
275 222
275 267
275 268
275 269
275 270
275 271
275 272
275 273
275 274
275 276
275 277
275 287
275 288
275 289
275 290
275 291
275 297
275 298
275 299
276 220
276 222
276 230
276 266
276 267
276 268
276 269
276 270
276 271
276 272
276 273
276 274
276 275
276 277
276 278
276 286
276 287
276 288
276 289
276 290
276 298
276 315
277 265
277 266
277 267
277 268
277 269
277 275
277 276
277 278
277 279
277 285
277 286
277 287
277 288
277 289
277 298
277 300
277 301
277 313
277 314
277 315
277 322
278 218
278 230
278 232
278 238
278 259
278 263
278 264
278 265
278 266
278 267
278 268
278 276
278 277
278 279
278 280
278 284
278 285
278 286
278 287
278 288
278 298
278 301
278 310
278 311
278 312
278 313
278 314
279 218
279 232
279 259
279 261
279 262
279 263
279 264
279 265
279 266
279 267
279 277
279 278
279 280
279 281
279 282
279 283
279 284
279 285
279 286
279 287
279 301
279 302
279 305
279 309
279 310
279 311
279 312
279 313
279 324
279 325
279 326
280 218
280 232
280 233
280 234
280 236
280 259
280 260
280 261
280 262
280 263
280 264
280 265
280 266
280 278
280 279
280 281
280 282
280 283
280 284
280 285
280 286
280 303
280 305
280 308
280 309
280 310
280 311
280 312
280 313
280 326
281 234
281 236
281 259
281 260
281 261
281 262
281 263
281 264
281 265
281 279
281 280
281 282
281 283
281 284
281 285
281 306
281 308
281 309
281 310
281 311
281 326
281 327
282 236
282 259
282 260
282 261
282 262
282 263
282 264
282 279
282 280
282 281
282 283
282 284
282 285
282 303
282 304
282 305
282 306
282 307
282 308
282 309
282 310
283 259
283 260
283 261
283 279
283 280
283 281
283 282
283 284
283 285
283 302
283 303
283 304
283 305
283 306
283 307
283 308
283 309
283 310
283 311
283 326
283 327
283 328
284 258
284 259
284 260
284 261
284 263
284 278
284 279
284 280
284 281
284 282
284 283
284 285
284 286
284 301
284 302
284 303
284 304
284 305
284 306
284 307
284 308
284 309
284 310
285 259
285 263
285 265
285 266
285 277
285 278
285 279
285 280
285 281
285 282
285 283
285 284
285 286
285 287
285 300
285 301
285 302
285 303
285 304
285 305
285 306
285 310
285 312
285 313
285 322
285 324
285 334
285 339
285 342
286 258
286 259
286 266
286 276
286 277
286 278
286 279
286 280
286 284
286 285
286 287
286 288
286 297
286 298
286 299
286 300
286 301
286 302
286 303
286 305
286 339
287 266
287 267
287 268
287 269
287 275
287 276
287 277
287 278
287 279
287 285
287 286
287 288
287 289
287 297
287 298
287 299
287 300
287 301
287 302
287 336
287 339
288 256
288 258
288 268
288 269
288 274
288 275
288 276
288 277
288 278
288 286
288 287
288 289
288 290
288 291
288 292
288 294
288 296
288 297
288 298
288 299
288 300
288 301
289 256
289 269
289 272
289 273
289 274
289 275
289 276
289 277
289 287
289 288
289 290
289 291
289 292
289 293
289 294
289 296
289 297
289 298
289 299
289 300
290 240
290 256
290 273
290 274
290 275
290 276
290 288
290 289
290 291
290 292
290 293
290 294
290 296
290 297
290 298
290 299
291 273
291 274
291 275
291 288
291 289
291 290
291 292
291 293
291 294
291 296
291 297
292 256
292 274
292 288
292 289
292 290
292 291
292 293
292 294
292 295
292 296
292 297
292 298
292 299
293 254
293 255
293 256
293 289
293 290
293 291
293 292
293 294
293 295
293 296
293 297
293 298
294 238
294 239
294 240
294 252
294 253
294 254
294 255
294 256
294 257
294 258
294 288
294 289
294 290
294 291
294 292
294 293
294 295
294 296
294 297
294 298
295 254
295 255
295 256
295 257
295 258
295 292
295 293
295 294
295 296
295 297
295 298
296 256
296 257
296 258
296 288
296 289
296 290
296 291
296 292
296 293
296 294
296 295
296 297
296 298
296 299
297 256
297 257
297 258
297 275
297 286
297 287
297 288
297 289
297 290
297 291
297 292
297 293
297 294
297 295
297 296
297 298
297 299
297 300
298 256
298 257
298 258
298 259
298 275
298 276
298 277
298 278
298 286
298 287
298 288
298 289
298 290
298 292
298 293
298 294
298 295
298 296
298 297
298 299
298 300
298 301
299 275
299 286
299 287
299 288
299 289
299 290
299 292
299 296
299 297
299 298
299 300
299 301
299 340
300 277
300 285
300 286
300 287
300 288
300 289
300 297
300 298
300 299
300 301
300 302
300 303
300 336
300 339
300 340
300 342
301 258
301 259
301 277
301 278
301 279
301 284
301 285
301 286
301 287
301 288
301 298
301 299
301 300
301 302
301 303
301 304
301 305
301 339
301 340
301 341
301 342
302 279
302 283
302 284
302 285
302 286
302 287
302 300
302 301
302 303
302 304
302 305
302 306
302 334
302 339
302 340
302 341
302 342
302 343
302 344
303 259
303 280
303 282
303 283
303 284
303 285
303 286
303 300
303 301
303 302
303 304
303 305
303 306
303 342
304 282
304 283
304 284
304 285
304 301
304 302
304 303
304 305
304 306
304 307
304 308
304 309
304 310
304 342
304 343
305 279
305 280
305 282
305 283
305 284
305 285
305 286
305 301
305 302
305 303
305 304
305 306
305 307
305 308
305 309
305 310
305 324
305 325
305 326
305 332
305 334
305 342
305 343
305 344
306 281
306 282
306 283
306 284
306 285
306 302
306 303
306 304
306 305
306 307
306 308
306 309
306 310
306 311
306 324
306 325
306 326
306 327
306 328
306 329
306 330
306 331
306 332
306 344
307 282
307 283
307 284
307 304
307 305
307 306
307 308
307 309
307 310
307 326
307 327
307 328
307 329
307 330
308 280
308 281
308 282
308 283
308 284
308 304
308 305
308 306
308 307
308 309
308 310
308 311
308 326
308 327
308 328
308 329
308 330
308 354
309 261
309 262
309 263
309 264
309 279
309 280
309 281
309 282
309 283
309 284
309 304
309 305
309 306
309 307
309 308
309 310
309 311
309 312
309 325
309 326
309 327
309 328
309 354
309 355
310 262
310 263
310 264
310 265
310 278
310 279
310 280
310 281
310 282
310 283
310 284
310 285
310 304
310 305
310 306
310 307
310 308
310 309
310 311
310 312
310 313
310 324
310 325
310 326
310 327
310 328
310 329
310 330
310 354
310 355
310 356
311 217
311 218
311 262
311 263
311 264
311 265
311 278
311 279
311 280
311 281
311 283
311 306
311 308
311 309
311 310
311 312
311 313
311 324
311 325
311 326
311 327
311 328
311 354
311 355
311 356
311 357
311 358
312 217
312 218
312 263
312 264
312 265
312 266
312 267
312 278
312 279
312 280
312 285
312 309
312 310
312 311
312 313
312 314
312 323
312 324
312 325
312 326
312 327
312 331
312 355
312 356
312 357
312 358
312 359
312 370
312 418
313 264
313 265
313 266
313 267
313 277
313 278
313 279
313 280
313 285
313 310
313 311
313 312
313 314
313 315
313 316
313 322
313 323
313 324
313 325
313 326
313 331
313 332
313 333
313 356
313 357
313 358
313 359
313 360
314 265
314 266
314 267
314 268
314 269
314 277
314 278
314 312
314 313
314 315
314 316
314 317
314 321
314 322
314 323
314 324
314 325
314 333
314 357
314 358
314 359
314 360
314 361
314 368
315 266
315 267
315 268
315 269
315 270
315 271
315 276
315 277
315 313
315 314
315 316
315 317
315 318
315 319
315 320
315 321
315 322
315 323
315 324
315 333
315 334
315 336
315 358
315 359
315 360
316 269
316 270
316 271
316 313
316 314
316 315
316 317
316 318
316 319
316 320
316 321
316 322
316 323
316 359
316 360
316 361
316 362
316 363
316 364
316 365
316 366
316 367
316 368
317 269
317 270
317 271
317 314
317 315
317 316
317 318
317 319
317 320
317 321
317 322
317 360
317 361
317 362
317 363
317 364
317 365
318 270
318 271
318 315
318 316
318 317
318 319
318 320
318 321
318 360
318 361
318 362
318 363
318 364
318 365
318 366
319 270
319 271
319 315
319 316
319 317
319 318
319 320
319 321
319 322
319 335
319 336
319 364
319 365
319 366
320 269
320 270
320 271
320 315
320 316
320 317
320 318
320 319
320 321
320 322
320 334
320 335
320 336
320 337
320 338
320 365
321 314
321 315
321 316
321 317
321 318
321 319
321 320
321 322
321 323
321 324
321 333
321 334
321 335
321 336
321 337
321 339
321 344
321 345
321 360
321 365
322 267
322 269
322 277
322 285
322 313
322 314
322 315
322 316
322 317
322 319
322 320
322 321
322 323
322 324
322 332
322 333
322 334
322 335
322 336
322 339
322 344
322 359
322 360
323 312
323 313
323 314
323 315
323 316
323 321
323 322
323 324
323 325
323 331
323 332
323 333
323 334
323 335
323 344
323 346
323 347
323 358
323 359
323 360
323 368
323 369
323 370
324 265
324 279
324 285
324 305
324 306
324 310
324 311
324 312
324 313
324 314
324 315
324 321
324 322
324 323
324 325
324 326
324 330
324 331
324 332
324 333
324 334
324 344
324 347
324 355
324 357
324 358
324 359
324 370
325 279
325 305
325 306
325 309
325 310
325 311
325 312
325 313
325 314
325 323
325 324
325 326
325 327
325 328
325 329
325 330
325 331
325 332
325 333
325 347
325 348
325 351
325 354
325 355
325 356
325 357
325 358
325 359
325 370
325 371
325 372
326 279
326 280
326 281
326 283
326 305
326 306
326 307
326 308
326 309
326 310
326 311
326 312
326 313
326 324
326 325
326 327
326 328
326 329
326 330
326 331
326 332
326 351
326 353
326 354
326 355
326 356
326 357
326 372
327 281
327 283
327 306
327 307
327 308
327 309
327 310
327 311
327 312
327 325
327 326
327 328
327 329
327 330
327 351
327 352
327 353
327 354
327 355
327 356
327 372
327 373
328 283
328 306
328 307
328 308
328 309
328 310
328 311
328 325
328 326
328 327
328 329
328 330
328 331
328 349
328 351
328 352
328 353
328 354
328 355
329 306
329 307
329 308
329 310
329 325
329 326
329 327
329 328
329 330
329 331
329 332
329 348
329 349
329 350
329 351
329 352
329 353
329 354
329 355
329 356
329 371
329 372
329 373
329 374
330 306
330 307
330 308
330 310
330 324
330 325
330 326
330 327
330 328
330 329
330 331
330 332
330 333
330 347
330 348
330 349
330 350
330 351
330 352
330 353
330 354
330 355
330 372
331 306
331 312
331 313
331 323
331 324
331 325
331 326
331 328
331 329
331 330
331 332
331 333
331 344
331 346
331 347
331 348
331 349
331 350
331 351
331 354
331 355
331 358
331 370
332 305
332 306
332 313
332 322
332 323
332 324
332 325
332 326
332 329
332 330
332 331
332 333
332 334
332 343
332 344
332 345
332 346
332 347
332 348
332 349
333 313
333 314
333 315
333 321
333 322
333 323
333 324
333 325
333 330
333 331
333 332
333 334
333 335
333 336
333 343
333 344
333 345
333 346
333 347
333 348
334 285
334 302
334 305
334 315
334 320
334 321
334 322
334 323
334 324
334 332
334 333
334 335
334 336
334 337
334 338
334 339
334 341
334 342
334 343
334 344
334 345
334 346
334 347
335 319
335 320
335 321
335 322
335 323
335 333
335 334
335 336
335 337
335 338
335 339
335 340
335 341
335 343
335 344
335 345
335 346
336 287
336 300
336 315
336 319
336 320
336 321
336 322
336 333
336 334
336 335
336 337
336 338
336 339
336 340
336 341
336 344
336 345
337 320
337 321
337 334
337 335
337 336
337 338
337 339
337 340
337 341
338 320
338 334
338 335
338 336
338 337
338 339
338 340
338 341
338 342
338 343
338 344
338 345
339 285
339 286
339 287
339 300
339 301
339 302
339 321
339 322
339 334
339 335
339 336
339 337
339 338
339 340
339 341
339 342
339 343
339 344
339 345
340 299
340 300
340 301
340 302
340 335
340 336
340 337
340 338
340 339
340 341
340 342
340 343
341 301
341 302
341 334
341 335
341 336
341 337
341 338
341 339
341 340
341 342
341 343
341 344
342 285
342 300
342 301
342 302
342 303
342 304
342 305
342 334
342 338
342 339
342 340
342 341
342 343
342 344
342 345
343 302
343 304
343 305
343 332
343 333
343 334
343 335
343 338
343 339
343 340
343 341
343 342
343 344
343 345
343 346
343 347
344 302
344 305
344 306
344 321
344 322
344 323
344 324
344 331
344 332
344 333
344 334
344 335
344 336
344 338
344 339
344 341
344 342
344 343
344 345
344 346
344 347
345 321
345 332
345 333
345 334
345 335
345 336
345 338
345 339
345 342
345 343
345 344
345 346
345 347
346 323
346 331
346 332
346 333
346 334
346 335
346 343
346 344
346 345
346 347
346 348
346 382
347 323
347 324
347 325
347 330
347 331
347 332
347 333
347 334
347 343
347 344
347 345
347 346
347 348
347 349
347 350
348 325
348 329
348 330
348 331
348 332
348 333
348 346
348 347
348 349
348 350
348 351
348 380
348 402
348 403
348 405
348 406
349 328
349 329
349 330
349 331
349 332
349 347
349 348
349 350
349 351
349 352
349 353
349 402
349 403
350 34
350 35
350 329
350 330
350 331
350 347
350 348
350 349
350 351
350 352
350 353
350 372
350 374
350 376
350 378
350 402
350 403
350 406
350 409
351 34
351 35
351 325
351 326
351 327
351 328
351 329
351 330
351 331
351 348
351 349
351 350
351 352
351 353
351 354
351 355
351 370
351 371
351 372
351 373
351 374
351 375
351 376
351 377
351 378
352 34
352 35
352 327
352 328
352 329
352 330
352 349
352 350
352 351
352 353
352 354
352 355
352 372
352 373
352 374
352 375
352 376
353 326
353 327
353 328
353 329
353 330
353 349
353 350
353 351
353 352
353 354
353 355
353 356
353 371
353 372
353 373
353 374
353 375
353 376
354 308
354 309
354 310
354 311
354 325
354 326
354 327
354 328
354 329
354 330
354 331
354 351
354 352
354 353
354 355
354 356
354 357
354 371
354 372
354 373
354 374
355 309
355 310
355 311
355 312
355 324
355 325
355 326
355 327
355 328
355 329
355 330
355 331
355 351
355 352
355 353
355 354
355 356
355 357
355 358
355 370
355 371
355 372
355 373
355 374
355 375
355 376
355 377
355 416
355 417
355 418
356 66
356 310
356 311
356 312
356 313
356 325
356 326
356 327
356 329
356 353
356 354
356 355
356 357
356 358
356 370
356 371
356 372
356 373
356 374
356 375
356 377
356 415
356 416
356 417
356 418
356 419
357 311
357 312
357 313
357 314
357 324
357 325
357 326
357 354
357 355
357 356
357 358
357 359
357 369
357 370
357 371
357 372
357 373
357 377
357 416
357 417
357 418
357 419
357 420
357 431
358 311
358 312
358 313
358 314
358 315
358 323
358 324
358 325
358 331
358 355
358 356
358 357
358 359
358 360
358 361
358 368
358 369
358 370
358 371
358 372
358 377
358 378
358 379
358 418
358 419
358 420
359 312
359 313
359 314
359 315
359 316
359 322
359 323
359 324
359 325
359 357
359 358
359 360
359 361
359 362
359 367
359 368
359 369
359 370
359 371
359 379
359 418
359 419
359 420
359 421
360 313
360 314
360 315
360 316
360 317
360 318
360 321
360 322
360 323
360 358
360 359
360 361
360 362
360 363
360 364
360 365
360 366
360 367
360 368
360 369
360 370
360 379
360 380
360 420
360 421
361 314
361 316
361 317
361 318
361 358
361 359
361 360
361 362
361 363
361 364
361 365
361 366
361 367
361 368
361 369
361 379
361 380
361 381
361 420
361 421
361 422
361 423
361 426
361 427
361 428
361 429
361 445
362 316
362 317
362 318
362 359
362 360
362 361
362 363
362 364
362 365
362 367
362 368
362 420
362 421
362 422
362 423
362 424
362 426
362 427
363 78
363 316
363 317
363 318
363 360
363 361
363 362
363 364
363 365
363 366
363 367
363 421
363 423
363 424
363 426
363 427
364 316
364 317
364 318
364 319
364 360
364 361
364 362
364 363
364 365
364 366
364 367
364 368
364 381
364 426
364 427
364 445
365 316
365 317
365 318
365 319
365 320
365 321
365 360
365 361
365 362
365 363
365 364
365 366
365 367
365 368
365 381
365 382
365 383
366 316
366 318
366 319
366 360
366 361
366 363
366 364
366 365
366 367
366 368
366 380
366 381
366 382
366 383
366 384
366 405
367 316
367 359
367 360
367 361
367 362
367 363
367 364
367 365
367 366
367 368
367 369
367 379
367 380
367 381
367 382
367 383
367 384
367 405
367 406
367 407
367 427
367 445
368 314
368 316
368 323
368 358
368 359
368 360
368 361
368 362
368 364
368 365
368 366
368 367
368 369
368 370
368 378
368 379
368 380
368 381
368 382
368 406
368 407
368 421
368 445
369 323
369 357
369 358
369 359
369 360
369 361
369 367
369 368
369 370
369 371
369 377
369 378
369 379
369 380
369 381
369 406
369 407
369 408
369 409
369 419
369 420
369 421
369 429
370 312
370 323
370 324
370 325
370 331
370 351
370 355
370 356
370 357
370 358
370 359
370 360
370 368
370 369
370 371
370 372
370 376
370 377
370 378
370 379
370 380
370 409
370 418
370 419
370 420
371 325
371 329
371 351
371 353
371 354
371 355
371 356
371 357
371 358
371 359
371 369
371 370
371 372
371 373
371 374
371 375
371 376
371 377
371 378
371 379
371 409
371 410
371 415
371 416
371 417
371 418
371 419
371 431
371 432
372 325
372 326
372 327
372 329
372 330
372 350
372 351
372 352
372 353
372 354
372 355
372 356
372 357
372 358
372 370
372 371
372 373
372 374
372 375
372 376
372 377
372 378
372 414
372 415
372 416
372 417
372 418
373 327
373 329
373 351
373 352
373 353
373 354
373 355
373 356
373 357
373 371
373 372
373 374
373 375
373 376
373 377
373 414
373 415
373 416
373 417
373 433
374 34
374 35
374 329
374 350
374 351
374 352
374 353
374 354
374 355
374 356
374 371
374 372
374 373
374 375
374 376
374 377
374 411
374 413
374 414
374 415
374 416
375 34
375 351
375 352
375 353
375 355
375 356
375 371
375 372
375 373
375 374
375 376
375 377
375 378
375 410
375 411
375 412
375 413
375 414
375 415
375 416
375 417
375 433
376 34
376 350
376 351
376 352
376 353
376 355
376 370
376 371
376 372
376 373
376 374
376 375
376 377
376 378
376 379
376 408
376 409
376 410
376 411
376 412
376 413
376 414
376 415
376 416
377 351
377 355
377 356
377 357
377 358
377 369
377 370
377 371
377 372
377 373
377 374
377 375
377 376
377 378
377 379
377 408
377 409
377 410
377 411
377 412
377 413
377 416
377 418
377 419
377 429
377 431
378 0
378 350
378 351
378 358
378 368
378 369
378 370
378 371
378 372
378 375
378 376
378 377
378 379
378 380
378 406
378 407
378 408
378 409
378 410
378 411
379 358
379 359
379 360
379 361
379 367
379 368
379 369
379 370
379 371
379 376
379 377
379 378
379 380
379 381
379 405
379 406
379 407
379 408
379 409
379 410
379 429
379 442
379 444
379 445
380 348
380 360
380 361
380 366
380 367
380 368
380 369
380 370
380 378
380 379
380 381
380 382
380 383
380 384
380 403
380 404
380 405
380 406
380 407
380 408
380 409
380 444
380 445
381 361
381 364
381 365
381 366
381 367
381 368
381 369
381 379
381 380
381 382
381 383
381 384
381 385
381 404
381 405
381 406
381 407
381 408
381 444
381 445
382 346
382 365
382 366
382 367
382 368
382 380
382 381
382 383
382 384
382 385
382 404
382 405
382 406
382 407
383 365
383 366
383 367
383 380
383 381
383 382
383 384
383 385
383 404
383 405
384 366
384 367
384 380
384 381
384 382
384 383
384 385
384 386
384 387
384 403
384 404
384 405
384 406
384 407
385 381
385 382
385 383
385 384
385 386
385 387
385 388
385 403
385 404
385 405
386 384
386 385
386 387
386 388
386 389
386 390
386 403
386 404
386 405
387 384
387 385
387 386
387 388
387 389
387 390
387 391
387 392
388 385
388 386
388 387
388 389
388 390
388 391
388 392
389 386
389 387
389 388
389 390
389 391
389 392
390 386
390 387
390 388
390 389
390 391
390 392
390 393
390 394
390 395
391 387
391 388
391 389
391 390
391 392
391 393
391 394
391 395
392 387
392 388
392 389
392 390
392 391
392 393
392 394
392 395
392 396
392 397
392 400
393 390
393 391
393 392
393 394
393 395
393 396
393 397
394 390
394 391
394 392
394 393
394 395
394 396
394 397
395 390
395 391
395 392
395 393
395 394
395 396
395 397
395 398
395 399
395 400
396 30
396 31
396 392
396 393
396 394
396 395
396 397
396 398
396 399
396 400
397 392
397 393
397 394
397 395
397 396
397 398
397 399
397 400
397 401
398 30
398 31
398 32
398 33
398 36
398 37
398 395
398 396
398 397
398 399
398 400
398 401
398 402
399 31
399 33
399 395
399 396
399 397
399 398
399 400
399 401
399 402
399 403
399 404
400 392
400 395
400 396
400 397
400 398
400 399
400 401
400 402
400 403
400 404
401 397
401 398
401 399
401 400
401 402
401 403
401 404
402 33
402 348
402 349
402 350
402 398
402 399
402 400
402 401
402 403
402 404
402 405
402 406
403 348
403 349
403 350
403 380
403 384
403 385
403 386
403 399
403 400
403 401
403 402
403 404
403 405
403 406
403 407
404 380
404 381
404 382
404 383
404 384
404 385
404 386
404 399
404 400
404 401
404 402
404 403
404 405
404 406
404 407
405 348
405 366
405 367
405 379
405 380
405 381
405 382
405 383
405 384
405 385
405 386
405 402
405 403
405 404
405 406
405 407
405 408
406 0
406 348
406 350
406 367
406 368
406 369
406 378
406 379
406 380
406 381
406 382
406 384
406 402
406 403
406 404
406 405
406 407
406 408
406 409
407 0
407 367
407 368
407 369
407 378
407 379
407 380
407 381
407 382
407 384
407 403
407 404
407 405
407 406
407 408
407 409
407 442
407 443
407 444
407 445
408 0
408 1
408 52
408 369
408 376
408 377
408 378
408 379
408 380
408 381
408 405
408 406
408 407
408 409
408 410
408 442
408 443
408 444
408 445
409 0
409 1
409 2
409 33
409 34
409 350
409 369
409 370
409 371
409 376
409 377
409 378
409 379
409 380
409 406
409 407
409 408
409 410
409 411
409 442
410 0
410 1
410 2
410 48
410 52
410 371
410 375
410 376
410 377
410 378
410 379
410 408
410 409
410 411
410 412
410 413
410 440
410 442
411 0
411 1
411 2
411 34
411 46
411 48
411 374
411 375
411 376
411 377
411 378
411 409
411 410
411 412
411 413
411 414
411 416
412 1
412 2
412 45
412 46
412 47
412 48
412 375
412 376
412 377
412 410
412 411
412 413
412 414
412 435
413 374
413 375
413 376
413 377
413 410
413 411
413 412
413 414
413 415
413 416
413 431
413 432
413 433
413 434
413 435
413 436
413 437
413 438
414 372
414 373
414 374
414 375
414 376
414 411
414 412
414 413
414 415
414 416
414 417
414 432
414 433
414 434
414 435
414 436
415 64
415 66
415 356
415 371
415 372
415 373
415 374
415 375
415 376
415 413
415 414
415 416
415 417
415 418
415 432
415 433
415 434
415 435
415 436
416 65
416 66
416 355
416 356
416 357
416 371
416 372
416 373
416 374
416 375
416 376
416 377
416 411
416 413
416 414
416 415
416 417
416 418
416 419
416 431
416 432
416 433
416 434
416 435
416 436
416 437
417 64
417 65
417 66
417 67
417 68
417 355
417 356
417 357
417 371
417 372
417 373
417 375
417 414
417 415
417 416
417 418
417 419
417 431
417 432
417 433
417 434
418 65
418 66
418 67
418 68
418 69
418 153
418 312
418 355
418 356
418 357
418 358
418 359
418 370
418 371
418 372
418 377
418 415
418 416
418 417
418 419
418 420
418 430
418 431
418 432
418 433
418 437
419 67
419 68
419 69
419 356
419 357
419 358
419 359
419 369
419 370
419 371
419 377
419 416
419 417
419 418
419 420
419 421
419 422
419 429
419 430
419 431
419 432
419 433
419 437
419 438
419 439
420 68
420 69
420 70
420 357
420 358
420 359
420 360
420 361
420 362
420 369
420 370
420 418
420 419
420 421
420 422
420 423
420 428
420 429
420 430
420 431
420 432
420 439
421 69
421 70
421 359
421 360
421 361
421 362
421 363
421 368
421 369
421 419
421 420
421 422
421 423
421 424
421 425
421 426
421 427
421 428
421 429
421 430
421 431
421 439
421 440
421 441
422 69
422 70
422 71
422 72
422 77
422 78
422 79
422 86
422 87
422 361
422 362
422 419
422 420
422 421
422 423
422 424
422 425
422 426
422 427
422 428
422 429
422 430
422 439
422 441
423 70
423 71
423 72
423 77
423 78
423 79
423 361
423 362
423 363
423 420
423 421
423 422
423 424
423 425
423 426
423 427
423 428
423 429
424 70
424 72
424 73
424 74
424 75
424 76
424 77
424 78
424 79
424 80
424 86
424 362
424 363
424 421
424 422
424 423
424 425
424 426
424 427
424 428
425 76
425 77
425 78
425 79
425 80
425 81
425 84
425 85
425 86
425 421
425 422
425 423
425 424
425 426
425 427
425 428
425 429
425 441
426 77
426 78
426 79
426 80
426 361
426 362
426 363
426 364
426 421
426 422
426 423
426 424
426 425
426 427
426 428
426 429
426 441
426 445
427 54
427 78
427 80
427 361
427 362
427 363
427 364
427 367
427 421
427 422
427 423
427 424
427 425
427 426
427 428
427 429
427 440
427 441
427 442
427 443
427 444
427 445
428 54
428 55
428 56
428 79
428 80
428 361
428 420
428 421
428 422
428 423
428 424
428 425
428 426
428 427
428 429
428 430
428 439
428 440
428 441
428 442
428 445
429 55
429 56
429 361
429 369
429 377
429 379
429 419
429 420
429 421
429 422
429 423
429 425
429 426
429 427
429 428
429 430
429 431
429 438
429 439
429 440
429 441
429 442
429 445
430 56
430 57
430 58
430 68
430 69
430 70
430 86
430 88
430 418
430 419
430 420
430 421
430 422
430 428
430 429
430 431
430 432
430 437
430 438
430 439
430 440
430 441
431 58
431 65
431 67
431 68
431 69
431 357
431 371
431 377
431 413
431 416
431 417
431 418
431 419
431 420
431 421
431 429
431 430
431 432
431 433
431 436
431 437
431 438
431 439
431 440
432 58
432 59
432 60
432 64
432 65
432 66
432 67
432 68
432 90
432 371
432 413
432 414
432 415
432 416
432 417
432 418
432 419
432 420
432 430
432 431
432 433
432 434
432 435
432 436
432 437
432 438
432 439
433 60
433 64
433 65
433 66
433 67
433 373
433 375
433 413
433 414
433 415
433 416
433 417
433 418
433 419
433 431
433 432
433 434
433 435
433 436
433 437
433 438
434 60
434 62
434 63
434 64
434 65
434 66
434 93
434 413
434 414
434 415
434 416
434 417
434 432
434 433
434 435
434 436
434 437
435 58
435 59
435 60
435 61
435 62
435 63
435 64
435 65
435 412
435 413
435 414
435 415
435 416
435 432
435 433
435 434
435 436
435 437
435 438
436 58
436 59
436 60
436 61
436 62
436 63
436 64
436 65
436 66
436 413
436 414
436 415
436 416
436 431
436 432
436 433
436 434
436 435
436 437
436 438
437 57
437 58
437 59
437 60
437 61
437 64
437 65
437 68
437 413
437 416
437 418
437 419
437 430
437 431
437 432
437 433
437 434
437 435
437 436
437 438
437 439
438 56
438 57
438 58
438 59
438 60
438 413
438 419
438 429
438 430
438 431
438 432
438 433
438 435
438 436
438 437
438 439
438 440
439 55
439 56
439 57
439 58
439 59
439 86
439 107
439 110
439 419
439 420
439 421
439 422
439 428
439 429
439 430
439 431
439 432
439 437
439 438
439 440
439 441
440 53
440 54
440 55
440 56
440 57
440 58
440 110
440 112
440 113
440 410
440 421
440 427
440 428
440 429
440 430
440 431
440 438
440 439
440 441
440 442
441 52
441 53
441 54
441 55
441 56
441 57
441 112
441 113
441 421
441 422
441 425
441 426
441 427
441 428
441 429
441 430
441 439
441 440
441 442
441 443
441 444
441 445
442 1
442 50
442 51
442 52
442 53
442 54
442 55
442 56
442 379
442 407
442 408
442 409
442 410
442 427
442 428
442 429
442 440
442 441
442 443
442 444
442 445
443 51
443 52
443 53
443 54
443 55
443 407
443 408
443 427
443 441
443 442
443 444
443 445
444 52
444 53
444 54
444 379
444 380
444 381
444 407
444 408
444 427
444 441
444 442
444 443
444 445
445 53
445 54
445 361
445 364
445 367
445 368
445 379
445 380
445 381
445 407
445 408
445 426
445 427
445 428
445 429
445 441
445 442
445 443
445 444
