0 1
0 2
1 0
1 2
1 3
2 0
2 1
2 3
2 4
3 1
3 2
3 4
3 5
4 2
4 3
4 5
4 6
5 3
5 4
5 6
5 7
6 4
6 5
6 7
6 8
6 9
7 5
7 6
7 8
7 9
7 10
8 6
8 7
8 9
8 10
8 11
8 12
9 6
9 7
9 8
9 10
9 11
9 12
9 13
10 7
10 8
10 9
10 11
10 12
10 13
10 14
11 8
11 9
11 10
11 12
11 13
11 14
11 15
11 16
12 8
12 9
12 10
12 11
12 13
12 14
12 15
12 16
12 17
13 9
13 10
13 11
13 12
13 14
13 15
13 16
13 17
13 18
14 10
14 11
14 12
14 13
14 15
14 16
14 17
14 18
14 19
15 11
15 12
15 13
15 14
15 16
15 17
15 18
15 19
16 11
16 12
16 13
16 14
16 15
16 17
16 18
16 19
16 20
17 12
17 13
17 14
17 15
17 16
17 18
17 19
17 20
17 21
18 13
18 14
18 15
18 16
18 17
18 19
18 20
18 21
18 22
19 14
19 15
19 16
19 17
19 18
19 20
19 21
19 22
20 16
20 17
20 18
20 19
20 21
20 22
20 23
21 17
21 18
21 19
21 20
21 22
21 23
22 18
22 19
22 20
22 21
22 23
22 24
23 20
23 21
23 22
23 24
23 25
24 22
24 23
24 25
24 26
25 23
25 24
25 26
25 27
26 24
26 25
26 27
26 28
26 29
27 25
27 26
27 28
27 29
28 26
28 27
28 29
28 30
28 31
29 26
29 27
29 28
29 30
29 31
30 28
30 29
30 31
30 32
30 33
31 28
31 29
31 30
31 32
31 33
31 34
32 30
32 31
32 33
32 34
32 35
33 30
33 31
33 32
33 34
33 35
33 36
34 31
34 32
34 33
34 35
34 36
34 37
35 32
35 33
35 34
35 36
35 37
36 33
36 34
36 35
36 37
36 38
37 34
37 35
37 36
37 38
37 39
38 36
38 37
38 39
38 40
39 37
39 38
39 40
39 41
40 38
40 39
40 41
40 42
41 39
41 40
41 42
41 43
42 40
42 41
42 43
42 44
43 41
43 42
43 44
43 45
44 42
44 43
44 45
44 46
45 43
45 44
45 46
45 47
46 44
46 45
46 47
46 48
47 45
47 46
47 48
47 49
48 46
48 47
48 49
48 50
49 47
49 48
49 50
49 51
50 48
50 49
50 51
50 52
51 49
51 50
51 52
51 53
52 50
52 51
52 53
52 54
53 51
53 52
53 54
53 55
54 52
54 53
54 55
54 56
54 57
55 53
55 54
55 56
55 57
56 54
56 55
56 57
56 58
56 59
57 54
57 55
57 56
57 58
57 59
58 56
58 57
58 59
58 60
58 61
59 56
59 57
59 58
59 60
59 61
59 62
60 58
60 59
60 61
60 62
60 63
61 58
61 59
61 60
61 62
61 63
61 64
62 59
62 60
62 61
62 63
62 64
62 65
63 60
63 61
63 62
63 64
63 65
63 66
63 67
64 61
64 62
64 63
64 65
64 66
64 67
65 62
65 63
65 64
65 66
65 67
65 68
66 63
66 64
66 65
66 67
66 68
66 69
67 63
67 64
67 65
67 66
67 68
67 69
67 70
68 65
68 66
68 67
68 69
68 70
68 71
69 66
69 67
69 68
69 70
69 71
69 72
70 67
70 68
70 69
70 71
70 72
70 73
71 68
71 69
71 70
71 72
71 73
71 74
72 69
72 70
72 71
72 73
72 74
72 75
73 70
73 71
73 72
73 74
73 75
73 76
74 71
74 72
74 73
74 75
74 76
74 77
74 250
74 251
75 72
75 73
75 74
75 76
75 77
75 78
75 251
75 252
76 73
76 74
76 75
76 77
76 78
76 79
76 250
76 251
76 252
76 253
77 74
77 75
77 76
77 78
77 79
77 80
77 249
77 250
77 251
77 252
77 253
78 75
78 76
78 77
78 79
78 80
78 81
78 251
78 252
78 253
79 76
79 77
79 78
79 80
79 81
79 82
79 249
79 251
80 77
80 78
80 79
80 81
80 82
80 83
81 78
81 79
81 80
81 82
81 83
81 84
82 79
82 80
82 81
82 83
82 84
82 85
82 215
82 216
82 219
83 80
83 81
83 82
83 84
83 85
83 86
83 117
83 215
83 216
83 218
83 219
84 81
84 82
84 83
84 85
84 86
84 87
84 117
84 215
84 216
84 217
84 218
84 219
85 82
85 83
85 84
85 86
85 87
85 88
85 110
85 113
85 114
85 117
85 215
85 216
85 217
85 218
85 219
85 220
86 83
86 84
86 85
86 87
86 88
86 110
86 113
86 114
86 215
86 217
86 218
87 84
87 85
87 86
87 88
87 89
87 90
87 109
87 110
87 111
87 112
87 113
87 114
87 215
87 217
87 218
88 85
88 86
88 87
88 89
88 90
88 108
88 110
88 209
88 210
88 211
88 212
88 213
88 215
88 217
88 218
89 87
89 88
89 90
89 91
89 92
89 106
89 107
89 108
89 109
89 110
89 126
89 183
89 208
89 209
89 210
89 211
89 217
89 218
90 87
90 88
90 89
90 91
90 92
90 93
90 105
90 106
90 107
90 108
90 109
90 110
90 183
90 208
90 209
90 210
90 211
91 89
91 90
91 92
91 93
91 94
91 99
91 100
91 105
91 106
91 107
91 108
91 109
91 182
91 183
91 184
91 209
92 89
92 90
92 91
92 93
92 94
92 95
92 96
92 99
92 100
92 105
92 106
92 107
92 108
92 109
92 180
92 181
92 182
92 183
92 184
93 90
93 91
93 92
93 94
93 95
93 96
93 99
93 106
93 107
93 108
93 182
94 91
94 92
94 93
94 95
94 96
94 97
94 99
94 106
94 107
94 108
94 180
94 181
94 182
95 92
95 93
95 94
95 96
95 97
95 98
95 99
95 180
96 92
96 93
96 94
96 95
96 97
96 98
96 99
96 100
96 106
96 180
96 182
97 94
97 95
97 96
97 98
97 99
97 100
97 101
98 95
98 96
98 97
98 99
98 100
98 101
98 102
98 104
98 105
98 106
99 91
99 92
99 93
99 94
99 95
99 96
99 97
99 98
99 100
99 101
99 104
99 105
99 106
99 107
99 182
99 184
99 185
100 91
100 92
100 96
100 97
100 98
100 99
100 101
100 102
100 103
100 104
100 105
100 106
100 107
100 184
100 185
100 204
101 97
101 98
101 99
101 100
101 102
101 103
101 104
101 105
101 106
101 186
101 200
101 201
101 203
101 204
102 98
102 100
102 101
102 103
102 104
102 105
102 186
102 200
102 201
102 202
102 203
102 204
102 205
103 100
103 101
103 102
103 104
103 105
103 185
103 186
103 187
103 189
103 199
103 200
103 201
103 202
103 203
103 204
103 205
104 98
104 99
104 100
104 101
104 102
104 103
104 105
104 106
104 184
104 185
104 186
104 187
104 188
104 198
104 199
104 200
104 201
104 202
104 203
104 204
105 90
105 91
105 92
105 98
105 99
105 100
105 101
105 102
105 103
105 104
105 106
105 107
105 182
105 183
105 184
105 185
105 186
105 187
105 200
105 201
105 204
106 89
106 90
106 91
106 92
106 93
106 94
106 96
106 98
106 99
106 100
106 101
106 104
106 105
106 107
106 108
106 109
106 181
106 182
106 183
106 184
106 185
106 186
106 187
107 89
107 90
107 91
107 92
107 93
107 94
107 99
107 100
107 105
107 106
107 108
107 109
107 110
107 181
107 182
107 183
107 184
107 185
108 88
108 89
108 90
108 91
108 92
108 93
108 94
108 106
108 107
108 109
108 110
108 111
108 180
108 181
108 182
108 183
108 184
109 87
109 89
109 90
109 91
109 92
109 106
109 107
109 108
109 110
109 111
109 112
109 113
109 167
109 168
109 169
109 173
109 180
109 181
109 182
109 183
109 184
110 85
110 86
110 87
110 88
110 89
110 90
110 107
110 108
110 109
110 111
110 112
110 113
110 114
110 165
110 168
110 169
110 170
110 181
110 182
110 183
111 87
111 108
111 109
111 110
111 112
111 113
111 114
111 115
111 165
111 166
111 167
111 168
111 169
111 170
111 171
111 172
111 173
111 181
112 87
112 109
112 110
112 111
112 113
112 114
112 115
112 116
112 117
112 165
112 168
112 169
112 170
112 171
113 85
113 86
113 87
113 109
113 110
113 111
113 112
113 114
113 115
113 116
113 117
113 118
113 165
113 168
113 169
113 170
113 218
114 85
114 86
114 87
114 110
114 111
114 112
114 113
114 115
114 116
114 117
114 118
114 119
114 120
114 124
114 164
114 165
114 166
114 168
114 169
114 170
114 218
114 219
114 220
115 111
115 112
115 113
115 114
115 116
115 117
115 118
115 119
115 120
115 165
115 166
115 168
115 169
115 170
116 112
116 113
116 114
116 115
116 117
116 118
116 119
117 83
117 84
117 85
117 112
117 113
117 114
117 115
117 116
117 118
117 119
117 165
117 219
117 220
118 113
118 114
118 115
118 116
118 117
118 119
118 120
118 121
118 122
118 123
118 124
118 164
118 165
118 166
118 219
118 220
118 221
118 222
119 114
119 115
119 116
119 117
119 118
119 120
119 121
119 122
119 123
119 164
119 165
119 166
119 220
119 222
120 114
120 115
120 118
120 119
120 121
120 122
120 123
120 124
120 163
120 164
120 165
120 166
120 167
121 118
121 119
121 120
121 122
121 123
121 124
121 163
121 164
121 165
121 166
121 222
121 223
122 118
122 119
122 120
122 121
122 123
122 124
122 125
122 162
122 163
122 164
122 165
122 166
122 220
122 221
122 222
122 223
122 224
123 118
123 119
123 120
123 121
123 122
123 124
123 125
123 161
123 162
123 163
123 164
123 165
123 166
123 219
123 220
123 221
123 222
123 223
124 114
124 118
124 120
124 121
124 122
124 123
124 125
124 126
124 127
124 160
124 161
124 162
124 163
124 164
124 165
124 167
124 168
124 218
124 219
124 220
124 221
124 222
125 122
125 123
125 124
125 126
125 127
125 128
125 139
125 146
125 158
125 159
125 160
125 161
125 162
125 163
125 164
125 196
125 217
125 218
125 219
125 220
125 221
126 89
126 124
126 125
126 127
126 128
126 129
126 158
126 159
126 160
126 161
126 162
126 163
126 183
126 185
126 196
126 198
126 217
126 218
127 124
127 125
127 126
127 128
127 129
127 134
127 137
127 139
127 146
127 147
127 149
127 157
127 158
127 159
127 160
127 161
127 185
127 217
127 218
128 125
128 126
128 127
128 129
128 130
128 131
128 133
128 134
128 147
128 149
128 152
128 156
128 157
128 158
128 159
128 160
128 185
128 186
128 198
128 201
128 207
128 208
129 126
129 127
129 128
129 130
129 131
129 132
129 133
129 134
129 135
129 137
129 152
129 153
129 155
129 156
129 157
129 158
129 159
129 205
129 206
129 207
129 208
130 128
130 129
130 131
130 132
130 133
130 134
130 135
130 152
130 153
130 155
130 156
130 157
130 158
130 205
130 206
130 207
130 208
131 128
131 129
131 130
131 132
131 133
131 134
131 135
131 156
131 157
131 205
131 206
131 207
131 208
131 209
131 210
131 213
132 129
132 130
132 131
132 133
132 134
132 135
132 136
132 137
132 156
132 157
132 206
132 207
132 208
133 128
133 129
133 130
133 131
133 132
133 134
133 135
133 136
133 137
133 138
133 152
133 155
133 156
133 157
133 207
134 127
134 128
134 129
134 130
134 131
134 132
134 133
134 135
134 136
134 137
134 138
134 156
134 157
134 207
134 208
134 213
134 216
134 217
135 129
135 130
135 131
135 132
135 133
135 134
135 136
135 137
135 138
135 213
135 214
135 215
135 216
135 217
136 132
136 133
136 134
136 135
136 137
136 138
136 156
136 216
137 127
137 129
137 132
137 133
137 134
137 135
137 136
137 138
137 139
137 140
137 155
137 156
137 157
137 158
137 216
137 217
138 133
138 134
138 135
138 136
138 137
138 139
138 140
138 141
138 216
138 217
139 125
139 127
139 137
139 138
139 140
139 141
139 142
139 145
139 146
139 147
139 159
139 216
139 217
139 218
139 219
139 220
139 221
140 137
140 138
140 139
140 141
140 142
140 143
140 144
140 145
140 146
140 147
140 159
140 221
141 138
141 139
141 140
141 142
141 143
141 144
141 145
141 146
141 221
141 222
141 223
142 139
142 140
142 141
142 143
142 144
142 145
142 146
142 221
142 223
142 224
143 140
143 141
143 142
143 144
143 145
143 146
143 147
143 195
143 196
143 223
144 140
144 141
144 142
144 143
144 145
144 146
144 147
144 148
144 195
145 139
145 140
145 141
145 142
145 143
145 144
145 146
145 147
145 148
145 159
146 125
146 127
146 139
146 140
146 141
146 142
146 143
146 144
146 145
146 147
146 148
146 149
146 151
146 158
146 159
146 160
146 195
146 196
147 127
147 128
147 139
147 140
147 143
147 144
147 145
147 146
147 148
147 149
147 150
147 151
147 152
147 155
147 156
147 157
147 158
147 159
147 160
147 195
147 196
148 144
148 145
148 146
148 147
148 149
148 150
148 151
148 152
148 155
148 157
148 158
148 159
148 160
148 193
148 194
148 195
148 196
148 197
148 198
148 199
149 127
149 128
149 146
149 147
149 148
149 150
149 151
149 152
149 153
149 156
149 157
149 158
149 159
149 160
149 186
149 191
149 192
149 193
149 194
149 195
149 196
149 197
149 198
149 199
149 200
149 201
149 202
150 147
150 148
150 149
150 151
150 152
150 153
150 154
150 155
150 156
150 157
150 158
150 191
150 192
150 193
150 194
150 195
150 197
150 199
150 201
150 202
151 146
151 147
151 148
151 149
151 150
151 152
151 153
151 154
151 155
151 156
151 157
151 158
151 159
152 128
152 129
152 130
152 133
152 147
152 148
152 149
152 150
152 151
152 153
152 154
152 155
152 156
152 157
152 158
152 159
152 201
152 202
153 129
153 130
153 149
153 150
153 151
153 152
153 154
153 155
153 156
153 157
153 158
153 201
153 202
154 150
154 151
154 152
154 153
154 155
154 156
154 157
154 158
155 129
155 130
155 133
155 137
155 147
155 148
155 150
155 151
155 152
155 153
155 154
155 156
155 157
155 158
156 128
156 129
156 130
156 131
156 132
156 133
156 134
156 136
156 137
156 147
156 149
156 150
156 151
156 152
156 153
156 154
156 155
156 157
156 158
157 127
157 128
157 129
157 130
157 131
157 132
157 133
157 134
157 137
157 147
157 148
157 149
157 150
157 151
157 152
157 153
157 154
157 155
157 156
157 158
157 159
157 207
158 125
158 126
158 127
158 128
158 129
158 130
158 137
158 146
158 147
158 148
158 149
158 150
158 151
158 152
158 153
158 154
158 155
158 156
158 157
158 159
158 160
158 195
158 196
158 197
158 198
159 125
159 126
159 127
159 128
159 129
159 139
159 140
159 145
159 146
159 147
159 148
159 149
159 151
159 152
159 157
159 158
159 160
159 161
159 162
159 195
159 196
159 197
159 198
160 124
160 125
160 126
160 127
160 128
160 146
160 147
160 148
160 149
160 158
160 159
160 161
160 162
160 163
160 185
160 186
160 195
160 196
160 197
160 198
160 199
161 123
161 124
161 125
161 126
161 127
161 159
161 160
161 162
161 163
161 164
161 183
161 184
161 185
161 196
161 197
161 198
162 122
162 123
162 124
162 125
162 126
162 159
162 160
162 161
162 163
162 164
162 165
162 196
162 197
162 198
163 120
163 121
163 122
163 123
163 124
163 125
163 126
163 160
163 161
163 162
163 164
163 165
163 166
163 167
163 168
164 114
164 118
164 119
164 120
164 121
164 122
164 123
164 124
164 125
164 161
164 162
164 163
164 165
164 166
164 167
164 168
164 220
165 110
165 111
165 112
165 113
165 114
165 115
165 117
165 118
165 119
165 120
165 121
165 122
165 123
165 124
165 162
165 163
165 164
165 166
165 167
165 168
165 169
165 170
165 220
166 111
166 114
166 115
166 118
166 119
166 120
166 121
166 122
166 123
166 163
166 164
166 165
166 167
166 168
166 169
166 170
167 109
167 111
167 120
167 124
167 163
167 164
167 165
167 166
167 168
167 169
167 170
167 181
168 109
168 110
168 111
168 112
168 113
168 114
168 115
168 124
168 163
168 164
168 165
168 166
168 167
168 169
168 170
168 171
168 173
168 181
168 182
168 183
169 109
169 110
169 111
169 112
169 113
169 114
169 115
169 165
169 166
169 167
169 168
169 170
169 171
169 172
169 173
169 181
170 110
170 111
170 112
170 113
170 114
170 115
170 165
170 166
170 167
170 168
170 169
170 171
170 172
170 173
171 111
171 112
171 168
171 169
171 170
171 172
171 173
171 174
171 175
171 176
172 111
172 169
172 170
172 171
172 173
172 174
172 175
172 176
172 181
173 109
173 111
173 168
173 169
173 170
173 171
173 172
173 174
173 175
173 176
173 177
173 178
173 179
173 180
173 181
174 171
174 172
174 173
174 175
174 176
174 177
174 178
174 179
174 180
174 181
175 171
175 172
175 173
175 174
175 176
175 177
175 178
176 171
176 172
176 173
176 174
176 175
176 177
176 178
176 179
176 180
176 181
177 173
177 174
177 175
177 176
177 178
177 179
177 180
178 173
178 174
178 175
178 176
178 177
178 179
178 180
178 181
179 173
179 174
179 176
179 177
179 178
179 180
179 181
179 182
180 92
180 94
180 95
180 96
180 108
180 109
180 173
180 174
180 176
180 177
180 178
180 179
180 181
180 182
180 183
181 92
181 94
181 106
181 107
181 108
181 109
181 110
181 111
181 167
181 168
181 169
181 172
181 173
181 174
181 176
181 178
181 179
181 180
181 182
181 183
181 184
182 91
182 92
182 93
182 94
182 96
182 99
182 105
182 106
182 107
182 108
182 109
182 110
182 168
182 179
182 180
182 181
182 183
182 184
182 185
183 89
183 90
183 91
183 92
183 105
183 106
183 107
183 108
183 109
183 110
183 126
183 161
183 168
183 180
183 181
183 182
183 184
183 185
183 186
183 187
184 91
184 92
184 99
184 100
184 104
184 105
184 106
184 107
184 108
184 109
184 161
184 181
184 182
184 183
184 185
184 186
184 187
184 188
184 198
185 99
185 100
185 103
185 104
185 105
185 106
185 107
185 126
185 127
185 128
185 160
185 161
185 182
185 183
185 184
185 186
185 187
185 188
185 197
185 198
185 199
185 200
185 201
186 101
186 102
186 103
186 104
186 105
186 106
186 128
186 149
186 160
186 183
186 184
186 185
186 187
186 188
186 189
186 191
186 197
186 198
186 199
186 200
186 201
186 202
187 103
187 104
187 105
187 106
187 183
187 184
187 185
187 186
187 188
187 189
187 190
187 191
187 197
187 198
187 199
187 200
187 201
188 104
188 184
188 185
188 186
188 187
188 189
188 190
188 191
188 192
188 197
188 198
188 199
188 200
189 103
189 186
189 187
189 188
189 190
189 191
189 192
189 197
189 198
189 199
189 200
189 201
190 187
190 188
190 189
190 191
190 192
190 193
190 194
190 197
190 198
190 199
190 200
191 149
191 150
191 186
191 187
191 188
191 189
191 190
191 192
191 193
191 194
191 195
191 196
191 197
191 198
191 199
191 200
192 149
192 150
192 188
192 189
192 190
192 191
192 193
192 194
192 195
192 197
192 198
192 199
192 234
192 235
193 148
193 149
193 150
193 190
193 191
193 192
193 194
193 195
193 196
193 197
193 199
193 234
193 235
193 236
193 237
194 148
194 149
194 150
194 190
194 191
194 192
194 193
194 195
194 196
194 197
194 198
194 199
194 233
194 234
194 235
194 236
195 143
195 144
195 146
195 147
195 148
195 149
195 150
195 158
195 159
195 160
195 191
195 192
195 193
195 194
195 196
195 197
195 198
195 234
195 235
196 125
196 126
196 143
196 146
196 147
196 148
196 149
196 158
196 159
196 160
196 161
196 162
196 191
196 193
196 194
196 195
196 197
196 198
196 199
197 148
197 149
197 150
197 158
197 159
197 160
197 161
197 162
197 185
197 186
197 187
197 188
197 189
197 190
197 191
197 192
197 193
197 194
197 195
197 196
197 198
197 199
197 200
198 104
198 126
198 128
198 148
198 149
198 158
198 159
198 160
198 161
198 162
198 184
198 185
198 186
198 187
198 188
198 189
198 190
198 191
198 192
198 194
198 195
198 196
198 197
198 199
198 200
198 201
199 103
199 104
199 148
199 149
199 150
199 160
199 185
199 186
199 187
199 188
199 189
199 190
199 191
199 192
199 193
199 194
199 196
199 197
199 198
199 200
199 201
199 202
200 101
200 102
200 103
200 104
200 105
200 149
200 185
200 186
200 187
200 188
200 189
200 190
200 191
200 197
200 198
200 199
200 201
200 202
200 203
201 101
201 102
201 103
201 104
201 105
201 128
201 149
201 150
201 152
201 153
201 185
201 186
201 187
201 189
201 198
201 199
201 200
201 202
201 203
201 204
201 205
201 207
202 102
202 103
202 104
202 149
202 150
202 152
202 153
202 186
202 199
202 200
202 201
202 203
202 204
202 205
203 101
203 102
203 103
203 104
203 200
203 201
203 202
203 204
203 205
203 206
203 207
204 100
204 101
204 102
204 103
204 104
204 105
204 201
204 202
204 203
204 205
204 206
204 207
205 102
205 103
205 129
205 130
205 131
205 201
205 202
205 203
205 204
205 206
205 207
205 208
206 129
206 130
206 131
206 132
206 203
206 204
206 205
206 207
206 208
206 209
207 128
207 129
207 130
207 131
207 132
207 133
207 134
207 157
207 201
207 203
207 204
207 205
207 206
207 208
207 209
207 210
208 89
208 90
208 128
208 129
208 130
208 131
208 132
208 134
208 205
208 206
208 207
208 209
208 210
208 211
208 213
209 88
209 89
209 90
209 91
209 131
209 206
209 207
209 208
209 210
209 211
209 212
209 213
210 88
210 89
210 90
210 131
210 207
210 208
210 209
210 211
210 212
210 213
210 214
211 88
211 89
211 90
211 208
211 209
211 210
211 212
211 213
211 214
212 88
212 209
212 210
212 211
212 213
212 214
212 215
213 88
213 131
213 134
213 135
213 208
213 209
213 210
213 211
213 212
213 214
213 215
213 216
213 217
214 135
214 210
214 211
214 212
214 213
214 215
214 216
214 217
215 82
215 83
215 84
215 85
215 86
215 87
215 88
215 135
215 212
215 213
215 214
215 216
215 217
215 218
216 82
216 83
216 84
216 85
216 134
216 135
216 136
216 137
216 138
216 139
216 213
216 214
216 215
216 217
216 218
216 219
217 84
217 85
217 86
217 87
217 88
217 89
217 125
217 126
217 127
217 134
217 135
217 137
217 138
217 139
217 213
217 214
217 215
217 216
217 218
217 219
218 83
218 84
218 85
218 86
218 87
218 88
218 89
218 113
218 114
218 124
218 125
218 126
218 127
218 139
218 215
218 216
218 217
218 219
218 220
218 221
219 82
219 83
219 84
219 85
219 114
219 117
219 118
219 123
219 124
219 125
219 139
219 216
219 217
219 218
219 220
219 221
219 222
220 85
220 114
220 117
220 118
220 119
220 122
220 123
220 124
220 125
220 139
220 164
220 165
220 218
220 219
220 221
220 222
220 223
221 118
221 122
221 123
221 124
221 125
221 139
221 140
221 141
221 142
221 218
221 219
221 220
221 222
221 223
221 224
222 118
222 119
222 121
222 122
222 123
222 124
222 141
222 219
222 220
222 221
222 223
222 224
222 225
223 121
223 122
223 123
223 141
223 142
223 143
223 220
223 221
223 222
223 224
223 225
223 226
224 122
224 142
224 221
224 222
224 223
224 225
224 226
224 227
225 222
225 223
225 224
225 226
225 227
225 228
226 223
226 224
226 225
226 227
226 228
226 229
227 224
227 225
227 226
227 228
227 229
227 230
228 225
228 226
228 227
228 229
228 230
229 226
229 227
229 228
229 230
229 231
229 232
230 227
230 228
230 229
230 231
230 232
231 229
231 230
231 232
231 233
232 229
232 230
232 231
232 233
232 234
233 194
233 231
233 232
233 234
233 235
233 236
234 192
234 193
234 194
234 195
234 232
234 233
234 235
234 236
235 192
235 193
235 194
235 195
235 233
235 234
235 236
235 237
236 193
236 194
236 233
236 234
236 235
236 237
236 238
237 193
237 235
237 236
237 238
237 239
238 236
238 237
238 239
238 240
239 237
239 238
239 240
239 241
240 238
240 239
240 241
240 242
241 239
241 240
241 242
241 243
242 240
242 241
242 243
242 244
243 241
243 242
243 244
243 245
244 242
244 243
244 245
244 246
245 243
245 244
245 246
245 247
246 244
246 245
246 247
246 248
247 245
247 246
247 248
247 249
248 246
248 247
248 249
248 250
249 77
249 79
249 247
249 248
249 250
249 251
250 74
250 76
250 77
250 248
250 249
250 251
250 252
251 74
251 75
251 76
251 77
251 78
251 79
251 249
251 250
251 252
251 253
252 75
252 76
252 77
252 78
252 250
252 251
252 253
252 254
253 76
253 77
253 78
253 251
253 252
253 254
253 255
254 252
254 253
254 255
254 256
255 253
255 254
255 256
255 257
256 254
256 255
256 257
256 258
257 255
257 256
257 258
257 259
258 256
258 257
258 259
258 260
259 257
259 258
259 260
259 261
260 258
260 259
260 261
260 262
261 259
261 260
261 262
261 263
261 264
262 260
262 261
262 263
262 264
263 261
263 262
263 264
263 265
263 266
264 261
264 262
264 263
264 265
264 266
265 263
265 264
265 266
265 267
265 268
266 263
266 264
266 265
266 267
266 268
266 269
267 265
267 266
267 268
267 269
267 270
268 265
268 266
268 267
268 269
268 270
268 271
269 266
269 267
269 268
269 270
269 271
269 272
270 267
270 268
270 269
270 271
270 272
270 273
271 268
271 269
271 270
271 272
271 273
271 274
272 269
272 270
272 271
272 273
272 274
272 275
273 270
273 271
273 272
273 274
273 275
273 276
274 271
274 272
274 273
274 275
274 276
275 272
275 273
275 274
275 276
275 277
275 278
276 273
276 274
276 275
276 277
276 278
276 279
277 275
277 276
277 278
277 279
278 275
278 276
278 277
278 279
278 280
278 281
279 276
279 277
279 278
279 280
279 281
279 282
280 278
280 279
280 281
280 282
280 283
281 278
281 279
281 280
281 282
281 283
281 284
282 279
282 280
282 281
282 283
282 284
282 285
283 280
283 281
283 282
283 284
283 285
283 286
284 281
284 282
284 283
284 285
284 286
284 287
285 282
285 283
285 284
285 286
285 287
286 283
286 284
286 285
286 287
286 288
287 284
287 285
287 286
287 288
287 289
288 286
288 287
288 289
288 290
289 287
289 288
289 290
289 291
290 288
290 289
290 291
290 292
291 289
291 290
291 292
291 293
292 290
292 291
292 293
292 294
293 291
293 292
293 294
293 295
294 292
294 293
294 295
294 296
295 293
295 294
295 296
295 297
295 298
296 294
296 295
296 297
296 298
296 299
297 295
297 296
297 298
297 299
297 300
298 295
298 296
298 297
298 299
298 300
298 301
299 296
299 297
299 298
299 300
299 301
299 302
300 297
300 298
300 299
300 301
300 302
300 303
301 298
301 299
301 300
301 302
301 303
301 304
302 299
302 300
302 301
302 303
302 304
302 305
303 300
303 301
303 302
303 304
303 305
303 306
304 301
304 302
304 303
304 305
304 306
305 302
305 303
305 304
305 306
305 307
305 308
306 303
306 304
306 305
306 307
306 308
307 305
307 306
307 308
307 309
308 305
308 306
308 307
308 309
308 310
309 307
309 308
309 310
309 311
310 308
310 309
310 311
310 312
311 309
311 310
311 312
311 313
312 310
312 311
312 313
312 314
312 315
313 311
313 312
313 314
313 315
313 316
314 312
314 313
314 315
314 316
314 317
315 312
315 313
315 314
315 316
315 317
315 318
316 313
316 314
316 315
316 317
316 318
317 314
317 315
317 316
317 318
317 319
318 315
318 316
318 317
318 319
319 317
319 318
