0 1
0 2
0 3
1 0
1 2
1 3
1 4
1 107
1 108
2 0
2 1
2 3
2 4
2 105
2 106
2 107
2 108
2 109
2 110
2 123
3 0
3 1
3 2
3 4
3 5
3 6
3 104
3 105
3 106
3 107
3 108
3 109
3 122
3 123
3 124
3 125
4 1
4 2
4 3
4 5
4 6
4 7
4 104
4 105
4 106
4 107
4 108
4 124
4 125
5 3
5 4
5 6
5 7
5 8
5 103
5 104
5 105
5 106
5 107
5 124
5 125
5 126
6 3
6 4
6 5
6 7
6 8
6 103
6 104
6 105
6 106
6 107
6 124
7 4
7 5
7 6
7 8
7 9
7 102
7 103
7 104
7 105
7 106
7 126
8 5
8 6
8 7
8 9
8 10
8 11
8 101
8 102
8 103
8 104
8 105
8 126
8 127
8 128
8 129
9 7
9 8
9 10
9 11
9 12
9 100
9 101
9 102
9 103
9 104
9 128
10 8
10 9
10 11
10 12
10 13
10 69
10 99
10 100
10 101
10 102
10 103
10 128
10 129
10 130
10 131
11 8
11 9
11 10
11 12
11 13
11 14
11 99
11 100
11 101
11 102
11 103
11 128
11 129
12 9
12 10
12 11
12 13
12 14
12 15
12 20
12 99
12 100
12 101
12 102
13 10
13 11
13 12
13 14
13 15
13 16
13 19
13 20
13 24
13 99
13 100
13 101
14 11
14 12
14 13
14 15
14 16
14 17
14 20
14 99
14 100
15 12
15 13
15 14
15 16
15 17
15 18
15 19
15 20
16 13
16 14
16 15
16 17
16 18
16 19
17 14
17 15
17 16
17 18
17 19
17 20
18 15
18 16
18 17
18 19
18 20
18 21
18 23
18 24
19 13
19 15
19 16
19 17
19 18
19 20
19 21
19 22
19 23
19 24
20 12
20 13
20 14
20 15
20 17
20 18
20 19
20 21
20 22
20 23
20 24
20 25
21 18
21 19
21 20
21 22
21 23
21 24
21 25
22 19
22 20
22 21
22 23
22 24
22 25
22 28
22 32
22 33
23 18
23 19
23 20
23 21
23 22
23 24
23 25
23 26
23 27
23 28
23 29
23 31
23 32
23 33
23 34
24 13
24 18
24 19
24 20
24 21
24 22
24 23
24 25
24 26
24 27
24 28
24 29
24 32
24 33
25 20
25 21
25 22
25 23
25 24
25 26
25 27
25 28
25 29
25 30
25 31
25 32
25 33
25 34
25 35
25 36
25 65
25 67
25 135
26 23
26 24
26 25
26 27
26 28
26 29
26 30
26 31
26 32
26 34
26 36
26 65
26 66
26 67
26 94
26 95
26 96
26 97
26 134
26 135
26 136
26 137
27 23
27 24
27 25
27 26
27 28
27 29
27 30
27 31
27 32
27 33
27 34
27 36
27 64
27 65
27 93
27 94
27 95
27 135
27 136
27 137
28 22
28 23
28 24
28 25
28 26
28 27
28 29
28 30
28 31
28 32
28 33
28 34
29 23
29 24
29 25
29 26
29 27
29 28
29 30
29 31
29 32
30 25
30 26
30 27
30 28
30 29
30 31
30 32
30 33
30 34
30 63
30 93
30 137
30 139
30 143
30 144
31 23
31 25
31 26
31 27
31 28
31 29
31 30
31 32
31 33
31 34
31 35
31 62
31 63
31 64
31 65
31 137
31 138
31 139
31 141
31 143
32 22
32 23
32 24
32 25
32 26
32 27
32 28
32 29
32 30
32 31
32 33
32 34
32 35
32 63
33 22
33 23
33 24
33 25
33 27
33 28
33 30
33 31
33 32
33 34
33 35
33 36
33 61
33 62
33 63
33 64
33 65
34 23
34 25
34 26
34 27
34 28
34 30
34 31
34 32
34 33
34 35
34 36
34 37
34 56
34 61
34 62
34 63
34 64
34 65
34 137
34 138
34 139
35 25
35 31
35 32
35 33
35 34
35 36
35 37
35 38
35 52
35 55
35 56
35 61
35 62
35 63
35 64
35 65
35 66
35 137
35 138
36 25
36 26
36 27
36 33
36 34
36 35
36 37
36 38
36 39
36 52
36 63
36 64
36 65
36 66
36 67
36 135
36 136
36 137
37 34
37 35
37 36
37 38
37 39
37 40
37 48
37 51
37 52
37 64
37 65
37 66
37 67
37 68
37 76
37 79
37 135
37 136
38 35
38 36
38 37
38 39
38 40
38 43
38 48
38 65
38 66
38 67
38 68
38 69
38 72
38 76
38 135
39 36
39 37
39 38
39 40
39 41
39 42
39 43
39 44
39 45
39 48
39 66
39 67
39 68
39 69
39 71
39 72
39 73
39 74
39 75
39 76
39 77
39 79
39 135
40 37
40 38
40 39
40 41
40 42
40 43
40 44
40 67
40 68
40 69
40 70
40 71
40 72
40 73
40 75
40 76
41 39
41 40
41 42
41 43
41 44
41 68
41 69
41 70
41 71
41 72
41 73
41 74
41 75
41 76
42 39
42 40
42 41
42 43
42 44
42 45
42 71
42 72
43 38
43 39
43 40
43 41
43 42
43 44
43 45
43 46
43 47
43 48
43 72
43 75
43 76
44 39
44 40
44 41
44 42
44 43
44 45
44 46
44 47
44 48
44 49
44 75
45 39
45 42
45 43
45 44
45 46
45 47
45 48
45 49
45 50
45 75
45 76
45 78
45 79
45 82
46 43
46 44
46 45
46 47
46 48
46 49
46 50
46 51
46 52
46 79
47 43
47 44
47 45
47 46
47 48
47 49
47 50
47 51
47 52
48 37
48 38
48 39
48 43
48 44
48 45
48 46
48 47
48 49
48 50
48 51
48 52
48 53
48 66
48 79
48 83
49 44
49 45
49 46
49 47
49 48
49 50
49 51
49 52
49 53
49 54
49 55
49 79
49 80
49 82
49 83
49 86
50 45
50 46
50 47
50 48
50 49
50 51
50 52
50 53
50 54
50 55
50 83
51 37
51 46
51 47
51 48
51 49
51 50
51 52
51 53
51 54
51 55
51 56
51 57
52 35
52 36
52 37
52 46
52 47
52 48
52 49
52 50
52 51
52 53
52 54
52 55
52 56
52 57
52 64
52 65
52 66
52 79
52 80
52 83
53 48
53 49
53 50
53 51
53 52
53 54
53 55
53 56
53 57
53 58
53 64
53 82
53 83
53 84
53 86
53 87
54 49
54 50
54 51
54 52
54 53
54 55
54 56
54 57
54 58
54 61
55 35
55 49
55 50
55 51
55 52
55 53
55 54
55 56
55 57
55 58
55 59
55 60
55 61
55 62
55 63
55 64
56 34
56 35
56 51
56 52
56 53
56 54
56 55
56 57
56 58
56 59
56 60
56 61
56 62
56 63
56 64
56 83
56 87
56 138
56 139
56 140
57 51
57 52
57 53
57 54
57 55
57 56
57 58
57 59
57 60
57 61
57 62
57 87
58 53
58 54
58 55
58 56
58 57
58 59
58 60
58 61
58 62
59 55
59 56
59 57
59 58
59 60
59 61
59 62
60 55
60 56
60 57
60 58
60 59
60 61
60 62
60 63
61 33
61 34
61 35
61 54
61 55
61 56
61 57
61 58
61 59
61 60
61 62
61 63
61 64
61 139
61 140
62 31
62 33
62 34
62 35
62 55
62 56
62 57
62 58
62 59
62 60
62 61
62 63
62 64
62 90
62 138
62 139
62 140
62 141
63 30
63 31
63 32
63 33
63 34
63 35
63 36
63 55
63 56
63 60
63 61
63 62
63 64
63 65
63 90
63 91
63 92
63 137
63 138
63 139
63 140
63 141
64 27
64 31
64 33
64 34
64 35
64 36
64 37
64 52
64 53
64 55
64 56
64 61
64 62
64 63
64 65
64 66
64 80
64 83
64 92
64 136
64 137
64 138
64 139
64 140
65 25
65 26
65 27
65 31
65 33
65 34
65 35
65 36
65 37
65 38
65 52
65 63
65 64
65 66
65 67
65 76
65 80
65 92
65 93
65 94
65 135
65 136
65 137
65 138
65 139
66 26
66 35
66 36
66 37
66 38
66 39
66 48
66 52
66 64
66 65
66 67
66 68
66 73
66 75
66 76
66 77
66 78
66 79
66 80
66 94
66 134
66 135
66 136
66 137
66 138
67 25
67 26
67 36
67 37
67 38
67 39
67 40
67 65
67 66
67 68
67 69
67 72
67 73
67 75
67 76
67 77
67 79
67 80
67 94
67 95
67 96
67 97
67 133
67 134
67 135
67 136
67 137
68 37
68 38
68 39
68 40
68 41
68 66
68 67
68 69
68 70
68 71
68 72
68 73
68 74
68 75
68 76
68 77
68 97
68 99
68 131
68 132
68 133
68 134
68 135
68 136
69 10
69 38
69 39
69 40
69 41
69 67
69 68
69 70
69 71
69 72
69 73
69 74
69 75
69 76
69 96
69 97
69 98
69 99
69 100
69 101
69 130
69 131
69 132
69 133
69 134
69 135
70 40
70 41
70 68
70 69
70 71
70 72
70 73
70 74
70 98
70 99
70 101
70 130
70 131
70 132
70 133
70 134
71 39
71 40
71 41
71 42
71 68
71 69
71 70
71 72
71 73
71 74
71 75
71 76
71 131
71 132
71 133
72 38
72 39
72 40
72 41
72 42
72 43
72 67
72 68
72 69
72 70
72 71
72 73
72 74
72 75
72 76
72 77
72 78
72 132
72 133
72 134
73 39
73 40
73 41
73 66
73 67
73 68
73 69
73 70
73 71
73 72
73 74
73 75
73 76
73 77
73 78
73 132
73 133
73 134
73 135
74 39
74 41
74 68
74 69
74 70
74 71
74 72
74 73
74 75
74 76
74 77
74 78
74 79
74 133
74 134
75 39
75 40
75 41
75 43
75 44
75 45
75 66
75 67
75 68
75 69
75 71
75 72
75 73
75 74
75 76
75 77
75 78
75 79
75 80
75 81
76 37
76 38
76 39
76 40
76 41
76 43
76 45
76 65
76 66
76 67
76 68
76 69
76 71
76 72
76 73
76 74
76 75
76 77
76 78
76 79
76 80
76 81
76 133
76 134
76 135
76 136
77 39
77 66
77 67
77 68
77 72
77 73
77 74
77 75
77 76
77 78
77 79
77 80
77 81
77 82
77 83
77 94
77 134
77 135
77 136
78 45
78 66
78 72
78 73
78 74
78 75
78 76
78 77
78 79
78 80
78 81
78 82
78 83
78 84
79 37
79 39
79 45
79 46
79 48
79 49
79 52
79 66
79 67
79 74
79 75
79 76
79 77
79 78
79 80
79 81
79 82
79 83
79 84
79 136
80 49
80 52
80 64
80 65
80 66
80 67
80 75
80 76
80 77
80 78
80 79
80 81
80 82
80 83
80 84
80 85
80 90
80 92
80 135
80 136
80 137
80 138
81 75
81 76
81 77
81 78
81 79
81 80
81 82
81 83
81 84
81 85
81 86
81 87
81 138
82 45
82 49
82 53
82 77
82 78
82 79
82 80
82 81
82 83
82 84
82 85
82 86
82 87
83 48
83 49
83 50
83 52
83 53
83 56
83 64
83 77
83 78
83 79
83 80
83 81
83 82
83 84
83 85
83 86
83 87
83 88
83 90
83 138
84 53
84 78
84 79
84 80
84 81
84 82
84 83
84 85
84 86
84 87
84 88
84 89
84 90
84 91
84 92
84 138
84 153
84 154
84 157
85 80
85 81
85 82
85 83
85 84
85 86
85 87
85 88
85 89
85 90
85 154
85 156
85 157
85 158
85 159
85 160
86 49
86 53
86 81
86 82
86 83
86 84
86 85
86 87
86 88
86 90
86 157
86 158
86 160
86 161
87 53
87 56
87 57
87 81
87 82
87 83
87 84
87 85
87 86
87 88
87 89
87 90
87 140
87 153
87 157
88 83
88 84
88 85
88 86
88 87
88 89
88 90
88 91
88 140
88 153
88 154
88 155
88 156
88 157
88 158
89 84
89 85
89 87
89 88
89 90
89 91
89 92
89 138
89 139
89 140
89 141
89 142
89 152
89 153
89 154
89 155
89 156
89 157
90 62
90 63
90 80
90 83
90 84
90 85
90 86
90 87
90 88
90 89
90 91
90 92
90 137
90 138
90 139
90 140
90 141
90 142
90 143
90 151
90 152
90 153
90 154
91 63
91 84
91 88
91 89
91 90
91 92
91 93
91 137
91 138
91 139
91 140
91 141
91 142
91 143
91 144
91 145
91 150
91 151
91 152
91 153
91 154
92 63
92 64
92 65
92 80
92 84
92 89
92 90
92 91
92 93
92 94
92 136
92 137
92 138
92 139
92 140
92 141
92 142
92 143
92 145
92 149
92 150
92 151
92 152
92 153
93 27
93 30
93 65
93 91
93 92
93 94
93 95
93 135
93 136
93 137
93 138
93 139
93 143
93 144
93 145
93 147
93 148
93 149
93 150
93 151
93 152
94 26
94 27
94 65
94 66
94 67
94 77
94 92
94 93
94 95
94 96
94 97
94 134
94 135
94 136
94 137
94 138
94 147
94 148
94 149
94 150
94 151
95 26
95 27
95 67
95 93
95 94
95 96
95 97
95 133
95 134
95 135
95 136
95 137
95 148
95 149
95 150
96 26
96 67
96 69
96 94
96 95
96 97
96 98
96 132
96 133
96 134
96 135
96 136
96 149
97 26
97 67
97 68
97 69
97 94
97 95
97 96
97 98
97 99
97 100
97 130
97 131
97 132
97 133
97 134
97 135
98 69
98 70
98 96
98 97
98 99
98 100
98 101
98 129
98 130
98 131
98 132
98 133
98 134
99 10
99 11
99 12
99 13
99 14
99 68
99 69
99 70
99 97
99 98
99 100
99 101
99 102
99 128
99 129
99 130
99 131
99 132
99 133
99 134
100 9
100 10
100 11
100 12
100 13
100 14
100 69
100 97
100 98
100 99
100 101
100 102
100 103
100 127
100 128
100 129
100 130
100 131
100 132
101 8
101 9
101 10
101 11
101 12
101 13
101 69
101 70
101 98
101 99
101 100
101 102
101 103
101 104
101 127
101 128
101 129
101 130
101 131
101 132
102 7
102 8
102 9
102 10
102 11
102 12
102 99
102 100
102 101
102 103
102 104
102 105
102 126
102 127
102 128
102 129
102 130
102 131
103 5
103 6
103 7
103 8
103 9
103 10
103 11
103 100
103 101
103 102
103 104
103 105
103 106
103 125
103 126
103 127
103 128
103 129
104 3
104 4
104 5
104 6
104 7
104 8
104 9
104 101
104 102
104 103
104 105
104 106
104 124
104 125
104 126
104 127
104 128
105 2
105 3
105 4
105 5
105 6
105 7
105 8
105 102
105 103
105 104
105 106
105 107
105 108
105 122
105 123
105 124
105 125
105 126
105 127
106 2
106 3
106 4
106 5
106 6
106 7
106 103
106 104
106 105
106 107
106 108
106 109
106 121
106 122
106 123
106 124
106 125
106 126
107 1
107 2
107 3
107 4
107 5
107 6
107 105
107 106
107 108
107 109
107 110
107 121
107 122
107 123
107 124
107 125
108 1
108 2
108 3
108 4
108 105
108 106
108 107
108 109
108 110
108 111
108 121
108 122
108 123
108 124
109 2
109 3
109 106
109 107
109 108
109 110
109 111
109 112
109 119
109 120
109 121
109 122
109 123
110 2
110 107
110 108
110 109
110 111
110 112
110 113
110 116
110 120
110 121
110 122
110 123
111 108
111 109
111 110
111 112
111 113
111 114
111 116
112 109
112 110
112 111
112 113
112 114
112 115
112 116
112 117
112 118
113 110
113 111
113 112
113 114
113 115
113 116
113 117
114 111
114 112
114 113
114 115
114 116
114 117
115 112
115 113
115 114
115 116
115 117
115 118
116 110
116 111
116 112
116 113
116 114
116 115
116 117
116 118
116 119
116 120
117 112
117 113
117 114
117 115
117 116
117 118
117 119
117 120
118 112
118 115
118 116
118 117
118 119
118 120
118 121
119 109
119 116
119 117
119 118
119 120
119 121
119 122
120 109
120 110
120 116
120 117
120 118
120 119
120 121
120 122
120 123
121 106
121 107
121 108
121 109
121 110
121 118
121 119
121 120
121 122
121 123
121 124
122 3
122 105
122 106
122 107
122 108
122 109
122 110
122 119
122 120
122 121
122 123
122 124
122 125
123 2
123 3
123 105
123 106
123 107
123 108
123 109
123 110
123 120
123 121
123 122
123 124
123 125
124 3
124 4
124 5
124 6
124 104
124 105
124 106
124 107
124 108
124 121
124 122
124 123
124 125
124 126
125 3
125 4
125 5
125 103
125 104
125 105
125 106
125 107
125 122
125 123
125 124
125 126
125 127
126 5
126 7
126 8
126 102
126 103
126 104
126 105
126 106
126 124
126 125
126 127
126 128
126 129
127 8
127 100
127 101
127 102
127 103
127 104
127 105
127 125
127 126
127 128
127 129
127 130
128 8
128 9
128 10
128 11
128 99
128 100
128 101
128 102
128 103
128 104
128 126
128 127
128 129
128 130
128 131
129 8
129 10
129 11
129 98
129 99
129 100
129 101
129 102
129 103
129 126
129 127
129 128
129 130
129 131
129 132
130 10
130 69
130 70
130 97
130 98
130 99
130 100
130 101
130 102
130 127
130 128
130 129
130 131
130 132
130 133
131 10
131 68
131 69
131 70
131 71
131 97
131 98
131 99
131 100
131 101
131 102
131 128
131 129
131 130
131 132
131 133
132 68
132 69
132 70
132 71
132 72
132 73
132 96
132 97
132 98
132 99
132 100
132 101
132 129
132 130
132 131
132 133
132 134
133 67
133 68
133 69
133 70
133 71
133 72
133 73
133 74
133 76
133 95
133 96
133 97
133 98
133 99
133 130
133 131
133 132
133 134
133 135
134 26
134 66
134 67
134 68
134 69
134 70
134 72
134 73
134 74
134 76
134 77
134 94
134 95
134 96
134 97
134 98
134 99
134 132
134 133
134 135
134 136
135 25
135 26
135 27
135 36
135 37
135 38
135 39
135 65
135 66
135 67
135 68
135 69
135 73
135 76
135 77
135 80
135 93
135 94
135 95
135 96
135 97
135 133
135 134
135 136
135 137
135 138
136 26
136 27
136 36
136 37
136 64
136 65
136 66
136 67
136 68
136 76
136 77
136 79
136 80
136 92
136 93
136 94
136 95
136 96
136 134
136 135
136 137
136 138
136 139
136 149
136 150
137 26
137 27
137 30
137 31
137 34
137 35
137 36
137 63
137 64
137 65
137 66
137 67
137 80
137 90
137 91
137 92
137 93
137 94
137 95
137 135
137 136
137 138
137 139
137 143
137 149
137 150
138 31
138 34
138 35
138 56
138 62
138 63
138 64
138 65
138 66
138 80
138 81
138 83
138 84
138 89
138 90
138 91
138 92
138 93
138 94
138 135
138 136
138 137
138 139
138 140
138 141
138 143
138 151
138 153
139 30
139 31
139 34
139 56
139 61
139 62
139 63
139 64
139 65
139 89
139 90
139 91
139 92
139 93
139 136
139 137
139 138
139 140
139 141
139 142
139 143
139 153
140 56
140 61
140 62
140 63
140 64
140 87
140 88
140 89
140 90
140 91
140 92
140 138
140 139
140 141
140 142
140 143
140 153
141 31
141 62
141 63
141 89
141 90
141 91
141 92
141 138
141 139
141 140
141 142
141 143
141 144
142 89
142 90
142 91
142 92
142 139
142 140
142 141
142 143
142 144
142 145
142 152
142 153
143 30
143 31
143 90
143 91
143 92
143 93
143 137
143 138
143 139
143 140
143 141
143 142
143 144
143 145
143 146
143 147
143 150
143 151
143 152
144 30
144 91
144 93
144 141
144 142
144 143
144 145
144 146
144 147
144 148
144 150
144 151
144 152
145 91
145 92
145 93
145 142
145 143
145 144
145 146
145 147
145 148
145 149
145 150
145 151
145 152
146 143
146 144
146 145
146 147
146 148
146 149
146 150
146 151
147 93
147 94
147 143
147 144
147 145
147 146
147 148
147 149
147 150
147 151
148 93
148 94
148 95
148 144
148 145
148 146
148 147
148 149
148 150
148 151
149 92
149 93
149 94
149 95
149 96
149 136
149 137
149 145
149 146
149 147
149 148
149 150
149 151
150 91
150 92
150 93
150 94
150 95
150 136
150 137
150 143
150 144
150 145
150 146
150 147
150 148
150 149
150 151
150 152
150 153
151 90
151 91
151 92
151 93
151 94
151 138
151 143
151 144
151 145
151 146
151 147
151 148
151 149
151 150
151 152
151 153
151 154
152 89
152 90
152 91
152 92
152 93
152 142
152 143
152 144
152 145
152 150
152 151
152 153
152 154
152 155
153 84
153 87
153 88
153 89
153 90
153 91
153 92
153 138
153 139
153 140
153 142
153 150
153 151
153 152
153 154
153 155
153 156
153 157
154 84
154 85
154 88
154 89
154 90
154 91
154 151
154 152
154 153
154 155
154 156
154 157
154 158
155 88
155 89
155 152
155 153
155 154
155 156
155 157
155 158
156 85
156 88
156 89
156 153
156 154
156 155
156 157
156 158
156 159
157 84
157 85
157 86
157 87
157 88
157 89
157 153
157 154
157 155
157 156
157 158
157 159
157 160
158 85
158 86
158 88
158 154
158 155
158 156
158 157
158 159
158 160
158 161
159 85
159 156
159 157
159 158
159 160
159 161
159 162
160 85
160 86
160 157
160 158
160 159
160 161
160 162
160 163
161 86
161 158
161 159
161 160
161 162
161 163
161 164
162 159
162 160
162 161
162 163
162 164
162 165
163 160
163 161
163 162
163 164
163 165
163 166
164 161
164 162
164 163
164 165
164 166
164 167
165 162
165 163
165 164
165 166
165 167
165 168
166 163
166 164
166 165
166 167
166 168
166 169
167 164
167 165
167 166
167 168
167 169
167 170
168 165
168 166
168 167
168 169
168 170
168 171
169 166
169 167
169 168
169 170
169 171
169 172
170 167
170 168
170 169
170 171
170 172
170 173
171 168
171 169
171 170
171 172
171 173
171 174
172 169
172 170
172 171
172 173
172 174
173 170
173 171
173 172
173 174
173 175
173 176
174 171
174 172
174 173
174 175
174 176
175 173
175 174
175 176
175 177
175 178
176 173
176 174
176 175
176 177
176 178
177 175
177 176
177 178
177 179
178 175
178 176
178 177
178 179
178 180
179 177
179 178
179 180
179 181
180 178
180 179
180 181
180 182
181 179
181 180
181 182
181 183
182 180
182 181
182 183
182 184
183 181
183 182
183 184
183 185
184 182
184 183
184 185
184 186
185 183
185 184
185 186
185 187
186 184
186 185
186 187
186 188
187 185
187 186
187 188
187 189
188 186
188 187
188 189
188 190
189 187
189 188
189 190
189 191
190 188
190 189
190 191
190 192
191 189
191 190
191 192
191 193
192 190
192 191
192 193
192 194
193 191
193 192
193 194
193 195
194 192
194 193
194 195
194 196
195 193
195 194
195 196
195 197
196 194
196 195
196 197
196 198
197 195
197 196
197 198
198 196
198 197
