0 1
0 2
0 3
1 0
1 2
1 3
1 4
2 0
2 1
2 3
2 4
2 5
3 0
3 1
3 2
3 4
3 5
3 6
4 1
4 2
4 3
4 5
4 6
4 7
5 2
5 3
5 4
5 6
5 7
5 8
6 3
6 4
6 5
6 7
6 8
6 9
6 44
6 45
6 46
6 47
7 4
7 5
7 6
7 8
7 9
7 10
7 44
8 5
8 6
8 7
8 9
8 10
8 11
8 42
8 44
9 6
9 7
9 8
9 10
9 11
9 12
9 15
9 41
9 42
9 44
10 7
10 8
10 9
10 11
10 12
10 13
10 14
10 15
10 41
10 44
11 8
11 9
11 10
11 12
11 13
11 14
11 15
11 16
11 39
11 41
11 42
11 43
11 44
11 55
12 9
12 10
12 11
12 13
12 14
12 15
12 16
12 17
12 21
12 39
12 40
12 41
12 55
12 56
12 115
13 10
13 11
13 12
13 14
13 15
13 16
13 17
13 18
13 21
13 39
13 111
13 115
14 10
14 11
14 12
14 13
14 15
14 16
14 17
14 18
15 9
15 10
15 11
15 12
15 13
15 14
15 16
15 17
15 18
15 21
16 11
16 12
16 13
16 14
16 15
16 17
16 18
16 19
16 20
16 21
17 12
17 13
17 14
17 15
17 16
17 18
17 19
17 20
17 21
17 22
17 111
18 13
18 14
18 15
18 16
18 17
18 19
18 20
18 21
18 22
18 23
18 24
18 110
18 111
18 112
19 16
19 17
19 18
19 20
19 21
19 22
19 23
19 24
19 25
19 111
20 16
20 17
20 18
20 19
20 21
20 22
20 23
20 24
20 25
20 26
20 111
21 12
21 13
21 15
21 16
21 17
21 18
21 19
21 20
21 22
21 23
21 24
21 25
21 26
21 27
21 110
21 111
21 112
21 113
22 17
22 18
22 19
22 20
22 21
22 23
22 24
22 25
22 26
22 27
22 28
22 109
22 110
22 111
22 112
22 113
23 18
23 19
23 20
23 21
23 22
23 24
23 25
23 26
23 27
23 28
23 29
23 111
23 112
24 18
24 19
24 20
24 21
24 22
24 23
24 25
24 26
24 27
24 28
24 29
24 30
24 37
24 111
24 112
24 113
25 19
25 20
25 21
25 22
25 23
25 24
25 26
25 27
25 28
25 29
25 30
25 31
25 32
25 36
25 37
25 111
25 112
25 113
26 20
26 21
26 22
26 23
26 24
26 25
26 27
26 28
26 29
26 30
26 31
26 32
26 33
26 111
26 112
27 21
27 22
27 23
27 24
27 25
27 26
27 28
27 29
27 30
27 31
27 32
28 22
28 23
28 24
28 25
28 26
28 27
28 29
28 30
28 31
28 32
28 33
28 35
28 36
28 37
28 58
29 23
29 24
29 25
29 26
29 27
29 28
29 30
29 31
29 32
29 33
29 34
29 35
29 36
29 37
29 58
29 112
30 24
30 25
30 26
30 27
30 28
30 29
30 31
30 32
30 33
30 34
30 35
31 25
31 26
31 27
31 28
31 29
31 30
31 32
31 33
31 34
31 35
32 25
32 26
32 27
32 28
32 29
32 30
32 31
32 33
32 34
32 35
32 36
32 37
32 58
32 59
32 60
33 26
33 28
33 29
33 30
33 31
33 32
33 34
33 35
33 36
33 60
33 61
34 29
34 30
34 31
34 32
34 33
34 35
34 36
34 58
34 59
34 60
34 61
34 62
34 101
35 28
35 29
35 30
35 31
35 32
35 33
35 34
35 36
35 37
35 38
35 57
35 58
35 59
35 60
35 61
35 62
35 63
35 100
35 101
36 25
36 28
36 29
36 32
36 33
36 34
36 35
36 37
36 38
36 39
36 57
36 58
36 59
36 60
36 61
36 62
36 63
36 100
36 101
36 103
36 104
36 108
36 112
36 113
36 114
37 24
37 25
37 28
37 29
37 32
37 35
37 36
37 38
37 39
37 40
37 56
37 57
37 58
37 59
37 60
37 61
37 100
37 104
37 108
37 112
37 113
37 114
37 115
38 35
38 36
38 37
38 39
38 40
38 41
38 55
38 56
38 57
38 58
38 59
38 88
38 100
38 104
38 108
38 112
38 113
38 114
38 115
38 116
39 11
39 12
39 13
39 36
39 37
39 38
39 40
39 41
39 54
39 55
39 56
39 57
39 58
39 88
39 113
39 114
39 115
39 116
39 117
40 12
40 37
40 38
40 39
40 41
40 42
40 43
40 52
40 54
40 55
40 56
40 57
40 72
40 86
40 87
40 88
40 114
40 115
40 116
40 117
40 118
41 9
41 10
41 11
41 12
41 38
41 39
41 40
41 42
41 43
41 44
41 51
41 52
41 54
41 55
41 56
41 86
41 87
41 115
41 116
41 117
41 118
41 119
42 8
42 9
42 11
42 40
42 41
42 43
42 44
42 45
42 46
42 47
42 49
42 50
42 51
42 52
42 55
42 86
42 116
42 117
42 118
42 119
42 120
43 11
43 40
43 41
43 42
43 44
43 45
43 46
43 47
43 49
43 86
43 87
43 90
43 116
43 117
43 118
43 119
43 120
43 123
43 124
44 6
44 7
44 8
44 9
44 10
44 11
44 41
44 42
44 43
44 45
44 46
44 47
44 117
44 118
44 119
44 123
45 6
45 42
45 43
45 44
45 46
45 47
45 48
45 119
45 120
45 123
45 124
45 126
45 127
46 6
46 42
46 43
46 44
46 45
46 47
46 48
46 49
46 50
46 51
46 117
46 118
46 119
46 120
46 121
46 122
46 123
46 124
47 6
47 42
47 43
47 44
47 45
47 46
47 48
47 49
47 50
47 51
47 119
47 120
47 122
47 123
48 45
48 46
48 47
48 49
48 50
48 51
48 82
48 84
48 119
48 120
48 121
48 122
48 123
49 42
49 43
49 46
49 47
49 48
49 50
49 51
49 52
49 76
49 77
49 78
49 82
49 83
49 84
49 118
49 119
49 120
49 121
49 123
50 42
50 46
50 47
50 48
50 49
50 51
50 52
50 53
50 75
50 76
50 77
50 78
51 41
51 42
51 46
51 47
51 48
51 49
51 50
51 52
51 53
51 54
51 55
51 75
51 76
51 118
52 40
52 41
52 42
52 49
52 50
52 51
52 53
52 54
52 55
52 56
52 72
52 73
52 75
52 76
52 77
52 118
53 50
53 51
53 52
53 54
53 55
53 56
53 75
53 76
54 39
54 40
54 41
54 51
54 52
54 53
54 55
54 56
54 57
54 75
55 11
55 12
55 38
55 39
55 40
55 41
55 42
55 51
55 52
55 53
55 54
55 56
55 57
55 115
55 116
55 117
56 12
56 37
56 38
56 39
56 40
56 41
56 52
56 53
56 54
56 55
56 57
56 58
56 59
56 113
56 114
56 115
57 35
57 36
57 37
57 38
57 39
57 40
57 54
57 55
57 56
57 58
57 59
57 60
57 72
57 113
57 114
58 28
58 29
58 32
58 34
58 35
58 36
58 37
58 38
58 39
58 56
58 57
58 59
58 60
58 61
58 113
59 32
59 34
59 35
59 36
59 37
59 38
59 56
59 57
59 58
59 60
59 61
59 62
59 63
59 64
59 68
59 100
59 101
60 32
60 33
60 34
60 35
60 36
60 37
60 57
60 58
60 59
60 61
60 62
60 63
60 64
60 68
60 99
60 100
60 101
61 33
61 34
61 35
61 36
61 37
61 58
61 59
61 60
61 62
61 63
61 64
61 99
61 100
61 101
61 102
61 103
61 104
62 34
62 35
62 36
62 59
62 60
62 61
62 63
62 64
62 65
62 67
62 98
62 99
62 100
62 101
62 102
63 35
63 36
63 59
63 60
63 61
63 62
63 64
63 65
63 66
63 67
63 68
63 97
63 98
63 99
63 100
63 101
64 59
64 60
64 61
64 62
64 63
64 65
64 66
64 67
64 68
64 69
64 70
64 95
64 96
64 97
64 98
64 99
64 100
64 101
64 102
64 103
65 62
65 63
65 64
65 66
65 67
65 68
65 69
65 70
65 71
65 86
65 88
65 94
65 95
65 96
65 97
65 98
65 99
65 100
65 102
65 103
66 63
66 64
66 65
66 67
66 68
66 69
66 70
66 71
66 72
66 86
66 95
66 96
66 97
66 98
66 99
67 62
67 63
67 64
67 65
67 66
67 68
67 69
67 70
67 71
67 72
67 73
67 96
67 97
67 99
67 100
68 59
68 60
68 63
68 64
68 65
68 66
68 67
68 69
68 70
68 71
68 72
68 73
68 74
68 86
68 96
68 99
68 100
69 64
69 65
69 66
69 67
69 68
69 70
69 71
69 72
69 73
69 74
69 75
69 84
69 85
69 86
69 96
69 118
70 64
70 65
70 66
70 67
70 68
70 69
70 71
70 72
70 73
70 74
70 75
71 65
71 66
71 67
71 68
71 69
71 70
71 72
71 73
71 74
71 75
71 76
71 77
72 40
72 52
72 57
72 66
72 67
72 68
72 69
72 70
72 71
72 73
72 74
72 75
72 76
72 77
72 78
72 84
72 86
72 118
73 52
73 67
73 68
73 69
73 70
73 71
73 72
73 74
73 75
73 76
73 77
73 78
73 79
73 80
73 82
73 83
73 84
73 85
74 68
74 69
74 70
74 71
74 72
74 73
74 75
74 76
74 77
74 78
74 79
75 50
75 51
75 52
75 53
75 54
75 69
75 70
75 71
75 72
75 73
75 74
75 76
75 77
75 78
76 49
76 50
76 51
76 52
76 53
76 71
76 72
76 73
76 74
76 75
76 77
76 78
76 79
77 49
77 50
77 52
77 71
77 72
77 73
77 74
77 75
77 76
77 78
77 79
77 80
77 82
78 49
78 50
78 72
78 73
78 74
78 75
78 76
78 77
78 79
78 80
78 81
78 82
78 83
78 84
79 73
79 74
79 76
79 77
79 78
79 80
79 81
79 82
79 83
80 73
80 77
80 78
80 79
80 81
80 82
80 83
81 78
81 79
81 80
81 82
81 83
81 84
82 48
82 49
82 73
82 77
82 78
82 79
82 80
82 81
82 83
82 84
82 120
82 121
83 49
83 73
83 78
83 79
83 80
83 81
83 82
83 84
83 85
83 119
83 120
83 121
83 122
84 48
84 49
84 69
84 72
84 73
84 78
84 81
84 82
84 83
84 85
84 86
84 118
84 119
84 120
84 121
84 122
84 123
84 124
85 69
85 73
85 83
85 84
85 86
85 87
85 88
85 92
85 117
85 118
85 119
85 120
85 121
85 123
85 124
86 40
86 41
86 42
86 43
86 65
86 66
86 68
86 69
86 72
86 84
86 85
86 87
86 88
86 89
86 90
86 91
86 92
86 93
86 94
86 116
86 117
86 118
86 119
86 120
86 124
87 40
87 41
87 43
87 85
87 86
87 88
87 89
87 90
87 91
87 92
87 93
87 94
87 115
87 116
87 117
87 118
87 119
87 124
88 38
88 39
88 40
88 65
88 85
88 86
88 87
88 89
88 90
88 91
88 92
88 93
88 94
88 103
88 104
88 107
88 108
88 114
88 115
88 116
88 117
88 118
89 86
89 87
89 88
89 90
89 91
89 92
89 94
89 107
89 108
89 109
89 114
89 115
89 116
89 117
90 43
90 86
90 87
90 88
90 89
90 91
90 92
90 93
90 115
90 116
90 117
90 118
91 86
91 87
91 88
91 89
91 90
91 92
91 93
91 94
91 107
91 116
91 117
92 85
92 86
92 87
92 88
92 89
92 90
92 91
92 93
92 94
92 95
92 96
92 116
92 117
92 124
92 128
93 86
93 87
93 88
93 90
93 91
93 92
93 94
93 95
93 96
94 65
94 86
94 87
94 88
94 89
94 91
94 92
94 93
94 95
94 96
94 97
94 98
94 102
94 103
94 106
94 107
95 64
95 65
95 66
95 92
95 93
95 94
95 96
95 97
95 98
95 99
95 102
95 103
96 64
96 65
96 66
96 67
96 68
96 69
96 92
96 93
96 94
96 95
96 97
96 98
96 99
97 63
97 64
97 65
97 66
97 67
97 94
97 95
97 96
97 98
97 99
97 100
98 62
98 63
98 64
98 65
98 66
98 94
98 95
98 96
98 97
98 99
98 100
98 101
98 102
98 103
99 60
99 61
99 62
99 63
99 64
99 65
99 66
99 67
99 68
99 95
99 96
99 97
99 98
99 100
99 101
99 102
99 103
99 104
99 105
100 35
100 36
100 37
100 38
100 59
100 60
100 61
100 62
100 63
100 64
100 65
100 67
100 68
100 97
100 98
100 99
100 101
100 102
100 103
100 104
100 105
100 106
100 107
100 114
101 34
101 35
101 36
101 59
101 60
101 61
101 62
101 63
101 64
101 98
101 99
101 100
101 102
101 103
101 104
101 105
101 106
101 107
101 108
102 61
102 62
102 64
102 65
102 94
102 95
102 98
102 99
102 100
102 101
102 103
102 104
102 105
102 106
102 107
102 108
103 36
103 61
103 64
103 65
103 88
103 94
103 95
103 98
103 99
103 100
103 101
103 102
103 104
103 105
103 106
103 107
103 108
103 114
104 36
104 37
104 38
104 61
104 88
104 99
104 100
104 101
104 102
104 103
104 105
104 106
104 107
104 108
104 109
104 112
104 113
104 114
104 115
105 99
105 100
105 101
105 102
105 103
105 104
105 106
105 107
105 108
105 109
105 112
105 114
106 94
106 100
106 101
106 102
106 103
106 104
106 105
106 107
106 108
106 109
106 114
107 88
107 89
107 91
107 94
107 100
107 101
107 102
107 103
107 104
107 105
107 106
107 108
107 109
107 110
107 112
107 113
107 114
107 115
107 116
108 36
108 37
108 38
108 88
108 89
108 101
108 102
108 103
108 104
108 105
108 106
108 107
108 109
108 110
108 111
108 112
108 113
108 114
108 115
109 22
109 89
109 104
109 105
109 106
109 107
109 108
109 110
109 111
109 112
109 113
109 114
109 115
110 18
110 21
110 22
110 107
110 108
110 109
110 111
110 112
110 113
110 114
111 13
111 17
111 18
111 19
111 20
111 21
111 22
111 23
111 24
111 25
111 26
111 108
111 109
111 110
111 112
111 113
111 114
112 18
112 21
112 22
112 23
112 24
112 25
112 26
112 29
112 36
112 37
112 38
112 104
112 105
112 107
112 108
112 109
112 110
112 111
112 113
112 114
112 115
113 21
113 22
113 24
113 25
113 36
113 37
113 38
113 39
113 56
113 57
113 58
113 104
113 107
113 108
113 109
113 110
113 111
113 112
113 114
113 115
113 116
114 36
114 37
114 38
114 39
114 40
114 56
114 57
114 88
114 89
114 100
114 103
114 104
114 105
114 106
114 107
114 108
114 109
114 110
114 111
114 112
114 113
114 115
114 116
115 12
115 13
115 37
115 38
115 39
115 40
115 41
115 55
115 56
115 87
115 88
115 89
115 90
115 104
115 107
115 108
115 109
115 112
115 113
115 114
115 116
115 117
116 38
116 39
116 40
116 41
116 42
116 43
116 55
116 86
116 87
116 88
116 89
116 90
116 91
116 92
116 107
116 113
116 114
116 115
116 117
116 118
117 39
117 40
117 41
117 42
117 43
117 44
117 46
117 55
117 85
117 86
117 87
117 88
117 89
117 90
117 91
117 92
117 115
117 116
117 118
117 119
118 40
118 41
118 42
118 43
118 44
118 46
118 49
118 51
118 52
118 69
118 72
118 84
118 85
118 86
118 87
118 88
118 90
118 116
118 117
118 119
118 120
118 121
118 123
118 124
119 41
119 42
119 43
119 44
119 45
119 46
119 47
119 48
119 49
119 83
119 84
119 85
119 86
119 87
119 117
119 118
119 120
119 121
119 122
119 123
119 124
119 125
119 127
120 42
120 43
120 45
120 46
120 47
120 48
120 49
120 82
120 83
120 84
120 85
120 86
120 118
120 119
120 121
120 122
120 123
120 124
120 125
121 46
121 48
121 49
121 82
121 83
121 84
121 85
121 118
121 119
121 120
121 122
121 123
121 124
121 125
121 126
121 127
122 46
122 47
122 48
122 83
122 84
122 119
122 120
122 121
122 123
122 124
122 125
122 126
122 127
123 43
123 44
123 45
123 46
123 47
123 48
123 49
123 84
123 85
123 118
123 119
123 120
123 121
123 122
123 124
123 125
123 126
123 127
123 128
124 43
124 45
124 46
124 84
124 85
124 86
124 87
124 92
124 118
124 119
124 120
124 121
124 122
124 123
124 125
124 126
124 127
124 128
124 129
125 119
125 120
125 121
125 122
125 123
125 124
125 126
125 127
125 128
125 129
125 130
126 45
126 121
126 122
126 123
126 124
126 125
126 127
126 128
126 129
126 130
126 131
127 45
127 119
127 121
127 122
127 123
127 124
127 125
127 126
127 128
127 129
127 130
127 131
128 92
128 123
128 124
128 125
128 126
128 127
128 129
128 130
128 131
128 132
129 124
129 125
129 126
129 127
129 128
129 130
129 131
129 132
129 133
130 125
130 126
130 127
130 128
130 129
130 131
130 132
130 133
131 126
131 127
131 128
131 129
131 130
131 132
131 133
131 134
132 128
132 129
132 130
132 131
132 133
132 134
132 135
133 129
133 130
133 131
133 132
133 134
133 135
133 136
134 131
134 132
134 133
134 135
134 136
134 137
135 132
135 133
135 134
135 136
135 137
135 138
136 133
136 134
136 135
136 137
136 138
136 139
137 134
137 135
137 136
137 138
137 139
137 140
138 135
138 136
138 137
138 139
138 140
138 141
139 136
139 137
139 138
139 140
139 141
139 142
140 137
140 138
140 139
140 141
140 142
140 143
141 138
141 139
141 140
141 142
141 143
141 144
142 139
142 140
142 141
142 143
142 144
142 145
143 140
143 141
143 142
143 144
143 145
143 146
144 141
144 142
144 143
144 145
144 146
145 142
145 143
145 144
145 146
146 143
146 144
146 145
