0 1
0 2
0 3
1 0
1 2
1 3
1 4
2 0
2 1
2 3
2 4
2 5
2 79
2 80
2 81
2 82
3 0
3 1
3 2
3 4
3 5
3 6
3 38
3 39
3 77
3 78
3 79
3 80
3 81
3 82
3 83
4 1
4 2
4 3
4 5
4 6
4 7
4 38
4 76
4 77
4 78
4 79
4 80
4 81
4 82
4 83
5 2
5 3
5 4
5 6
5 7
5 36
5 37
5 38
5 39
5 75
5 76
5 77
5 78
5 79
5 80
5 81
5 82
5 83
6 3
6 4
6 5
6 7
6 8
6 35
6 36
6 37
6 38
6 74
6 75
6 76
6 77
6 78
6 79
7 4
7 5
7 6
7 8
7 9
7 13
7 34
7 35
7 36
7 37
7 74
7 75
7 76
7 77
7 78
8 6
8 7
8 9
8 10
8 11
8 12
8 13
8 16
8 34
8 35
8 36
8 73
8 74
8 75
8 76
8 77
9 7
9 8
9 10
9 11
9 12
9 13
9 15
9 16
9 72
9 73
9 74
9 75
9 76
10 8
10 9
10 11
10 12
10 13
10 15
10 16
10 72
10 73
10 74
10 75
11 8
11 9
11 10
11 12
11 13
11 14
11 15
11 16
11 17
11 19
11 72
11 73
11 74
12 8
12 9
12 10
12 11
12 13
12 14
12 15
12 16
12 17
12 18
12 72
12 73
12 74
12 75
13 7
13 8
13 9
13 10
13 11
13 12
13 14
13 15
13 16
13 17
13 18
13 19
13 66
13 73
13 74
13 75
13 76
14 11
14 12
14 13
14 15
14 16
14 17
14 18
14 19
15 9
15 10
15 11
15 12
15 13
15 14
15 16
15 17
15 18
15 19
15 20
15 21
16 8
16 9
16 10
16 11
16 12
16 13
16 14
16 15
16 17
16 18
16 19
16 20
16 21
16 22
17 11
17 12
17 13
17 14
17 15
17 16
17 18
17 19
17 20
17 21
17 22
17 23
17 51
17 54
17 55
18 12
18 13
18 14
18 15
18 16
18 17
18 19
18 20
18 21
18 22
18 23
18 24
18 55
19 11
19 13
19 14
19 15
19 16
19 17
19 18
19 20
19 21
19 22
19 23
19 24
19 25
20 15
20 16
20 17
20 18
20 19
20 21
20 22
20 23
20 24
20 25
20 26
20 28
20 29
20 32
20 47
20 48
20 50
20 51
20 54
20 55
21 15
21 16
21 17
21 18
21 19
21 20
21 22
21 23
21 24
21 25
21 26
21 27
21 29
21 48
21 51
21 52
21 54
21 55
22 16
22 17
22 18
22 19
22 20
22 21
22 23
22 24
22 25
22 26
22 27
22 28
22 29
23 17
23 18
23 19
23 20
23 21
23 22
23 24
23 25
23 26
23 27
23 28
23 29
23 30
23 31
23 32
23 47
23 48
24 18
24 19
24 20
24 21
24 22
24 23
24 25
24 26
24 27
24 28
24 29
24 30
24 47
24 48
24 51
24 52
25 19
25 20
25 21
25 22
25 23
25 24
25 26
25 27
25 28
25 29
26 20
26 21
26 22
26 23
26 24
26 25
26 27
26 28
26 29
27 21
27 22
27 23
27 24
27 25
27 26
27 28
27 29
27 30
27 31
28 20
28 22
28 23
28 24
28 25
28 26
28 27
28 29
28 30
28 31
28 32
28 47
28 48
29 20
29 21
29 22
29 23
29 24
29 25
29 26
29 27
29 28
29 30
29 31
29 32
29 33
29 46
29 47
29 48
29 49
29 51
30 23
30 24
30 27
30 28
30 29
30 31
30 32
30 33
30 46
30 47
30 48
31 23
31 27
31 28
31 29
31 30
31 32
31 33
31 46
31 47
31 48
32 20
32 23
32 28
32 29
32 30
32 31
32 33
32 34
32 35
32 44
32 45
32 46
32 47
32 48
33 29
33 30
33 31
33 32
33 34
33 35
33 36
33 43
33 44
33 45
33 46
33 47
33 48
33 49
33 50
34 7
34 8
34 32
34 33
34 35
34 36
34 37
34 43
34 44
34 45
34 46
34 47
34 48
34 49
34 50
34 51
35 6
35 7
35 8
35 32
35 33
35 34
35 36
35 37
35 42
35 43
35 44
35 45
35 46
35 47
36 5
36 6
36 7
36 8
36 33
36 34
36 35
36 37
36 38
36 40
36 41
36 42
36 43
36 44
36 45
36 83
37 5
37 6
37 7
37 34
37 35
37 36
37 38
37 39
37 40
37 41
37 42
37 43
37 44
37 83
38 3
38 4
38 5
38 6
38 36
38 37
38 39
38 40
38 41
38 42
38 43
38 82
38 83
39 3
39 5
39 37
39 38
39 40
39 41
39 42
40 36
40 37
40 38
40 39
40 41
40 42
40 43
41 36
41 37
41 38
41 39
41 40
41 42
41 43
42 35
42 36
42 37
42 38
42 39
42 40
42 41
42 43
42 44
43 33
43 34
43 35
43 36
43 37
43 38
43 40
43 41
43 42
43 44
43 45
43 83
43 87
44 32
44 33
44 34
44 35
44 36
44 37
44 42
44 43
44 45
44 46
44 47
45 32
45 33
45 34
45 35
45 36
45 43
45 44
45 46
45 47
45 48
45 49
45 50
45 87
45 90
46 29
46 30
46 31
46 32
46 33
46 34
46 35
46 44
46 45
46 47
46 48
46 49
46 50
46 51
47 20
47 23
47 24
47 28
47 29
47 30
47 31
47 32
47 33
47 34
47 35
47 44
47 45
47 46
47 48
47 49
47 50
47 51
47 52
48 20
48 21
48 23
48 24
48 28
48 29
48 30
48 31
48 32
48 33
48 34
48 45
48 46
48 47
48 49
48 50
48 51
48 52
48 53
49 29
49 33
49 34
49 45
49 46
49 47
49 48
49 50
49 51
49 52
49 53
49 54
49 87
49 90
49 91
49 93
49 94
50 20
50 33
50 34
50 45
50 46
50 47
50 48
50 49
50 51
50 52
50 53
50 54
50 55
50 87
50 90
51 17
51 20
51 21
51 24
51 29
51 34
51 46
51 47
51 48
51 49
51 50
51 52
51 53
51 54
51 55
51 56
52 21
52 24
52 47
52 48
52 49
52 50
52 51
52 53
52 54
52 55
52 56
52 90
52 93
52 94
53 48
53 49
53 50
53 51
53 52
53 54
53 55
53 56
53 57
53 58
53 59
53 60
53 86
53 89
53 90
53 93
54 17
54 20
54 21
54 49
54 50
54 51
54 52
54 53
54 55
54 56
54 57
54 58
54 59
54 60
54 63
54 64
55 17
55 18
55 20
55 21
55 50
55 51
55 52
55 53
55 54
55 56
55 57
55 58
55 59
55 60
56 51
56 52
56 53
56 54
56 55
56 57
56 58
56 59
56 60
56 61
56 62
57 53
57 54
57 55
57 56
57 58
57 59
57 60
57 61
57 62
58 53
58 54
58 55
58 56
58 57
58 59
58 60
58 61
58 62
58 63
58 115
58 116
59 53
59 54
59 55
59 56
59 57
59 58
59 60
59 61
59 62
59 63
59 64
59 78
59 115
60 53
60 54
60 55
60 56
60 57
60 58
60 59
60 61
60 62
60 63
60 64
60 65
61 56
61 57
61 58
61 59
61 60
61 62
61 63
61 64
61 65
62 56
62 57
62 58
62 59
62 60
62 61
62 63
62 64
62 65
62 78
62 79
62 80
62 114
62 115
63 54
63 58
63 59
63 60
63 61
63 62
63 64
63 65
63 76
63 77
63 78
63 79
63 80
63 81
64 54
64 59
64 60
64 61
64 62
64 63
64 65
64 66
64 67
64 76
64 77
64 78
64 79
65 60
65 61
65 62
65 63
65 64
65 66
65 67
65 68
65 75
65 76
65 77
65 78
65 79
66 13
66 64
66 65
66 67
66 68
66 69
66 74
66 75
66 76
66 77
67 64
67 65
67 66
67 68
67 69
67 70
67 74
67 75
67 76
67 77
68 65
68 66
68 67
68 69
68 70
68 71
68 73
68 74
68 75
68 76
69 66
69 67
69 68
69 70
69 71
69 72
69 73
69 74
69 75
70 67
70 68
70 69
70 71
70 72
70 73
70 74
71 68
71 69
71 70
71 72
71 73
71 74
72 9
72 10
72 11
72 12
72 69
72 70
72 71
72 73
72 74
73 8
73 9
73 10
73 11
73 12
73 13
73 68
73 69
73 70
73 71
73 72
73 74
73 75
73 76
74 6
74 7
74 8
74 9
74 10
74 11
74 12
74 13
74 66
74 67
74 68
74 69
74 70
74 71
74 72
74 73
74 75
74 76
74 77
75 5
75 6
75 7
75 8
75 9
75 10
75 12
75 13
75 65
75 66
75 67
75 68
75 69
75 73
75 74
75 76
75 77
76 4
76 5
76 6
76 7
76 8
76 9
76 13
76 63
76 64
76 65
76 66
76 67
76 68
76 73
76 74
76 75
76 77
76 78
76 79
77 3
77 4
77 5
77 6
77 7
77 8
77 63
77 64
77 65
77 66
77 67
77 74
77 75
77 76
77 78
77 79
77 80
78 3
78 4
78 5
78 6
78 7
78 59
78 62
78 63
78 64
78 65
78 76
78 77
78 79
78 80
78 81
78 82
78 83
78 86
79 2
79 3
79 4
79 5
79 6
79 62
79 63
79 64
79 65
79 76
79 77
79 78
79 80
79 81
79 82
80 2
80 3
80 4
80 5
80 62
80 63
80 77
80 78
80 79
80 81
80 82
80 83
80 111
81 2
81 3
81 4
81 5
81 63
81 78
81 79
81 80
81 82
81 83
81 84
81 85
81 86
81 87
81 107
81 108
81 111
82 2
82 3
82 4
82 5
82 38
82 78
82 79
82 80
82 81
82 83
82 84
82 85
82 86
82 87
82 88
82 107
83 3
83 4
83 5
83 36
83 37
83 38
83 43
83 78
83 80
83 81
83 82
83 84
83 85
83 86
83 87
83 88
83 89
84 81
84 82
84 83
84 85
84 86
84 87
84 88
84 89
84 90
84 104
85 81
85 82
85 83
85 84
85 86
85 87
85 88
85 89
85 90
85 91
85 100
85 104
85 105
85 107
85 108
85 111
86 53
86 78
86 81
86 82
86 83
86 84
86 85
86 87
86 88
86 89
86 90
86 91
86 92
86 108
86 111
87 43
87 45
87 49
87 50
87 81
87 82
87 83
87 84
87 85
87 86
87 88
87 89
87 90
87 91
87 92
87 98
88 82
88 83
88 84
88 85
88 86
88 87
88 89
88 90
88 91
88 92
88 93
88 97
88 98
88 99
88 100
88 104
88 108
89 53
89 83
89 84
89 85
89 86
89 87
89 88
89 90
89 91
89 92
89 93
89 94
89 95
89 96
89 97
89 98
89 99
89 100
89 108
89 111
89 112
89 120
90 45
90 49
90 50
90 52
90 53
90 84
90 85
90 86
90 87
90 88
90 89
90 91
90 92
90 93
90 94
90 95
90 96
90 98
91 49
91 85
91 86
91 87
91 88
91 89
91 90
91 92
91 93
91 94
91 95
91 96
91 97
91 98
91 99
92 86
92 87
92 88
92 89
92 90
92 91
92 93
92 94
92 95
92 96
92 97
92 98
92 99
92 100
92 119
92 120
92 123
93 49
93 52
93 53
93 88
93 89
93 90
93 91
93 92
93 94
93 95
93 96
93 97
93 98
93 119
93 120
94 49
94 52
94 89
94 90
94 91
94 92
94 93
94 95
94 96
94 97
94 98
94 494
95 89
95 90
95 91
95 92
95 93
95 94
95 96
95 97
95 98
95 493
95 494
95 495
96 89
96 90
96 91
96 92
96 93
96 94
96 95
96 97
96 98
96 119
96 120
96 123
96 232
96 233
96 234
96 235
96 236
96 494
97 88
97 89
97 91
97 92
97 93
97 94
97 95
97 96
97 98
97 99
97 100
97 123
97 231
97 232
97 233
97 234
98 87
98 88
98 89
98 90
98 91
98 92
98 93
98 94
98 95
98 96
98 97
98 99
98 100
98 101
98 120
98 123
98 124
98 230
98 231
98 232
98 233
99 88
99 89
99 91
99 92
99 97
99 98
99 100
99 101
99 102
99 104
99 105
99 229
99 230
99 231
99 232
100 85
100 88
100 89
100 92
100 97
100 98
100 99
100 101
100 102
100 103
100 104
100 105
100 106
100 107
100 108
100 124
100 127
100 229
100 230
100 231
101 98
101 99
101 100
101 102
101 103
101 104
101 105
101 106
101 227
101 228
101 229
101 230
102 99
102 100
102 101
102 103
102 104
102 105
102 106
102 127
102 128
102 131
102 227
102 228
102 229
102 230
103 100
103 101
103 102
103 104
103 105
103 106
103 107
103 108
104 84
104 85
104 88
104 99
104 100
104 101
104 102
104 103
104 105
104 106
104 107
104 108
104 109
104 124
105 85
105 99
105 100
105 101
105 102
105 103
105 104
105 106
105 107
105 108
105 109
105 110
105 111
105 121
105 123
105 124
105 125
105 127
105 128
106 100
106 101
106 102
106 103
106 104
106 105
106 107
106 108
106 109
106 110
106 111
106 112
106 124
106 125
106 128
107 81
107 82
107 85
107 100
107 103
107 104
107 105
107 106
107 108
107 109
107 110
107 111
107 112
107 113
107 124
108 81
108 85
108 86
108 88
108 89
108 100
108 103
108 104
108 105
108 106
108 107
108 109
108 110
108 111
108 112
108 113
108 114
108 120
108 121
108 124
109 104
109 105
109 106
109 107
109 108
109 110
109 111
109 112
109 113
109 114
109 115
109 117
109 120
109 121
109 122
109 123
109 124
109 125
109 128
110 105
110 106
110 107
110 108
110 109
110 111
110 112
110 113
110 114
110 115
110 116
110 121
110 124
111 80
111 81
111 85
111 86
111 89
111 105
111 106
111 107
111 108
111 109
111 110
111 112
111 113
111 114
111 115
111 116
111 117
111 120
111 121
112 89
112 106
112 107
112 108
112 109
112 110
112 111
112 113
112 114
112 115
112 116
112 117
112 118
112 119
112 120
112 121
112 122
112 123
112 124
113 107
113 108
113 109
113 110
113 111
113 112
113 114
113 115
113 116
113 117
113 118
113 120
113 121
114 62
114 108
114 109
114 110
114 111
114 112
114 113
114 115
114 116
114 117
115 58
115 59
115 62
115 109
115 110
115 111
115 112
115 113
115 114
115 116
115 117
115 118
115 120
115 121
116 58
116 110
116 111
116 112
116 113
116 114
116 115
116 117
116 118
116 119
116 120
116 121
117 109
117 111
117 112
117 113
117 114
117 115
117 116
117 118
117 119
117 120
117 121
117 122
118 112
118 113
118 115
118 116
118 117
118 119
118 120
118 121
118 122
118 123
118 124
119 92
119 93
119 96
119 112
119 116
119 117
119 118
119 120
119 121
119 122
119 123
119 124
119 125
119 234
119 239
120 89
120 92
120 93
120 96
120 98
120 108
120 109
120 111
120 112
120 113
120 115
120 116
120 117
120 118
120 119
120 121
120 122
120 123
120 124
120 125
120 126
121 105
121 108
121 109
121 110
121 111
121 112
121 113
121 115
121 116
121 117
121 118
121 119
121 120
121 122
121 123
121 124
121 125
121 126
121 127
122 109
122 112
122 117
122 118
122 119
122 120
122 121
122 123
122 124
122 125
122 126
122 127
122 128
123 92
123 96
123 97
123 98
123 105
123 109
123 112
123 118
123 119
123 120
123 121
123 122
123 124
123 125
123 126
123 127
123 128
123 129
123 232
123 233
123 234
124 98
124 100
124 104
124 105
124 106
124 107
124 108
124 109
124 110
124 112
124 118
124 119
124 120
124 121
124 122
124 123
124 125
124 126
124 127
124 128
124 129
124 130
125 105
125 106
125 109
125 119
125 120
125 121
125 122
125 123
125 124
125 126
125 127
125 128
125 129
125 130
125 131
126 120
126 121
126 122
126 123
126 124
126 125
126 127
126 128
126 129
126 130
126 131
126 132
126 232
127 100
127 102
127 105
127 121
127 122
127 123
127 124
127 125
127 126
127 128
127 129
127 130
127 131
127 132
127 133
127 230
127 231
127 232
128 102
128 105
128 106
128 109
128 122
128 123
128 124
128 125
128 126
128 127
128 129
128 130
128 131
128 132
128 133
129 123
129 124
129 125
129 126
129 127
129 128
129 130
129 131
129 132
129 133
129 134
130 124
130 125
130 126
130 127
130 128
130 129
130 131
130 132
130 133
130 134
130 135
130 136
130 230
130 232
131 102
131 125
131 126
131 127
131 128
131 129
131 130
131 132
131 133
131 134
131 135
131 136
131 137
131 228
131 230
132 126
132 127
132 128
132 129
132 130
132 131
132 133
132 134
132 135
132 136
132 137
132 138
133 127
133 128
133 129
133 130
133 131
133 132
133 134
133 135
133 136
133 137
133 138
133 139
134 129
134 130
134 131
134 132
134 133
134 135
134 136
134 137
134 138
134 139
134 140
135 130
135 131
135 132
135 133
135 134
135 136
135 137
135 138
135 139
135 140
135 141
136 130
136 131
136 132
136 133
136 134
136 135
136 137
136 138
136 139
136 140
136 141
136 142
137 131
137 132
137 133
137 134
137 135
137 136
137 138
137 139
137 140
137 141
137 142
137 143
138 132
138 133
138 134
138 135
138 136
138 137
138 139
138 140
138 141
138 142
138 143
138 144
139 133
139 134
139 135
139 136
139 137
139 138
139 140
139 141
139 142
139 143
139 144
139 145
140 134
140 135
140 136
140 137
140 138
140 139
140 141
140 142
140 143
140 144
140 145
140 146
141 135
141 136
141 137
141 138
141 139
141 140
141 142
141 143
141 144
141 145
141 146
142 136
142 137
142 138
142 139
142 140
142 141
142 143
142 144
142 145
142 146
142 147
143 137
143 138
143 139
143 140
143 141
143 142
143 144
143 145
143 146
143 147
143 148
144 138
144 139
144 140
144 141
144 142
144 143
144 145
144 146
144 147
144 148
144 149
145 139
145 140
145 141
145 142
145 143
145 144
145 146
145 147
145 148
145 149
145 150
146 140
146 141
146 142
146 143
146 144
146 145
146 147
146 148
146 149
146 150
146 151
147 142
147 143
147 144
147 145
147 146
147 148
147 149
147 150
147 151
147 152
148 143
148 144
148 145
148 146
148 147
148 149
148 150
148 151
148 152
148 153
149 144
149 145
149 146
149 147
149 148
149 150
149 151
149 152
149 153
150 145
150 146
150 147
150 148
150 149
150 151
150 152
150 153
150 154
151 146
151 147
151 148
151 149
151 150
151 152
151 153
151 154
152 147
152 148
152 149
152 150
152 151
152 153
152 154
152 155
153 148
153 149
153 150
153 151
153 152
153 154
153 155
153 156
154 150
154 151
154 152
154 153
154 155
154 156
154 157
155 152
155 153
155 154
155 156
155 157
155 158
156 153
156 154
156 155
156 157
156 158
157 154
157 155
157 156
157 158
157 159
158 155
158 156
158 157
158 159
158 160
159 157
159 158
159 160
159 161
160 158
160 159
160 161
160 162
161 159
161 160
161 162
161 163
162 160
162 161
162 163
162 164
163 161
163 162
163 164
163 165
164 162
164 163
164 165
164 166
165 163
165 164
165 166
165 167
166 164
166 165
166 167
166 168
167 165
167 166
167 168
167 169
168 166
168 167
168 169
168 170
169 167
169 168
169 170
169 171
170 168
170 169
170 171
170 172
171 169
171 170
171 172
171 173
172 170
172 171
172 173
172 174
173 171
173 172
173 174
173 175
174 172
174 173
174 175
174 176
175 173
175 174
175 176
175 177
176 174
176 175
176 177
176 178
177 175
177 176
177 178
177 179
178 176
178 177
178 179
178 180
179 177
179 178
179 180
179 181
180 178
180 179
180 181
180 182
181 179
181 180
181 182
181 183
182 180
182 181
182 183
182 184
183 181
183 182
183 184
183 185
184 182
184 183
184 185
184 186
185 183
185 184
185 186
185 187
186 184
186 185
186 187
186 188
187 185
187 186
187 188
187 189
188 186
188 187
188 189
188 190
189 187
189 188
189 190
189 191
190 188
190 189
190 191
190 192
191 189
191 190
191 192
191 193
192 190
192 191
192 193
192 194
193 191
193 192
193 194
193 195
194 192
194 193
194 195
194 196
195 193
195 194
195 196
195 197
196 194
196 195
196 197
196 198
197 195
197 196
197 198
197 199
198 196
198 197
198 199
198 200
199 197
199 198
199 200
199 201
200 198
200 199
200 201
200 202
201 199
201 200
201 202
201 203
202 200
202 201
202 203
202 204
203 201
203 202
203 204
203 205
204 202
204 203
204 205
204 206
205 203
205 204
205 206
205 207
206 204
206 205
206 207
206 208
207 205
207 206
207 208
207 209
208 206
208 207
208 209
208 210
209 207
209 208
209 210
209 211
210 208
210 209
210 211
210 212
211 209
211 210
211 212
211 213
212 210
212 211
212 213
212 214
213 211
213 212
213 214
213 215
214 212
214 213
214 215
214 216
214 217
215 213
215 214
215 216
215 217
215 218
216 214
216 215
216 217
216 218
216 219
217 214
217 215
217 216
217 218
217 219
217 220
218 215
218 216
218 217
218 219
218 220
218 221
219 216
219 217
219 218
219 220
219 221
219 222
220 217
220 218
220 219
220 221
220 222
220 223
221 218
221 219
221 220
221 222
221 223
221 224
222 219
222 220
222 221
222 223
222 224
222 225
223 220
223 221
223 222
223 224
223 225
223 226
224 221
224 222
224 223
224 225
224 226
224 227
225 222
225 223
225 224
225 226
225 227
225 228
226 223
226 224
226 225
226 227
226 228
226 229
227 101
227 102
227 224
227 225
227 226
227 228
227 229
227 230
228 101
228 102
228 131
228 225
228 226
228 227
228 229
228 230
228 231
229 99
229 100
229 101
229 102
229 226
229 227
229 228
229 230
229 231
230 98
230 99
230 100
230 101
230 102
230 127
230 130
230 131
230 227
230 228
230 229
230 231
230 232
231 97
231 98
231 99
231 100
231 127
231 228
231 229
231 230
231 232
231 233
231 234
232 96
232 97
232 98
232 99
232 123
232 126
232 127
232 130
232 230
232 231
232 233
232 234
232 235
233 96
233 97
233 98
233 123
233 231
233 232
233 234
233 235
233 236
233 513
234 96
234 97
234 119
234 123
234 231
234 232
234 233
234 235
234 236
234 237
234 238
235 96
235 232
235 233
235 234
235 236
235 237
235 238
235 239
236 96
236 233
236 234
236 235
236 237
236 238
236 239
236 240
236 241
237 234
237 235
237 236
237 238
237 239
237 240
237 241
237 242
238 234
238 235
238 236
238 237
238 239
238 240
238 241
238 242
238 243
239 119
239 235
239 236
239 237
239 238
239 240
239 241
239 242
239 243
239 244
239 245
240 236
240 237
240 238
240 239
240 241
240 242
240 243
240 244
240 245
241 236
241 237
241 238
241 239
241 240
241 242
241 243
241 244
241 245
241 246
241 247
242 237
242 238
242 239
242 240
242 241
242 243
242 244
242 245
242 246
242 247
242 248
243 238
243 239
243 240
243 241
243 242
243 244
243 245
243 246
243 247
243 248
243 249
244 239
244 240
244 241
244 242
244 243
244 245
244 246
244 247
244 248
244 249
244 250
245 239
245 240
245 241
245 242
245 243
245 244
245 246
245 247
245 248
245 249
245 250
245 251
246 241
246 242
246 243
246 244
246 245
246 247
246 248
246 249
246 250
246 251
246 252
247 241
247 242
247 243
247 244
247 245
247 246
247 248
247 249
247 250
247 251
247 252
248 242
248 243
248 244
248 245
248 246
248 247
248 249
248 250
248 251
248 252
248 253
249 243
249 244
249 245
249 246
249 247
249 248
249 250
249 251
249 252
249 253
250 244
250 245
250 246
250 247
250 248
250 249
250 251
250 252
250 253
250 254
251 245
251 246
251 247
251 248
251 249
251 250
251 252
251 253
251 254
251 255
252 246
252 247
252 248
252 249
252 250
252 251
252 253
252 254
252 255
253 248
253 249
253 250
253 251
253 252
253 254
253 255
253 256
254 250
254 251
254 252
254 253
254 255
254 256
254 257
255 251
255 252
255 253
255 254
255 256
255 257
255 258
256 253
256 254
256 255
256 257
256 258
256 259
257 254
257 255
257 256
257 258
257 259
257 260
258 255
258 256
258 257
258 259
258 260
258 261
259 256
259 257
259 258
259 260
259 261
259 262
260 257
260 258
260 259
260 261
260 262
260 263
261 258
261 259
261 260
261 262
261 263
262 259
262 260
262 261
262 263
262 264
263 260
263 261
263 262
263 264
263 265
264 262
264 263
264 265
264 266
265 263
265 264
265 266
265 267
266 264
266 265
266 267
266 268
267 265
267 266
267 268
267 269
268 266
268 267
268 269
268 270
269 267
269 268
269 270
269 271
270 268
270 269
270 271
270 272
271 269
271 270
271 272
271 273
272 270
272 271
272 273
272 274
273 271
273 272
273 274
273 275
274 272
274 273
274 275
274 276
275 273
275 274
275 276
275 277
276 274
276 275
276 277
276 278
277 275
277 276
277 278
277 279
278 276
278 277
278 279
278 280
279 277
279 278
279 280
279 281
280 278
280 279
280 281
280 282
281 279
281 280
281 282
281 283
282 280
282 281
282 283
282 284
283 281
283 282
283 284
283 285
284 282
284 283
284 285
284 286
285 283
285 284
285 286
285 287
286 284
286 285
286 287
286 288
287 285
287 286
287 288
287 289
288 286
288 287
288 289
288 290
289 287
289 288
289 290
289 291
290 288
290 289
290 291
290 292
291 289
291 290
291 292
291 293
292 290
292 291
292 293
292 294
293 291
293 292
293 294
293 295
294 292
294 293
294 295
294 296
295 293
295 294
295 296
295 297
296 294
296 295
296 297
296 298
296 299
297 295
297 296
297 298
297 299
297 300
298 296
298 297
298 299
298 300
298 301
299 296
299 297
299 298
299 300
299 301
299 302
300 297
300 298
300 299
300 301
300 302
300 303
301 298
301 299
301 300
301 302
301 303
302 299
302 300
302 301
302 303
302 304
303 300
303 301
303 302
303 304
303 305
303 306
304 302
304 303
304 305
304 306
304 307
305 303
305 304
305 306
305 307
305 308
306 303
306 304
306 305
306 307
306 308
306 309
307 304
307 305
307 306
307 308
307 309
307 310
308 305
308 306
308 307
308 309
308 310
309 306
309 307
309 308
309 310
309 311
309 312
310 307
310 308
310 309
310 311
310 312
310 313
311 309
311 310
311 312
311 313
311 314
312 309
312 310
312 311
312 313
312 314
312 315
312 326
313 310
313 311
313 312
313 314
313 315
313 316
313 324
313 325
313 326
314 311
314 312
314 313
314 315
314 316
314 317
314 323
314 324
314 325
314 326
314 327
315 312
315 313
315 314
315 316
315 317
315 324
315 325
315 326
315 327
315 328
315 331
316 313
316 314
316 315
316 317
316 318
316 319
316 322
316 323
316 324
316 325
316 326
316 327
316 328
316 329
316 330
316 331
316 332
317 314
317 315
317 316
317 318
317 319
317 320
317 321
317 322
317 323
317 324
317 325
317 326
317 328
317 331
318 316
318 317
318 319
318 320
318 321
318 322
318 323
318 324
318 325
318 331
318 332
318 334
318 335
318 339
319 316
319 317
319 318
319 320
319 321
319 322
319 323
319 324
319 335
320 317
320 318
320 319
320 321
320 322
320 323
320 335
320 338
320 339
320 341
321 317
321 318
321 319
321 320
321 322
321 323
321 324
321 334
321 335
321 338
321 339
322 316
322 317
322 318
322 319
322 320
322 321
322 323
322 324
322 325
323 314
323 316
323 317
323 318
323 319
323 320
323 321
323 322
323 324
323 325
323 331
323 334
324 313
324 314
324 315
324 316
324 317
324 318
324 319
324 321
324 322
324 323
324 325
324 326
324 327
324 330
324 331
325 313
325 314
325 315
325 316
325 317
325 318
325 322
325 323
325 324
325 326
325 327
325 328
325 329
325 330
325 331
325 332
325 334
326 312
326 313
326 314
326 315
326 316
326 317
326 324
326 325
326 327
326 328
326 329
326 330
326 331
327 314
327 315
327 316
327 324
327 325
327 326
327 328
327 329
327 330
327 331
327 332
328 315
328 316
328 317
328 325
328 326
328 327
328 329
328 330
328 331
328 332
328 333
328 334
328 345
329 316
329 325
329 326
329 327
329 328
329 330
329 331
329 332
329 333
329 334
329 335
330 316
330 324
330 325
330 326
330 327
330 328
330 329
330 331
330 332
330 333
330 334
330 335
330 336
331 315
331 316
331 317
331 318
331 323
331 324
331 325
331 326
331 327
331 328
331 329
331 330
331 332
331 333
331 334
331 335
331 336
331 337
331 343
332 316
332 318
332 325
332 327
332 328
332 329
332 330
332 331
332 333
332 334
332 335
332 336
332 337
332 341
332 342
332 343
332 344
332 345
333 328
333 329
333 330
333 331
333 332
333 334
333 335
333 336
333 337
333 338
333 339
333 340
333 342
334 318
334 321
334 323
334 325
334 328
334 329
334 330
334 331
334 332
334 333
334 335
334 336
334 337
334 338
334 339
334 340
334 341
334 342
335 318
335 319
335 320
335 321
335 329
335 330
335 331
335 332
335 333
335 334
335 336
335 337
335 338
335 339
335 340
335 341
335 342
335 343
335 344
336 330
336 331
336 332
336 333
336 334
336 335
336 337
336 338
336 339
336 340
336 341
336 342
336 343
336 344
337 331
337 332
337 333
337 334
337 335
337 336
337 338
337 339
337 340
337 341
337 342
338 320
338 321
338 333
338 334
338 335
338 336
338 337
338 339
338 340
338 341
339 318
339 320
339 321
339 333
339 334
339 335
339 336
339 337
339 338
339 340
339 341
339 342
339 343
340 333
340 334
340 335
340 336
340 337
340 338
340 339
340 341
340 342
340 343
341 320
341 332
341 334
341 335
341 336
341 337
341 338
341 339
341 340
341 342
341 343
341 344
342 332
342 333
342 334
342 335
342 336
342 337
342 339
342 340
342 341
342 343
342 344
342 345
343 331
343 332
343 335
343 336
343 339
343 340
343 341
343 342
343 344
343 345
343 346
344 332
344 335
344 336
344 341
344 342
344 343
344 345
344 346
344 347
344 356
344 357
344 358
345 328
345 332
345 342
345 343
345 344
345 346
345 347
345 348
345 355
345 356
345 357
345 358
345 359
346 343
346 344
346 345
346 347
346 348
346 349
346 354
346 355
346 356
346 357
346 358
346 359
346 362
347 344
347 345
347 346
347 348
347 349
347 350
347 353
347 354
347 355
347 356
347 357
347 358
347 359
347 360
347 361
347 362
347 363
348 345
348 346
348 347
348 349
348 350
348 351
348 352
348 353
348 354
348 355
348 356
348 357
348 358
348 359
348 362
349 346
349 347
349 348
349 350
349 351
349 352
349 353
349 354
349 355
349 356
349 359
349 361
349 362
349 363
349 365
349 366
349 370
350 347
350 348
350 349
350 351
350 352
350 353
350 354
350 355
350 362
350 366
351 348
351 349
351 350
351 352
351 353
351 354
351 366
351 369
351 370
352 348
352 349
352 350
352 351
352 353
352 354
352 355
352 365
352 366
352 369
352 370
353 347
353 348
353 349
353 350
353 351
353 352
353 354
353 355
353 356
354 346
354 347
354 348
354 349
354 350
354 351
354 352
354 353
354 355
354 356
354 362
354 365
354 366
355 345
355 346
355 347
355 348
355 349
355 350
355 352
355 353
355 354
355 356
355 357
355 358
355 361
355 362
355 365
356 344
356 345
356 346
356 347
356 348
356 349
356 353
356 354
356 355
356 357
356 358
356 359
356 360
356 361
356 362
356 363
356 364
356 365
357 344
357 345
357 346
357 347
357 348
357 355
357 356
357 358
357 359
357 360
357 361
357 362
358 344
358 345
358 346
358 347
358 348
358 355
358 356
358 357
358 359
358 360
358 361
358 362
358 363
358 364
359 345
359 346
359 347
359 348
359 349
359 356
359 357
359 358
359 360
359 361
359 362
359 363
359 364
359 365
360 347
360 356
360 357
360 358
360 359
360 361
360 362
360 363
360 364
360 365
360 366
361 347
361 349
361 355
361 356
361 357
361 358
361 359
361 360
361 362
361 363
361 364
361 365
361 366
361 367
362 346
362 347
362 348
362 349
362 350
362 354
362 355
362 356
362 357
362 358
362 359
362 360
362 361
362 363
362 364
362 365
362 366
362 367
362 368
363 347
363 349
363 356
363 358
363 359
363 360
363 361
363 362
363 364
363 365
363 366
363 367
363 368
363 369
363 370
364 356
364 358
364 359
364 360
364 361
364 362
364 363
364 365
364 366
364 367
364 368
364 369
364 370
364 371
365 349
365 352
365 354
365 355
365 356
365 359
365 360
365 361
365 362
365 363
365 364
365 366
365 367
365 368
365 369
365 370
365 371
366 349
366 350
366 351
366 352
366 354
366 360
366 361
366 362
366 363
366 364
366 365
366 367
366 368
366 369
366 370
366 371
366 372
367 361
367 362
367 363
367 364
367 365
367 366
367 368
367 369
367 370
367 371
367 372
367 373
367 374
367 386
367 387
368 362
368 363
368 364
368 365
368 366
368 367
368 369
368 370
368 371
368 372
368 373
368 374
368 385
368 386
368 387
369 351
369 352
369 363
369 364
369 365
369 366
369 367
369 368
369 370
369 371
369 372
369 386
370 349
370 351
370 352
370 363
370 364
370 365
370 366
370 367
370 368
370 369
370 371
370 372
370 373
371 364
371 365
371 366
371 367
371 368
371 369
371 370
371 372
371 373
371 374
371 386
372 366
372 367
372 368
372 369
372 370
372 371
372 373
372 374
372 375
372 385
372 386
373 367
373 368
373 370
373 371
373 372
373 374
373 375
373 376
373 384
373 385
373 386
374 367
374 368
374 371
374 372
374 373
374 375
374 376
374 377
374 383
374 384
374 385
374 386
374 387
374 388
375 372
375 373
375 374
375 376
375 377
375 384
375 385
375 386
375 387
375 388
376 373
376 374
376 375
376 377
376 378
376 379
376 382
376 383
376 384
376 385
376 386
376 387
376 388
376 389
376 390
376 391
376 392
377 374
377 375
377 376
377 378
377 379
377 380
377 381
377 382
377 383
377 384
377 385
377 386
377 387
377 388
377 390
377 391
378 376
378 377
378 379
378 380
378 381
378 382
378 383
378 384
378 385
378 388
378 390
378 391
378 392
378 394
378 395
378 399
379 376
379 377
379 378
379 380
379 381
379 382
379 383
379 384
379 391
379 395
380 377
380 378
380 379
380 381
380 382
380 383
380 395
380 398
380 399
381 377
381 378
381 379
381 380
381 382
381 383
381 384
381 394
381 395
381 398
381 399
382 376
382 377
382 378
382 379
382 380
382 381
382 383
382 384
382 385
383 374
383 376
383 377
383 378
383 379
383 380
383 381
383 382
383 384
383 385
383 391
383 394
383 395
384 373
384 374
384 375
384 376
384 377
384 378
384 379
384 381
384 382
384 383
384 385
384 386
384 387
384 388
384 390
384 391
385 368
385 372
385 373
385 374
385 375
385 376
385 377
385 378
385 382
385 383
385 384
385 386
385 387
385 388
385 389
385 390
385 391
385 392
385 394
386 367
386 368
386 369
386 371
386 372
386 373
386 374
386 375
386 376
386 377
386 384
386 385
386 387
386 388
386 389
386 390
386 391
387 367
387 368
387 374
387 375
387 376
387 377
387 384
387 385
387 386
387 388
387 389
387 390
387 391
387 392
388 374
388 375
388 376
388 377
388 378
388 384
388 385
388 386
388 387
388 389
388 390
388 391
388 392
388 393
388 394
389 376
389 385
389 386
389 387
389 388
389 390
389 391
389 392
389 393
389 394
389 395
390 376
390 377
390 378
390 384
390 385
390 386
390 387
390 388
390 389
390 391
390 392
390 393
390 394
390 395
390 396
391 376
391 377
391 378
391 379
391 383
391 384
391 385
391 386
391 387
391 388
391 389
391 390
391 392
391 393
391 394
391 395
391 396
391 397
392 376
392 378
392 385
392 387
392 388
392 389
392 390
392 391
392 393
392 394
392 395
392 396
392 397
392 398
392 399
392 403
393 388
393 389
393 390
393 391
393 392
393 394
393 395
393 396
393 397
393 398
393 399
393 400
393 402
393 403
393 416
394 378
394 381
394 383
394 385
394 388
394 389
394 390
394 391
394 392
394 393
394 395
394 396
394 397
394 398
394 399
394 400
394 402
395 378
395 379
395 380
395 381
395 383
395 389
395 390
395 391
395 392
395 393
395 394
395 396
395 397
395 398
395 399
395 400
395 401
395 402
395 403
396 390
396 391
396 392
396 393
396 394
396 395
396 397
396 398
396 399
396 400
396 401
396 402
396 403
396 404
396 405
396 416
397 391
397 392
397 393
397 394
397 395
397 396
397 398
397 399
397 400
397 401
397 402
397 403
397 404
397 405
397 416
398 380
398 381
398 392
398 393
398 394
398 395
398 396
398 397
398 399
398 400
398 401
398 402
398 403
399 378
399 380
399 381
399 392
399 393
399 394
399 395
399 396
399 397
399 398
399 400
399 401
399 402
399 403
400 393
400 394
400 395
400 396
400 397
400 398
400 399
400 401
400 402
400 403
400 404
401 395
401 396
401 397
401 398
401 399
401 400
401 402
401 403
401 404
402 393
402 394
402 395
402 396
402 397
402 398
402 399
402 400
402 401
402 403
402 404
402 405
402 414
402 415
402 416
403 392
403 393
403 395
403 396
403 397
403 398
403 399
403 400
403 401
403 402
403 404
403 405
403 406
403 414
403 416
404 396
404 397
404 400
404 401
404 402
404 403
404 405
404 406
404 407
404 414
404 415
404 416
404 417
405 396
405 397
405 402
405 403
405 404
405 406
405 407
405 408
405 413
405 414
405 415
405 416
405 417
405 418
405 421
406 403
406 404
406 405
406 407
406 408
406 409
406 412
406 413
406 414
406 415
406 416
406 417
406 418
406 419
406 420
406 421
406 422
407 404
407 405
407 406
407 408
407 409
407 410
407 411
407 412
407 413
407 414
407 415
407 416
407 417
407 418
407 421
408 405
408 406
408 407
408 409
408 410
408 411
408 412
408 413
408 414
408 415
408 418
408 421
408 422
408 424
408 425
408 428
409 406
409 407
409 408
409 410
409 411
409 412
409 413
409 414
409 421
409 425
410 407
410 408
410 409
410 411
410 412
410 413
410 425
410 428
411 407
411 408
411 409
411 410
411 412
411 413
411 414
411 424
411 425
411 428
412 406
412 407
412 408
412 409
412 410
412 411
412 413
412 414
412 415
413 405
413 406
413 407
413 408
413 409
413 410
413 411
413 412
413 414
413 415
413 416
413 421
413 424
414 402
414 403
414 404
414 405
414 406
414 407
414 408
414 409
414 411
414 412
414 413
414 415
414 416
414 417
414 420
414 421
415 402
415 404
415 405
415 406
415 407
415 408
415 412
415 413
415 414
415 416
415 417
415 418
415 419
415 420
415 421
415 422
415 424
416 393
416 396
416 397
416 402
416 403
416 404
416 405
416 406
416 407
416 413
416 414
416 415
416 417
416 418
416 419
416 420
416 421
417 404
417 405
417 406
417 407
417 414
417 415
417 416
417 418
417 419
417 420
417 421
417 422
417 423
418 405
418 406
418 407
418 408
418 415
418 416
418 417
418 419
418 420
418 421
418 422
418 423
418 424
419 406
419 415
419 416
419 417
419 418
419 420
419 421
419 422
419 423
419 424
419 425
420 406
420 414
420 415
420 416
420 417
420 418
420 419
420 421
420 422
420 423
420 424
420 425
421 405
421 406
421 407
421 408
421 409
421 413
421 414
421 415
421 416
421 417
421 418
421 419
421 420
421 422
421 423
421 424
421 425
421 426
421 427
422 406
422 408
422 415
422 417
422 418
422 419
422 420
422 421
422 423
422 424
422 425
422 426
422 427
423 417
423 418
423 419
423 420
423 421
423 422
423 424
423 425
423 426
423 427
423 428
423 431
423 444
423 445
424 408
424 411
424 413
424 415
424 418
424 419
424 420
424 421
424 422
424 423
424 425
424 426
424 427
424 428
424 429
424 430
424 444
425 408
425 409
425 410
425 411
425 419
425 420
425 421
425 422
425 423
425 424
425 426
425 427
425 428
425 429
425 430
425 431
426 421
426 422
426 423
426 424
426 425
426 427
426 428
426 429
426 430
426 431
426 432
426 433
426 444
426 445
427 421
427 422
427 423
427 424
427 425
427 426
427 428
427 429
427 430
427 431
427 432
427 444
428 408
428 410
428 411
428 423
428 424
428 425
428 426
428 427
428 429
428 430
428 431
429 424
429 425
429 426
429 427
429 428
429 430
429 431
429 432
430 424
430 425
430 426
430 427
430 428
430 429
430 431
430 432
430 433
430 443
430 444
431 423
431 425
431 426
431 427
431 428
431 429
431 430
431 432
431 433
431 434
431 442
431 443
431 444
432 426
432 427
432 429
432 430
432 431
432 433
432 434
432 435
432 441
432 442
432 443
432 444
432 445
432 446
433 426
433 430
433 431
433 432
433 434
433 435
433 436
433 442
433 443
433 444
433 445
433 446
434 431
434 432
434 433
434 435
434 436
434 437
434 441
434 442
434 443
434 444
434 445
434 446
434 447
434 448
434 449
434 450
435 432
435 433
435 434
435 436
435 437
435 438
435 439
435 440
435 441
435 442
435 443
435 444
435 445
435 446
435 449
436 433
436 434
436 435
436 437
436 438
436 439
436 440
436 441
436 442
436 443
436 449
436 450
436 452
436 453
436 456
437 434
437 435
437 436
437 438
437 439
437 440
437 441
437 442
437 449
437 453
437 456
438 435
438 436
438 437
438 439
438 440
438 441
438 453
438 456
439 435
439 436
439 437
439 438
439 440
439 441
439 442
439 452
439 453
439 456
440 435
440 436
440 437
440 438
440 439
440 441
440 442
440 639
441 432
441 434
441 435
441 436
441 437
441 438
441 439
441 440
441 442
441 443
441 449
441 452
441 638
441 639
441 640
441 641
442 431
442 432
442 433
442 434
442 435
442 436
442 437
442 439
442 440
442 441
442 443
442 444
442 445
442 446
442 448
442 449
442 452
442 639
443 430
443 431
443 432
443 433
443 434
443 435
443 436
443 441
443 442
443 444
443 445
443 446
443 447
443 448
443 449
443 450
443 452
444 423
444 424
444 426
444 427
444 430
444 431
444 432
444 433
444 434
444 435
444 442
444 443
444 445
444 446
444 447
444 448
444 449
445 423
445 426
445 432
445 433
445 434
445 435
445 442
445 443
445 444
445 446
445 447
445 448
445 449
445 450
446 432
446 433
446 434
446 435
446 442
446 443
446 444
446 445
446 447
446 448
446 449
446 450
446 451
446 452
447 434
447 443
447 444
447 445
447 446
447 448
447 449
447 450
447 451
447 452
447 453
448 434
448 442
448 443
448 444
448 445
448 446
448 447
448 449
448 450
448 451
448 452
448 453
449 434
449 435
449 436
449 437
449 441
449 442
449 443
449 444
449 445
449 446
449 447
449 448
449 450
449 451
449 452
449 453
449 454
450 434
450 436
450 443
450 445
450 446
450 447
450 448
450 449
450 451
450 452
450 453
450 454
450 455
451 446
451 447
451 448
451 449
451 450
451 452
451 453
451 454
451 455
451 456
451 459
451 472
451 473
452 436
452 439
452 441
452 442
452 443
452 446
452 447
452 448
452 449
452 450
452 451
452 453
452 454
452 455
452 456
452 457
452 472
453 436
453 437
453 438
453 439
453 447
453 448
453 449
453 450
453 451
453 452
453 454
453 455
453 456
453 457
453 458
453 459
453 472
454 449
454 450
454 451
454 452
454 453
454 455
454 456
454 457
454 458
454 459
454 460
454 461
454 471
454 472
454 473
455 450
455 451
455 452
455 453
455 454
455 456
455 457
455 458
455 459
455 460
455 472
456 436
456 437
456 438
456 439
456 451
456 452
456 453
456 454
456 455
456 457
456 458
456 459
457 452
457 453
457 454
457 455
457 456
457 458
457 459
457 460
458 453
458 454
458 455
458 456
458 457
458 459
458 460
458 461
458 471
458 472
459 451
459 453
459 454
459 455
459 456
459 457
459 458
459 460
459 461
459 462
459 470
459 471
459 472
460 454
460 455
460 457
460 458
460 459
460 461
460 462
460 463
460 469
460 470
460 471
460 472
460 473
460 474
461 454
461 458
461 459
461 460
461 462
461 463
461 470
461 471
461 472
461 473
461 474
461 477
462 459
462 460
462 461
462 463
462 464
462 465
462 468
462 469
462 470
462 471
462 472
462 473
462 474
462 475
462 476
462 477
462 478
463 460
463 461
463 462
463 464
463 465
463 466
463 467
463 468
463 469
463 470
463 471
463 472
463 473
463 474
463 477
464 462
464 463
464 465
464 466
464 467
464 468
464 469
464 470
464 471
464 477
464 478
464 480
464 481
464 484
465 462
465 463
465 464
465 466
465 467
465 468
465 469
465 470
465 477
465 481
466 463
466 464
466 465
466 467
466 468
466 469
466 481
466 484
467 463
467 464
467 465
467 466
467 468
467 469
467 470
467 480
467 481
467 484
467 649
467 650
468 462
468 463
468 464
468 465
468 466
468 467
468 469
468 470
468 471
468 649
468 650
468 651
468 652
469 460
469 462
469 463
469 464
469 465
469 466
469 467
469 468
469 470
469 471
469 477
469 480
469 481
469 647
469 648
469 649
469 650
469 651
470 459
470 460
470 461
470 462
470 463
470 464
470 465
470 467
470 468
470 469
470 471
470 472
470 473
470 474
470 476
470 477
470 480
470 649
470 650
471 454
471 458
471 459
471 460
471 461
471 462
471 463
471 464
471 468
471 469
471 470
471 472
471 473
471 474
471 475
471 476
471 477
471 478
471 480
472 451
472 452
472 453
472 454
472 455
472 458
472 459
472 460
472 461
472 462
472 463
472 470
472 471
472 473
472 474
472 475
472 476
472 477
473 451
473 454
473 460
473 461
473 462
473 463
473 470
473 471
473 472
473 474
473 475
473 476
473 477
473 478
474 460
474 461
474 462
474 463
474 470
474 471
474 472
474 473
474 475
474 476
474 477
474 478
474 479
474 480
475 462
475 471
475 472
475 473
475 474
475 476
475 477
475 478
475 479
475 480
475 481
476 462
476 470
476 471
476 472
476 473
476 474
476 475
476 477
476 478
476 479
476 480
476 481
476 482
476 646
477 461
477 462
477 463
477 464
477 465
477 469
477 470
477 471
477 472
477 473
477 474
477 475
477 476
477 478
477 479
477 480
477 481
477 482
477 483
478 462
478 464
478 471
478 473
478 474
478 475
478 476
478 477
478 479
478 480
478 481
478 482
478 483
478 500
478 501
479 474
479 475
479 476
479 477
479 478
479 480
479 481
479 482
479 483
479 484
479 487
479 488
479 500
479 501
480 464
480 467
480 469
480 470
480 471
480 474
480 475
480 476
480 477
480 478
480 479
480 481
480 482
480 483
480 484
480 485
480 486
480 500
480 646
480 647
481 464
481 465
481 466
481 467
481 469
481 475
481 476
481 477
481 478
481 479
481 480
481 482
481 483
481 484
481 485
481 486
481 487
481 500
482 476
482 477
482 478
482 479
482 480
482 481
482 483
482 484
482 485
482 486
482 487
482 488
482 489
482 499
482 500
482 501
483 477
483 478
483 479
483 480
483 481
483 482
483 484
483 485
483 486
483 487
483 488
483 500
484 464
484 466
484 467
484 479
484 480
484 481
484 482
484 483
484 485
484 486
484 487
485 480
485 481
485 482
485 483
485 484
485 486
485 487
485 488
486 480
486 481
486 482
486 483
486 484
486 485
486 487
486 488
486 489
486 498
486 499
486 500
487 479
487 481
487 482
487 483
487 484
487 485
487 486
487 488
487 489
487 490
487 498
487 499
487 500
488 479
488 482
488 483
488 485
488 486
488 487
488 489
488 490
488 491
488 497
488 498
488 499
488 500
488 501
488 502
489 482
489 486
489 487
489 488
489 490
489 491
489 492
489 498
489 499
489 500
489 501
489 502
489 505
490 487
490 488
490 489
490 491
490 492
490 493
490 496
490 497
490 498
490 499
490 500
490 501
490 502
490 503
490 504
490 505
490 506
491 488
491 489
491 490
491 492
491 493
491 494
491 495
491 496
491 497
491 498
491 499
491 500
491 501
491 502
491 505
492 489
492 490
492 491
492 493
492 494
492 495
492 496
492 497
492 498
492 499
492 502
492 505
492 506
492 508
492 509
492 512
493 95
493 490
493 491
493 492
493 494
493 495
493 496
493 497
493 498
493 505
493 509
494 94
494 95
494 96
494 491
494 492
494 493
494 495
494 496
494 497
494 509
494 512
494 513
495 95
495 491
495 492
495 493
495 494
495 496
495 497
495 498
495 508
495 509
495 512
496 490
496 491
496 492
496 493
496 494
496 495
496 497
496 498
496 499
497 488
497 490
497 491
497 492
497 493
497 494
497 495
497 496
497 498
497 499
497 505
497 508
498 486
498 487
498 488
498 489
498 490
498 491
498 492
498 493
498 495
498 496
498 497
498 499
498 500
498 501
498 502
498 504
498 505
499 482
499 486
499 487
499 488
499 489
499 490
499 491
499 492
499 496
499 497
499 498
499 500
499 501
499 502
499 503
499 504
499 505
499 506
499 508
500 478
500 479
500 480
500 481
500 482
500 483
500 486
500 487
500 488
500 489
500 490
500 491
500 498
500 499
500 501
500 502
500 503
500 504
500 505
501 478
501 479
501 482
501 488
501 489
501 490
501 491
501 498
501 499
501 500
501 502
501 503
501 504
501 505
501 506
502 488
502 489
502 490
502 491
502 492
502 498
502 499
502 500
502 501
502 503
502 504
502 505
502 506
502 507
502 508
503 490
503 499
503 500
503 501
503 502
503 504
503 505
503 506
503 507
503 508
503 509
504 490
504 498
504 499
504 500
504 501
504 502
504 503
504 505
504 506
504 507
504 508
504 509
505 489
505 490
505 491
505 492
505 493
505 497
505 498
505 499
505 500
505 501
505 502
505 503
505 504
505 506
505 507
505 508
505 509
505 510
506 490
506 492
506 499
506 501
506 502
506 503
506 504
506 505
506 507
506 508
506 509
506 510
506 511
507 502
507 503
507 504
507 505
507 506
507 508
507 509
507 510
507 511
507 512
507 515
507 528
507 529
508 492
508 495
508 497
508 499
508 502
508 503
508 504
508 505
508 506
508 507
508 509
508 510
508 511
508 512
508 513
508 528
509 492
509 493
509 494
509 495
509 503
509 504
509 505
509 506
509 507
509 508
509 510
509 511
509 512
509 513
509 514
509 515
510 505
510 506
510 507
510 508
510 509
510 511
510 512
510 513
510 514
510 515
510 516
510 517
510 527
510 528
510 529
511 506
511 507
511 508
511 509
511 510
511 512
511 513
511 514
511 515
511 516
511 528
512 492
512 494
512 495
512 507
512 508
512 509
512 510
512 511
512 513
512 514
512 515
513 233
513 494
513 508
513 509
513 510
513 511
513 512
513 514
513 515
513 516
514 509
514 510
514 511
514 512
514 513
514 515
514 516
514 517
514 526
514 527
514 528
515 507
515 509
515 510
515 511
515 512
515 513
515 514
515 516
515 517
515 518
515 526
515 527
515 528
515 529
516 510
516 511
516 513
516 514
516 515
516 517
516 518
516 519
516 525
516 526
516 527
516 528
516 529
516 530
517 510
517 514
517 515
517 516
517 518
517 519
517 520
517 526
517 527
517 528
517 529
517 530
517 533
518 515
518 516
518 517
518 519
518 520
518 521
518 524
518 525
518 526
518 527
518 528
518 529
518 530
518 531
518 532
518 533
518 534
519 516
519 517
519 518
519 520
519 521
519 522
519 523
519 524
519 525
519 526
519 527
519 528
519 529
519 530
519 533
520 517
520 518
520 519
520 521
520 522
520 523
520 524
520 525
520 526
520 527
520 533
520 534
520 536
520 537
520 540
521 518
521 519
521 520
521 522
521 523
521 524
521 525
521 526
521 537
522 519
522 520
522 521
522 523
522 524
522 525
522 537
522 540
523 519
523 520
523 521
523 522
523 524
523 525
523 526
523 536
523 537
523 540
524 518
524 519
524 520
524 521
524 522
524 523
524 525
524 526
524 527
525 516
525 518
525 519
525 520
525 521
525 522
525 523
525 524
525 526
525 527
525 533
525 536
526 514
526 515
526 516
526 517
526 518
526 519
526 520
526 521
526 523
526 524
526 525
526 527
526 528
526 529
526 530
526 532
526 533
527 510
527 514
527 515
527 516
527 517
527 518
527 519
527 520
527 524
527 525
527 526
527 528
527 529
527 530
527 531
527 532
527 533
527 534
527 536
528 507
528 508
528 510
528 511
528 514
528 515
528 516
528 517
528 518
528 519
528 526
528 527
528 529
528 530
528 531
528 532
528 533
529 507
529 510
529 515
529 516
529 517
529 518
529 519
529 526
529 527
529 528
529 530
529 531
529 532
529 533
529 534
530 516
530 517
530 518
530 519
530 526
530 527
530 528
530 529
530 531
530 532
530 533
530 534
530 535
530 536
530 642
531 518
531 527
531 528
531 529
531 530
531 532
531 533
531 534
531 535
531 536
531 537
531 642
531 644
532 518
532 526
532 527
532 528
532 529
532 530
532 531
532 533
532 534
532 535
532 536
532 537
533 517
533 518
533 519
533 520
533 525
533 526
533 527
533 528
533 529
533 530
533 531
533 532
533 534
533 535
533 536
533 537
533 538
534 518
534 520
534 527
534 529
534 530
534 531
534 532
534 533
534 535
534 536
534 537
534 538
534 539
535 530
535 531
535 532
535 533
535 534
535 536
535 537
535 538
535 539
535 540
535 543
535 556
535 557
536 520
536 523
536 525
536 527
536 530
536 531
536 532
536 533
536 534
536 535
536 537
536 538
536 539
536 540
536 541
536 556
537 520
537 521
537 522
537 523
537 531
537 532
537 533
537 534
537 535
537 536
537 538
537 539
537 540
537 541
537 542
537 543
538 533
538 534
538 535
538 536
538 537
538 539
538 540
538 541
538 542
538 543
538 544
538 545
538 556
538 557
539 534
539 535
539 536
539 537
539 538
539 540
539 541
539 542
539 543
539 544
539 555
539 556
540 520
540 522
540 523
540 535
540 536
540 537
540 538
540 539
540 541
540 542
540 543
541 536
541 537
541 538
541 539
541 540
541 542
541 543
541 544
542 537
542 538
542 539
542 540
542 541
542 543
542 544
542 545
542 554
542 555
542 556
543 535
543 537
543 538
543 539
543 540
543 541
543 542
543 544
543 545
543 546
543 554
543 555
543 556
544 538
544 539
544 541
544 542
544 543
544 545
544 546
544 547
544 553
544 554
544 555
544 556
544 557
544 558
545 538
545 542
545 543
545 544
545 546
545 547
545 554
545 555
545 556
545 557
545 558
546 543
546 544
546 545
546 547
546 548
546 549
546 552
546 553
546 554
546 555
546 556
546 557
546 558
546 559
546 560
546 561
546 562
547 544
547 545
547 546
547 548
547 549
547 550
547 551
547 552
547 553
547 554
547 555
547 556
547 557
547 558
547 561
548 546
548 547
548 549
548 550
548 551
548 552
548 553
548 554
548 555
548 561
548 562
548 564
548 565
548 568
549 546
549 547
549 548
549 550
549 551
549 552
549 553
549 554
549 565
550 547
550 548
550 549
550 551
550 552
550 553
550 565
550 568
551 547
551 548
551 549
551 550
551 552
551 553
551 554
551 564
551 565
551 568
552 546
552 547
552 548
552 549
552 550
552 551
552 553
552 554
552 555
553 544
553 546
553 547
553 548
553 549
553 550
553 551
553 552
553 554
553 555
553 561
553 564
554 542
554 543
554 544
554 545
554 546
554 547
554 548
554 549
554 551
554 552
554 553
554 555
554 556
554 557
554 558
554 560
554 561
554 564
555 539
555 542
555 543
555 544
555 545
555 546
555 547
555 548
555 552
555 553
555 554
555 556
555 557
555 558
555 559
555 560
555 561
555 562
555 564
556 535
556 536
556 538
556 539
556 542
556 543
556 544
556 545
556 546
556 547
556 554
556 555
556 557
556 558
556 559
556 560
556 561
557 535
557 538
557 544
557 545
557 546
557 547
557 554
557 555
557 556
557 558
557 559
557 560
557 561
557 562
558 544
558 545
558 546
558 547
558 554
558 555
558 556
558 557
558 559
558 560
558 561
558 562
558 563
558 564
559 546
559 555
559 556
559 557
559 558
559 560
559 561
559 562
559 563
559 564
559 565
560 546
560 554
560 555
560 556
560 557
560 558
560 559
560 561
560 562
560 563
560 564
560 565
561 546
561 547
561 548
561 553
561 554
561 555
561 556
561 557
561 558
561 559
561 560
561 562
561 563
561 564
561 565
561 566
562 546
562 548
562 555
562 557
562 558
562 559
562 560
562 561
562 563
562 564
562 565
562 566
562 567
563 558
563 559
563 560
563 561
563 562
563 564
563 565
563 566
563 567
563 568
563 571
563 584
563 585
564 548
564 551
564 553
564 554
564 555
564 558
564 559
564 560
564 561
564 562
564 563
564 565
564 566
564 567
564 568
564 569
564 584
564 585
565 548
565 549
565 550
565 551
565 559
565 560
565 561
565 562
565 563
565 564
565 566
565 567
565 568
565 569
565 570
565 571
565 584
566 561
566 562
566 563
566 564
566 565
566 567
566 568
566 569
566 570
566 571
566 572
566 573
566 583
566 584
566 585
567 562
567 563
567 564
567 565
567 566
567 568
567 569
567 570
567 571
567 572
567 584
568 548
568 550
568 551
568 563
568 564
568 565
568 566
568 567
568 569
568 570
568 571
569 564
569 565
569 566
569 567
569 568
569 570
569 571
569 572
570 565
570 566
570 567
570 568
570 569
570 571
570 572
570 573
570 583
570 584
571 563
571 565
571 566
571 567
571 568
571 569
571 570
571 572
571 573
571 574
571 582
571 583
571 584
571 585
571 609
571 610
571 611
572 566
572 567
572 569
572 570
572 571
572 573
572 574
572 575
572 581
572 582
572 583
572 584
572 585
572 586
572 608
572 609
572 610
572 611
573 566
573 570
573 571
573 572
573 574
573 575
573 582
573 583
573 584
573 585
573 586
573 606
573 607
573 608
573 609
573 610
573 611
574 571
574 572
574 573
574 575
574 576
574 577
574 580
574 581
574 582
574 583
574 584
574 585
574 586
574 587
574 588
574 589
574 590
574 605
574 606
574 607
574 608
574 609
574 610
575 572
575 573
575 574
575 576
575 577
575 578
575 579
575 580
575 581
575 582
575 583
575 584
575 585
575 586
575 589
575 605
575 606
575 607
575 608
575 609
576 574
576 575
576 577
576 578
576 579
576 580
576 581
576 582
576 583
576 589
576 590
576 592
576 593
576 596
576 602
576 603
576 604
576 605
576 606
576 607
576 608
577 574
577 575
577 576
577 578
577 579
577 580
577 581
577 582
577 593
577 604
577 605
577 606
577 607
577 608
578 575
578 576
578 577
578 579
578 580
578 581
578 593
578 596
578 597
578 604
578 605
578 606
579 575
579 576
579 577
579 578
579 580
579 581
579 582
579 593
579 596
579 605
580 574
580 575
580 576
580 577
580 578
580 579
580 581
580 582
580 583
580 605
580 607
581 572
581 574
581 575
581 576
581 577
581 578
581 579
581 580
581 582
581 583
581 589
581 592
582 571
582 572
582 573
582 574
582 575
582 576
582 577
582 579
582 580
582 581
582 583
582 584
582 585
582 588
582 589
582 606
582 607
582 608
582 609
583 566
583 570
583 571
583 572
583 573
583 574
583 575
583 576
583 580
583 581
583 582
583 584
583 585
583 586
583 587
583 588
583 589
583 590
583 592
583 606
583 608
584 563
584 564
584 565
584 566
584 567
584 570
584 571
584 572
584 573
584 574
584 575
584 582
584 583
584 585
584 586
584 587
584 588
584 589
585 563
585 564
585 566
585 571
585 572
585 573
585 574
585 575
585 582
585 583
585 584
585 586
585 587
585 588
585 589
585 590
586 572
586 573
586 574
586 575
586 583
586 584
586 585
586 587
586 588
586 589
586 590
586 591
586 592
586 602
586 603
586 606
586 608
587 574
587 583
587 584
587 585
587 586
587 588
587 589
587 590
587 591
587 592
587 602
588 574
588 582
588 583
588 584
588 585
588 586
588 587
588 589
588 590
588 591
588 592
588 593
589 574
589 575
589 576
589 581
589 582
589 583
589 584
589 585
589 586
589 587
589 588
589 590
589 591
589 592
589 593
589 594
589 602
589 603
589 605
589 606
590 574
590 576
590 583
590 585
590 586
590 587
590 588
590 589
590 591
590 592
590 593
590 594
590 595
590 601
590 602
590 603
590 605
590 606
591 586
591 587
591 588
591 589
591 590
591 592
591 593
591 594
591 595
591 598
591 602
592 576
592 581
592 583
592 586
592 587
592 588
592 589
592 590
592 591
592 593
592 594
592 595
592 596
592 597
592 602
592 605
593 576
593 577
593 578
593 579
593 588
593 589
593 590
593 591
593 592
593 594
593 595
593 596
593 597
593 598
593 599
593 600
593 601
593 602
593 603
593 604
593 605
593 606
594 589
594 590
594 591
594 592
594 593
594 595
594 596
594 597
594 598
594 599
594 600
594 601
594 602
595 590
595 591
595 592
595 593
595 594
595 596
595 597
595 598
596 576
596 578
596 579
596 592
596 593
596 594
596 595
596 597
596 598
596 599
596 600
596 602
596 605
597 578
597 592
597 593
597 594
597 595
597 596
597 598
597 599
597 600
597 601
597 602
597 605
598 591
598 593
598 594
598 595
598 596
598 597
598 599
598 600
598 601
598 602
599 593
599 594
599 596
599 597
599 598
599 600
599 601
599 602
600 593
600 594
600 596
600 597
600 598
600 599
600 601
600 602
600 603
600 604
600 605
601 590
601 593
601 594
601 597
601 598
601 599
601 600
601 602
601 603
601 604
601 605
601 606
602 576
602 586
602 587
602 589
602 590
602 591
602 592
602 593
602 594
602 596
602 597
602 598
602 599
602 600
602 601
602 603
602 604
602 605
602 606
603 576
603 586
603 589
603 590
603 593
603 600
603 601
603 602
603 604
603 605
603 606
603 607
604 576
604 577
604 578
604 593
604 600
604 601
604 602
604 603
604 605
604 606
604 607
605 574
605 575
605 576
605 577
605 578
605 579
605 580
605 589
605 590
605 592
605 593
605 596
605 597
605 600
605 601
605 602
605 603
605 604
605 606
605 607
605 608
606 573
606 574
606 575
606 576
606 577
606 578
606 582
606 583
606 586
606 589
606 590
606 593
606 601
606 602
606 603
606 604
606 605
606 607
606 608
606 609
607 573
607 574
607 575
607 576
607 577
607 580
607 582
607 603
607 604
607 605
607 606
607 608
607 609
607 610
608 572
608 573
608 574
608 575
608 576
608 577
608 582
608 583
608 586
608 605
608 606
608 607
608 609
608 610
608 611
609 571
609 572
609 573
609 574
609 575
609 582
609 606
609 607
609 608
609 610
609 611
609 612
610 571
610 572
610 573
610 574
610 607
610 608
610 609
610 611
610 612
610 613
611 571
611 572
611 573
611 608
611 609
611 610
611 612
611 613
611 614
612 609
612 610
612 611
612 613
612 614
612 615
613 610
613 611
613 612
613 614
613 615
613 616
614 611
614 612
614 613
614 615
614 616
614 617
615 612
615 613
615 614
615 616
615 617
615 618
616 613
616 614
616 615
616 617
616 618
617 614
617 615
617 616
617 618
617 619
617 620
618 615
618 616
618 617
618 619
618 620
618 621
619 617
619 618
619 620
619 621
619 622
620 617
620 618
620 619
620 621
620 622
620 623
621 618
621 619
621 620
621 622
621 623
622 619
622 620
622 621
622 623
622 624
623 620
623 621
623 622
623 624
623 625
624 622
624 623
624 625
624 626
625 623
625 624
625 626
625 627
625 628
626 624
626 625
626 627
626 628
626 629
627 625
627 626
627 628
627 629
627 630
628 625
628 626
628 627
628 629
628 630
628 631
629 626
629 627
629 628
629 630
629 631
629 632
630 627
630 628
630 629
630 631
630 632
630 633
631 628
631 629
631 630
631 632
631 633
631 634
632 629
632 630
632 631
632 633
632 634
632 635
633 630
633 631
633 632
633 634
633 635
633 636
634 631
634 632
634 633
634 635
634 636
634 637
635 632
635 633
635 634
635 636
635 637
636 633
636 634
636 635
636 637
636 638
636 639
637 634
637 635
637 636
637 638
637 639
637 640
638 441
638 636
638 637
638 639
638 640
638 641
639 440
639 441
639 442
639 636
639 637
639 638
639 640
639 641
639 642
640 441
640 637
640 638
640 639
640 641
640 642
640 643
641 441
641 638
641 639
641 640
641 642
641 643
641 644
642 530
642 531
642 639
642 640
642 641
642 643
642 644
643 640
643 641
643 642
643 644
643 645
643 646
644 531
644 641
644 642
644 643
644 645
644 646
645 643
645 644
645 646
645 647
645 648
646 476
646 480
646 643
646 644
646 645
646 647
646 648
647 469
647 480
647 645
647 646
647 648
647 649
647 650
648 469
648 645
648 646
648 647
648 649
648 650
649 467
649 468
649 469
649 470
649 647
649 648
649 650
649 651
650 467
650 468
650 469
650 470
650 647
650 648
650 649
650 651
650 652
651 468
651 469
651 649
651 650
651 652
651 653
652 468
652 650
652 651
652 653
652 654
653 651
653 652
653 654
653 655
654 652
654 653
654 655
654 656
655 653
655 654
655 656
655 657
656 654
656 655
656 657
656 658
657 655
657 656
657 658
657 659
658 656
658 657
658 659
658 660
659 657
659 658
659 660
659 661
660 658
660 659
660 661
660 662
661 659
661 660
661 662
661 663
662 660
662 661
662 663
662 664
663 661
663 662
663 664
663 665
664 662
664 663
664 665
664 666
665 663
665 664
665 666
665 667
666 664
666 665
666 667
666 668
667 665
667 666
667 668
667 669
668 666
668 667
668 669
668 670
669 667
669 668
669 670
669 671
670 668
670 669
670 671
670 672
671 669
671 670
671 672
671 673
672 670
672 671
672 673
672 674
673 671
673 672
673 674
673 675
674 672
674 673
674 675
674 676
675 673
675 674
675 676
675 677
676 674
676 675
676 677
676 678
677 675
677 676
677 678
677 679
678 676
678 677
678 679
678 680
679 677
679 678
679 680
679 681
680 678
680 679
680 681
680 682
681 679
681 680
681 682
681 683
682 680
682 681
682 683
682 684
683 681
683 682
683 684
683 685
684 682
684 683
684 685
684 686
685 683
685 684
685 686
685 687
686 684
686 685
686 687
686 688
687 685
687 686
687 688
687 689
688 686
688 687
688 689
688 690
689 687
689 688
689 690
689 691
689 692
690 688
690 689
690 691
690 692
691 689
691 690
691 692
691 693
692 689
692 690
692 691
692 693
692 694
693 691
693 692
693 694
693 695
694 692
694 693
694 695
694 696
695 693
695 694
695 696
695 697
696 694
696 695
696 697
696 698
697 695
697 696
697 698
697 699
698 696
698 697
698 699
698 700
699 697
699 698
699 700
699 701
700 698
700 699
700 701
700 702
701 699
701 700
701 702
701 703
702 700
702 701
702 703
702 704
703 701
703 702
703 704
703 705
704 702
704 703
704 705
704 706
705 703
705 704
705 706
705 707
706 704
706 705
706 707
706 708
707 705
707 706
707 708
707 709
708 706
708 707
708 709
708 710
709 707
709 708
709 710
710 708
710 709
