0 1
0 2
0 3
1 0
1 2
1 3
1 4
2 0
2 1
2 3
2 4
2 5
3 0
3 1
3 2
3 4
3 5
3 6
4 1
4 2
4 3
4 5
4 6
4 7
5 2
5 3
5 4
5 6
5 7
5 8
6 3
6 4
6 5
6 7
6 8
6 9
7 4
7 5
7 6
7 8
7 9
7 10
8 5
8 6
8 7
8 9
8 10
8 11
9 6
9 7
9 8
9 10
9 11
9 12
10 7
10 8
10 9
10 11
10 12
10 13
11 8
11 9
11 10
11 12
11 13
11 14
12 9
12 10
12 11
12 13
12 14
12 15
13 10
13 11
13 12
13 14
13 15
13 16
13 681
14 11
14 12
14 13
14 15
14 16
14 17
15 12
15 13
15 14
15 16
15 17
15 18
15 672
16 13
16 14
16 15
16 17
16 18
16 19
16 677
17 14
17 15
17 16
17 18
17 19
17 20
17 668
17 672
17 677
18 15
18 16
18 17
18 19
18 20
18 21
18 650
19 16
19 17
19 18
19 20
19 21
19 22
20 17
20 18
20 19
20 21
20 22
20 23
20 650
20 654
21 18
21 19
21 20
21 22
21 23
21 24
22 19
22 20
22 21
22 23
22 24
22 25
23 20
23 21
23 22
23 24
23 25
23 26
24 21
24 22
24 23
24 25
24 26
24 27
24 28
24 29
25 22
25 23
25 24
25 26
25 27
25 28
25 29
25 30
25 31
26 23
26 24
26 25
26 27
26 28
26 29
26 30
26 31
26 32
27 24
27 25
27 26
27 28
27 29
27 30
27 31
27 32
27 33
28 24
28 25
28 26
28 27
28 29
28 30
28 31
28 32
28 33
28 34
29 24
29 25
29 26
29 27
29 28
29 30
29 31
29 32
29 33
29 34
29 35
30 25
30 26
30 27
30 28
30 29
30 31
30 32
30 33
30 34
30 35
31 25
31 26
31 27
31 28
31 29
31 30
31 32
31 33
31 34
31 35
31 36
31 37
32 26
32 27
32 28
32 29
32 30
32 31
32 33
32 34
32 35
32 36
32 37
33 27
33 28
33 29
33 30
33 31
33 32
33 34
33 35
33 36
33 37
33 38
34 28
34 29
34 30
34 31
34 32
34 33
34 35
34 36
34 37
34 38
34 39
35 29
35 30
35 31
35 32
35 33
35 34
35 36
35 37
35 38
35 39
36 31
36 32
36 33
36 34
36 35
36 37
36 38
36 39
36 40
36 41
36 44
37 31
37 32
37 33
37 34
37 35
37 36
37 38
37 39
37 40
37 41
37 44
38 33
38 34
38 35
38 36
38 37
38 39
38 40
38 41
38 44
39 34
39 35
39 36
39 37
39 38
39 40
39 41
39 42
39 43
39 44
39 45
40 36
40 37
40 38
40 39
40 41
40 42
40 43
40 44
40 45
41 36
41 37
41 38
41 39
41 40
41 42
41 43
41 44
41 45
41 46
41 47
42 39
42 40
42 41
42 43
42 44
42 45
42 46
42 47
42 48
43 39
43 40
43 41
43 42
43 44
43 45
43 46
43 47
43 48
43 49
44 36
44 37
44 38
44 39
44 40
44 41
44 42
44 43
44 45
44 46
44 47
44 48
44 49
44 50
45 39
45 40
45 41
45 42
45 43
45 44
45 46
45 47
45 48
45 49
45 50
45 51
46 41
46 42
46 43
46 44
46 45
46 47
46 48
46 49
46 50
46 51
46 52
46 56
47 41
47 42
47 43
47 44
47 45
47 46
47 48
47 49
47 50
47 51
47 52
47 53
47 54
48 42
48 43
48 44
48 45
48 46
48 47
48 49
48 50
48 51
48 52
48 53
48 54
49 43
49 44
49 45
49 46
49 47
49 48
49 50
49 51
49 52
49 53
49 54
49 55
49 56
49 57
50 44
50 45
50 46
50 47
50 48
50 49
50 51
50 52
50 53
50 54
50 55
50 56
50 57
50 58
50 114
51 45
51 46
51 47
51 48
51 49
51 50
51 52
51 53
51 54
51 55
51 56
51 57
51 114
51 116
51 374
52 46
52 47
52 48
52 49
52 50
52 51
52 53
52 54
52 55
52 56
52 113
52 114
52 115
52 374
52 377
52 378
53 47
53 48
53 49
53 50
53 51
53 52
53 54
53 55
53 56
53 57
53 110
53 111
53 112
53 113
53 114
53 115
53 116
53 374
53 378
54 47
54 48
54 49
54 50
54 51
54 52
54 53
54 55
54 56
54 57
54 58
54 59
54 111
54 112
54 113
54 114
54 115
54 116
54 117
54 374
54 378
55 49
55 50
55 51
55 52
55 53
55 54
55 56
55 57
55 58
55 59
55 60
55 111
55 112
55 113
55 114
55 115
55 116
55 411
55 412
55 413
56 46
56 49
56 50
56 51
56 52
56 53
56 54
56 55
56 57
56 58
56 59
56 60
56 61
56 113
56 114
57 49
57 50
57 51
57 53
57 54
57 55
57 56
57 58
57 59
57 60
57 61
57 62
58 50
58 54
58 55
58 56
58 57
58 59
58 60
58 61
58 62
58 63
58 116
58 411
58 412
59 54
59 55
59 56
59 57
59 58
59 60
59 61
59 62
59 63
59 113
59 411
59 412
59 413
60 55
60 56
60 57
60 58
60 59
60 61
60 62
60 63
61 56
61 57
61 58
61 59
61 60
61 62
61 63
61 64
62 57
62 58
62 59
62 60
62 61
62 63
62 64
62 65
62 66
62 67
62 68
62 410
62 411
62 413
63 58
63 59
63 60
63 61
63 62
63 64
63 65
63 66
63 67
63 68
64 61
64 62
64 63
64 65
64 66
64 67
64 68
64 69
64 70
64 71
65 62
65 63
65 64
65 66
65 67
65 68
65 69
65 70
66 62
66 63
66 64
66 65
66 67
66 68
66 69
66 70
66 71
66 410
67 62
67 63
67 64
67 65
67 66
67 68
67 69
67 70
67 71
67 72
67 408
67 409
67 410
67 411
67 413
67 414
68 62
68 63
68 64
68 65
68 66
68 67
68 69
68 70
68 71
68 72
68 73
68 74
68 409
68 410
68 411
68 413
68 414
69 64
69 65
69 66
69 67
69 68
69 70
69 71
69 72
69 73
69 74
69 75
69 407
69 408
69 409
69 410
69 414
70 64
70 65
70 66
70 67
70 68
70 69
70 71
70 72
70 73
70 74
70 75
70 76
70 404
70 405
70 406
70 407
70 408
70 409
70 410
70 411
70 413
70 414
71 64
71 66
71 67
71 68
71 69
71 70
71 72
71 73
71 74
71 75
71 76
71 77
71 404
71 405
71 407
71 408
71 409
71 410
71 411
71 412
71 413
71 414
71 415
71 416
71 417
71 418
72 67
72 68
72 69
72 70
72 71
72 73
72 74
72 75
72 76
72 77
72 78
72 407
72 408
72 409
72 411
72 413
72 414
72 415
72 416
72 417
72 418
73 68
73 69
73 70
73 71
73 72
73 74
73 75
73 76
73 77
73 78
73 79
73 289
73 404
73 407
73 408
73 409
73 414
73 417
73 418
74 68
74 69
74 70
74 71
74 72
74 73
74 75
74 76
74 77
74 78
74 79
74 80
74 119
74 289
74 290
74 403
74 404
74 405
74 406
74 407
74 408
74 409
74 410
74 411
74 413
74 414
74 415
74 417
74 418
75 69
75 70
75 71
75 72
75 73
75 74
75 76
75 77
75 78
75 79
75 80
75 81
75 121
75 403
75 404
75 407
75 409
75 412
75 413
75 414
75 415
75 416
75 417
75 418
75 419
75 420
75 421
76 70
76 71
76 72
76 73
76 74
76 75
76 77
76 78
76 79
76 80
76 81
76 82
76 292
76 404
76 407
76 414
76 415
76 416
76 417
76 418
76 419
76 420
76 421
76 422
77 71
77 72
77 73
77 74
77 75
77 76
77 78
77 79
77 80
77 81
77 82
77 289
77 290
77 291
77 292
77 400
77 403
77 404
77 407
77 414
77 417
77 418
77 421
78 72
78 73
78 74
78 75
78 76
78 77
78 79
78 80
78 81
78 82
78 83
78 121
78 292
78 400
78 401
78 403
78 404
78 407
78 414
78 415
78 417
78 418
78 419
78 421
78 422
79 73
79 74
79 75
79 76
79 77
79 78
79 80
79 81
79 82
79 83
79 84
79 104
79 105
79 108
79 400
79 414
79 415
79 416
79 417
79 418
79 419
79 420
79 421
79 422
79 423
79 424
79 425
80 74
80 75
80 76
80 77
80 78
80 79
80 81
80 82
80 83
80 84
80 85
80 292
80 293
80 294
80 295
80 296
80 418
80 421
80 422
80 425
81 75
81 76
81 77
81 78
81 79
81 80
81 82
81 83
81 84
81 85
81 86
81 291
81 292
81 293
81 294
81 295
81 296
81 400
81 403
81 418
82 76
82 77
82 78
82 79
82 80
82 81
82 83
82 84
82 85
82 86
82 87
82 88
82 100
82 101
82 104
82 105
82 123
82 124
82 294
82 295
82 400
82 418
82 419
82 421
82 422
83 78
83 79
83 80
83 81
83 82
83 84
83 85
83 86
83 87
83 88
83 97
83 100
83 101
83 104
83 294
83 295
83 418
83 421
83 422
83 425
83 426
83 429
83 430
84 79
84 80
84 81
84 82
84 83
84 85
84 86
84 87
84 88
84 89
84 97
84 101
84 294
84 295
84 296
84 297
84 298
84 299
84 433
84 440
84 441
84 444
84 445
85 80
85 81
85 82
85 83
85 84
85 86
85 87
85 88
85 89
85 90
85 91
85 97
85 100
85 101
85 104
85 124
85 125
85 126
85 294
85 295
85 441
85 442
85 444
85 445
85 448
86 81
86 82
86 83
86 84
86 85
86 87
86 88
86 89
86 90
86 91
86 92
86 97
86 98
86 99
86 100
86 101
86 102
86 103
86 104
86 123
86 124
86 125
86 126
86 422
86 441
87 82
87 83
87 84
87 85
87 86
87 88
87 89
87 90
87 91
87 92
87 95
87 96
87 97
87 98
87 99
87 100
87 101
87 319
87 322
87 430
87 433
87 436
87 438
87 441
88 82
88 83
88 84
88 85
88 86
88 87
88 89
88 90
88 91
88 92
88 93
88 95
88 96
88 97
88 100
88 126
88 129
88 319
88 438
88 439
88 440
88 441
88 442
88 443
88 444
88 445
89 84
89 85
89 86
89 87
89 88
89 90
89 91
89 92
89 93
89 94
89 95
89 96
89 97
89 99
89 100
89 101
89 124
89 125
89 126
89 127
89 128
89 129
89 130
89 133
89 441
89 442
89 444
89 445
90 85
90 86
90 87
90 88
90 89
90 91
90 92
90 93
90 94
90 95
90 96
90 97
90 98
90 99
90 100
90 101
90 103
90 124
90 125
90 126
90 129
90 130
90 132
90 133
90 392
91 85
91 86
91 87
91 88
91 89
91 90
91 92
91 93
91 94
91 95
91 96
91 97
91 99
91 100
91 129
91 130
91 133
91 150
91 319
91 438
91 441
91 442
92 86
92 87
92 88
92 89
92 90
92 91
92 93
92 94
92 95
92 96
92 97
92 126
92 127
92 128
92 129
92 130
92 131
92 132
92 133
92 134
92 222
92 225
92 226
92 441
92 442
92 445
93 88
93 89
93 90
93 91
93 92
93 94
93 95
93 96
93 97
93 100
93 126
93 127
93 128
93 129
93 130
93 131
93 132
93 133
93 134
93 135
93 136
93 137
93 176
93 177
93 180
93 392
94 89
94 90
94 91
94 92
94 93
94 95
94 96
94 97
94 129
94 130
94 132
94 133
94 134
94 135
94 136
94 137
94 147
94 148
94 150
94 151
94 173
94 176
94 177
94 180
95 87
95 88
95 89
95 90
95 91
95 92
95 93
95 94
95 96
95 97
95 98
95 99
95 100
95 129
95 132
95 133
95 136
95 150
95 151
95 172
95 173
95 174
95 175
95 176
95 177
95 180
95 392
96 87
96 88
96 89
96 90
96 91
96 92
96 93
96 94
96 95
96 97
96 98
96 99
96 100
96 101
96 150
96 151
96 173
96 174
96 176
96 177
96 319
96 320
96 321
96 322
96 323
97 83
97 84
97 85
97 86
97 87
97 88
97 89
97 90
97 91
97 92
97 93
97 94
97 95
97 96
97 98
97 99
97 100
97 101
97 102
97 319
97 320
97 321
97 322
97 323
97 430
97 433
98 86
98 87
98 90
98 95
98 96
98 97
98 99
98 100
98 101
98 102
98 103
98 321
98 322
98 323
98 324
98 325
98 326
98 327
98 390
98 391
98 425
98 426
98 430
99 86
99 87
99 89
99 90
99 91
99 95
99 96
99 97
99 98
99 100
99 101
99 102
99 103
99 104
99 105
99 177
99 180
99 181
99 327
99 389
99 390
99 391
99 392
100 82
100 83
100 85
100 86
100 87
100 88
100 89
100 90
100 91
100 93
100 95
100 96
100 97
100 98
100 99
100 101
100 102
100 103
100 104
100 105
100 106
100 123
100 124
100 125
100 129
100 390
100 391
100 392
100 393
100 394
101 82
101 83
101 84
101 85
101 86
101 87
101 89
101 90
101 96
101 97
101 98
101 99
101 100
101 102
101 103
101 104
101 105
101 106
101 107
101 123
101 124
101 391
101 419
101 422
101 423
101 425
101 426
101 430
102 86
102 97
102 98
102 99
102 100
102 101
102 103
102 104
102 105
102 106
102 107
102 108
102 123
102 325
102 326
102 327
102 386
102 389
102 390
102 391
102 392
102 419
102 422
102 423
102 426
103 86
103 90
103 98
103 99
103 100
103 101
103 102
103 104
103 105
103 106
103 107
103 108
103 122
103 123
103 124
103 382
103 383
103 386
103 387
103 389
103 390
103 391
103 392
103 393
103 394
103 422
104 79
104 82
104 83
104 85
104 86
104 99
104 100
104 101
104 102
104 103
104 105
104 106
104 107
104 108
104 109
104 121
104 122
104 123
104 124
104 125
104 382
104 386
104 391
104 392
104 394
104 415
104 418
104 419
104 422
104 423
105 79
105 82
105 99
105 100
105 101
105 102
105 103
105 104
105 106
105 107
105 108
105 109
105 110
105 123
105 386
105 391
105 415
105 416
105 418
105 419
105 420
105 421
105 422
105 423
105 426
106 100
106 101
106 102
106 103
106 104
106 105
106 107
106 108
106 109
106 110
106 111
106 112
106 122
106 123
106 382
106 383
106 385
106 386
106 387
106 389
106 391
106 416
106 419
106 422
106 423
107 101
107 102
107 103
107 104
107 105
107 106
107 108
107 109
107 110
107 111
107 112
107 121
107 122
107 123
107 124
107 378
107 379
107 381
107 382
107 383
107 385
107 386
107 391
107 392
107 393
107 394
107 395
107 396
107 415
107 419
108 79
108 102
108 103
108 104
108 105
108 106
108 107
108 109
108 110
108 111
108 112
108 113
108 115
108 121
108 122
108 123
108 382
108 412
108 413
108 414
108 415
108 416
108 417
108 418
108 419
108 420
108 422
109 104
109 105
109 106
109 107
109 108
109 110
109 111
109 112
109 113
109 114
109 115
109 122
109 382
109 412
109 413
109 415
109 416
109 417
109 418
109 419
109 420
110 53
110 105
110 106
110 107
110 108
110 109
110 111
110 112
110 113
110 114
110 115
110 122
110 378
110 379
110 381
110 382
110 383
110 385
110 386
110 415
110 416
111 53
111 54
111 55
111 106
111 107
111 108
111 109
111 110
111 112
111 113
111 114
111 115
111 116
111 117
111 118
111 120
111 121
111 122
111 123
111 375
111 377
111 378
111 379
111 380
111 381
111 382
111 395
111 396
111 412
111 415
111 416
112 53
112 54
112 55
112 106
112 107
112 108
112 109
112 110
112 111
112 113
112 114
112 115
112 116
112 117
112 118
112 121
112 122
112 378
112 411
112 412
112 413
112 414
112 415
112 416
112 419
113 52
113 53
113 54
113 55
113 56
113 59
113 108
113 109
113 110
113 111
113 112
113 114
113 115
113 116
113 378
113 412
113 413
113 415
113 416
114 50
114 51
114 52
114 53
114 54
114 55
114 56
114 109
114 110
114 111
114 112
114 113
114 115
114 116
114 117
114 374
114 375
114 376
114 377
114 378
114 379
114 381
114 382
114 412
115 52
115 53
115 54
115 55
115 108
115 109
115 110
115 111
115 112
115 113
115 114
115 116
115 117
115 118
115 120
115 121
115 122
115 359
115 370
115 371
115 374
115 375
115 376
115 377
115 378
115 379
115 381
115 382
115 412
116 51
116 53
116 54
116 55
116 58
116 111
116 112
116 113
116 114
116 115
116 117
116 118
116 119
116 120
116 359
116 363
116 368
116 369
116 370
116 371
116 372
116 374
116 375
116 378
116 411
116 412
117 54
117 111
117 112
117 114
117 115
117 116
117 118
117 119
117 120
117 121
117 355
117 356
117 358
117 359
117 360
117 361
117 362
117 363
117 368
117 369
117 370
117 371
117 372
117 374
117 375
117 411
117 412
118 111
118 112
118 115
118 116
118 117
118 119
118 120
118 121
118 359
118 362
118 363
118 366
118 368
118 370
118 401
118 404
118 405
118 409
118 410
118 411
118 412
118 413
118 414
118 415
119 74
119 116
119 117
119 118
119 120
119 121
119 122
119 358
119 359
119 361
119 362
119 363
119 366
119 400
119 401
119 402
119 403
119 404
119 405
119 406
119 408
119 409
119 410
119 411
119 412
119 414
119 415
120 111
120 115
120 116
120 117
120 118
120 119
120 121
120 122
120 123
120 355
120 356
120 358
120 359
120 360
120 361
120 362
120 363
120 395
120 396
120 397
120 398
120 399
120 400
120 401
120 402
120 403
120 404
120 405
120 411
120 412
120 415
121 75
121 78
121 104
121 107
121 108
121 111
121 112
121 115
121 117
121 118
121 119
121 120
121 122
121 123
121 124
121 355
121 358
121 359
121 395
121 396
121 397
121 398
121 399
121 400
121 401
121 402
121 403
121 404
121 405
121 412
121 414
121 415
121 418
122 103
122 104
122 106
122 107
122 108
122 109
122 110
122 111
122 112
122 115
122 119
122 120
122 121
122 123
122 124
122 125
122 355
122 378
122 379
122 382
122 394
122 395
122 396
122 397
122 398
122 400
122 401
122 415
123 82
123 86
123 100
123 101
123 102
123 103
123 104
123 105
123 106
123 107
123 108
123 111
123 120
123 121
123 122
123 124
123 125
123 379
123 382
123 383
123 392
123 393
123 394
123 395
123 396
123 397
123 400
124 82
124 85
124 86
124 89
124 90
124 100
124 101
124 103
124 104
124 107
124 121
124 122
124 123
124 125
124 126
124 127
124 128
124 129
124 391
124 392
124 393
124 394
124 395
124 396
124 397
124 400
125 85
125 86
125 89
125 90
125 100
125 104
125 122
125 123
125 124
125 126
125 127
125 128
125 129
125 130
125 351
125 393
125 394
125 395
125 396
125 397
125 398
125 399
125 400
125 448
126 85
126 86
126 88
126 89
126 90
126 92
126 93
126 124
126 125
126 127
126 128
126 129
126 130
126 131
126 132
126 215
126 218
126 219
126 222
126 394
126 395
126 397
126 445
126 448
126 449
127 89
127 92
127 93
127 124
127 125
127 126
127 128
127 129
127 130
127 131
127 132
127 133
127 214
127 215
127 216
127 218
127 219
127 221
127 222
127 347
127 350
127 351
127 394
127 395
127 397
127 449
127 485
128 89
128 92
128 93
128 124
128 125
128 126
128 127
128 129
128 130
128 131
128 132
128 133
128 134
128 218
128 347
128 348
128 350
128 351
128 392
128 393
128 394
128 395
128 397
128 485
129 88
129 89
129 90
129 91
129 92
129 93
129 94
129 95
129 100
129 124
129 125
129 126
129 127
129 128
129 130
129 131
129 132
129 133
129 134
129 180
129 222
129 392
129 393
129 394
130 89
130 90
130 91
130 92
130 93
130 94
130 125
130 126
130 127
130 128
130 129
130 131
130 132
130 133
130 134
130 135
130 136
130 218
130 219
130 221
130 222
130 225
130 485
131 92
131 93
131 126
131 127
131 128
131 129
131 130
131 132
131 133
131 134
131 135
131 136
131 137
131 218
131 343
131 344
131 346
131 347
131 350
131 393
131 484
131 485
131 486
132 90
132 92
132 93
132 94
132 95
132 126
132 127
132 128
132 129
132 130
132 131
132 133
132 134
132 135
132 136
132 137
132 138
132 176
132 179
132 180
132 181
132 183
132 184
132 343
132 344
132 347
132 392
132 393
133 89
133 90
133 91
133 92
133 93
133 94
133 95
133 127
133 128
133 129
133 130
133 131
133 132
133 134
133 135
133 136
133 137
133 138
133 139
133 176
133 179
133 180
134 92
134 93
134 94
134 128
134 129
134 130
134 131
134 132
134 133
134 135
134 136
134 137
134 138
134 139
134 140
134 237
134 239
134 343
134 484
134 485
134 486
135 93
135 94
135 130
135 131
135 132
135 133
135 134
135 136
135 137
135 138
135 139
135 140
135 141
135 176
135 179
135 180
135 183
135 339
135 340
135 343
135 344
136 93
136 94
136 95
136 130
136 131
136 132
136 133
136 134
136 135
136 137
136 138
136 139
136 140
136 141
136 142
136 147
136 175
136 176
136 177
136 178
136 179
136 180
136 183
136 340
137 93
137 94
137 131
137 132
137 133
137 134
137 135
137 136
137 138
137 139
137 140
137 141
137 142
137 143
137 145
137 146
137 147
137 148
137 176
137 179
137 237
137 239
138 132
138 133
138 134
138 135
138 136
138 137
138 139
138 140
138 141
138 142
138 143
138 145
138 147
138 179
138 239
139 133
139 134
139 135
139 136
139 137
139 138
139 140
139 141
139 142
139 143
139 144
139 145
139 147
139 175
139 176
139 179
139 180
139 336
139 339
139 340
140 134
140 135
140 136
140 137
140 138
140 139
140 141
140 142
140 143
140 144
140 145
140 146
140 147
140 172
140 173
140 175
140 176
140 179
141 135
141 136
141 137
141 138
141 139
141 140
141 142
141 143
141 144
141 145
141 146
141 147
141 148
142 136
142 137
142 138
142 139
142 140
142 141
142 143
142 144
142 145
142 146
143 137
143 138
143 139
143 140
143 141
143 142
143 144
143 145
143 146
143 164
143 165
143 167
143 168
143 172
143 175
144 139
144 140
144 141
144 142
144 143
144 145
144 146
144 147
144 164
144 165
144 172
145 137
145 138
145 139
145 140
145 141
145 142
145 143
145 144
145 146
145 147
145 148
145 149
145 171
145 172
145 175
145 176
146 137
146 140
146 141
146 142
146 143
146 144
146 145
146 147
146 148
146 149
146 150
146 172
146 236
147 94
147 136
147 137
147 138
147 139
147 140
147 141
147 144
147 145
147 146
147 148
147 149
147 150
147 151
147 172
147 176
147 236
147 237
148 94
148 137
148 141
148 145
148 146
148 147
148 149
148 150
148 151
148 234
148 235
148 236
148 237
149 145
149 146
149 147
149 148
149 150
149 151
149 152
149 153
149 172
149 234
149 236
150 91
150 94
150 95
150 96
150 146
150 147
150 148
150 149
150 151
150 152
150 153
150 172
150 173
150 234
150 317
150 319
151 94
151 95
151 96
151 147
151 148
151 149
151 150
151 152
151 153
151 154
151 172
151 173
151 319
151 320
151 321
152 149
152 150
152 151
152 153
152 154
152 155
152 172
152 173
152 320
152 321
153 149
153 150
153 151
153 152
153 154
153 155
153 156
154 151
154 152
154 153
154 155
154 156
154 157
155 152
155 153
155 154
155 156
155 157
155 158
156 153
156 154
156 155
156 157
156 158
156 159
157 154
157 155
157 156
157 158
157 159
157 160
158 155
158 156
158 157
158 159
158 160
158 161
159 156
159 157
159 158
159 160
159 161
159 162
160 157
160 158
160 159
160 161
160 162
160 163
160 165
161 158
161 159
161 160
161 162
161 163
161 164
161 165
162 159
162 160
162 161
162 163
162 164
162 165
162 166
163 160
163 161
163 162
163 164
163 165
163 166
163 167
164 143
164 144
164 161
164 162
164 163
164 165
164 166
164 167
164 168
165 143
165 144
165 160
165 161
165 162
165 163
165 164
165 166
165 167
165 168
165 169
166 162
166 163
166 164
166 165
166 167
166 168
166 169
167 143
167 163
167 164
167 165
167 166
167 168
167 169
167 170
168 143
168 164
168 165
168 166
168 167
168 169
168 170
168 171
168 172
168 174
168 175
169 165
169 166
169 167
169 168
169 170
169 171
169 174
169 175
170 167
170 168
170 169
170 171
170 172
170 173
170 174
170 175
170 176
170 178
171 145
171 168
171 169
171 170
171 172
171 173
171 174
171 175
171 176
172 95
172 140
172 143
172 144
172 145
172 146
172 147
172 149
172 150
172 151
172 152
172 168
172 170
172 171
172 173
172 174
172 175
172 176
172 177
172 178
173 94
173 95
173 96
173 140
173 150
173 151
173 152
173 170
173 171
173 172
173 174
173 175
173 176
173 177
173 178
174 95
174 96
174 168
174 169
174 170
174 171
174 172
174 173
174 175
174 176
174 177
174 178
174 179
175 95
175 136
175 139
175 140
175 143
175 145
175 168
175 169
175 170
175 171
175 172
175 173
175 174
175 176
175 177
175 178
175 179
175 180
175 181
176 93
176 94
176 95
176 96
176 132
176 133
176 135
176 136
176 137
176 139
176 140
176 145
176 147
176 170
176 171
176 172
176 173
176 174
176 175
176 177
176 178
176 179
176 180
176 181
177 93
177 94
177 95
177 96
177 99
177 136
177 172
177 173
177 174
177 175
177 176
177 178
177 179
177 180
177 181
177 182
177 183
177 332
177 387
177 390
177 391
177 392
178 136
178 170
178 172
178 173
178 174
178 175
178 176
178 177
178 179
178 180
178 181
178 182
178 183
178 184
178 330
178 331
178 332
178 333
178 336
178 337
178 387
178 390
178 391
178 392
179 132
179 133
179 135
179 136
179 137
179 138
179 139
179 140
179 174
179 175
179 176
179 177
179 178
179 180
179 181
179 182
179 183
179 184
179 332
179 333
179 335
179 336
179 337
179 339
179 340
179 392
180 93
180 94
180 95
180 99
180 129
180 132
180 133
180 135
180 136
180 139
180 175
180 176
180 177
180 178
180 179
180 181
180 182
180 183
180 184
180 185
180 186
180 332
180 336
180 337
180 340
180 387
180 390
180 391
180 392
180 393
181 99
181 132
181 175
181 176
181 177
181 178
181 179
181 180
181 182
181 183
181 184
181 185
181 186
181 187
181 330
181 331
181 332
181 333
181 336
181 337
181 383
181 384
181 386
181 387
181 388
181 389
181 390
181 391
181 392
181 393
182 177
182 178
182 179
182 180
182 181
182 183
182 184
182 185
182 186
182 187
182 188
182 331
182 332
182 333
182 334
182 335
182 336
182 337
182 338
182 339
182 340
182 341
182 344
182 384
182 387
182 388
182 390
182 391
182 392
182 393
183 132
183 135
183 136
183 177
183 178
183 179
183 180
183 181
183 182
183 184
183 185
183 186
183 187
183 188
183 189
183 332
183 333
183 336
183 337
183 338
183 339
183 340
183 341
183 342
183 343
183 344
183 345
183 347
183 348
183 383
183 387
183 392
183 393
184 132
184 178
184 179
184 180
184 181
184 182
184 183
184 185
184 186
184 187
184 188
184 189
184 190
184 332
184 337
184 340
184 341
184 344
184 347
184 348
184 380
184 382
184 383
184 384
184 385
184 386
184 387
184 388
184 390
184 391
184 392
184 393
184 394
185 180
185 181
185 182
185 183
185 184
185 186
185 187
185 188
185 189
185 190
185 191
185 331
185 332
185 337
185 341
185 344
185 380
185 381
185 382
185 383
185 384
185 385
185 386
185 387
185 388
185 391
185 392
185 393
186 180
186 181
186 182
186 183
186 184
186 185
186 187
186 188
186 189
186 190
186 191
186 192
186 332
186 334
186 337
186 338
186 340
186 341
186 342
186 343
186 344
186 345
186 347
186 348
186 380
186 383
186 384
186 387
186 393
187 181
187 182
187 183
187 184
187 185
187 186
187 188
187 189
187 190
187 191
187 192
187 193
187 337
187 340
187 341
187 342
187 343
187 344
187 345
187 346
187 347
187 348
187 349
187 351
187 352
187 379
187 380
187 381
187 383
187 384
187 387
187 392
187 393
187 394
188 182
188 183
188 184
188 185
188 186
188 187
188 189
188 190
188 191
188 192
188 193
188 194
188 344
188 345
188 347
188 348
188 351
188 352
188 376
188 377
188 378
188 379
188 380
188 381
188 382
188 383
188 384
188 385
188 386
188 387
188 392
188 393
188 394
189 183
189 184
189 185
189 186
189 187
189 188
189 190
189 191
189 192
189 193
189 194
189 195
189 344
189 345
189 348
189 377
189 380
189 381
189 383
189 384
189 385
190 184
190 185
190 186
190 187
190 188
190 189
190 191
190 192
190 193
190 194
190 195
190 196
190 341
190 344
190 345
190 347
190 348
190 349
190 352
190 376
190 377
190 380
190 384
191 185
191 186
191 187
191 188
191 189
191 190
191 192
191 193
191 194
191 195
191 196
191 197
191 199
191 200
191 344
191 345
191 347
191 348
191 349
191 351
191 352
191 373
191 375
191 376
191 377
191 378
191 379
191 380
191 381
191 382
191 383
191 384
192 186
192 187
192 188
192 189
192 190
192 191
192 193
192 194
192 195
192 196
192 197
192 198
192 199
192 348
192 373
192 374
192 375
192 376
192 377
192 378
192 379
192 380
192 381
192 382
192 383
192 384
193 187
193 188
193 189
193 190
193 191
193 192
193 194
193 195
193 196
193 197
193 198
193 199
193 376
193 377
193 380
194 188
194 189
194 190
194 191
194 192
194 193
194 195
194 196
194 197
194 198
194 199
194 200
194 201
194 202
194 348
194 349
194 352
194 373
194 376
194 377
194 380
195 189
195 190
195 191
195 192
195 193
195 194
195 196
195 197
195 198
195 199
195 200
195 352
195 372
195 373
195 374
195 375
195 376
195 377
195 378
195 379
195 380
196 190
196 191
196 192
196 193
196 194
196 195
196 197
196 198
196 199
196 200
196 373
196 374
196 376
196 377
197 191
197 192
197 193
197 194
197 195
197 196
197 198
197 199
197 200
197 373
198 192
198 193
198 194
198 195
198 196
198 197
198 199
198 200
198 201
198 202
198 372
198 373
198 374
198 376
198 377
199 191
199 192
199 193
199 194
199 195
199 196
199 197
199 198
199 200
199 201
199 202
199 203
199 204
199 372
199 373
199 376
200 191
200 194
200 195
200 196
200 197
200 198
200 199
200 201
200 202
200 203
200 204
200 352
200 353
200 356
200 371
200 372
200 373
200 374
200 375
200 376
200 377
201 194
201 198
201 199
201 200
201 202
201 203
201 204
201 205
201 206
201 353
201 372
201 373
202 194
202 198
202 199
202 200
202 201
202 203
202 204
202 205
202 206
202 349
202 352
202 353
203 199
203 200
203 201
203 202
203 204
203 205
203 206
203 207
203 349
203 350
203 351
203 352
203 353
203 354
203 355
203 356
203 357
203 372
203 376
204 199
204 200
204 201
204 202
204 203
204 205
204 206
204 207
204 208
204 353
204 356
204 357
205 201
205 202
205 203
205 204
205 206
205 207
205 208
205 210
205 353
205 493
205 494
205 496
205 497
206 201
206 202
206 203
206 204
206 205
206 207
206 208
206 209
206 210
206 211
206 349
206 350
206 353
206 354
206 357
206 489
206 492
206 493
206 494
206 496
206 497
207 203
207 204
207 205
207 206
207 208
207 209
207 210
207 211
207 212
207 213
207 353
207 469
207 472
207 473
207 492
207 493
207 496
207 497
208 204
208 205
208 206
208 207
208 209
208 210
208 211
208 212
208 213
208 214
208 353
208 357
208 469
208 472
208 473
208 496
209 206
209 207
209 208
209 210
209 211
209 212
209 213
209 214
209 215
209 459
209 462
209 468
209 469
209 470
209 471
209 472
209 473
209 474
209 476
209 477
209 492
209 496
210 205
210 206
210 207
210 208
210 209
210 211
210 212
210 213
210 214
210 215
210 216
210 469
210 470
210 471
210 472
210 473
210 474
210 475
210 476
210 477
210 488
210 489
210 490
210 491
210 492
210 493
210 494
210 495
210 496
211 206
211 207
211 208
211 209
211 210
211 212
211 213
211 214
211 215
211 216
211 217
211 350
211 353
211 354
211 357
211 472
211 473
211 476
211 477
211 489
211 492
211 493
212 207
212 208
212 209
212 210
212 211
212 213
212 214
212 215
212 216
212 217
212 218
212 452
212 453
212 455
212 456
212 458
212 459
212 472
212 473
212 474
212 476
212 477
213 207
213 208
213 209
213 210
213 211
213 212
213 214
213 215
213 216
213 217
213 218
213 219
213 452
213 453
213 455
213 456
213 459
213 470
213 471
213 472
213 473
213 474
213 475
213 476
213 477
213 478
213 479
213 480
213 488
213 489
213 492
214 127
214 208
214 209
214 210
214 211
214 212
214 213
214 215
214 216
214 217
214 218
214 219
214 220
214 350
214 452
214 472
214 473
214 474
214 475
214 476
214 477
214 478
214 479
214 480
214 481
214 485
214 486
214 488
214 489
214 491
214 492
215 126
215 127
215 209
215 210
215 211
215 212
215 213
215 214
215 216
215 217
215 218
215 219
215 220
215 221
215 354
215 449
215 451
215 452
215 453
215 455
215 473
215 476
215 477
215 480
215 485
215 488
215 489
216 127
216 210
216 211
216 212
216 213
216 214
216 215
216 217
216 218
216 219
216 220
216 221
216 222
216 449
216 450
216 451
216 452
216 453
216 454
216 455
216 456
216 473
216 474
216 476
216 477
216 478
216 480
216 481
217 211
217 212
217 213
217 214
217 215
217 216
217 218
217 219
217 220
217 221
217 222
217 223
217 452
217 453
217 456
217 473
217 474
217 475
217 476
217 477
217 478
217 479
217 480
217 481
217 482
217 484
217 485
217 488
218 126
218 127
218 128
218 130
218 131
218 212
218 213
218 214
218 215
218 216
218 217
218 219
218 220
218 221
218 222
218 223
218 224
218 449
218 452
218 453
218 476
218 477
218 478
218 479
218 480
218 481
218 482
218 484
218 485
218 486
218 488
219 126
219 127
219 130
219 213
219 214
219 215
219 216
219 217
219 218
219 220
219 221
219 222
219 223
219 224
219 225
219 445
219 446
219 448
219 449
219 450
219 451
219 452
219 453
219 477
219 480
219 481
220 214
220 215
220 216
220 217
220 218
220 219
220 221
220 222
220 223
220 224
220 225
220 226
220 244
220 446
220 449
220 452
220 453
220 477
220 480
220 481
221 127
221 130
221 215
221 216
221 217
221 218
221 219
221 220
221 222
221 223
221 224
221 225
221 226
221 243
221 244
221 245
221 247
221 480
221 481
221 482
221 484
221 485
222 92
222 126
222 127
222 129
222 130
222 216
222 217
222 218
222 219
222 220
222 221
222 223
222 224
222 225
222 226
222 227
222 244
222 442
222 445
222 446
222 449
222 481
223 217
223 218
223 219
223 220
223 221
223 222
223 224
223 225
223 226
223 227
223 228
223 244
223 442
223 443
223 445
223 446
223 447
223 449
223 453
224 218
224 219
224 220
224 221
224 222
224 223
224 225
224 226
224 227
224 228
224 243
224 244
224 245
224 247
224 248
224 251
224 446
224 481
225 92
225 130
225 219
225 220
225 221
225 222
225 223
225 224
225 226
225 227
225 228
225 229
225 230
225 235
225 236
225 237
225 238
225 243
225 244
225 247
225 248
225 251
225 442
226 92
226 220
226 221
226 222
226 223
226 224
226 225
226 227
226 228
226 229
226 230
226 231
226 232
226 438
226 439
226 441
226 442
226 443
226 445
226 446
227 222
227 223
227 224
227 225
227 226
227 228
227 229
227 230
227 231
227 232
227 233
227 235
227 247
227 248
227 251
227 266
227 439
227 442
227 443
227 446
228 223
228 224
228 225
228 226
228 227
228 229
228 230
228 231
228 232
228 233
228 234
228 235
228 236
228 237
228 247
228 248
228 250
228 251
228 254
228 255
228 258
228 262
228 439
228 442
229 225
229 226
229 227
229 228
229 230
229 231
229 232
229 233
229 234
229 235
229 258
229 259
229 262
229 263
229 266
229 316
229 317
229 437
229 438
229 439
229 440
229 441
229 442
229 443
230 225
230 226
230 227
230 228
230 229
230 231
230 232
230 233
230 258
230 259
230 261
230 262
230 263
230 264
230 265
230 266
230 267
230 270
230 437
230 438
230 439
230 440
230 441
230 442
230 443
230 446
231 226
231 227
231 228
231 229
231 230
231 232
231 233
231 234
231 251
231 254
231 255
231 256
231 257
231 258
231 259
231 260
231 261
231 262
231 263
231 264
231 265
231 266
231 267
231 316
231 439
232 226
232 227
232 228
232 229
232 230
232 231
232 233
232 234
232 235
232 254
232 255
232 257
232 258
232 259
232 260
232 261
232 262
232 263
232 266
232 315
232 316
232 317
232 437
232 438
232 439
233 227
233 228
233 229
233 230
233 231
233 232
233 234
233 235
233 236
233 251
233 254
233 255
233 256
233 257
233 258
233 259
233 262
233 263
233 316
233 317
234 148
234 149
234 150
234 228
234 229
234 231
234 232
234 233
234 235
234 236
234 237
234 250
234 251
234 254
234 257
234 258
235 148
235 225
235 227
235 228
235 229
235 232
235 233
235 234
235 236
235 237
235 238
235 247
235 250
235 251
235 253
235 254
236 146
236 147
236 148
236 149
236 225
236 228
236 233
236 234
236 235
236 237
236 238
236 239
236 247
236 250
237 134
237 137
237 147
237 148
237 225
237 228
237 234
237 235
237 236
237 238
237 239
237 243
237 244
237 246
237 247
237 250
238 225
238 235
238 236
238 237
238 239
238 240
238 241
238 242
238 243
238 244
238 245
238 246
238 247
238 250
239 134
239 137
239 138
239 236
239 237
239 238
239 240
239 241
239 242
239 243
239 244
239 246
239 247
239 482
239 483
239 484
240 238
240 239
240 241
240 242
240 243
240 244
240 246
240 481
240 482
240 483
240 484
241 238
241 239
241 240
241 242
241 243
241 244
241 245
241 246
241 479
241 480
241 481
241 482
241 483
241 484
242 238
242 239
242 240
242 241
242 243
242 244
242 245
242 246
242 247
242 248
242 479
242 481
242 482
242 483
242 484
243 221
243 224
243 225
243 237
243 238
243 239
243 240
243 241
243 242
243 244
243 245
243 246
243 247
243 248
243 249
243 480
243 481
243 482
243 483
243 484
244 220
244 221
244 222
244 223
244 224
244 225
244 237
244 238
244 239
244 240
244 241
244 242
244 243
244 245
244 246
244 247
244 248
244 249
244 250
244 480
244 481
244 482
244 483
244 484
245 221
245 224
245 238
245 241
245 242
245 243
245 244
245 246
245 247
245 248
245 249
245 250
245 251
245 481
245 482
246 237
246 238
246 239
246 240
246 241
246 242
246 243
246 244
246 245
246 247
246 248
246 249
246 250
246 251
246 252
246 482
247 221
247 224
247 225
247 227
247 228
247 235
247 236
247 237
247 238
247 239
247 242
247 243
247 244
247 245
247 246
247 248
247 249
247 250
247 251
247 252
247 253
248 224
248 225
248 227
248 228
248 242
248 243
248 244
248 245
248 246
248 247
248 249
248 250
248 251
248 252
248 253
248 254
249 243
249 244
249 245
249 246
249 247
249 248
249 250
249 251
249 252
249 253
249 254
249 255
250 228
250 234
250 235
250 236
250 237
250 238
250 244
250 245
250 246
250 247
250 248
250 249
250 251
250 252
250 253
250 254
250 255
251 224
251 225
251 227
251 228
251 231
251 233
251 234
251 235
251 245
251 246
251 247
251 248
251 249
251 250
251 252
251 253
251 254
251 255
251 256
251 257
251 258
252 246
252 247
252 248
252 249
252 250
252 251
252 253
252 254
252 255
252 256
253 235
253 247
253 248
253 249
253 250
253 251
253 252
253 254
253 255
253 256
253 257
254 228
254 231
254 232
254 233
254 234
254 235
254 248
254 249
254 250
254 251
254 252
254 253
254 255
254 256
254 257
254 258
255 228
255 231
255 232
255 233
255 249
255 250
255 251
255 252
255 253
255 254
255 256
255 257
255 258
255 259
256 231
256 233
256 251
256 252
256 253
256 254
256 255
256 257
256 258
256 259
257 231
257 232
257 233
257 234
257 251
257 253
257 254
257 255
257 256
257 258
257 259
257 260
258 228
258 229
258 230
258 231
258 232
258 233
258 234
258 251
258 254
258 255
258 256
258 257
258 259
258 260
258 261
258 262
258 263
259 229
259 230
259 231
259 232
259 233
259 255
259 256
259 257
259 258
259 260
259 261
259 262
259 263
259 264
259 314
259 315
259 316
259 317
260 231
260 232
260 257
260 258
260 259
260 261
260 262
260 263
260 264
260 265
260 266
260 314
260 315
260 316
261 230
261 231
261 232
261 258
261 259
261 260
261 262
261 263
261 264
261 265
261 266
261 267
261 310
261 311
261 313
261 314
261 315
261 316
261 317
261 439
262 228
262 229
262 230
262 231
262 232
262 233
262 258
262 259
262 260
262 261
262 263
262 264
262 265
262 266
262 267
262 268
262 310
262 314
262 315
262 316
262 317
262 437
262 438
262 439
262 440
263 229
263 230
263 231
263 232
263 233
263 258
263 259
263 260
263 261
263 262
263 264
263 265
263 266
263 267
263 268
263 269
263 316
263 439
264 230
264 231
264 259
264 260
264 261
264 262
264 263
264 265
264 266
264 267
264 268
264 269
264 270
264 439
265 230
265 231
265 260
265 261
265 262
265 263
265 264
265 266
265 267
265 268
265 269
265 270
265 271
265 301
265 304
265 305
265 316
265 437
265 439
265 440
265 443
266 227
266 229
266 230
266 231
266 232
266 260
266 261
266 262
266 263
266 264
266 265
266 267
266 268
266 269
266 270
266 271
266 272
266 437
266 438
266 439
266 440
266 441
266 442
266 443
266 444
267 230
267 231
267 261
267 262
267 263
267 264
267 265
267 266
267 268
267 269
267 270
267 271
267 272
267 273
267 439
267 440
267 443
268 262
268 263
268 264
268 265
268 266
268 267
268 269
268 270
268 271
268 272
268 273
268 274
268 440
268 443
269 263
269 264
269 265
269 266
269 267
269 268
269 270
269 271
269 272
269 273
269 274
269 275
269 294
269 297
269 298
269 301
269 439
269 440
269 441
269 442
269 443
269 444
269 447
270 230
270 264
270 265
270 266
270 267
270 268
270 269
270 271
270 272
270 273
270 274
270 275
270 276
270 297
270 439
270 440
270 442
270 443
270 444
270 446
270 447
271 265
271 266
271 267
271 268
271 269
271 270
271 272
271 273
271 274
271 275
271 276
271 277
271 443
272 266
272 267
272 268
272 269
272 270
272 271
272 273
272 274
272 275
272 276
272 277
272 278
272 293
272 294
272 297
273 267
273 268
273 269
273 270
273 271
273 272
273 274
273 275
273 276
273 277
273 278
273 279
273 293
273 294
273 296
273 297
273 443
273 444
273 447
273 448
274 268
274 269
274 270
274 271
274 272
274 273
274 275
274 276
274 277
274 278
274 279
274 280
274 443
274 444
274 447
274 450
275 269
275 270
275 271
275 272
275 273
275 274
275 276
275 277
275 278
275 279
275 280
275 281
276 270
276 271
276 272
276 273
276 274
276 275
276 277
276 278
276 279
276 280
276 281
276 282
276 291
276 292
276 293
276 294
277 271
277 272
277 273
277 274
277 275
277 276
277 278
277 279
277 280
277 281
277 282
277 283
277 290
277 291
277 293
277 294
277 447
278 272
278 273
278 274
278 275
278 276
278 277
278 279
278 280
278 281
278 282
278 283
278 284
279 273
279 274
279 275
279 276
279 277
279 278
279 280
279 281
279 282
279 283
279 284
280 274
280 275
280 276
280 277
280 278
280 279
280 281
280 282
280 283
280 284
280 285
280 286
280 287
280 289
280 290
280 291
280 293
281 275
281 276
281 277
281 278
281 279
281 280
281 282
281 283
281 284
281 285
281 287
281 290
282 276
282 277
282 278
282 279
282 280
282 281
282 283
282 284
282 285
282 286
282 287
283 277
283 278
283 279
283 280
283 281
283 282
283 284
283 285
283 286
283 287
283 288
283 290
284 278
284 279
284 280
284 281
284 282
284 283
284 285
284 286
284 287
284 288
284 289
284 290
284 406
285 280
285 281
285 282
285 283
285 284
285 286
285 287
285 288
285 289
286 280
286 282
286 283
286 284
286 285
286 287
286 288
286 289
287 280
287 281
287 282
287 283
287 284
287 285
287 286
287 288
287 289
287 290
287 291
288 283
288 284
288 285
288 286
288 287
288 289
288 290
288 291
288 406
288 407
288 408
289 73
289 74
289 77
289 280
289 284
289 285
289 286
289 287
289 288
289 290
289 291
289 292
289 403
289 406
289 407
289 408
290 74
290 77
290 277
290 280
290 281
290 283
290 284
290 287
290 288
290 289
290 291
290 292
290 293
290 403
290 404
290 406
290 407
291 77
291 81
291 276
291 277
291 280
291 287
291 288
291 289
291 290
291 292
291 293
291 294
291 295
291 296
292 76
292 77
292 78
292 80
292 81
292 276
292 289
292 290
292 291
292 293
292 294
292 295
292 296
292 297
292 403
293 80
293 81
293 272
293 273
293 276
293 277
293 280
293 290
293 291
293 292
293 294
293 295
293 296
293 297
293 298
293 299
294 80
294 81
294 82
294 83
294 84
294 85
294 269
294 272
294 273
294 276
294 277
294 291
294 292
294 293
294 295
294 296
294 297
294 298
294 299
294 440
294 441
294 443
294 444
294 447
294 448
295 80
295 81
295 82
295 83
295 84
295 85
295 291
295 292
295 293
295 294
295 296
295 297
295 298
295 299
295 300
295 301
295 444
296 80
296 81
296 84
296 273
296 291
296 292
296 293
296 294
296 295
296 297
296 298
296 299
296 300
296 301
296 302
297 84
297 269
297 270
297 272
297 273
297 292
297 293
297 294
297 295
297 296
297 298
297 299
297 300
297 301
297 302
297 303
297 440
297 444
298 84
298 269
298 293
298 294
298 295
298 296
298 297
298 299
298 300
298 301
298 302
298 303
298 304
298 433
298 436
298 437
298 440
298 441
298 444
299 84
299 293
299 294
299 295
299 296
299 297
299 298
299 300
299 301
299 302
299 303
299 304
299 305
299 432
299 433
299 436
300 295
300 296
300 297
300 298
300 299
300 301
300 302
300 303
300 304
300 305
300 306
300 436
301 265
301 269
301 295
301 296
301 297
301 298
301 299
301 300
301 302
301 303
301 304
301 305
301 306
301 435
301 436
301 437
301 440
302 296
302 297
302 298
302 299
302 300
302 301
302 303
302 304
302 305
302 306
302 307
302 308
302 310
302 318
302 432
302 433
302 434
302 435
302 436
302 437
302 440
303 297
303 298
303 299
303 300
303 301
303 302
303 304
303 305
303 306
303 307
303 308
303 309
303 432
303 433
303 435
303 436
304 265
304 298
304 299
304 300
304 301
304 302
304 303
304 305
304 306
304 307
304 308
304 309
304 310
304 435
304 436
304 437
305 265
305 299
305 300
305 301
305 302
305 303
305 304
305 306
305 307
305 308
305 309
305 310
305 311
305 312
305 316
305 318
305 434
305 435
305 436
305 437
306 300
306 301
306 302
306 303
306 304
306 305
306 307
306 308
306 309
306 310
306 311
306 312
306 432
306 433
306 434
306 435
306 436
306 437
307 302
307 303
307 304
307 305
307 306
307 308
307 309
307 310
307 435
308 302
308 303
308 304
308 305
308 306
308 307
308 309
308 310
308 311
308 312
308 313
308 314
309 303
309 304
309 305
309 306
309 307
309 308
309 310
309 311
309 312
309 313
309 314
309 315
309 316
309 435
310 261
310 262
310 302
310 304
310 305
310 306
310 307
310 308
310 309
310 311
310 312
310 313
310 314
310 315
310 316
310 317
310 318
310 435
310 436
310 437
311 261
311 305
311 306
311 308
311 309
311 310
311 312
311 313
311 314
311 315
311 316
311 317
311 318
311 435
311 436
311 437
312 305
312 306
312 308
312 309
312 310
312 311
312 313
312 314
312 315
312 316
312 317
313 261
313 308
313 309
313 310
313 311
313 312
313 314
313 315
313 316
314 259
314 260
314 261
314 262
314 308
314 309
314 310
314 311
314 312
314 313
314 315
314 316
314 317
315 232
315 259
315 260
315 261
315 262
315 309
315 310
315 311
315 312
315 313
315 314
315 316
315 317
315 318
316 229
316 231
316 232
316 233
316 259
316 260
316 261
316 262
316 263
316 265
316 305
316 309
316 310
316 311
316 312
316 313
316 314
316 315
316 317
316 318
316 435
316 436
316 437
316 438
316 439
317 150
317 229
317 232
317 233
317 259
317 261
317 262
317 310
317 311
317 312
317 314
317 315
317 316
317 318
317 319
317 320
317 435
317 436
317 437
317 438
317 439
318 302
318 305
318 310
318 311
318 315
318 316
318 317
318 319
318 320
318 321
318 433
318 434
318 435
318 436
318 437
318 438
318 439
318 440
318 441
319 87
319 88
319 91
319 96
319 97
319 150
319 151
319 317
319 318
319 320
319 321
319 322
319 433
319 434
319 435
319 436
319 437
319 438
319 439
319 441
320 96
320 97
320 151
320 152
320 317
320 318
320 319
320 321
320 322
320 323
320 431
320 433
320 434
320 435
320 436
320 437
320 438
321 96
321 97
321 98
321 151
321 152
321 318
321 319
321 320
321 322
321 323
321 324
321 430
321 431
321 432
321 433
321 434
321 435
322 87
322 96
322 97
322 98
322 319
322 320
322 321
322 323
322 324
322 426
322 429
322 430
322 431
322 432
322 433
322 434
323 96
323 97
323 98
323 320
323 321
323 322
323 324
323 325
323 326
323 327
323 426
323 427
323 428
323 430
323 431
323 434
324 98
324 321
324 322
324 323
324 325
324 326
324 327
324 425
324 426
324 427
324 428
324 429
324 430
324 431
325 98
325 102
325 323
325 324
325 326
325 327
325 328
325 423
325 424
325 425
325 426
325 427
325 428
325 430
326 98
326 102
326 323
326 324
326 325
326 327
326 328
326 329
326 389
326 390
326 423
326 426
326 427
327 98
327 99
327 102
327 323
327 324
327 325
327 326
327 328
327 329
327 330
327 389
327 390
328 325
328 326
328 327
328 329
328 330
328 388
328 389
328 390
329 326
329 327
329 328
329 330
329 331
329 332
329 386
329 387
329 388
329 389
329 390
330 178
330 181
330 327
330 328
330 329
330 331
330 332
330 333
330 387
330 388
330 389
330 390
331 178
331 181
331 182
331 185
331 329
331 330
331 332
331 333
331 334
331 387
331 388
331 389
331 390
332 177
332 178
332 179
332 180
332 181
332 182
332 183
332 184
332 185
332 186
332 329
332 330
332 331
332 333
332 334
332 335
332 336
332 337
332 387
332 388
332 389
332 390
333 178
333 179
333 181
333 182
333 183
333 330
333 331
333 332
333 334
333 335
333 336
333 337
333 338
334 182
334 186
334 331
334 332
334 333
334 335
334 336
334 337
334 338
334 339
335 179
335 182
335 332
335 333
335 334
335 336
335 337
335 338
335 339
335 340
336 139
336 178
336 179
336 180
336 181
336 182
336 183
336 332
336 333
336 334
336 335
336 337
336 338
336 339
336 340
336 341
337 178
337 179
337 180
337 181
337 182
337 183
337 184
337 185
337 186
337 187
337 332
337 333
337 334
337 335
337 336
337 338
337 339
337 340
337 341
337 342
337 344
338 182
338 183
338 186
338 333
338 334
338 335
338 336
338 337
338 339
338 340
338 341
338 342
339 135
339 139
339 179
339 182
339 183
339 334
339 335
339 336
339 337
339 338
339 340
339 341
339 342
339 343
339 344
340 135
340 136
340 139
340 179
340 180
340 182
340 183
340 184
340 186
340 187
340 335
340 336
340 337
340 338
340 339
340 341
340 342
340 343
340 344
340 345
341 182
341 183
341 184
341 185
341 186
341 187
341 190
341 336
341 337
341 338
341 339
341 340
341 342
341 343
341 344
341 345
341 346
342 183
342 186
342 187
342 337
342 338
342 339
342 340
342 341
342 343
342 344
342 345
342 346
342 347
343 131
343 132
343 134
343 135
343 183
343 186
343 187
343 339
343 340
343 341
343 342
343 344
343 345
343 346
343 347
343 348
343 486
344 131
344 132
344 135
344 182
344 183
344 184
344 185
344 186
344 187
344 188
344 189
344 190
344 191
344 337
344 339
344 340
344 341
344 342
344 343
344 345
344 346
344 347
344 348
344 349
344 350
344 393
345 183
345 186
345 187
345 188
345 189
345 190
345 191
345 340
345 341
345 342
345 343
345 344
345 346
345 347
345 348
345 349
345 350
345 351
345 486
346 131
346 187
346 341
346 342
346 343
346 344
346 345
346 347
346 348
346 349
346 350
346 351
346 352
346 485
346 486
346 487
346 489
346 490
347 127
347 128
347 131
347 132
347 183
347 184
347 186
347 187
347 188
347 190
347 191
347 342
347 343
347 344
347 345
347 346
347 348
347 349
347 350
347 351
347 352
347 353
347 393
347 394
347 395
347 485
347 486
347 489
348 128
348 183
348 184
348 186
348 187
348 188
348 189
348 190
348 191
348 192
348 194
348 343
348 344
348 345
348 346
348 347
348 349
348 350
348 351
348 352
348 353
348 376
348 379
348 380
348 383
348 393
348 394
348 395
349 187
349 190
349 191
349 194
349 202
349 203
349 206
349 344
349 345
349 346
349 347
349 348
349 350
349 351
349 352
349 353
349 354
349 355
349 376
349 489
350 127
350 128
350 131
350 203
350 206
350 211
350 214
350 344
350 345
350 346
350 347
350 348
350 349
350 351
350 352
350 353
350 354
350 355
350 356
350 395
350 486
350 489
351 125
351 127
351 128
351 187
351 188
351 191
351 203
351 345
351 346
351 347
351 348
351 349
351 350
351 352
351 353
351 354
351 355
351 356
351 376
351 379
351 380
351 393
351 394
351 395
351 396
351 397
352 187
352 188
352 190
352 191
352 194
352 195
352 200
352 202
352 203
352 346
352 347
352 348
352 349
352 350
352 351
352 353
352 354
352 355
352 356
352 357
352 358
352 372
352 373
352 375
352 376
352 377
352 379
352 380
352 395
352 396
353 200
353 201
353 202
353 203
353 204
353 205
353 206
353 207
353 208
353 211
353 347
353 348
353 349
353 350
353 351
353 352
353 354
353 355
353 356
353 357
353 358
353 359
353 372
353 376
353 395
353 396
354 203
354 206
354 211
354 215
354 349
354 350
354 351
354 352
354 353
354 355
354 356
354 357
354 358
354 359
354 360
354 395
354 396
354 397
354 398
355 117
355 120
355 121
355 122
355 203
355 349
355 350
355 351
355 352
355 353
355 354
355 356
355 357
355 358
355 359
355 360
355 361
355 372
355 375
355 376
355 378
355 379
355 394
355 395
355 396
355 397
355 398
356 117
356 120
356 200
356 203
356 204
356 350
356 351
356 352
356 353
356 354
356 355
356 357
356 358
356 359
356 360
356 361
356 370
356 371
356 372
356 373
356 374
356 375
356 376
356 379
356 395
356 396
357 203
357 204
357 206
357 208
357 211
357 352
357 353
357 354
357 355
357 356
357 358
357 359
357 360
357 361
357 362
357 363
357 372
357 396
357 398
358 117
358 119
358 120
358 121
358 352
358 353
358 354
358 355
358 356
358 357
358 359
358 360
358 361
358 362
358 363
358 364
358 396
358 397
358 398
358 401
358 402
359 115
359 116
359 117
359 118
359 119
359 120
359 121
359 353
359 354
359 355
359 356
359 357
359 358
359 360
359 361
359 362
359 363
359 364
359 369
359 370
359 371
359 372
359 375
359 396
359 398
359 401
360 117
360 120
360 354
360 355
360 356
360 357
360 358
360 359
360 361
360 362
360 363
360 364
360 365
360 366
360 368
360 369
360 370
360 371
360 372
361 117
361 119
361 120
361 355
361 356
361 357
361 358
361 359
361 360
361 362
361 363
361 364
361 365
361 366
361 370
362 117
362 118
362 119
362 120
362 357
362 358
362 359
362 360
362 361
362 363
362 364
362 365
362 366
362 367
362 368
362 369
362 370
362 401
362 402
362 405
363 116
363 117
363 118
363 119
363 120
363 357
363 358
363 359
363 360
363 361
363 362
363 364
363 365
363 366
363 367
363 368
363 369
363 370
364 358
364 359
364 360
364 361
364 362
364 363
364 365
364 366
364 367
364 368
364 369
364 370
365 360
365 361
365 362
365 363
365 364
365 366
365 367
365 368
366 118
366 119
366 360
366 361
366 362
366 363
366 364
366 365
366 367
366 368
366 369
366 405
366 410
367 362
367 363
367 364
367 365
367 366
367 368
367 369
368 116
368 117
368 118
368 360
368 362
368 363
368 364
368 365
368 366
368 367
368 369
368 370
369 116
369 117
369 359
369 360
369 362
369 363
369 364
369 366
369 367
369 368
369 370
369 371
369 372
370 115
370 116
370 117
370 118
370 356
370 359
370 360
370 361
370 362
370 363
370 364
370 368
370 369
370 371
370 372
370 373
370 374
370 375
371 115
371 116
371 117
371 200
371 356
371 359
371 360
371 369
371 370
371 372
371 373
371 374
371 375
371 376
372 116
372 117
372 195
372 198
372 199
372 200
372 201
372 203
372 352
372 353
372 355
372 356
372 357
372 359
372 360
372 369
372 370
372 371
372 373
372 374
372 375
372 376
372 377
372 378
373 191
373 192
373 194
373 195
373 196
373 197
373 198
373 199
373 200
373 201
373 352
373 356
373 370
373 371
373 372
373 374
373 375
373 376
373 377
373 378
374 51
374 52
374 53
374 54
374 114
374 115
374 116
374 117
374 192
374 195
374 196
374 198
374 200
374 356
374 370
374 371
374 372
374 373
374 375
374 376
374 377
374 378
374 379
374 380
375 111
375 114
375 115
375 116
375 117
375 191
375 192
375 195
375 200
375 352
375 355
375 356
375 359
375 370
375 371
375 372
375 373
375 374
375 376
375 377
375 378
375 379
375 380
375 381
376 114
376 115
376 188
376 190
376 191
376 192
376 193
376 194
376 195
376 196
376 198
376 199
376 200
376 203
376 348
376 349
376 351
376 352
376 353
376 355
376 356
376 371
376 372
376 373
376 374
376 375
376 377
376 378
376 379
376 380
376 381
376 382
376 395
377 52
377 111
377 114
377 115
377 188
377 189
377 190
377 191
377 192
377 193
377 194
377 195
377 196
377 198
377 200
377 352
377 372
377 373
377 374
377 375
377 376
377 378
377 379
377 380
377 381
377 382
377 383
378 52
378 53
378 54
378 107
378 110
378 111
378 112
378 113
378 114
378 115
378 116
378 122
378 188
378 191
378 192
378 195
378 355
378 372
378 373
378 374
378 375
378 376
378 377
378 379
378 380
378 381
378 382
378 383
378 384
378 395
379 107
379 110
379 111
379 114
379 115
379 122
379 123
379 187
379 188
379 191
379 192
379 195
379 348
379 351
379 352
379 355
379 356
379 374
379 375
379 376
379 377
379 378
379 380
379 381
379 382
379 383
379 384
379 393
379 394
379 395
379 396
380 111
380 184
380 185
380 186
380 187
380 188
380 189
380 190
380 191
380 192
380 193
380 194
380 195
380 348
380 351
380 352
380 374
380 375
380 376
380 377
380 378
380 379
380 381
380 382
380 383
380 384
380 385
380 393
380 394
380 395
381 107
381 110
381 111
381 114
381 115
381 185
381 187
381 188
381 189
381 191
381 192
381 375
381 376
381 377
381 378
381 379
381 380
381 382
381 383
381 384
381 385
381 386
381 387
382 103
382 104
382 106
382 107
382 108
382 109
382 110
382 111
382 114
382 115
382 122
382 123
382 184
382 185
382 188
382 191
382 192
382 376
382 377
382 378
382 379
382 380
382 381
382 383
382 384
382 385
382 386
382 387
382 391
382 392
382 393
382 394
382 395
383 103
383 106
383 107
383 110
383 123
383 181
383 183
383 184
383 185
383 186
383 187
383 188
383 189
383 191
383 192
383 348
383 377
383 378
383 379
383 380
383 381
383 382
383 384
383 385
383 386
383 387
383 388
383 391
383 392
383 393
383 394
383 395
384 181
384 182
384 184
384 185
384 186
384 187
384 188
384 189
384 190
384 191
384 192
384 378
384 379
384 380
384 381
384 382
384 383
384 385
384 386
384 387
384 388
384 389
384 391
384 392
384 393
385 106
385 107
385 110
385 184
385 185
385 188
385 189
385 380
385 381
385 382
385 383
385 384
385 386
385 387
385 388
385 389
385 391
386 102
386 103
386 104
386 105
386 106
386 107
386 110
386 181
386 184
386 185
386 188
386 329
386 381
386 382
386 383
386 384
386 385
386 387
386 388
386 389
386 390
386 391
386 392
386 393
386 394
387 103
387 106
387 177
387 178
387 180
387 181
387 182
387 183
387 184
387 185
387 186
387 187
387 188
387 329
387 330
387 331
387 332
387 381
387 382
387 383
387 384
387 385
387 386
387 388
387 389
387 390
387 391
387 392
387 393
388 181
388 182
388 184
388 185
388 328
388 329
388 330
388 331
388 332
388 383
388 384
388 385
388 386
388 387
388 389
388 390
388 391
388 392
389 99
389 102
389 103
389 106
389 181
389 326
389 327
389 328
389 329
389 330
389 331
389 332
389 384
389 385
389 386
389 387
389 388
389 390
389 391
389 392
390 98
390 99
390 100
390 102
390 103
390 177
390 178
390 180
390 181
390 182
390 184
390 326
390 327
390 328
390 329
390 330
390 331
390 332
390 386
390 387
390 388
390 389
390 391
390 392
391 98
391 99
391 100
391 101
391 102
391 103
391 104
391 105
391 106
391 107
391 124
391 177
391 178
391 180
391 181
391 182
391 184
391 185
391 382
391 383
391 384
391 385
391 386
391 387
391 388
391 389
391 390
391 392
391 393
391 394
392 90
392 93
392 95
392 99
392 100
392 102
392 103
392 104
392 107
392 123
392 124
392 128
392 129
392 132
392 177
392 178
392 179
392 180
392 181
392 182
392 183
392 184
392 185
392 187
392 188
392 382
392 383
392 384
392 386
392 387
392 388
392 389
392 390
392 391
392 393
392 394
393 100
393 103
393 107
393 123
393 124
393 125
393 128
393 129
393 131
393 132
393 180
393 181
393 182
393 183
393 184
393 185
393 186
393 187
393 188
393 344
393 347
393 348
393 351
393 379
393 380
393 382
393 383
393 384
393 386
393 387
393 391
393 392
393 394
393 395
394 100
394 103
394 104
394 107
394 122
394 123
394 124
394 125
394 126
394 127
394 128
394 129
394 184
394 187
394 188
394 347
394 348
394 351
394 355
394 379
394 380
394 382
394 383
394 386
394 391
394 392
394 393
394 395
394 396
394 397
395 107
395 111
395 120
395 121
395 122
395 123
395 124
395 125
395 126
395 127
395 128
395 347
395 348
395 350
395 351
395 352
395 353
395 354
395 355
395 356
395 376
395 378
395 379
395 380
395 382
395 383
395 393
395 394
395 396
395 397
395 398
396 107
396 111
396 120
396 121
396 122
396 123
396 124
396 125
396 351
396 352
396 353
396 354
396 355
396 356
396 357
396 358
396 359
396 379
396 394
396 395
396 397
396 398
396 399
396 400
396 401
397 120
397 121
397 122
397 123
397 124
397 125
397 126
397 127
397 128
397 351
397 354
397 355
397 358
397 394
397 395
397 396
397 398
397 399
397 400
397 401
397 402
398 120
398 121
398 122
398 125
398 354
398 355
398 357
398 358
398 359
398 395
398 396
398 397
398 399
398 400
398 401
398 402
398 403
398 404
398 451
398 452
399 120
399 121
399 125
399 396
399 397
399 398
399 400
399 401
399 402
399 403
399 404
399 448
399 449
399 451
399 452
400 77
400 78
400 79
400 81
400 82
400 119
400 120
400 121
400 122
400 123
400 124
400 125
400 396
400 397
400 398
400 399
400 401
400 402
400 403
400 404
400 405
400 406
400 448
401 78
401 118
401 119
401 120
401 121
401 122
401 358
401 359
401 362
401 396
401 397
401 398
401 399
401 400
401 402
401 403
401 404
401 405
401 406
401 409
402 119
402 120
402 121
402 358
402 362
402 397
402 398
402 399
402 400
402 401
402 403
402 404
402 405
402 406
402 407
403 74
403 75
403 77
403 78
403 81
403 119
403 120
403 121
403 289
403 290
403 292
403 398
403 399
403 400
403 401
403 402
403 404
403 405
403 406
403 407
403 408
403 409
404 70
404 71
404 73
404 74
404 75
404 76
404 77
404 78
404 118
404 119
404 120
404 121
404 290
404 398
404 399
404 400
404 401
404 402
404 403
404 405
404 406
404 407
404 408
404 409
404 410
404 414
404 415
405 70
405 71
405 74
405 118
405 119
405 120
405 121
405 362
405 366
405 400
405 401
405 402
405 403
405 404
405 406
405 407
405 408
405 409
405 410
406 70
406 74
406 119
406 284
406 288
406 289
406 290
406 400
406 401
406 402
406 403
406 404
406 405
406 407
406 408
406 409
407 69
407 70
407 71
407 72
407 73
407 74
407 75
407 76
407 77
407 78
407 288
407 289
407 290
407 402
407 403
407 404
407 405
407 406
407 408
407 409
407 410
408 67
408 69
408 70
408 71
408 72
408 73
408 74
408 119
408 288
408 289
408 403
408 404
408 405
408 406
408 407
408 409
408 410
408 411
409 67
409 68
409 69
409 70
409 71
409 72
409 73
409 74
409 75
409 118
409 119
409 401
409 403
409 404
409 405
409 406
409 407
409 408
409 410
409 411
409 412
409 413
409 414
409 415
410 62
410 66
410 67
410 68
410 69
410 70
410 71
410 74
410 118
410 119
410 366
410 404
410 405
410 407
410 408
410 409
410 411
410 412
410 413
410 414
411 55
411 58
411 59
411 62
411 67
411 68
411 70
411 71
411 72
411 74
411 112
411 116
411 117
411 118
411 119
411 120
411 408
411 409
411 410
411 412
411 413
411 414
411 415
412 55
412 58
412 59
412 71
412 75
412 108
412 109
412 111
412 112
412 113
412 114
412 115
412 116
412 117
412 118
412 119
412 120
412 121
412 409
412 410
412 411
412 413
412 414
412 415
412 416
412 417
413 55
413 59
413 62
413 67
413 68
413 70
413 71
413 72
413 74
413 75
413 108
413 109
413 112
413 113
413 118
413 409
413 410
413 411
413 412
413 414
413 415
413 416
413 417
413 418
413 419
414 67
414 68
414 69
414 70
414 71
414 72
414 73
414 74
414 75
414 76
414 77
414 78
414 79
414 108
414 112
414 118
414 119
414 121
414 404
414 409
414 410
414 411
414 412
414 413
414 415
414 416
414 417
414 418
414 419
414 420
415 71
415 72
415 74
415 75
415 76
415 78
415 79
415 104
415 105
415 107
415 108
415 109
415 110
415 111
415 112
415 113
415 118
415 119
415 120
415 121
415 122
415 404
415 409
415 411
415 412
415 413
415 414
415 416
415 417
415 418
415 419
415 420
415 421
416 71
416 72
416 75
416 76
416 79
416 105
416 106
416 108
416 109
416 110
416 111
416 112
416 113
416 412
416 413
416 414
416 415
416 417
416 418
416 419
416 420
416 421
416 422
417 71
417 72
417 73
417 74
417 75
417 76
417 77
417 78
417 79
417 108
417 109
417 412
417 413
417 414
417 415
417 416
417 418
417 419
417 420
417 421
417 422
417 423
418 71
418 72
418 73
418 74
418 75
418 76
418 77
418 78
418 79
418 80
418 81
418 82
418 83
418 104
418 105
418 108
418 109
418 121
418 413
418 414
418 415
418 416
418 417
418 419
418 420
418 421
418 422
418 423
419 75
419 76
419 78
419 79
419 82
419 101
419 102
419 104
419 105
419 106
419 107
419 108
419 109
419 112
419 413
419 414
419 415
419 416
419 417
419 418
419 420
419 421
419 422
419 423
419 424
419 425
420 75
420 76
420 79
420 105
420 108
420 109
420 414
420 415
420 416
420 417
420 418
420 419
420 421
420 422
420 423
420 424
420 425
420 426
421 75
421 76
421 77
421 78
421 79
421 80
421 82
421 83
421 105
421 415
421 416
421 417
421 418
421 419
421 420
421 422
421 423
421 424
421 425
421 426
422 76
422 78
422 79
422 80
422 82
422 83
422 86
422 101
422 102
422 103
422 104
422 105
422 106
422 108
422 416
422 417
422 418
422 419
422 420
422 421
422 423
422 424
422 425
422 426
422 427
422 429
422 430
423 79
423 101
423 102
423 104
423 105
423 106
423 325
423 326
423 417
423 418
423 419
423 420
423 421
423 422
423 424
423 425
423 426
423 427
423 428
423 429
424 79
424 325
424 419
424 420
424 421
424 422
424 423
424 425
424 426
424 427
424 428
424 429
424 430
425 79
425 80
425 83
425 98
425 101
425 324
425 325
425 419
425 420
425 421
425 422
425 423
425 424
425 426
425 427
425 428
425 429
425 430
425 431
425 432
426 83
426 98
426 101
426 102
426 105
426 322
426 323
426 324
426 325
426 326
426 420
426 421
426 422
426 423
426 424
426 425
426 427
426 428
426 429
426 430
426 431
427 323
427 324
427 325
427 326
427 422
427 423
427 424
427 425
427 426
427 428
427 429
427 430
427 431
428 323
428 324
428 325
428 423
428 424
428 425
428 426
428 427
428 429
428 430
428 431
428 432
429 83
429 322
429 324
429 422
429 423
429 424
429 425
429 426
429 427
429 428
429 430
429 431
429 432
429 433
430 83
430 87
430 97
430 98
430 101
430 321
430 322
430 323
430 324
430 325
430 422
430 424
430 425
430 426
430 427
430 428
430 429
430 431
430 432
430 433
430 434
431 320
431 321
431 322
431 323
431 324
431 425
431 426
431 427
431 428
431 429
431 430
431 432
431 433
431 434
431 435
432 299
432 302
432 303
432 306
432 321
432 322
432 425
432 428
432 429
432 430
432 431
432 433
432 434
432 435
432 436
433 84
433 87
433 97
433 298
433 299
433 302
433 303
433 306
433 318
433 319
433 320
433 321
433 322
433 429
433 430
433 431
433 432
433 434
433 435
433 436
433 437
434 302
434 305
434 306
434 318
434 319
434 320
434 321
434 322
434 323
434 430
434 431
434 432
434 433
434 435
434 436
434 437
435 301
435 302
435 303
435 304
435 305
435 306
435 307
435 309
435 310
435 311
435 316
435 317
435 318
435 319
435 320
435 321
435 431
435 432
435 433
435 434
435 436
435 437
435 438
436 87
436 298
436 299
436 300
436 301
436 302
436 303
436 304
436 305
436 306
436 310
436 311
436 316
436 317
436 318
436 319
436 320
436 432
436 433
436 434
436 435
436 437
436 438
436 439
436 440
436 441
437 229
437 230
437 232
437 262
437 265
437 266
437 298
437 301
437 302
437 304
437 305
437 306
437 310
437 311
437 316
437 317
437 318
437 319
437 320
437 433
437 434
437 435
437 436
437 438
437 439
437 440
437 441
437 442
438 87
438 88
438 91
438 226
438 229
438 230
438 232
438 262
438 266
438 316
438 317
438 318
438 319
438 320
438 435
438 436
438 437
438 439
438 440
438 441
438 442
438 443
438 444
439 88
439 226
439 227
439 228
439 229
439 230
439 231
439 232
439 261
439 262
439 263
439 264
439 265
439 266
439 267
439 269
439 270
439 316
439 317
439 318
439 319
439 436
439 437
439 438
439 440
439 441
439 442
439 443
439 444
439 445
440 84
440 88
440 229
440 230
440 262
440 265
440 266
440 267
440 268
440 269
440 270
440 294
440 297
440 298
440 301
440 302
440 318
440 436
440 437
440 438
440 439
440 441
440 442
440 443
440 444
440 445
440 446
441 84
441 85
441 86
441 87
441 88
441 89
441 91
441 92
441 226
441 229
441 230
441 266
441 269
441 294
441 298
441 318
441 319
441 436
441 437
441 438
441 439
441 440
441 442
441 443
441 444
441 445
441 446
441 447
442 85
442 88
442 89
442 91
442 92
442 222
442 223
442 225
442 226
442 227
442 228
442 229
442 230
442 266
442 269
442 270
442 437
442 438
442 439
442 440
442 441
442 443
442 444
442 445
442 446
442 447
442 448
443 88
443 223
443 226
443 227
443 229
443 230
443 265
443 266
443 267
443 268
443 269
443 270
443 271
443 273
443 274
443 294
443 438
443 439
443 440
443 441
443 442
443 444
443 445
443 446
443 447
443 448
443 449
444 84
444 85
444 88
444 89
444 266
444 269
444 270
444 273
444 274
444 294
444 295
444 297
444 298
444 438
444 439
444 440
444 441
444 442
444 443
444 445
444 446
444 447
444 448
444 449
445 84
445 85
445 88
445 89
445 92
445 126
445 219
445 222
445 223
445 226
445 439
445 440
445 441
445 442
445 443
445 444
445 446
445 447
445 448
445 449
445 450
446 219
446 220
446 222
446 223
446 224
446 226
446 227
446 230
446 270
446 440
446 441
446 442
446 443
446 444
446 445
446 447
446 448
446 449
446 450
446 453
447 223
447 269
447 270
447 273
447 274
447 277
447 294
447 441
447 442
447 443
447 444
447 445
447 446
447 448
447 449
447 450
447 451
448 85
448 125
448 126
448 219
448 273
448 294
448 399
448 400
448 442
448 443
448 444
448 445
448 446
448 447
448 449
448 450
448 451
448 452
448 453
449 126
449 127
449 215
449 216
449 218
449 219
449 220
449 222
449 223
449 399
449 443
449 444
449 445
449 446
449 447
449 448
449 450
449 451
449 452
449 453
449 454
450 216
450 219
450 274
450 445
450 446
450 447
450 448
450 449
450 451
450 452
450 453
450 454
450 455
451 215
451 216
451 219
451 398
451 399
451 447
451 448
451 449
451 450
451 452
451 453
451 454
451 455
451 456
452 212
452 213
452 214
452 215
452 216
452 217
452 218
452 219
452 220
452 398
452 399
452 448
452 449
452 450
452 451
452 453
452 454
452 455
452 456
453 212
453 213
453 215
453 216
453 217
453 218
453 219
453 220
453 223
453 446
453 448
453 449
453 450
453 451
453 452
453 454
453 455
453 456
453 457
454 216
454 449
454 450
454 451
454 452
454 453
454 455
454 456
454 457
454 458
454 459
455 212
455 213
455 215
455 216
455 450
455 451
455 452
455 453
455 454
455 456
455 457
455 458
455 459
456 212
456 213
456 216
456 217
456 451
456 452
456 453
456 454
456 455
456 457
456 458
456 459
456 460
456 473
456 474
456 477
457 453
457 454
457 455
457 456
457 458
457 459
457 460
457 461
457 462
458 212
458 454
458 455
458 456
458 457
458 459
458 460
458 461
458 462
458 463
458 470
459 209
459 212
459 213
459 454
459 455
459 456
459 457
459 458
459 460
459 461
459 462
459 463
459 464
459 465
459 467
459 469
459 470
459 471
459 473
459 474
460 456
460 457
460 458
460 459
460 461
460 462
460 463
460 464
460 465
460 467
460 470
461 457
461 458
461 459
461 460
461 462
461 463
461 464
461 465
461 466
461 467
461 470
462 209
462 457
462 458
462 459
462 460
462 461
462 463
462 464
462 465
462 466
462 467
462 468
462 469
462 470
462 471
462 473
463 458
463 459
463 460
463 461
463 462
463 464
463 465
463 466
463 467
463 468
463 469
463 470
463 471
463 473
463 474
464 459
464 460
464 461
464 462
464 463
464 465
464 466
464 467
464 470
465 459
465 460
465 461
465 462
465 463
465 464
465 466
465 467
465 468
465 469
465 470
466 461
466 462
466 463
466 464
466 465
466 467
466 468
466 469
466 470
466 471
467 459
467 460
467 461
467 462
467 463
467 464
467 465
467 466
467 468
467 469
467 470
467 471
467 472
467 473
467 499
468 209
468 462
468 463
468 465
468 466
468 467
468 469
468 470
468 471
468 472
468 473
468 474
468 495
468 496
468 498
468 499
468 500
468 502
468 503
469 207
469 208
469 209
469 210
469 459
469 462
469 463
469 465
469 466
469 467
469 468
469 470
469 471
469 472
469 473
469 474
469 475
469 495
469 496
469 499
469 500
470 209
470 210
470 213
470 458
470 459
470 460
470 461
470 462
470 463
470 464
470 465
470 466
470 467
470 468
470 469
470 471
470 472
470 473
470 474
470 475
470 476
471 209
471 210
471 213
471 459
471 462
471 463
471 466
471 467
471 468
471 469
471 470
471 472
471 473
471 474
471 475
471 476
471 477
471 492
471 495
471 496
471 499
472 207
472 208
472 209
472 210
472 211
472 212
472 213
472 214
472 467
472 468
472 469
472 470
472 471
472 473
472 474
472 475
472 476
472 477
472 478
472 491
472 492
472 493
472 494
472 495
472 496
472 497
472 498
472 499
473 207
473 208
473 209
473 210
473 211
473 212
473 213
473 214
473 215
473 216
473 217
473 456
473 459
473 462
473 463
473 467
473 468
473 469
473 470
473 471
473 472
473 474
473 475
473 476
473 477
473 478
473 492
473 495
473 496
474 209
474 210
474 212
474 213
474 214
474 216
474 217
474 456
474 459
474 463
474 468
474 469
474 470
474 471
474 472
474 473
474 475
474 476
474 477
474 478
474 479
474 480
474 492
475 210
475 213
475 214
475 217
475 469
475 470
475 471
475 472
475 473
475 474
475 476
475 477
475 478
475 479
475 480
475 481
475 488
475 489
475 491
475 492
475 495
475 496
476 209
476 210
476 211
476 212
476 213
476 214
476 215
476 216
476 217
476 218
476 470
476 471
476 472
476 473
476 474
476 475
476 477
476 478
476 479
476 480
476 481
476 485
476 487
476 488
476 489
476 490
476 491
476 492
476 493
476 494
476 495
476 496
477 209
477 210
477 211
477 212
477 213
477 214
477 215
477 216
477 217
477 218
477 219
477 220
477 456
477 471
477 472
477 473
477 474
477 475
477 476
477 478
477 479
477 480
477 481
477 482
477 485
477 488
477 489
477 491
477 492
478 213
478 214
478 216
478 217
478 218
478 472
478 473
478 474
478 475
478 476
478 477
478 479
478 480
478 481
478 482
478 483
478 484
478 485
478 488
478 491
478 492
479 213
479 214
479 217
479 218
479 241
479 242
479 474
479 475
479 476
479 477
479 478
479 480
479 481
479 482
479 483
479 484
479 485
479 486
479 487
479 488
479 489
479 490
479 491
479 492
480 213
480 214
480 215
480 216
480 217
480 218
480 219
480 220
480 221
480 241
480 243
480 244
480 474
480 475
480 476
480 477
480 478
480 479
480 481
480 482
480 483
480 484
480 485
480 486
480 487
480 488
480 489
480 490
480 491
480 492
481 214
481 216
481 217
481 218
481 219
481 220
481 221
481 222
481 224
481 240
481 241
481 242
481 243
481 244
481 245
481 475
481 476
481 477
481 478
481 479
481 480
481 482
481 483
481 484
481 485
481 487
481 488
482 217
482 218
482 221
482 239
482 240
482 241
482 242
482 243
482 244
482 245
482 246
482 477
482 478
482 479
482 480
482 481
482 483
482 484
482 485
482 487
482 488
483 239
483 240
483 241
483 242
483 243
483 244
483 478
483 479
483 480
483 481
483 482
483 484
483 485
483 486
483 487
483 488
484 131
484 134
484 217
484 218
484 221
484 239
484 240
484 241
484 242
484 243
484 244
484 478
484 479
484 480
484 481
484 482
484 483
484 485
484 486
484 487
484 488
484 489
485 127
485 128
485 130
485 131
485 134
485 214
485 215
485 217
485 218
485 221
485 346
485 347
485 476
485 477
485 478
485 479
485 480
485 481
485 482
485 483
485 484
485 486
485 487
485 488
485 489
485 490
485 491
486 131
486 134
486 214
486 218
486 343
486 345
486 346
486 347
486 350
486 479
486 480
486 483
486 484
486 485
486 487
486 488
486 489
486 490
486 491
486 492
487 346
487 476
487 479
487 480
487 481
487 482
487 483
487 484
487 485
487 486
487 488
487 489
487 490
487 491
487 492
487 493
488 210
488 213
488 214
488 215
488 217
488 218
488 475
488 476
488 477
488 478
488 479
488 480
488 481
488 482
488 483
488 484
488 485
488 486
488 487
488 489
488 490
488 491
488 492
488 493
489 206
489 210
489 211
489 213
489 214
489 215
489 346
489 347
489 349
489 350
489 475
489 476
489 477
489 479
489 480
489 484
489 485
489 486
489 487
489 488
489 490
489 491
489 492
489 493
489 494
489 495
490 210
490 346
490 476
490 479
490 480
490 485
490 486
490 487
490 488
490 489
490 491
490 492
490 493
490 494
490 495
490 496
491 210
491 214
491 472
491 475
491 476
491 477
491 478
491 479
491 480
491 485
491 486
491 487
491 488
491 489
491 490
491 492
491 493
491 494
491 495
491 496
491 497
492 206
492 207
492 209
492 210
492 211
492 213
492 214
492 471
492 472
492 473
492 474
492 475
492 476
492 477
492 478
492 479
492 480
492 486
492 487
492 488
492 489
492 490
492 491
492 493
492 494
492 495
492 496
492 497
492 498
493 205
493 206
493 207
493 210
493 211
493 472
493 476
493 487
493 488
493 489
493 490
493 491
493 492
493 494
493 495
493 496
493 497
493 498
493 499
494 205
494 206
494 210
494 472
494 476
494 489
494 490
494 491
494 492
494 493
494 495
494 496
494 497
494 498
494 499
494 500
495 210
495 468
495 469
495 471
495 472
495 473
495 475
495 476
495 489
495 490
495 491
495 492
495 493
495 494
495 496
495 497
495 498
495 499
495 500
495 501
496 205
496 206
496 207
496 208
496 209
496 210
496 468
496 469
496 471
496 472
496 473
496 475
496 476
496 490
496 491
496 492
496 493
496 494
496 495
496 497
496 498
496 499
496 500
496 501
496 502
497 205
497 206
497 207
497 472
497 491
497 492
497 493
497 494
497 495
497 496
497 498
497 499
497 500
497 501
497 502
497 503
498 468
498 472
498 492
498 493
498 494
498 495
498 496
498 497
498 499
498 500
498 501
498 502
498 503
498 504
499 467
499 468
499 469
499 471
499 472
499 493
499 494
499 495
499 496
499 497
499 498
499 500
499 501
499 502
499 503
499 504
500 468
500 469
500 494
500 495
500 496
500 497
500 498
500 499
500 501
500 502
500 503
500 504
500 505
501 495
501 496
501 497
501 498
501 499
501 500
501 502
501 503
501 504
501 505
501 506
501 548
501 549
502 468
502 496
502 497
502 498
502 499
502 500
502 501
502 503
502 504
502 505
502 506
502 507
502 548
502 549
503 468
503 497
503 498
503 499
503 500
503 501
503 502
503 504
503 505
503 506
503 507
503 508
503 543
504 498
504 499
504 500
504 501
504 502
504 503
504 505
504 506
504 507
504 508
504 542
504 543
504 544
504 545
504 546
504 548
504 549
505 500
505 501
505 502
505 503
505 504
505 506
505 507
505 508
505 543
505 544
505 545
505 546
505 547
505 548
505 549
505 550
505 551
505 552
505 553
506 501
506 502
506 503
506 504
506 505
506 507
506 508
506 509
506 541
506 542
506 543
506 548
506 549
506 552
506 553
506 556
507 502
507 503
507 504
507 505
507 506
507 508
507 509
507 510
507 540
507 541
507 542
507 543
507 544
507 545
507 549
507 552
507 553
507 556
507 617
508 503
508 504
508 505
508 506
508 507
508 509
508 510
508 540
508 541
508 542
508 543
508 553
508 556
509 506
509 507
509 508
509 510
509 511
509 512
509 523
509 539
509 540
509 541
509 542
509 543
509 552
509 553
509 556
509 557
509 560
510 507
510 508
510 509
510 511
510 512
510 513
510 522
510 523
510 524
510 525
510 526
510 538
510 539
510 540
510 541
510 542
510 556
510 557
510 560
510 614
511 509
511 510
511 512
511 513
511 521
511 522
511 523
511 524
511 525
511 532
511 537
511 538
511 539
511 540
511 541
511 556
511 557
511 560
511 561
511 612
511 613
511 614
512 509
512 510
512 511
512 513
512 514
512 515
512 520
512 521
512 522
512 523
512 524
512 525
512 526
512 527
512 530
512 531
512 532
512 533
512 537
512 538
512 539
512 540
512 612
512 613
512 614
512 679
513 510
513 511
513 512
513 514
513 515
513 516
513 520
513 521
513 522
513 523
513 524
513 525
513 527
513 528
513 529
513 530
513 531
513 532
513 533
513 534
513 536
513 537
513 538
513 539
514 512
514 513
514 515
514 516
514 517
514 518
514 519
514 520
514 521
514 522
514 523
514 524
514 529
514 530
514 531
514 532
514 533
514 538
514 680
515 512
515 513
515 514
515 516
515 517
515 518
515 519
515 520
515 521
515 522
515 523
515 524
515 527
515 528
515 529
515 530
515 531
515 532
516 513
516 514
516 515
516 517
516 518
516 519
516 520
516 521
516 529
516 530
516 531
516 532
517 514
517 515
517 516
517 518
517 519
517 520
517 530
517 531
518 514
518 515
518 516
518 517
518 519
518 520
518 521
518 680
519 514
519 515
519 516
519 517
519 518
519 520
519 521
519 678
519 679
519 680
519 681
519 683
520 512
520 513
520 514
520 515
520 516
520 517
520 518
520 519
520 521
520 522
520 530
520 678
520 679
520 680
521 511
521 512
521 513
521 514
521 515
521 516
521 518
521 519
521 520
521 522
521 523
521 524
521 530
521 531
521 532
521 533
521 538
521 540
521 614
521 679
521 680
522 510
522 511
522 512
522 513
522 514
522 515
522 520
522 521
522 523
522 524
522 525
522 526
522 527
522 528
522 530
522 531
522 532
522 538
522 540
523 509
523 510
523 511
523 512
523 513
523 514
523 515
523 521
523 522
523 524
523 525
523 526
523 527
523 528
523 530
523 538
523 539
523 540
524 510
524 511
524 512
524 513
524 514
524 515
524 521
524 522
524 523
524 525
524 526
524 527
524 528
524 529
524 530
524 531
524 532
525 510
525 511
525 512
525 513
525 522
525 523
525 524
525 526
525 527
525 528
525 530
526 510
526 512
526 522
526 523
526 524
526 525
526 527
526 528
526 530
527 512
527 513
527 515
527 522
527 523
527 524
527 525
527 526
527 528
527 529
527 530
528 513
528 515
528 522
528 523
528 524
528 525
528 526
528 527
528 529
528 530
528 531
529 513
529 514
529 515
529 516
529 524
529 527
529 528
529 530
529 531
529 532
530 512
530 513
530 514
530 515
530 516
530 517
530 520
530 521
530 522
530 523
530 524
530 525
530 526
530 527
530 528
530 529
530 531
530 532
530 533
531 512
531 513
531 514
531 515
531 516
531 517
531 521
531 522
531 524
531 528
531 529
531 530
531 532
531 533
531 534
532 511
532 512
532 513
532 514
532 515
532 516
532 521
532 522
532 524
532 529
532 530
532 531
532 533
532 534
532 535
532 536
532 537
532 538
533 512
533 513
533 514
533 521
533 530
533 531
533 532
533 534
533 535
533 536
533 537
533 538
533 608
533 683
533 687
534 513
534 531
534 532
534 533
534 535
534 536
534 537
534 607
534 608
534 609
534 610
534 683
534 687
535 532
535 533
535 534
535 536
535 537
535 606
535 607
535 608
535 609
535 610
535 611
535 683
535 686
535 687
535 690
536 513
536 532
536 533
536 534
536 535
536 537
536 538
536 539
536 561
536 607
536 608
536 609
536 610
536 611
536 612
536 641
536 642
536 682
536 683
536 684
536 686
536 687
537 511
537 512
537 513
537 532
537 533
537 534
537 535
537 536
537 538
537 539
537 540
537 557
537 560
537 561
537 607
537 608
537 609
537 610
537 611
537 612
537 613
537 643
537 683
538 510
538 511
538 512
538 513
538 514
538 521
538 522
538 523
538 532
538 533
538 536
538 537
538 539
538 540
538 557
538 561
538 610
538 611
538 612
538 613
538 614
538 644
538 645
538 646
538 679
538 680
538 682
538 683
539 509
539 510
539 511
539 512
539 513
539 523
539 536
539 537
539 538
539 540
539 541
539 542
539 556
539 557
539 560
539 561
539 611
539 612
539 613
539 614
539 615
539 645
539 646
539 679
540 507
540 508
540 509
540 510
540 511
540 512
540 521
540 522
540 523
540 537
540 538
540 539
540 541
540 542
540 543
540 553
540 556
540 557
540 612
540 613
540 614
540 615
540 616
540 617
540 618
540 646
541 506
541 507
541 508
541 509
541 510
541 511
541 539
541 540
541 542
541 543
541 544
541 545
541 553
541 556
541 557
541 613
541 614
541 615
541 616
541 617
541 618
542 504
542 506
542 507
542 508
542 509
542 510
542 539
542 540
542 541
542 543
542 544
542 545
542 553
542 614
542 615
542 616
542 617
542 618
542 619
543 503
543 504
543 505
543 506
543 507
543 508
543 509
543 540
543 541
543 542
543 544
543 545
543 546
543 549
543 553
543 615
543 616
543 617
543 618
543 619
543 620
543 621
544 504
544 505
544 507
544 541
544 542
544 543
544 545
544 546
544 547
544 549
544 550
544 553
544 615
544 617
544 618
544 619
544 620
544 621
544 622
544 625
544 652
545 504
545 505
545 507
545 541
545 542
545 543
545 544
545 546
545 547
545 548
545 549
545 550
545 551
545 552
545 553
545 615
545 617
545 618
545 619
545 620
545 621
545 622
545 623
545 624
545 625
545 626
545 628
545 629
545 652
546 504
546 505
546 543
546 544
546 545
546 547
546 548
546 549
546 550
546 551
546 553
546 620
546 621
546 622
546 623
546 624
546 625
546 626
546 627
546 628
547 505
547 544
547 545
547 546
547 548
547 549
547 550
547 551
547 621
547 622
547 623
547 624
547 625
547 626
547 627
547 628
548 501
548 502
548 504
548 505
548 506
548 545
548 546
548 547
548 549
548 550
548 551
548 552
548 553
548 624
548 625
549 501
549 502
549 504
549 505
549 506
549 507
549 543
549 544
549 545
549 546
549 547
549 548
549 550
549 551
549 552
549 553
549 554
549 555
549 624
549 625
550 505
550 544
550 545
550 546
550 547
550 548
550 549
550 551
550 552
550 553
550 554
550 555
550 556
550 624
550 625
550 626
550 627
550 628
550 629
551 505
551 545
551 546
551 547
551 548
551 549
551 550
551 552
551 553
551 554
551 555
551 556
551 557
551 625
551 628
552 505
552 506
552 507
552 509
552 545
552 548
552 549
552 550
552 551
552 553
552 554
552 555
552 556
552 557
552 558
553 505
553 506
553 507
553 508
553 509
553 540
553 541
553 542
553 543
553 544
553 545
553 546
553 548
553 549
553 550
553 551
553 552
553 554
553 555
553 556
553 557
553 558
553 559
553 625
553 628
554 549
554 550
554 551
554 552
554 553
554 555
554 556
554 557
554 558
554 559
554 560
554 564
554 565
554 566
554 628
554 629
554 632
555 549
555 550
555 551
555 552
555 553
555 554
555 556
555 557
555 558
555 559
555 560
555 561
555 563
555 564
556 506
556 507
556 508
556 509
556 510
556 511
556 539
556 540
556 541
556 550
556 551
556 552
556 553
556 554
556 555
556 557
556 558
556 559
556 560
556 561
556 562
557 509
557 510
557 511
557 537
557 538
557 539
557 540
557 541
557 551
557 552
557 553
557 554
557 555
557 556
557 558
557 559
557 560
557 561
557 562
557 563
557 564
557 611
557 613
558 552
558 553
558 554
558 555
558 556
558 557
558 559
558 560
558 561
558 562
558 563
558 564
558 565
558 566
559 553
559 554
559 555
559 556
559 557
559 558
559 560
559 561
559 562
559 563
559 564
560 509
560 510
560 511
560 537
560 539
560 554
560 555
560 556
560 557
560 558
560 559
560 561
560 562
560 563
560 564
561 511
561 536
561 537
561 538
561 539
561 555
561 556
561 557
561 558
561 559
561 560
561 562
561 563
561 564
561 606
561 607
561 608
561 611
562 556
562 557
562 558
562 559
562 560
562 561
562 563
562 564
562 565
562 605
562 606
562 607
563 555
563 557
563 558
563 559
563 560
563 561
563 562
563 564
563 565
563 566
563 567
563 568
563 605
563 606
563 607
563 608
563 636
564 554
564 555
564 557
564 558
564 559
564 560
564 561
564 562
564 563
564 565
564 566
564 567
564 568
564 569
564 606
564 632
564 635
564 636
565 554
565 558
565 562
565 563
565 564
565 566
565 567
565 568
565 569
565 570
565 631
565 632
565 633
565 634
565 635
565 636
565 637
565 638
565 639
565 641
566 554
566 558
566 563
566 564
566 565
566 567
566 568
566 569
566 570
566 571
566 631
566 632
566 635
566 636
567 563
567 564
567 565
567 566
567 568
567 569
567 570
567 571
567 572
567 635
568 563
568 564
568 565
568 566
568 567
568 569
568 570
568 571
568 572
568 573
568 635
568 636
568 638
568 639
569 564
569 565
569 566
569 567
569 568
569 570
569 571
569 572
569 573
569 574
569 635
569 636
569 638
569 639
570 565
570 566
570 567
570 568
570 569
570 571
570 572
570 573
570 574
570 575
571 566
571 567
571 568
571 569
571 570
571 572
571 573
571 574
571 575
571 576
572 567
572 568
572 569
572 570
572 571
572 573
572 574
572 575
572 576
572 577
573 568
573 569
573 570
573 571
573 572
573 574
573 575
573 576
573 577
573 578
574 569
574 570
574 571
574 572
574 573
574 575
574 576
574 577
574 578
575 570
575 571
575 572
575 573
575 574
575 576
575 577
575 578
575 579
576 571
576 572
576 573
576 574
576 575
576 577
576 578
576 579
576 580
577 572
577 573
577 574
577 575
577 576
577 578
577 579
577 580
578 573
578 574
578 575
578 576
578 577
578 579
578 580
578 581
579 575
579 576
579 577
579 578
579 580
579 581
579 582
580 576
580 577
580 578
580 579
580 581
580 582
580 583
581 578
581 579
581 580
581 582
581 583
582 579
582 580
582 581
582 583
582 584
583 580
583 581
583 582
583 584
583 585
584 582
584 583
584 585
584 586
585 583
585 584
585 586
585 587
585 588
586 584
586 585
586 587
586 588
587 585
587 586
587 588
587 589
588 585
588 586
588 587
588 589
588 590
589 587
589 588
589 590
589 591
589 592
590 588
590 589
590 591
590 592
590 593
591 589
591 590
591 592
591 593
591 594
592 589
592 590
592 591
592 593
592 594
592 595
593 590
593 591
593 592
593 594
593 595
593 596
594 591
594 592
594 593
594 595
594 596
594 597
595 592
595 593
595 594
595 596
595 597
595 598
595 599
596 593
596 594
596 595
596 597
596 598
596 599
596 600
597 594
597 595
597 596
597 598
597 599
597 600
597 601
598 595
598 596
598 597
598 599
598 600
598 601
598 602
599 595
599 596
599 597
599 598
599 600
599 601
599 602
599 640
600 596
600 597
600 598
600 599
600 601
600 602
600 603
601 597
601 598
601 599
601 600
601 602
601 603
601 604
601 639
602 598
602 599
602 600
602 601
602 603
602 604
602 605
602 606
602 638
602 639
602 640
603 600
603 601
603 602
603 604
603 605
603 606
603 607
603 639
604 601
604 602
604 603
604 605
604 606
604 607
604 608
604 609
605 562
605 563
605 602
605 603
605 604
605 606
605 607
605 608
606 535
606 561
606 562
606 563
606 564
606 602
606 603
606 604
606 605
606 607
606 608
606 609
606 639
606 641
607 534
607 535
607 536
607 537
607 561
607 562
607 563
607 603
607 604
607 605
607 606
607 608
607 609
607 610
608 533
608 534
608 535
608 536
608 537
608 561
608 563
608 604
608 605
608 606
608 607
608 609
608 610
608 611
608 640
608 641
608 642
609 534
609 535
609 536
609 537
609 604
609 606
609 607
609 608
609 610
609 611
609 636
609 639
609 640
609 641
609 642
609 643
609 686
609 687
609 689
609 690
610 534
610 535
610 536
610 537
610 538
610 607
610 608
610 609
610 611
610 612
610 613
610 636
610 637
610 640
610 641
610 642
610 643
610 644
610 682
610 683
610 686
610 687
610 689
610 690
611 535
611 536
611 537
611 538
611 539
611 557
611 561
611 608
611 609
611 610
611 612
611 613
611 614
611 633
611 636
611 641
611 642
611 643
611 644
611 645
611 682
611 683
611 686
612 511
612 512
612 536
612 537
612 538
612 539
612 540
612 610
612 611
612 613
612 614
612 615
612 642
612 643
612 644
612 645
612 646
612 674
612 675
612 676
612 679
612 680
612 682
612 683
612 686
613 511
613 512
613 537
613 538
613 539
613 540
613 541
613 557
613 610
613 611
613 612
613 614
613 615
613 616
613 629
613 643
613 644
613 645
613 646
613 647
613 648
613 675
613 679
613 682
614 510
614 511
614 512
614 521
614 538
614 539
614 540
614 541
614 542
614 611
614 612
614 613
614 615
614 616
614 617
614 618
614 644
614 645
614 646
614 647
614 648
614 676
614 678
614 679
614 682
615 539
615 540
615 541
615 542
615 543
615 544
615 545
615 612
615 613
615 614
615 616
615 617
615 618
615 619
615 620
615 645
615 646
615 647
615 648
615 649
615 652
615 675
615 676
615 677
615 678
615 679
616 540
616 541
616 542
616 543
616 613
616 614
616 615
616 617
616 618
616 619
616 645
616 646
616 647
616 648
616 649
616 652
616 677
616 678
616 679
617 507
617 540
617 541
617 542
617 543
617 544
617 545
617 614
617 615
617 616
617 618
617 619
617 620
617 647
617 648
617 649
618 540
618 541
618 542
618 543
618 544
618 545
618 614
618 615
618 616
618 617
618 619
618 620
618 621
618 647
618 648
618 649
618 651
618 652
619 542
619 543
619 544
619 545
619 615
619 616
619 617
619 618
619 620
619 621
619 648
619 649
619 650
619 651
619 652
620 543
620 544
620 545
620 546
620 615
620 617
620 618
620 619
620 621
620 622
620 625
620 648
620 649
620 650
620 651
620 652
620 653
620 655
621 543
621 544
621 545
621 546
621 547
621 618
621 619
621 620
621 622
621 623
621 624
621 625
621 626
621 627
621 629
621 651
621 652
621 653
621 654
621 655
621 656
622 544
622 545
622 546
622 547
622 620
622 621
622 623
622 624
622 625
622 626
622 627
622 628
622 652
622 655
622 656
622 659
623 545
623 546
623 547
623 621
623 622
623 624
623 625
623 626
623 627
623 628
623 655
623 656
623 659
624 545
624 546
624 547
624 548
624 549
624 550
624 621
624 622
624 623
624 625
624 626
624 627
624 628
624 629
624 630
625 544
625 545
625 546
625 547
625 548
625 549
625 550
625 551
625 553
625 620
625 621
625 622
625 623
625 624
625 626
625 627
625 628
625 629
625 630
625 631
625 655
625 656
626 545
626 546
626 547
626 550
626 621
626 622
626 623
626 624
626 625
626 627
626 628
626 629
626 630
626 631
626 632
626 652
626 655
626 656
626 657
626 658
626 659
626 660
626 661
627 546
627 547
627 550
627 621
627 622
627 623
627 624
627 625
627 626
627 628
627 629
627 630
627 631
627 632
627 633
627 656
627 659
627 660
627 661
628 545
628 546
628 547
628 550
628 551
628 553
628 554
628 622
628 623
628 624
628 625
628 626
628 627
628 629
628 630
628 631
628 632
628 633
628 634
629 545
629 550
629 554
629 613
629 621
629 624
629 625
629 626
629 627
629 628
629 630
629 631
629 632
629 633
629 634
629 635
629 643
629 645
629 656
629 661
630 624
630 625
630 626
630 627
630 628
630 629
630 631
630 632
630 633
630 634
630 635
630 636
630 643
630 656
630 659
630 660
630 661
630 662
631 565
631 566
631 625
631 626
631 627
631 628
631 629
631 630
631 632
631 633
631 634
631 635
631 636
631 637
632 554
632 564
632 565
632 566
632 626
632 627
632 628
632 629
632 630
632 631
632 633
632 634
632 635
632 636
632 637
632 638
632 643
633 565
633 611
633 627
633 628
633 629
633 630
633 631
633 632
633 634
633 635
633 636
633 637
633 638
633 639
633 641
633 642
633 643
633 644
633 661
634 565
634 628
634 629
634 630
634 631
634 632
634 633
634 635
634 636
634 637
634 638
634 639
634 640
634 641
634 642
634 643
635 564
635 565
635 566
635 567
635 568
635 569
635 629
635 630
635 631
635 632
635 633
635 634
635 636
635 637
635 638
635 639
635 640
635 641
635 642
635 643
636 563
636 564
636 565
636 566
636 568
636 569
636 609
636 610
636 611
636 630
636 631
636 632
636 633
636 634
636 635
636 637
636 638
636 639
636 640
636 641
636 642
636 643
637 565
637 610
637 631
637 632
637 633
637 634
637 635
637 636
637 638
637 639
637 640
637 641
637 642
637 643
638 565
638 568
638 569
638 602
638 632
638 633
638 634
638 635
638 636
638 637
638 639
638 640
638 641
638 642
639 565
639 568
639 569
639 601
639 602
639 603
639 606
639 609
639 633
639 634
639 635
639 636
639 637
639 638
639 640
639 641
639 642
640 599
640 602
640 608
640 609
640 610
640 634
640 635
640 636
640 637
640 638
640 639
640 641
640 642
640 643
641 536
641 565
641 606
641 608
641 609
641 610
641 611
641 633
641 634
641 635
641 636
641 637
641 638
641 639
641 640
641 642
641 643
641 644
642 536
642 608
642 609
642 610
642 611
642 612
642 633
642 634
642 635
642 636
642 637
642 638
642 639
642 640
642 641
642 643
642 644
642 674
642 686
642 689
642 690
643 537
643 609
643 610
643 611
643 612
643 613
643 629
643 630
643 632
643 633
643 634
643 635
643 636
643 637
643 640
643 641
643 642
643 644
643 645
643 674
643 686
644 538
644 610
644 611
644 612
644 613
644 614
644 633
644 641
644 642
644 643
644 645
644 646
644 673
644 674
644 675
644 676
644 679
644 682
644 683
644 685
644 686
645 538
645 539
645 611
645 612
645 613
645 614
645 615
645 616
645 629
645 643
645 644
645 646
645 647
645 648
645 653
645 673
645 674
645 675
645 676
645 677
645 678
645 679
645 682
646 538
646 539
646 540
646 612
646 613
646 614
646 615
646 616
646 644
646 645
646 647
646 648
646 649
646 674
646 675
646 676
646 677
646 678
646 679
646 680
646 681
646 682
646 683
647 613
647 614
647 615
647 616
647 617
647 618
647 645
647 646
647 648
647 649
647 650
647 652
647 653
647 675
647 676
647 677
647 678
647 679
647 680
647 681
647 682
648 613
648 614
648 615
648 616
648 617
648 618
648 619
648 620
648 645
648 646
648 647
648 649
648 650
648 651
648 652
648 653
648 654
648 656
648 675
648 676
648 677
648 678
649 615
649 616
649 617
649 618
649 619
649 620
649 646
649 647
649 648
649 650
649 651
649 652
649 653
649 654
649 677
650 18
650 20
650 619
650 620
650 647
650 648
650 649
650 651
650 652
650 653
650 654
650 655
650 656
651 618
651 619
651 620
651 621
651 648
651 649
651 650
651 652
651 653
651 654
651 655
651 656
652 544
652 545
652 615
652 616
652 618
652 619
652 620
652 621
652 622
652 626
652 647
652 648
652 649
652 650
652 651
652 653
652 654
652 655
652 656
652 657
652 658
653 620
653 621
653 645
653 647
653 648
653 649
653 650
653 651
653 652
653 654
653 655
653 656
653 657
653 658
653 659
653 661
653 662
653 671
653 675
654 20
654 621
654 648
654 649
654 650
654 651
654 652
654 653
654 655
654 656
654 657
654 658
654 659
655 620
655 621
655 622
655 623
655 625
655 626
655 650
655 651
655 652
655 653
655 654
655 656
655 657
655 658
655 659
655 660
655 661
656 621
656 622
656 623
656 625
656 626
656 627
656 629
656 630
656 648
656 650
656 651
656 652
656 653
656 654
656 655
656 657
656 658
656 659
656 660
656 661
656 662
656 663
657 626
657 652
657 653
657 654
657 655
657 656
657 658
657 659
657 660
657 661
657 662
657 663
657 664
657 671
658 626
658 652
658 653
658 654
658 655
658 656
658 657
658 659
658 660
658 661
658 662
658 663
658 664
659 622
659 623
659 626
659 627
659 630
659 653
659 654
659 655
659 656
659 657
659 658
659 660
659 661
659 662
659 663
659 664
660 626
660 627
660 630
660 655
660 656
660 657
660 658
660 659
660 661
660 662
660 663
660 664
660 665
661 626
661 627
661 629
661 630
661 633
661 653
661 655
661 656
661 657
661 658
661 659
661 660
661 662
661 663
661 664
661 670
661 671
661 674
662 630
662 653
662 656
662 657
662 658
662 659
662 660
662 661
662 663
662 664
662 665
662 667
662 668
662 669
662 670
662 671
662 672
662 673
662 674
662 675
663 656
663 657
663 658
663 659
663 660
663 661
663 662
663 664
663 665
663 666
663 667
663 670
663 671
664 657
664 658
664 659
664 660
664 661
664 662
664 663
664 665
664 666
664 667
664 670
665 660
665 662
665 663
665 664
665 666
665 667
665 668
665 669
665 670
666 663
666 664
666 665
666 667
666 668
666 669
666 670
667 662
667 663
667 664
667 665
667 666
667 668
667 669
667 670
667 671
667 672
668 17
668 662
668 665
668 666
668 667
668 669
668 670
668 671
668 672
668 673
669 662
669 665
669 666
669 667
669 668
669 670
669 671
669 672
669 673
669 674
670 661
670 662
670 663
670 664
670 665
670 666
670 667
670 668
670 669
670 671
670 672
670 673
670 674
670 675
671 653
671 657
671 661
671 662
671 663
671 667
671 668
671 669
671 670
671 672
671 673
671 674
671 675
671 676
672 15
672 17
672 662
672 667
672 668
672 669
672 670
672 671
672 673
672 674
672 675
672 676
672 677
673 644
673 645
673 662
673 668
673 669
673 670
673 671
673 672
673 674
673 675
673 676
673 682
673 685
673 686
674 612
674 642
674 643
674 644
674 645
674 646
674 661
674 662
674 669
674 670
674 671
674 672
674 673
674 675
674 676
674 682
674 685
675 612
675 613
675 615
675 644
675 645
675 646
675 647
675 648
675 653
675 662
675 670
675 671
675 672
675 673
675 674
675 676
675 677
675 678
675 679
675 681
675 682
676 612
676 614
676 615
676 644
676 645
676 646
676 647
676 648
676 671
676 672
676 673
676 674
676 675
676 677
676 678
676 679
676 680
676 681
676 682
676 683
676 685
677 16
677 17
677 615
677 616
677 645
677 646
677 647
677 648
677 649
677 672
677 675
677 676
677 678
677 679
677 680
677 681
677 682
678 519
678 520
678 614
678 615
678 616
678 645
678 646
678 647
678 648
678 675
678 676
678 677
678 679
678 680
678 681
678 682
678 683
679 512
679 519
679 520
679 521
679 538
679 539
679 612
679 613
679 614
679 615
679 616
679 644
679 645
679 646
679 647
679 675
679 676
679 677
679 678
679 680
679 681
679 682
679 683
679 684
680 514
680 518
680 519
680 520
680 521
680 538
680 612
680 646
680 647
680 676
680 677
680 678
680 679
680 681
680 682
680 683
680 684
680 685
680 686
681 13
681 519
681 646
681 647
681 675
681 676
681 677
681 678
681 679
681 680
681 682
681 683
681 684
681 685
681 686
681 687
682 536
682 538
682 610
682 611
682 612
682 613
682 614
682 644
682 645
682 646
682 647
682 673
682 674
682 675
682 676
682 677
682 678
682 679
682 680
682 681
682 683
682 684
682 685
682 686
682 687
682 688
683 519
683 533
683 534
683 535
683 536
683 537
683 538
683 610
683 611
683 612
683 644
683 646
683 676
683 678
683 679
683 680
683 681
683 682
683 684
683 685
683 686
683 687
683 688
683 689
684 536
684 679
684 680
684 681
684 682
684 683
684 685
684 686
684 687
684 688
684 689
684 690
685 644
685 673
685 674
685 676
685 680
685 681
685 682
685 683
685 684
685 686
685 687
685 688
685 689
685 690
685 691
686 535
686 536
686 609
686 610
686 611
686 612
686 642
686 643
686 644
686 673
686 680
686 681
686 682
686 683
686 684
686 685
686 687
686 688
686 689
686 690
686 691
687 533
687 534
687 535
687 536
687 609
687 610
687 681
687 682
687 683
687 684
687 685
687 686
687 688
687 689
687 690
687 691
687 692
687 693
688 682
688 683
688 684
688 685
688 686
688 687
688 689
688 690
688 691
688 692
688 693
689 609
689 610
689 642
689 683
689 684
689 685
689 686
689 687
689 688
689 690
689 691
689 692
689 693
689 694
689 695
690 535
690 609
690 610
690 642
690 684
690 685
690 686
690 687
690 688
690 689
690 691
690 692
690 693
690 694
690 695
690 696
691 685
691 686
691 687
691 688
691 689
691 690
691 692
691 693
691 694
691 695
691 696
691 697
692 687
692 688
692 689
692 690
692 691
692 693
692 694
692 695
692 696
692 697
692 698
693 687
693 688
693 689
693 690
693 691
693 692
693 694
693 695
693 696
693 697
693 698
693 699
694 689
694 690
694 691
694 692
694 693
694 695
694 696
694 697
694 698
694 699
695 689
695 690
695 691
695 692
695 693
695 694
695 696
695 697
695 698
695 699
695 700
696 690
696 691
696 692
696 693
696 694
696 695
696 697
696 698
696 699
696 700
697 691
697 692
697 693
697 694
697 695
697 696
697 698
697 699
697 700
698 692
698 693
698 694
698 695
698 696
698 697
698 699
698 700
699 693
699 694
699 695
699 696
699 697
699 698
699 700
700 695
700 696
700 697
700 698
700 699
