0 1
0 2
0 3
1 0
1 2
1 3
1 4
2 0
2 1
2 3
2 4
2 5
3 0
3 1
3 2
3 4
3 5
3 6
4 1
4 2
4 3
4 5
4 6
4 7
5 2
5 3
5 4
5 6
5 7
5 8
6 3
6 4
6 5
6 7
6 8
6 9
7 4
7 5
7 6
7 8
7 9
7 10
8 5
8 6
8 7
8 9
8 10
8 11
9 6
9 7
9 8
9 10
9 11
9 12
10 7
10 8
10 9
10 11
10 12
10 13
11 8
11 9
11 10
11 12
11 13
11 14
12 9
12 10
12 11
12 13
12 14
12 15
13 10
13 11
13 12
13 14
13 15
13 16
14 11
14 12
14 13
14 15
14 16
14 17
15 12
15 13
15 14
15 16
15 17
15 18
16 13
16 14
16 15
16 17
16 18
16 19
17 14
17 15
17 16
17 18
17 19
17 20
18 15
18 16
18 17
18 19
18 20
18 21
19 16
19 17
19 18
19 20
19 21
19 22
20 17
20 18
20 19
20 21
20 22
20 23
21 18
21 19
21 20
21 22
21 23
21 24
22 19
22 20
22 21
22 23
22 24
22 25
23 20
23 21
23 22
23 24
23 25
23 26
24 21
24 22
24 23
24 25
24 26
24 27
25 22
25 23
25 24
25 26
25 27
25 28
26 23
26 24
26 25
26 27
26 28
26 29
27 24
27 25
27 26
27 28
27 29
27 30
28 25
28 26
28 27
28 29
28 30
28 31
28 32
29 26
29 27
29 28
29 30
29 31
29 32
30 27
30 28
30 29
30 31
30 32
30 33
30 34
31 28
31 29
31 30
31 32
31 33
31 34
31 35
32 28
32 29
32 30
32 31
32 33
32 34
32 35
32 36
33 30
33 31
33 32
33 34
33 35
33 36
34 30
34 31
34 32
34 33
34 35
34 36
34 37
35 31
35 32
35 33
35 34
35 36
35 37
35 38
36 32
36 33
36 34
36 35
36 37
36 38
37 34
37 35
37 36
37 38
37 39
37 40
38 35
38 36
38 37
38 39
38 40
38 41
39 37
39 38
39 40
39 41
40 37
40 38
40 39
40 41
40 42
41 38
41 39
41 40
41 42
41 43
42 40
42 41
42 43
42 44
43 41
43 42
43 44
43 45
44 42
44 43
44 45
44 46
44 47
45 43
45 44
45 46
45 47
45 48
46 44
46 45
46 47
46 48
46 49
46 50
47 44
47 45
47 46
47 48
47 49
47 50
47 51
47 53
48 45
48 46
48 47
48 49
48 50
48 51
48 53
48 54
49 46
49 47
49 48
49 50
49 51
49 52
49 53
49 54
50 46
50 47
50 48
50 49
50 51
50 52
50 53
50 54
50 55
51 47
51 48
51 49
51 50
51 52
51 53
51 54
51 55
51 56
51 57
52 49
52 50
52 51
52 53
52 54
52 55
52 56
52 57
52 58
53 47
53 48
53 49
53 50
53 51
53 52
53 54
53 55
53 56
53 57
53 58
53 59
54 48
54 49
54 50
54 51
54 52
54 53
54 55
54 56
54 57
54 58
54 59
54 60
55 50
55 51
55 52
55 53
55 54
55 56
55 57
55 58
55 59
55 60
55 61
56 51
56 52
56 53
56 54
56 55
56 57
56 58
56 59
56 60
56 61
56 62
57 51
57 52
57 53
57 54
57 55
57 56
57 58
57 59
57 60
57 61
57 62
58 52
58 53
58 54
58 55
58 56
58 57
58 59
58 60
58 61
58 62
58 63
59 53
59 54
59 55
59 56
59 57
59 58
59 60
59 61
59 62
59 63
59 64
60 54
60 55
60 56
60 57
60 58
60 59
60 61
60 62
60 63
60 64
60 65
61 55
61 56
61 57
61 58
61 59
61 60
61 62
61 63
61 64
61 65
62 56
62 57
62 58
62 59
62 60
62 61
62 63
62 64
62 65
63 58
63 59
63 60
63 61
63 62
63 64
63 65
63 66
63 67
64 59
64 60
64 61
64 62
64 63
64 65
64 66
64 67
64 68
64 95
65 60
65 61
65 62
65 63
65 64
65 66
65 67
65 68
65 93
65 94
65 95
65 96
65 97
65 98
66 63
66 64
66 65
66 67
66 68
66 69
66 93
66 94
66 95
66 96
66 97
67 63
67 64
67 65
67 66
67 68
67 69
67 70
67 93
67 94
67 95
67 96
68 64
68 65
68 66
68 67
68 69
68 70
68 71
68 92
68 93
68 94
68 95
69 66
69 67
69 68
69 70
69 71
69 72
69 92
69 93
69 94
70 67
70 68
70 69
70 71
70 72
70 73
70 90
70 91
70 92
70 93
70 94
70 642
70 643
71 68
71 69
71 70
71 72
71 73
71 74
71 90
71 91
71 92
71 93
71 643
72 69
72 70
72 71
72 73
72 74
72 75
72 89
72 90
72 91
72 92
72 93
72 644
73 70
73 71
73 72
73 74
73 75
73 88
73 89
73 90
73 91
73 92
73 645
74 71
74 72
74 73
74 75
74 76
74 87
74 88
74 89
74 90
74 91
74 646
75 72
75 73
75 74
75 76
75 77
75 78
75 86
75 87
75 88
75 89
75 90
75 647
76 74
76 75
76 77
76 78
76 79
76 85
76 86
76 87
76 88
76 89
76 648
77 75
77 76
77 78
77 79
77 80
77 84
77 85
77 86
77 87
77 88
78 75
78 76
78 77
78 79
78 80
78 81
78 83
78 85
78 86
78 87
79 76
79 77
79 78
79 80
79 81
79 82
79 83
79 84
79 85
79 86
80 77
80 78
80 79
80 81
80 82
80 83
80 84
80 85
81 78
81 79
81 80
81 82
81 83
81 84
82 79
82 80
82 81
82 83
82 84
82 85
82 651
82 652
82 656
83 78
83 79
83 80
83 81
83 82
83 84
83 85
83 86
83 650
83 651
83 652
84 77
84 79
84 80
84 81
84 82
84 83
84 85
84 86
84 649
84 650
84 651
84 652
84 653
85 76
85 77
85 78
85 79
85 80
85 82
85 83
85 84
85 86
85 87
85 648
85 649
85 650
85 651
85 652
86 75
86 76
86 77
86 78
86 79
86 83
86 84
86 85
86 87
86 88
86 647
86 648
86 649
86 650
86 651
87 74
87 75
87 76
87 77
87 78
87 85
87 86
87 88
87 89
87 646
87 647
87 648
87 649
87 650
88 73
88 74
88 75
88 76
88 77
88 86
88 87
88 89
88 90
88 645
88 646
88 647
88 648
88 649
89 72
89 73
89 74
89 75
89 76
89 87
89 88
89 90
89 91
89 644
89 645
89 646
89 647
89 648
90 70
90 71
90 72
90 73
90 74
90 75
90 88
90 89
90 91
90 92
90 643
90 644
90 645
90 646
90 647
91 70
91 71
91 72
91 73
91 74
91 89
91 90
91 92
91 93
91 642
91 643
91 644
91 645
91 646
92 68
92 69
92 70
92 71
92 72
92 73
92 90
92 91
92 93
92 94
92 95
92 641
92 642
92 643
92 644
92 645
93 65
93 66
93 67
93 68
93 69
93 70
93 71
93 72
93 91
93 92
93 94
93 95
93 96
93 640
93 641
93 642
93 643
93 644
94 65
94 66
94 67
94 68
94 69
94 70
94 92
94 93
94 95
94 96
94 639
94 640
94 641
94 642
94 643
95 64
95 65
95 66
95 67
95 68
95 92
95 93
95 94
95 96
95 97
95 98
95 638
95 639
95 640
95 641
95 642
96 65
96 66
96 67
96 93
96 94
96 95
96 97
96 98
96 637
96 638
96 639
96 640
96 641
97 65
97 66
97 95
97 96
97 98
97 99
97 100
97 635
97 636
97 637
97 638
97 639
97 640
98 65
98 95
98 96
98 97
98 99
98 100
98 101
98 635
98 636
98 637
98 638
98 639
99 97
99 98
99 100
99 101
99 102
99 635
99 636
99 637
99 638
100 97
100 98
100 99
100 101
100 102
100 103
100 635
101 98
101 99
101 100
101 102
101 103
101 104
101 633
101 635
102 99
102 100
102 101
102 103
102 104
102 105
103 100
103 101
103 102
103 104
103 105
103 106
104 101
104 102
104 103
104 105
104 106
104 107
105 102
105 103
105 104
105 106
105 107
105 108
106 103
106 104
106 105
106 107
106 108
107 104
107 105
107 106
107 108
107 109
108 105
108 106
108 107
108 109
108 110
109 107
109 108
109 110
109 111
109 112
110 108
110 109
110 111
110 112
111 109
111 110
111 112
111 113
111 114
111 628
112 109
112 110
112 111
112 113
112 114
112 626
112 627
112 628
112 629
113 111
113 112
113 114
113 115
113 116
113 626
113 627
113 628
114 111
114 112
114 113
114 115
114 116
114 117
114 626
114 627
115 113
115 114
115 116
115 117
115 118
116 113
116 114
116 115
116 117
116 118
116 119
117 114
117 115
117 116
117 118
117 119
117 120
118 115
118 116
118 117
118 119
118 120
118 121
119 116
119 117
119 118
119 120
119 121
119 122
120 117
120 118
120 119
120 121
120 122
120 123
121 118
121 119
121 120
121 122
121 123
122 119
122 120
122 121
122 123
122 124
123 120
123 121
123 122
123 124
123 125
124 122
124 123
124 125
124 126
125 123
125 124
125 126
125 127
126 124
126 125
126 127
126 128
127 125
127 126
127 128
127 129
128 126
128 127
128 129
128 130
129 127
129 128
129 130
129 131
130 128
130 129
130 131
130 132
131 129
131 130
131 132
131 133
131 134
132 130
132 131
132 133
132 134
133 131
133 132
133 134
133 135
134 131
134 132
134 133
134 135
134 136
135 133
135 134
135 136
135 137
136 134
136 135
136 137
136 138
136 139
137 135
137 136
137 138
137 139
137 140
138 136
138 137
138 139
138 140
139 136
139 137
139 138
139 140
139 141
139 142
140 137
140 138
140 139
140 141
140 142
140 143
141 139
141 140
141 142
141 143
142 139
142 140
142 141
142 143
142 144
142 145
143 140
143 141
143 142
143 144
143 145
143 146
144 142
144 143
144 145
144 146
144 147
145 142
145 143
145 144
145 146
145 147
145 148
145 149
146 143
146 144
146 145
146 147
146 148
146 149
147 144
147 145
147 146
147 148
147 149
147 150
148 145
148 146
148 147
148 149
148 150
148 151
149 145
149 146
149 147
149 148
149 150
149 151
149 152
150 147
150 148
150 149
150 151
150 152
150 153
151 148
151 149
151 150
151 152
151 153
151 154
152 149
152 150
152 151
152 153
152 154
152 155
153 150
153 151
153 152
153 154
153 155
153 156
154 151
154 152
154 153
154 155
154 156
154 157
155 152
155 153
155 154
155 156
155 157
155 158
156 153
156 154
156 155
156 157
156 158
156 159
157 154
157 155
157 156
157 158
157 159
157 160
158 155
158 156
158 157
158 159
158 160
158 161
159 156
159 157
159 158
159 160
159 161
159 162
160 157
160 158
160 159
160 161
160 162
160 163
160 277
160 278
160 279
160 280
161 158
161 159
161 160
161 162
161 163
161 164
161 165
161 277
161 278
161 279
161 280
161 331
162 159
162 160
162 161
162 163
162 164
162 165
162 166
162 279
162 280
163 160
163 161
163 162
163 164
163 165
163 166
163 236
163 237
163 279
163 280
163 282
164 161
164 162
164 163
164 165
164 166
164 167
164 229
164 233
164 236
164 237
164 238
164 280
165 161
165 162
165 163
165 164
165 166
165 167
165 168
165 227
165 229
165 236
165 237
165 323
166 162
166 163
166 164
166 165
166 167
166 168
166 169
166 170
166 229
166 323
166 336
166 338
167 164
167 165
167 166
167 168
167 169
167 170
167 229
167 231
167 321
167 322
167 323
167 324
167 336
167 337
167 338
167 339
168 165
168 166
168 167
168 169
168 170
168 171
168 323
168 336
168 337
168 338
169 166
169 167
169 168
169 170
169 171
169 172
169 176
169 177
169 323
169 324
169 325
169 335
169 336
169 337
169 338
169 339
170 166
170 167
170 168
170 169
170 171
170 172
170 173
170 175
170 176
170 177
170 325
170 333
170 334
170 335
170 336
170 337
170 338
171 168
171 169
171 170
171 172
171 173
171 174
171 175
171 176
171 177
171 178
171 214
171 215
171 325
171 326
171 334
171 335
171 336
171 337
172 169
172 170
172 171
172 173
172 174
172 175
172 176
172 177
172 214
172 326
172 333
172 334
172 335
172 336
173 170
173 171
173 172
173 174
173 175
173 176
173 214
173 215
173 216
173 217
173 218
173 334
173 335
174 171
174 172
174 173
174 175
174 176
174 177
174 213
174 214
174 215
174 216
174 217
174 218
174 326
174 334
174 335
175 170
175 171
175 172
175 173
175 174
175 176
175 177
175 213
175 214
175 215
175 216
175 217
175 334
175 335
175 336
176 169
176 170
176 171
176 172
176 173
176 174
176 175
176 177
176 178
176 212
176 213
176 214
176 215
176 216
176 218
176 324
176 325
176 326
176 334
176 335
176 336
176 337
177 169
177 170
177 171
177 172
177 174
177 175
177 176
177 178
177 179
177 211
177 212
177 213
177 214
177 215
177 298
177 324
177 325
177 326
177 335
177 336
177 337
177 338
178 171
178 176
178 177
178 179
178 180
178 210
178 211
178 212
178 213
178 214
178 298
178 299
178 300
178 324
178 325
178 336
178 337
178 338
178 339
179 177
179 178
179 180
179 181
179 182
179 193
179 195
179 209
179 210
179 211
179 212
179 213
179 298
179 300
179 337
180 178
180 179
180 181
180 182
180 183
180 192
180 193
180 194
180 195
180 200
180 208
180 209
180 210
180 211
180 212
180 300
181 179
181 180
181 182
181 183
181 184
181 192
181 193
181 209
181 210
181 211
181 300
182 179
182 180
182 181
182 183
182 184
182 185
182 192
182 193
182 194
182 195
183 180
183 181
183 182
183 184
183 185
183 186
183 189
183 190
183 191
183 192
183 193
183 194
183 348
184 181
184 182
184 183
184 185
184 186
184 187
184 188
184 189
184 190
184 191
184 192
184 193
184 347
184 348
185 182
185 183
185 184
185 186
185 187
185 188
185 189
185 190
185 191
185 192
185 193
185 194
185 346
185 347
185 348
185 349
185 350
185 351
185 352
186 183
186 184
186 185
186 187
186 188
186 189
186 190
186 191
186 192
186 346
186 347
186 348
186 349
187 184
187 185
187 186
187 188
187 189
187 190
187 191
187 345
187 346
187 347
187 348
187 349
188 184
188 185
188 186
188 187
188 189
188 190
188 191
188 345
188 346
188 347
188 348
189 183
189 184
189 185
189 186
189 187
189 188
189 190
189 191
189 192
189 201
189 202
189 203
189 345
189 346
189 347
189 348
189 349
190 183
190 184
190 185
190 186
190 187
190 188
190 189
190 191
190 192
190 201
190 202
190 203
190 204
190 205
190 206
190 207
190 208
190 344
190 345
190 346
190 347
190 348
191 183
191 184
191 185
191 186
191 187
191 188
191 189
191 190
191 192
191 193
191 200
191 201
191 202
191 203
191 204
191 206
191 207
191 208
191 209
191 342
191 343
191 344
191 345
191 346
191 347
191 348
191 351
192 180
192 181
192 182
192 183
192 184
192 185
192 186
192 189
192 190
192 191
192 193
192 194
192 195
192 199
192 200
192 201
192 202
192 203
192 208
192 346
192 347
192 348
192 349
192 350
192 351
193 179
193 180
193 181
193 182
193 183
193 184
193 185
193 191
193 192
193 194
193 195
193 196
193 197
193 198
193 199
193 200
193 201
193 202
193 339
193 340
193 341
193 347
193 348
193 351
194 180
194 182
194 183
194 185
194 192
194 193
194 195
194 196
194 197
194 198
194 199
194 200
194 201
194 340
194 348
194 351
194 352
194 354
194 355
195 179
195 180
195 182
195 192
195 193
195 194
195 196
195 197
195 198
195 199
195 200
195 355
196 193
196 194
196 195
196 197
196 198
196 199
196 355
196 358
197 193
197 194
197 195
197 196
197 198
197 199
197 200
197 339
197 340
197 351
197 354
197 355
197 358
198 193
198 194
198 195
198 196
198 197
198 199
198 200
198 338
198 339
198 340
198 341
199 192
199 193
199 194
199 195
199 196
199 197
199 198
199 200
199 201
199 202
199 320
199 321
199 322
199 338
199 339
199 340
199 341
199 342
199 351
199 354
200 180
200 191
200 192
200 193
200 194
200 195
200 197
200 198
200 199
200 201
200 202
200 208
200 321
200 322
200 339
200 340
200 341
200 342
200 343
200 347
200 351
201 189
201 190
201 191
201 192
201 193
201 194
201 199
201 200
201 202
201 203
201 204
201 208
201 340
201 341
201 342
201 343
201 344
201 345
201 346
201 347
201 348
201 349
201 350
201 351
202 189
202 190
202 191
202 192
202 193
202 199
202 200
202 201
202 203
202 204
202 205
202 206
202 207
202 208
202 304
202 305
202 308
202 341
202 342
202 343
202 344
202 345
202 346
202 347
202 348
202 350
202 351
203 189
203 190
203 191
203 192
203 201
203 202
203 204
203 205
203 206
203 207
203 208
203 304
203 305
203 306
203 307
203 308
203 309
203 342
203 343
203 344
203 345
203 346
203 347
204 190
204 191
204 201
204 202
204 203
204 205
204 206
204 207
204 208
204 263
204 304
204 305
204 306
204 307
204 308
204 309
204 342
204 343
204 344
204 345
205 190
205 202
205 203
205 204
205 206
205 207
205 208
205 252
205 263
205 264
205 265
205 303
205 304
205 305
205 306
205 307
205 308
205 343
206 190
206 191
206 202
206 203
206 204
206 205
206 207
206 208
206 209
206 267
206 302
206 303
206 304
206 305
206 306
206 343
207 190
207 191
207 202
207 203
207 204
207 205
207 206
207 208
207 209
207 210
207 265
207 266
207 267
207 301
207 302
207 303
207 304
207 305
208 180
208 190
208 191
208 192
208 200
208 201
208 202
208 203
208 204
208 205
208 206
208 207
208 209
208 210
208 211
208 266
208 267
208 300
208 301
208 302
208 303
208 304
208 305
209 179
209 180
209 181
209 191
209 206
209 207
209 208
209 210
209 211
209 212
209 266
209 267
209 299
209 300
209 301
209 302
209 303
209 304
210 178
210 179
210 180
210 181
210 207
210 208
210 209
210 211
210 212
210 213
210 298
210 299
210 300
210 301
210 302
210 303
211 177
211 178
211 179
211 180
211 181
211 208
211 209
211 210
211 212
211 213
211 297
211 298
211 299
211 300
211 301
211 302
212 176
212 177
212 178
212 179
212 180
212 209
212 210
212 211
212 213
212 214
212 224
212 289
212 290
212 291
212 292
212 297
212 298
212 299
212 300
212 301
212 324
212 325
212 326
213 174
213 175
213 176
213 177
213 178
213 179
213 210
213 211
213 212
213 214
213 215
213 216
213 217
213 291
213 292
213 296
213 297
213 298
213 299
213 300
214 171
214 172
214 173
214 174
214 175
214 176
214 177
214 178
214 212
214 213
214 215
214 216
214 217
214 218
214 291
214 292
214 297
214 298
214 299
214 326
214 335
215 171
215 173
215 174
215 175
215 176
215 177
215 213
215 214
215 216
215 217
215 218
215 297
215 298
216 173
216 174
216 175
216 176
216 213
216 214
216 215
216 217
216 218
216 219
217 173
217 174
217 175
217 213
217 214
217 215
217 216
217 218
217 219
217 220
217 222
217 289
217 290
217 291
217 292
218 173
218 174
218 176
218 214
218 215
218 216
218 217
218 219
218 220
218 221
218 222
218 223
218 289
218 290
218 291
218 326
218 327
218 328
218 334
218 335
219 216
219 217
219 218
219 220
219 221
219 222
219 223
219 289
219 327
219 328
219 329
219 334
220 217
220 218
220 219
220 221
220 222
220 223
220 288
220 289
220 290
220 328
220 329
221 218
221 219
221 220
221 222
221 223
221 288
221 289
221 290
221 327
221 328
221 329
221 330
222 217
222 218
222 219
222 220
222 221
222 223
222 224
222 225
222 286
222 287
222 288
222 289
222 290
222 326
222 327
222 328
222 329
222 330
222 331
222 332
222 333
222 334
223 218
223 219
223 220
223 221
223 222
223 224
223 225
223 226
223 272
223 285
223 286
223 287
223 288
223 289
223 290
223 325
223 326
223 327
223 328
223 329
223 330
223 331
223 333
223 334
224 212
224 222
224 223
224 225
224 226
224 272
224 285
224 286
224 287
224 288
224 289
224 290
224 301
224 324
224 325
224 326
224 327
224 328
224 333
224 335
224 336
225 222
225 223
225 224
225 226
225 227
225 272
225 273
225 274
225 275
225 284
225 285
225 286
225 287
225 288
225 289
225 322
225 323
225 324
225 325
225 326
225 327
225 331
225 333
225 336
226 223
226 224
226 225
226 227
226 228
226 264
226 265
226 266
226 274
226 283
226 284
226 285
226 286
226 287
226 303
226 322
226 323
226 324
226 325
226 326
226 336
226 337
226 338
227 165
227 225
227 226
227 228
227 229
227 240
227 262
227 263
227 264
227 275
227 282
227 283
227 284
227 285
227 286
227 321
227 322
227 323
227 324
227 325
227 338
228 226
228 227
228 229
228 230
228 231
228 239
228 240
228 241
228 262
228 263
228 264
228 282
228 283
228 284
228 285
228 320
228 321
228 322
228 323
228 324
228 338
228 339
228 340
228 341
229 164
229 165
229 166
229 167
229 227
229 228
229 230
229 231
229 232
229 235
229 236
229 237
229 238
229 239
229 240
229 241
229 282
229 283
229 315
229 319
229 320
229 321
229 322
229 323
229 338
229 340
230 228
230 229
230 231
230 232
230 233
230 234
230 235
230 236
230 237
230 238
230 239
230 240
230 315
230 318
230 319
230 320
230 321
230 322
230 340
231 167
231 228
231 229
231 230
231 232
231 233
231 234
231 235
231 236
231 318
231 319
231 320
231 321
231 322
231 339
231 340
231 341
232 229
232 230
232 231
232 233
232 234
232 235
232 236
232 237
232 318
232 319
232 320
232 321
233 164
233 230
233 231
233 232
233 234
233 235
233 236
233 237
233 238
234 230
234 231
234 232
234 233
234 235
234 236
234 237
234 238
235 229
235 230
235 231
235 232
235 233
235 234
235 236
235 237
235 238
235 239
235 240
235 318
235 319
235 320
236 163
236 164
236 165
236 229
236 230
236 231
236 232
236 233
236 234
236 235
236 237
236 238
236 239
236 240
236 320
236 321
237 163
237 164
237 165
237 229
237 230
237 232
237 233
237 234
237 235
237 236
237 238
237 239
237 240
237 280
237 282
238 164
238 229
238 230
238 233
238 234
238 235
238 236
238 237
238 239
238 240
238 241
238 280
238 281
238 282
239 228
239 229
239 230
239 235
239 236
239 237
239 238
239 240
239 241
239 242
239 280
239 281
239 282
239 283
239 314
239 315
240 227
240 228
240 229
240 230
240 235
240 236
240 237
240 238
240 239
240 241
240 242
240 243
240 261
240 262
240 263
240 281
240 282
240 283
240 314
240 315
240 318
240 320
240 321
241 228
241 229
241 238
241 239
241 240
241 242
241 243
241 244
241 247
241 261
241 262
241 263
241 264
241 281
241 282
241 283
241 306
241 307
241 313
241 314
241 315
242 239
242 240
242 241
242 243
242 244
242 245
242 246
242 247
242 248
242 260
242 261
242 262
242 263
242 264
242 305
242 306
242 307
242 308
242 309
242 311
242 312
242 313
242 314
242 315
242 316
243 240
243 241
243 242
243 244
243 245
243 246
243 247
243 248
243 261
243 263
243 306
243 307
243 308
243 309
243 310
243 311
243 312
243 313
243 314
243 315
243 316
244 241
244 242
244 243
244 245
244 246
244 247
244 248
244 249
244 260
244 261
244 307
244 311
244 312
244 313
244 314
245 242
245 243
245 244
245 246
245 247
245 248
245 249
245 250
245 307
245 311
245 312
245 313
245 314
246 242
246 243
246 244
246 245
246 247
246 248
246 249
246 250
246 251
246 252
246 253
246 260
246 261
246 263
246 306
246 307
246 308
246 311
246 314
247 241
247 242
247 243
247 244
247 245
247 246
247 248
247 249
247 250
247 252
247 253
247 259
247 260
247 261
247 262
247 263
247 306
247 307
247 314
248 242
248 243
248 244
248 245
248 246
248 247
248 249
248 250
248 251
248 252
248 253
248 260
248 261
249 244
249 245
249 246
249 247
249 248
249 250
249 251
249 252
249 253
249 254
249 260
250 245
250 246
250 247
250 248
250 249
250 251
250 252
250 253
250 254
250 255
250 260
251 246
251 248
251 249
251 250
251 252
251 253
251 254
251 255
252 205
252 246
252 247
252 248
252 249
252 250
252 251
252 253
252 254
252 255
252 256
252 260
252 306
253 246
253 247
253 248
253 249
253 250
253 251
253 252
253 254
253 255
253 256
253 257
253 258
253 259
253 260
253 261
253 306
254 249
254 250
254 251
254 252
254 253
254 255
254 256
254 257
254 258
254 260
255 250
255 251
255 252
255 253
255 254
255 256
255 257
255 258
256 252
256 253
256 254
256 255
256 257
256 258
256 259
256 260
256 265
256 267
257 253
257 254
257 255
257 256
257 258
257 259
257 260
257 265
257 266
257 270
257 271
257 272
257 273
257 274
258 253
258 254
258 255
258 256
258 257
258 259
258 260
258 261
258 262
258 263
258 264
258 265
258 266
258 267
258 270
258 272
258 273
258 274
258 275
258 285
259 247
259 253
259 256
259 257
259 258
259 260
259 261
259 262
259 263
259 265
259 274
259 275
260 242
260 244
260 246
260 247
260 248
260 249
260 250
260 252
260 253
260 254
260 256
260 257
260 258
260 259
260 261
260 262
260 263
260 265
260 306
261 240
261 241
261 242
261 243
261 244
261 246
261 247
261 248
261 253
261 258
261 259
261 260
261 262
261 263
261 264
261 276
261 283
261 306
262 227
262 228
262 240
262 241
262 242
262 247
262 258
262 259
262 260
262 261
262 263
262 264
262 265
262 274
262 275
262 276
262 282
262 283
262 284
262 285
262 305
262 306
262 307
263 204
263 205
263 227
263 228
263 240
263 241
263 242
263 243
263 246
263 247
263 258
263 259
263 260
263 261
263 262
263 264
263 265
263 283
263 284
263 285
263 304
263 305
263 306
263 307
263 308
263 314
263 315
264 205
264 226
264 227
264 228
264 241
264 242
264 258
264 261
264 262
264 263
264 265
264 266
264 274
264 283
264 284
264 285
264 303
264 304
264 305
264 306
264 307
264 322
265 205
265 207
265 226
265 256
265 257
265 258
265 259
265 260
265 262
265 263
265 264
265 266
265 267
265 269
265 272
265 273
265 274
265 284
265 285
265 286
265 302
265 303
265 304
265 305
265 306
266 207
266 208
266 209
266 226
266 257
266 258
266 264
266 265
266 267
266 268
266 269
266 270
266 271
266 272
266 273
266 274
266 285
266 286
266 287
266 301
266 302
266 303
266 304
266 305
267 206
267 207
267 208
267 209
267 256
267 258
267 265
267 266
267 268
267 269
267 270
267 272
267 301
267 302
267 303
267 304
268 266
268 267
268 269
268 270
268 271
268 272
268 301
268 302
268 303
269 265
269 266
269 267
269 268
269 270
269 271
269 272
269 273
269 287
269 288
269 301
269 302
270 257
270 258
270 266
270 267
270 268
270 269
270 271
270 272
270 273
270 287
271 257
271 266
271 268
271 269
271 270
271 272
271 273
271 274
271 286
271 287
271 288
272 223
272 224
272 225
272 257
272 258
272 265
272 266
272 267
272 268
272 269
272 270
272 271
272 273
272 274
272 275
272 285
272 286
272 287
272 288
273 225
273 257
273 258
273 265
273 266
273 269
273 270
273 271
273 272
273 274
273 275
273 284
273 285
273 286
273 287
273 288
274 225
274 226
274 257
274 258
274 259
274 262
274 264
274 265
274 266
274 271
274 272
274 273
274 275
274 276
274 283
274 284
274 285
274 286
274 287
275 225
275 227
275 258
275 259
275 262
275 272
275 273
275 274
275 276
275 277
275 278
275 281
275 282
275 283
275 284
275 285
275 286
276 261
276 262
276 274
276 275
276 277
276 278
276 279
276 280
276 281
276 282
276 283
276 284
276 285
277 160
277 161
277 275
277 276
277 278
277 279
277 280
277 281
277 282
277 283
277 284
278 160
278 161
278 275
278 276
278 277
278 279
278 280
278 281
278 282
278 283
279 160
279 161
279 162
279 163
279 276
279 277
279 278
279 280
279 281
279 282
280 160
280 161
280 162
280 163
280 164
280 237
280 238
280 239
280 276
280 277
280 278
280 279
280 281
280 282
280 283
281 238
281 239
281 240
281 241
281 275
281 276
281 277
281 278
281 279
281 280
281 282
281 283
281 284
282 163
282 227
282 228
282 229
282 237
282 238
282 239
282 240
282 241
282 262
282 275
282 276
282 277
282 278
282 279
282 280
282 281
282 283
282 284
283 226
283 227
283 228
283 229
283 239
283 240
283 241
283 261
283 262
283 263
283 264
283 274
283 275
283 276
283 277
283 278
283 280
283 281
283 282
283 284
283 285
284 225
284 226
284 227
284 228
284 262
284 263
284 264
284 265
284 273
284 274
284 275
284 276
284 277
284 281
284 282
284 283
284 285
284 286
284 322
284 323
284 324
285 223
285 224
285 225
285 226
285 227
285 228
285 258
285 262
285 263
285 264
285 265
285 266
285 272
285 273
285 274
285 275
285 276
285 283
285 284
285 286
285 287
285 303
285 324
286 222
286 223
286 224
286 225
286 226
286 227
286 265
286 266
286 271
286 272
286 273
286 274
286 275
286 284
286 285
286 287
286 288
286 289
286 324
286 325
286 326
286 327
287 222
287 223
287 224
287 225
287 226
287 266
287 269
287 270
287 271
287 272
287 273
287 274
287 285
287 286
287 288
287 289
287 290
287 301
287 326
288 220
288 221
288 222
288 223
288 224
288 225
288 269
288 271
288 272
288 273
288 286
288 287
288 289
288 290
288 291
288 326
288 327
288 329
289 212
289 217
289 218
289 219
289 220
289 221
289 222
289 223
289 224
289 225
289 286
289 287
289 288
289 290
289 291
289 292
289 299
289 301
289 326
289 327
289 328
290 212
290 217
290 218
290 220
290 221
290 222
290 223
290 224
290 287
290 288
290 289
290 291
290 292
290 293
290 298
290 299
290 300
290 301
291 212
291 213
291 214
291 217
291 218
291 288
291 289
291 290
291 292
291 293
291 294
291 296
291 297
291 298
291 299
292 212
292 213
292 214
292 217
292 289
292 290
292 291
292 293
292 294
292 295
292 296
292 297
292 298
292 299
292 300
293 290
293 291
293 292
293 294
293 295
293 296
293 297
293 298
293 299
294 291
294 292
294 293
294 295
294 296
294 297
295 292
295 293
295 294
295 296
295 297
295 298
296 213
296 291
296 292
296 293
296 294
296 295
296 297
296 298
296 299
297 211
297 212
297 213
297 214
297 215
297 291
297 292
297 293
297 294
297 295
297 296
297 298
297 299
298 177
298 178
298 179
298 210
298 211
298 212
298 213
298 214
298 215
298 290
298 291
298 292
298 293
298 295
298 296
298 297
298 299
298 300
298 301
299 178
299 209
299 210
299 211
299 212
299 213
299 214
299 289
299 290
299 291
299 292
299 293
299 296
299 297
299 298
299 300
299 301
299 302
300 178
300 179
300 180
300 181
300 208
300 209
300 210
300 211
300 212
300 213
300 290
300 292
300 298
300 299
300 301
300 302
300 303
301 207
301 208
301 209
301 210
301 211
301 212
301 224
301 266
301 267
301 268
301 269
301 287
301 289
301 290
301 298
301 299
301 300
301 302
301 303
301 304
302 206
302 207
302 208
302 209
302 210
302 211
302 265
302 266
302 267
302 268
302 269
302 299
302 300
302 301
302 303
302 304
303 205
303 206
303 207
303 208
303 209
303 210
303 226
303 264
303 265
303 266
303 267
303 268
303 285
303 300
303 301
303 302
303 304
303 305
303 306
304 202
304 203
304 204
304 205
304 206
304 207
304 208
304 209
304 263
304 264
304 265
304 266
304 267
304 301
304 302
304 303
304 305
304 306
304 307
305 202
305 203
305 204
305 205
305 206
305 207
305 208
305 242
305 262
305 263
305 264
305 265
305 266
305 303
305 304
305 306
305 307
305 308
305 309
305 341
305 342
305 343
306 203
306 204
306 205
306 206
306 241
306 242
306 243
306 246
306 247
306 252
306 253
306 260
306 261
306 262
306 263
306 264
306 265
306 303
306 304
306 305
306 307
306 308
306 309
306 343
307 203
307 204
307 205
307 241
307 242
307 243
307 244
307 245
307 246
307 247
307 262
307 263
307 264
307 304
307 305
307 306
307 308
307 309
307 310
307 311
307 312
307 314
307 315
307 316
307 342
307 343
307 344
308 202
308 203
308 204
308 205
308 242
308 243
308 246
308 263
308 305
308 306
308 307
308 309
308 310
308 311
308 312
308 314
308 315
308 316
308 317
308 342
308 343
308 344
308 345
309 203
309 204
309 242
309 243
309 305
309 306
309 307
309 308
309 310
309 311
309 312
309 314
309 315
309 316
309 317
309 318
309 319
309 320
309 341
309 342
309 343
309 344
309 345
310 243
310 307
310 308
310 309
310 311
310 312
310 313
310 314
310 315
310 316
310 317
310 318
310 319
310 342
310 343
310 344
311 242
311 243
311 244
311 245
311 246
311 307
311 308
311 309
311 310
311 312
311 313
311 314
311 315
311 316
311 317
311 318
311 343
312 242
312 243
312 244
312 245
312 307
312 308
312 309
312 310
312 311
312 313
312 314
312 315
312 316
312 317
313 241
313 242
313 243
313 244
313 245
313 310
313 311
313 312
313 314
313 315
313 316
314 239
314 240
314 241
314 242
314 243
314 244
314 245
314 246
314 247
314 263
314 307
314 308
314 309
314 310
314 311
314 312
314 313
314 315
314 316
314 317
314 318
315 229
315 230
315 239
315 240
315 241
315 242
315 243
315 263
315 307
315 308
315 309
315 310
315 311
315 312
315 313
315 314
315 316
315 317
315 318
315 319
315 320
315 343
316 242
316 243
316 307
316 308
316 309
316 310
316 311
316 312
316 313
316 314
316 315
316 317
316 318
316 319
317 308
317 309
317 310
317 311
317 312
317 314
317 315
317 316
317 318
317 319
317 320
317 342
317 343
318 230
318 231
318 232
318 235
318 240
318 309
318 310
318 311
318 314
318 315
318 316
318 317
318 319
318 320
318 342
319 229
319 230
319 231
319 232
319 235
319 309
319 310
319 315
319 316
319 317
319 318
319 320
319 321
319 340
319 341
319 342
319 343
320 199
320 228
320 229
320 230
320 231
320 232
320 235
320 236
320 240
320 309
320 315
320 317
320 318
320 319
320 321
320 322
320 323
320 339
320 340
320 341
320 342
320 343
321 167
321 199
321 200
321 227
321 228
321 229
321 230
321 231
321 232
321 236
321 240
321 319
321 320
321 322
321 323
321 324
321 337
321 338
321 339
321 340
321 341
321 342
322 167
322 199
322 200
322 225
322 226
322 227
322 228
322 229
322 230
322 231
322 264
322 284
322 320
322 321
322 323
322 324
322 325
322 337
322 338
322 339
322 340
322 341
323 165
323 166
323 167
323 168
323 169
323 225
323 226
323 227
323 228
323 229
323 284
323 320
323 321
323 322
323 324
323 325
323 336
323 337
323 338
323 339
323 340
324 167
324 169
324 176
324 177
324 178
324 212
324 224
324 225
324 226
324 227
324 228
324 284
324 285
324 286
324 321
324 322
324 323
324 325
324 326
324 327
324 335
324 336
324 337
324 338
324 339
325 169
325 170
325 171
325 176
325 177
325 178
325 212
325 223
325 224
325 225
325 226
325 227
325 286
325 322
325 323
325 324
325 326
325 327
325 328
325 331
325 332
325 333
325 334
325 335
325 336
325 337
325 338
326 171
326 172
326 174
326 176
326 177
326 212
326 214
326 218
326 222
326 223
326 224
326 225
326 226
326 286
326 287
326 288
326 289
326 324
326 325
326 327
326 328
326 329
326 331
326 332
326 333
326 334
326 335
326 336
326 337
327 218
327 219
327 221
327 222
327 223
327 224
327 225
327 286
327 288
327 289
327 324
327 325
327 326
327 328
327 329
327 330
327 331
327 332
327 333
327 334
327 335
327 336
328 218
328 219
328 220
328 221
328 222
328 223
328 224
328 289
328 325
328 326
328 327
328 329
328 330
328 331
328 332
328 333
328 334
328 335
329 219
329 220
329 221
329 222
329 223
329 288
329 326
329 327
329 328
329 330
329 331
329 332
329 333
330 221
330 222
330 223
330 327
330 328
330 329
330 331
330 332
330 333
331 161
331 222
331 223
331 225
331 325
331 326
331 327
331 328
331 329
331 330
331 332
331 333
331 334
332 222
332 325
332 326
332 327
332 328
332 329
332 330
332 331
332 333
332 334
332 335
333 170
333 172
333 222
333 223
333 224
333 225
333 325
333 326
333 327
333 328
333 329
333 330
333 331
333 332
333 334
333 335
333 336
334 170
334 171
334 172
334 173
334 174
334 175
334 176
334 218
334 219
334 222
334 223
334 325
334 326
334 327
334 328
334 331
334 332
334 333
334 335
334 336
335 169
335 170
335 171
335 172
335 173
335 174
335 175
335 176
335 177
335 214
335 218
335 224
335 324
335 325
335 326
335 327
335 328
335 332
335 333
335 334
335 336
335 337
336 166
336 167
336 168
336 169
336 170
336 171
336 172
336 175
336 176
336 177
336 178
336 224
336 225
336 226
336 323
336 324
336 325
336 326
336 327
336 333
336 334
336 335
336 337
336 338
337 167
337 168
337 169
337 170
337 171
337 176
337 177
337 178
337 179
337 226
337 321
337 322
337 323
337 324
337 325
337 326
337 335
337 336
337 338
337 339
338 166
338 167
338 168
338 169
338 170
338 177
338 178
338 198
338 199
338 226
338 227
338 228
338 229
338 321
338 322
338 323
338 324
338 325
338 336
338 337
338 339
338 340
338 341
339 167
339 169
339 178
339 193
339 197
339 198
339 199
339 200
339 228
339 231
339 320
339 321
339 322
339 323
339 324
339 337
339 338
339 340
339 341
340 193
340 194
340 197
340 198
340 199
340 200
340 201
340 228
340 229
340 230
340 231
340 319
340 320
340 321
340 322
340 323
340 338
340 339
340 341
340 342
341 193
341 198
341 199
341 200
341 201
341 202
341 228
341 231
341 305
341 309
341 319
341 320
341 321
341 322
341 338
341 339
341 340
341 342
341 343
341 344
342 191
342 199
342 200
342 201
342 202
342 203
342 204
342 305
342 307
342 308
342 309
342 310
342 317
342 318
342 319
342 320
342 321
342 340
342 341
342 343
342 344
342 345
342 347
342 350
342 351
343 191
343 200
343 201
343 202
343 203
343 204
343 205
343 206
343 305
343 306
343 307
343 308
343 309
343 310
343 311
343 315
343 317
343 319
343 320
343 341
343 342
343 344
343 345
343 346
343 347
343 350
344 190
344 191
344 201
344 202
344 203
344 204
344 307
344 308
344 309
344 310
344 341
344 342
344 343
344 345
344 346
344 347
344 348
344 349
344 350
345 187
345 188
345 189
345 190
345 191
345 201
345 202
345 203
345 204
345 308
345 309
345 342
345 343
345 344
345 346
345 347
345 348
345 349
345 350
346 185
346 186
346 187
346 188
346 189
346 190
346 191
346 192
346 201
346 202
346 203
346 343
346 344
346 345
346 347
346 348
346 349
346 350
346 351
347 184
347 185
347 186
347 187
347 188
347 189
347 190
347 191
347 192
347 193
347 200
347 201
347 202
347 203
347 342
347 343
347 344
347 345
347 346
347 348
347 349
347 350
347 351
347 352
347 353
348 183
348 184
348 185
348 186
348 187
348 188
348 189
348 190
348 191
348 192
348 193
348 194
348 201
348 202
348 344
348 345
348 346
348 347
348 349
348 350
348 351
348 352
348 353
349 185
349 186
349 187
349 189
349 192
349 201
349 344
349 345
349 346
349 347
349 348
349 350
349 351
349 352
349 353
349 354
349 355
350 185
350 192
350 201
350 202
350 342
350 343
350 344
350 345
350 346
350 347
350 348
350 349
350 351
350 352
350 353
350 354
350 355
350 356
351 185
351 191
351 192
351 193
351 194
351 197
351 199
351 200
351 201
351 202
351 342
351 346
351 347
351 348
351 349
351 350
351 352
351 353
351 354
351 355
351 356
351 357
352 185
352 194
352 347
352 348
352 349
352 350
352 351
352 353
352 354
352 355
352 356
352 357
353 347
353 348
353 349
353 350
353 351
353 352
353 354
353 355
353 356
353 357
353 358
353 359
354 194
354 197
354 199
354 349
354 350
354 351
354 352
354 353
354 355
354 356
354 357
354 358
354 359
355 194
355 195
355 196
355 197
355 349
355 350
355 351
355 352
355 353
355 354
355 356
355 357
355 358
355 359
355 360
356 350
356 351
356 352
356 353
356 354
356 355
356 357
356 358
356 359
356 360
356 361
357 351
357 352
357 353
357 354
357 355
357 356
357 358
357 359
357 360
357 361
357 362
358 196
358 197
358 353
358 354
358 355
358 356
358 357
358 359
358 360
358 361
358 362
358 363
359 353
359 354
359 355
359 356
359 357
359 358
359 360
359 361
359 362
359 363
359 364
360 355
360 356
360 357
360 358
360 359
360 361
360 362
360 363
360 364
360 365
361 356
361 357
361 358
361 359
361 360
361 362
361 363
361 364
361 365
361 366
362 357
362 358
362 359
362 360
362 361
362 363
362 364
362 365
362 366
362 367
363 358
363 359
363 360
363 361
363 362
363 364
363 365
363 366
363 367
364 359
364 360
364 361
364 362
364 363
364 365
364 366
364 367
364 368
365 360
365 361
365 362
365 363
365 364
365 366
365 367
365 368
365 369
366 361
366 362
366 363
366 364
366 365
366 367
366 368
366 369
366 370
367 362
367 363
367 364
367 365
367 366
367 368
367 369
367 370
368 364
368 365
368 366
368 367
368 369
368 370
368 371
368 372
369 365
369 366
369 367
369 368
369 370
369 371
369 372
370 366
370 367
370 368
370 369
370 371
370 372
370 373
371 368
371 369
371 370
371 372
371 373
372 368
372 369
372 370
372 371
372 373
372 374
372 375
373 370
373 371
373 372
373 374
373 375
374 372
374 373
374 375
374 376
374 377
375 372
375 373
375 374
375 376
375 377
375 378
376 374
376 375
376 377
376 378
376 379
377 374
377 375
377 376
377 378
377 379
378 375
378 376
378 377
378 379
378 380
379 376
379 377
379 378
379 380
379 381
380 378
380 379
380 381
380 382
381 379
381 380
381 382
381 383
382 380
382 381
382 383
382 384
383 381
383 382
383 384
383 385
383 386
384 382
384 383
384 385
384 386
384 387
385 383
385 384
385 386
385 387
385 388
386 383
386 384
386 385
386 387
386 388
386 389
387 384
387 385
387 386
387 388
387 389
387 390
388 385
388 386
388 387
388 389
388 390
388 391
389 386
389 387
389 388
389 390
389 391
389 392
390 387
390 388
390 389
390 391
390 392
390 393
391 388
391 389
391 390
391 392
391 393
391 394
392 389
392 390
392 391
392 393
392 394
392 395
393 390
393 391
393 392
393 394
393 395
393 396
394 391
394 392
394 393
394 395
394 396
394 397
395 392
395 393
395 394
395 396
395 397
395 398
396 393
396 394
396 395
396 397
396 398
396 399
397 394
397 395
397 396
397 398
397 399
397 400
398 395
398 396
398 397
398 399
398 400
398 401
399 396
399 397
399 398
399 400
399 401
399 402
400 397
400 398
400 399
400 401
400 402
400 403
401 398
401 399
401 400
401 402
401 403
401 404
402 399
402 400
402 401
402 403
402 404
402 410
402 413
403 400
403 401
403 402
403 404
403 405
403 410
404 401
404 402
404 403
404 405
404 406
404 407
404 408
404 409
404 410
404 411
404 413
405 403
405 404
405 406
405 407
405 408
405 409
405 410
406 404
406 405
406 407
406 408
406 409
406 410
406 411
407 404
407 405
407 406
407 408
407 409
407 410
407 411
407 412
407 413
408 404
408 405
408 406
408 407
408 409
408 410
408 411
408 412
408 413
408 414
409 404
409 405
409 406
409 407
409 408
409 410
409 411
409 412
409 413
409 414
409 415
410 402
410 403
410 404
410 405
410 406
410 407
410 408
410 409
410 411
410 412
410 413
410 414
410 415
410 416
411 404
411 406
411 407
411 408
411 409
411 410
411 412
411 413
411 414
411 415
411 416
411 417
412 407
412 408
412 409
412 410
412 411
412 413
412 414
412 415
412 416
412 417
413 402
413 404
413 407
413 408
413 409
413 410
413 411
413 412
413 414
413 415
413 416
413 417
413 418
413 419
414 408
414 409
414 410
414 411
414 412
414 413
414 415
414 416
414 417
414 418
414 419
414 420
415 409
415 410
415 411
415 412
415 413
415 414
415 416
415 417
415 418
415 419
415 420
415 421
416 410
416 411
416 412
416 413
416 414
416 415
416 417
416 418
416 419
416 420
416 421
416 422
417 411
417 412
417 413
417 414
417 415
417 416
417 418
417 419
417 420
417 421
417 422
417 423
418 413
418 414
418 415
418 416
418 417
418 419
418 420
418 421
418 422
418 423
419 413
419 414
419 415
419 416
419 417
419 418
419 420
419 421
419 422
419 423
419 424
420 414
420 415
420 416
420 417
420 418
420 419
420 421
420 422
420 423
420 424
420 425
421 415
421 416
421 417
421 418
421 419
421 420
421 422
421 423
421 424
421 425
421 426
422 416
422 417
422 418
422 419
422 420
422 421
422 423
422 424
422 425
422 426
423 417
423 418
423 419
423 420
423 421
423 422
423 424
423 425
423 426
423 427
423 428
423 431
424 419
424 420
424 421
424 422
424 423
424 425
424 426
424 427
424 428
425 420
425 421
425 422
425 423
425 424
425 426
425 427
425 428
426 421
426 422
426 423
426 424
426 425
426 427
426 428
426 429
426 430
426 431
427 423
427 424
427 425
427 426
427 428
427 429
427 430
427 431
427 432
428 423
428 424
428 425
428 426
428 427
428 429
428 430
428 431
428 432
428 433
429 426
429 427
429 428
429 430
429 431
429 432
429 433
429 434
429 435
430 426
430 427
430 428
430 429
430 431
430 432
430 433
430 434
430 435
431 423
431 426
431 427
431 428
431 429
431 430
431 432
431 433
431 434
431 435
431 436
432 427
432 428
432 429
432 430
432 431
432 433
432 434
432 435
432 436
432 437
433 428
433 429
433 430
433 431
433 432
433 434
433 435
433 436
433 437
433 438
434 429
434 430
434 431
434 432
434 433
434 435
434 436
434 437
434 438
434 439
435 429
435 430
435 431
435 432
435 433
435 434
435 436
435 437
435 438
435 439
435 440
436 431
436 432
436 433
436 434
436 435
436 437
436 438
436 439
436 440
436 441
437 432
437 433
437 434
437 435
437 436
437 438
437 439
437 440
437 441
437 442
438 433
438 434
438 435
438 436
438 437
438 439
438 440
438 441
438 442
438 443
439 434
439 435
439 436
439 437
439 438
439 440
439 441
439 442
439 443
439 444
440 435
440 436
440 437
440 438
440 439
440 441
440 442
440 443
440 444
440 445
441 436
441 437
441 438
441 439
441 440
441 442
441 443
441 444
441 445
441 446
442 437
442 438
442 439
442 440
442 441
442 443
442 444
442 445
442 446
442 447
443 438
443 439
443 440
443 441
443 442
443 444
443 445
443 446
443 447
444 439
444 440
444 441
444 442
444 443
444 445
444 446
444 447
444 448
445 440
445 441
445 442
445 443
445 444
445 446
445 447
445 448
445 449
446 441
446 442
446 443
446 444
446 445
446 447
446 448
446 449
446 450
447 442
447 443
447 444
447 445
447 446
447 448
447 449
447 450
447 451
448 444
448 445
448 446
448 447
448 449
448 450
448 451
449 445
449 446
449 447
449 448
449 450
449 451
449 452
450 446
450 447
450 448
450 449
450 451
450 452
450 453
451 447
451 448
451 449
451 450
451 452
451 453
451 454
452 449
452 450
452 451
452 453
452 454
453 450
453 451
453 452
453 454
453 455
454 451
454 452
454 453
454 455
454 456
455 453
455 454
455 456
455 457
456 454
456 455
456 457
456 458
457 455
457 456
457 458
457 459
458 456
458 457
458 459
458 460
458 461
459 457
459 458
459 460
459 461
460 458
460 459
460 461
460 462
461 458
461 459
461 460
461 462
461 463
461 464
462 460
462 461
462 463
462 464
462 465
463 461
463 462
463 464
463 465
464 461
464 462
464 463
464 465
464 466
464 467
465 462
465 463
465 464
465 466
465 467
465 468
466 464
466 465
466 467
466 468
467 464
467 465
467 466
467 468
467 469
468 465
468 466
468 467
468 469
468 470
469 467
469 468
469 470
469 471
470 468
470 469
470 471
470 472
470 473
471 469
471 470
471 472
471 473
472 470
472 471
472 473
472 474
472 475
473 470
473 471
473 472
473 474
473 475
473 476
474 472
474 473
474 475
474 476
474 477
475 472
475 473
475 474
475 476
475 477
475 478
475 479
476 473
476 474
476 475
476 477
476 478
476 479
477 474
477 475
477 476
477 478
477 479
477 480
478 475
478 476
478 477
478 479
478 480
478 481
479 475
479 476
479 477
479 478
479 480
479 481
479 482
480 477
480 478
480 479
480 481
480 482
480 483
481 478
481 479
481 480
481 482
481 483
482 479
482 480
482 481
482 483
482 484
483 480
483 481
483 482
483 484
483 485
483 486
484 482
484 483
484 485
484 486
485 483
485 484
485 486
485 487
486 483
486 484
486 485
486 487
486 488
487 485
487 486
487 488
487 489
488 486
488 487
488 489
488 490
489 487
489 488
489 490
489 491
490 488
490 489
490 491
490 492
491 489
491 490
491 492
491 493
492 490
492 491
492 493
492 494
493 491
493 492
493 494
493 495
494 492
494 493
494 495
494 496
495 493
495 494
495 496
495 497
496 494
496 495
496 497
496 498
497 495
497 496
497 498
497 499
498 496
498 497
498 499
498 500
499 497
499 498
499 500
499 501
500 498
500 499
500 501
500 502
501 499
501 500
501 502
501 503
502 500
502 501
502 503
502 504
503 501
503 502
503 504
503 505
504 502
504 503
504 505
504 506
505 503
505 504
505 506
505 507
506 504
506 505
506 507
506 508
507 505
507 506
507 508
507 509
508 506
508 507
508 509
508 510
509 507
509 508
509 510
509 511
510 508
510 509
510 511
510 512
511 509
511 510
511 512
511 513
512 510
512 511
512 513
512 514
513 511
513 512
513 514
513 515
514 512
514 513
514 515
514 516
515 513
515 514
515 516
515 517
516 514
516 515
516 517
516 518
517 515
517 516
517 518
517 519
518 516
518 517
518 519
518 520
519 517
519 518
519 520
519 521
520 518
520 519
520 521
520 522
521 519
521 520
521 522
521 523
522 520
522 521
522 523
522 524
523 521
523 522
523 524
523 525
523 526
524 522
524 523
524 525
524 526
524 527
525 523
525 524
525 526
525 527
526 523
526 524
526 525
526 527
526 528
526 529
527 524
527 525
527 526
527 528
527 529
527 530
528 526
528 527
528 529
528 530
529 526
529 527
529 528
529 530
529 531
530 527
530 528
530 529
530 531
530 532
531 529
531 530
531 532
531 533
532 530
532 531
532 533
532 534
533 531
533 532
533 534
533 535
534 532
534 533
534 535
534 536
534 537
535 533
535 534
535 536
535 537
535 538
536 534
536 535
536 537
536 538
536 539
537 534
537 535
537 536
537 538
537 539
537 540
538 535
538 536
538 537
538 539
538 540
538 541
539 536
539 537
539 538
539 540
539 541
539 542
540 537
540 538
540 539
540 541
540 542
540 543
541 538
541 539
541 540
541 542
541 543
541 544
542 539
542 540
542 541
542 543
542 544
542 545
543 540
543 541
543 542
543 544
543 545
543 546
544 541
544 542
544 543
544 545
544 546
544 547
544 550
544 551
545 542
545 543
545 544
545 546
545 547
545 548
545 549
545 550
545 551
545 571
545 572
546 543
546 544
546 545
546 547
546 548
546 549
546 550
546 551
546 570
546 571
546 572
546 573
546 603
547 544
547 545
547 546
547 548
547 549
547 550
547 551
547 552
547 553
547 569
547 570
547 571
547 572
547 573
548 545
548 546
548 547
548 549
548 550
548 551
548 552
548 553
548 554
548 558
548 560
548 561
548 564
548 565
548 569
548 570
548 571
548 572
548 573
548 574
548 575
549 545
549 546
549 547
549 548
549 550
549 551
549 552
549 553
549 554
549 557
549 558
549 559
549 560
549 561
549 562
549 564
549 565
549 570
549 571
549 572
550 544
550 545
550 546
550 547
550 548
550 549
550 551
550 552
550 553
550 554
550 555
550 556
550 557
550 558
550 561
550 571
550 572
551 544
551 545
551 546
551 547
551 548
551 549
551 550
551 552
551 553
551 554
551 555
551 556
551 557
551 558
551 561
551 571
551 572
551 596
551 599
551 600
551 603
552 547
552 548
552 549
552 550
552 551
552 553
552 554
552 555
552 556
552 557
552 558
552 559
552 560
552 561
552 572
552 595
552 596
552 599
553 547
553 548
553 549
553 550
553 551
553 552
553 554
553 555
553 556
553 557
553 558
553 559
553 560
553 561
554 548
554 549
554 550
554 551
554 552
554 553
554 555
554 556
554 557
554 558
554 599
555 550
555 551
555 552
555 553
555 554
555 556
555 557
555 558
555 592
555 595
555 596
555 598
555 599
556 550
556 551
556 552
556 553
556 554
556 555
556 557
556 558
556 559
556 560
556 592
556 595
556 596
557 549
557 550
557 551
557 552
557 553
557 554
557 555
557 556
557 558
557 559
557 560
557 561
557 591
557 592
557 593
557 595
557 596
558 548
558 549
558 550
558 551
558 552
558 553
558 554
558 555
558 556
558 557
558 559
558 560
558 561
558 562
558 592
559 549
559 552
559 553
559 556
559 557
559 558
559 560
559 561
559 562
559 563
559 588
559 592
560 548
560 549
560 552
560 553
560 556
560 557
560 558
560 559
560 561
560 562
560 563
560 564
560 565
560 586
560 587
560 588
560 589
560 592
560 593
560 596
561 548
561 549
561 550
561 551
561 552
561 553
561 557
561 558
561 559
561 560
561 562
561 563
561 564
561 565
561 566
561 569
561 570
561 588
562 549
562 558
562 559
562 560
562 561
562 563
562 564
562 565
562 566
562 567
562 568
562 569
562 586
562 588
563 559
563 560
563 561
563 562
563 564
563 565
563 566
563 567
563 568
563 569
563 583
563 585
563 586
563 587
563 588
563 589
564 548
564 549
564 560
564 561
564 562
564 563
564 565
564 566
564 567
564 568
564 569
564 570
564 571
564 574
564 575
564 583
564 586
564 587
564 588
565 548
565 549
565 560
565 561
565 562
565 563
565 564
565 566
565 567
565 568
565 569
565 570
565 571
566 561
566 562
566 563
566 564
566 565
566 567
566 568
566 569
566 570
566 586
567 562
567 563
567 564
567 565
567 566
567 568
567 569
567 570
567 586
568 562
568 563
568 564
568 565
568 566
568 567
568 569
568 570
568 571
568 574
569 547
569 548
569 561
569 562
569 563
569 564
569 565
569 566
569 567
569 568
569 570
569 571
569 572
569 573
569 574
569 575
570 546
570 547
570 548
570 549
570 561
570 564
570 565
570 566
570 567
570 568
570 569
570 571
570 572
570 573
570 574
570 575
571 545
571 546
571 547
571 548
571 549
571 550
571 551
571 564
571 565
571 568
571 569
571 570
571 572
571 573
571 574
571 575
571 576
572 545
572 546
572 547
572 548
572 549
572 550
572 551
572 552
572 569
572 570
572 571
572 573
572 574
572 575
572 576
572 577
572 600
572 603
573 546
573 547
573 548
573 569
573 570
573 571
573 572
573 574
573 575
573 576
573 577
573 578
573 600
573 603
573 604
574 548
574 564
574 568
574 569
574 570
574 571
574 572
574 573
574 575
574 576
574 577
574 578
575 548
575 564
575 569
575 570
575 571
575 572
575 573
575 574
575 576
575 577
575 578
575 579
575 582
575 583
575 597
575 600
576 571
576 572
576 573
576 574
576 575
576 577
576 578
576 579
576 597
576 599
576 600
576 601
576 603
576 604
577 572
577 573
577 574
577 575
577 576
577 578
577 579
577 580
577 582
577 597
577 600
577 601
577 604
578 573
578 574
578 575
578 576
578 577
578 579
578 580
578 581
578 582
578 583
578 596
578 597
578 600
578 601
579 575
579 576
579 577
579 578
579 580
579 581
579 582
579 583
579 584
579 585
579 597
579 600
580 577
580 578
580 579
580 581
580 582
580 583
580 584
580 585
580 593
580 594
580 596
580 597
580 598
581 578
581 579
581 580
581 582
581 583
581 584
581 585
581 586
581 593
582 575
582 577
582 578
582 579
582 580
582 581
582 583
582 584
582 585
582 586
582 587
582 588
582 593
582 597
583 563
583 564
583 575
583 578
583 579
583 580
583 581
583 582
583 584
583 585
583 586
583 587
583 588
583 589
583 590
583 592
583 593
583 594
583 596
583 597
584 579
584 580
584 581
584 582
584 583
584 585
584 586
584 587
584 588
584 589
584 590
584 593
585 563
585 579
585 580
585 581
585 582
585 583
585 584
585 586
585 587
585 588
586 560
586 562
586 563
586 564
586 566
586 567
586 581
586 582
586 583
586 584
586 585
586 587
586 588
586 589
586 593
587 560
587 563
587 564
587 582
587 583
587 584
587 585
587 586
587 588
587 589
587 590
587 593
588 559
588 560
588 561
588 562
588 563
588 564
588 582
588 583
588 584
588 585
588 586
588 587
588 589
588 590
588 591
588 592
588 593
588 596
589 560
589 563
589 583
589 584
589 586
589 587
589 588
589 590
589 591
589 592
589 593
589 594
590 583
590 584
590 587
590 588
590 589
590 591
590 592
590 593
590 594
590 595
591 557
591 588
591 589
591 590
591 592
591 593
591 594
591 595
591 596
592 555
592 556
592 557
592 558
592 559
592 560
592 583
592 588
592 589
592 590
592 591
592 593
592 594
592 595
592 596
592 597
593 557
593 560
593 580
593 581
593 582
593 583
593 584
593 586
593 587
593 588
593 589
593 590
593 591
593 592
593 594
593 595
593 596
593 597
593 598
593 599
594 580
594 583
594 589
594 590
594 591
594 592
594 593
594 595
594 596
594 597
594 598
594 599
594 600
595 552
595 555
595 556
595 557
595 590
595 591
595 592
595 593
595 594
595 596
595 597
595 598
595 599
595 600
596 551
596 552
596 555
596 556
596 557
596 560
596 578
596 580
596 583
596 588
596 591
596 592
596 593
596 594
596 595
596 597
596 598
596 599
596 600
596 601
596 602
597 575
597 576
597 577
597 578
597 579
597 580
597 582
597 583
597 592
597 593
597 594
597 595
597 596
597 598
597 599
597 600
597 601
597 602
597 603
598 555
598 580
598 593
598 594
598 595
598 596
598 597
598 599
598 600
598 601
598 602
598 603
598 604
599 551
599 552
599 554
599 555
599 576
599 593
599 594
599 595
599 596
599 597
599 598
599 600
599 601
599 602
599 603
599 604
599 605
600 551
600 572
600 573
600 575
600 576
600 577
600 578
600 579
600 594
600 595
600 596
600 597
600 598
600 599
600 601
600 602
600 603
600 604
600 605
601 576
601 577
601 578
601 596
601 597
601 598
601 599
601 600
601 602
601 603
601 604
601 605
601 606
602 596
602 597
602 598
602 599
602 600
602 601
602 603
602 604
602 605
602 606
602 607
603 546
603 551
603 572
603 573
603 576
603 597
603 598
603 599
603 600
603 601
603 602
603 604
603 605
603 606
603 607
603 608
604 573
604 576
604 577
604 598
604 599
604 600
604 601
604 602
604 603
604 605
604 606
604 607
604 608
605 599
605 600
605 601
605 602
605 603
605 604
605 606
605 607
605 608
605 609
606 601
606 602
606 603
606 604
606 605
606 607
606 608
606 609
606 610
607 602
607 603
607 604
607 605
607 606
607 608
607 609
607 610
608 603
608 604
608 605
608 606
608 607
608 609
608 610
608 611
608 634
609 605
609 606
609 607
609 608
609 610
609 611
609 612
610 606
610 607
610 608
610 609
610 611
610 612
611 608
611 609
611 610
611 612
611 613
611 614
611 634
612 609
612 610
612 611
612 613
612 614
612 615
613 611
613 612
613 614
613 615
613 616
614 611
614 612
614 613
614 615
614 616
614 617
615 612
615 613
615 614
615 616
615 617
615 618
616 613
616 614
616 615
616 617
616 618
617 614
617 615
617 616
617 618
617 619
617 620
618 615
618 616
618 617
618 619
618 620
618 621
619 617
619 618
619 620
619 621
620 617
620 618
620 619
620 621
620 622
620 623
621 618
621 619
621 620
621 622
621 623
621 624
622 620
622 621
622 623
622 624
622 625
623 620
623 621
623 622
623 624
623 625
623 626
624 621
624 622
624 623
624 625
624 626
624 627
625 622
625 623
625 624
625 626
625 627
625 628
626 112
626 113
626 114
626 623
626 624
626 625
626 627
626 628
626 629
627 112
627 113
627 114
627 624
627 625
627 626
627 628
627 629
627 630
628 111
628 112
628 113
628 625
628 626
628 627
628 629
628 630
628 631
629 112
629 626
629 627
629 628
629 630
629 631
629 632
630 627
630 628
630 629
630 631
630 632
630 633
631 628
631 629
631 630
631 632
631 633
631 634
632 629
632 630
632 631
632 633
632 634
632 635
633 101
633 630
633 631
633 632
633 634
633 635
633 636
634 608
634 611
634 631
634 632
634 633
634 635
634 636
634 637
635 97
635 98
635 99
635 100
635 101
635 632
635 633
635 634
635 636
635 637
635 638
636 97
636 98
636 99
636 633
636 634
636 635
636 637
636 638
636 639
637 96
637 97
637 98
637 99
637 634
637 635
637 636
637 638
637 639
637 640
638 95
638 96
638 97
638 98
638 99
638 635
638 636
638 637
638 639
638 640
639 94
639 95
639 96
639 97
639 98
639 636
639 637
639 638
639 640
639 641
640 93
640 94
640 95
640 96
640 97
640 637
640 638
640 639
640 641
640 642
641 92
641 93
641 94
641 95
641 96
641 639
641 640
641 642
641 643
642 70
642 91
642 92
642 93
642 94
642 95
642 640
642 641
642 643
642 644
643 70
643 71
643 90
643 91
643 92
643 93
643 94
643 641
643 642
643 644
643 645
644 72
644 89
644 90
644 91
644 92
644 93
644 642
644 643
644 645
644 646
645 73
645 88
645 89
645 90
645 91
645 92
645 643
645 644
645 646
645 647
646 74
646 87
646 88
646 89
646 90
646 91
646 644
646 645
646 647
646 648
647 75
647 86
647 87
647 88
647 89
647 90
647 645
647 646
647 648
647 649
647 650
648 76
648 85
648 86
648 87
648 88
648 89
648 646
648 647
648 649
648 650
648 651
649 84
649 85
649 86
649 87
649 88
649 647
649 648
649 650
649 651
650 83
650 84
650 85
650 86
650 87
650 647
650 648
650 649
650 651
650 652
650 653
651 82
651 83
651 84
651 85
651 86
651 648
651 649
651 650
651 652
651 653
651 654
652 82
652 83
652 84
652 85
652 650
652 651
652 653
652 654
652 655
652 656
652 657
653 84
653 650
653 651
653 652
653 654
653 655
653 656
653 657
654 651
654 652
654 653
654 655
654 656
654 657
654 658
655 652
655 653
655 654
655 656
655 657
655 658
656 82
656 652
656 653
656 654
656 655
656 657
656 658
656 659
656 660
657 652
657 653
657 654
657 655
657 656
657 658
657 659
657 660
657 661
657 662
658 654
658 655
658 656
658 657
658 659
658 660
658 661
658 662
658 663
659 656
659 657
659 658
659 660
659 661
659 662
660 656
660 657
660 658
660 659
660 661
660 662
660 663
661 657
661 658
661 659
661 660
661 662
661 663
661 664
661 665
662 657
662 658
662 659
662 660
662 661
662 663
662 664
662 665
663 658
663 660
663 661
663 662
663 664
663 665
663 666
664 661
664 662
664 663
664 665
664 666
664 667
665 661
665 662
665 663
665 664
665 666
665 667
665 668
665 669
666 663
666 664
666 665
666 667
666 668
666 669
666 670
667 664
667 665
667 666
667 668
667 669
667 670
667 671
668 665
668 666
668 667
668 669
668 670
668 671
669 665
669 666
669 667
669 668
669 670
669 671
669 672
670 666
670 667
670 668
670 669
670 671
670 672
670 673
671 667
671 668
671 669
671 670
671 672
671 673
671 674
672 669
672 670
672 671
672 673
672 674
672 675
673 670
673 671
673 672
673 674
673 675
673 676
674 671
674 672
674 673
674 675
674 676
674 677
675 672
675 673
675 674
675 676
675 677
675 678
676 673
676 674
676 675
676 677
676 678
677 674
677 675
677 676
677 678
677 679
678 675
678 676
678 677
678 679
679 677
679 678
