0 1
0 2
0 3
0 4
0 5
1 0
1 2
1 3
1 4
1 5
1 6
2 0
2 1
2 3
2 4
2 5
2 6
2 7
2 8
3 0
3 1
3 2
3 4
3 5
3 6
3 7
3 8
3 9
4 0
4 1
4 2
4 3
4 5
4 6
4 7
4 8
4 9
4 10
5 0
5 1
5 2
5 3
5 4
5 6
5 7
5 8
5 9
5 10
5 11
6 1
6 2
6 3
6 4
6 5
6 7
6 8
6 9
6 10
6 11
6 12
7 2
7 3
7 4
7 5
7 6
7 8
7 9
7 10
7 11
7 12
8 2
8 3
8 4
8 5
8 6
8 7
8 9
8 10
8 11
8 12
8 13
8 14
9 3
9 4
9 5
9 6
9 7
9 8
9 10
9 11
9 12
9 13
9 14
9 15
10 4
10 5
10 6
10 7
10 8
10 9
10 11
10 12
10 13
10 14
10 15
10 16
11 5
11 6
11 7
11 8
11 9
11 10
11 12
11 13
11 14
11 15
11 16
11 17
12 6
12 7
12 8
12 9
12 10
12 11
12 13
12 14
12 15
12 16
12 17
12 18
13 8
13 9
13 10
13 11
13 12
13 14
13 15
13 16
13 17
13 18
13 19
14 8
14 9
14 10
14 11
14 12
14 13
14 15
14 16
14 17
14 18
14 19
14 20
15 9
15 10
15 11
15 12
15 13
15 14
15 16
15 17
15 18
15 19
15 20
15 21
16 10
16 11
16 12
16 13
16 14
16 15
16 17
16 18
16 19
16 20
16 21
16 22
17 11
17 12
17 13
17 14
17 15
17 16
17 18
17 19
17 20
17 21
17 22
17 23
18 12
18 13
18 14
18 15
18 16
18 17
18 19
18 20
18 21
18 22
18 23
18 24
19 13
19 14
19 15
19 16
19 17
19 18
19 20
19 21
19 22
19 23
19 24
19 25
20 14
20 15
20 16
20 17
20 18
20 19
20 21
20 22
20 23
20 24
20 25
20 26
20 486
21 15
21 16
21 17
21 18
21 19
21 20
21 22
21 23
21 24
21 25
21 26
21 27
22 16
22 17
22 18
22 19
22 20
22 21
22 23
22 24
22 25
22 26
22 27
22 28
23 17
23 18
23 19
23 20
23 21
23 22
23 24
23 25
23 26
23 27
23 28
23 29
24 18
24 19
24 20
24 21
24 22
24 23
24 25
24 26
24 27
24 28
24 29
24 30
24 32
24 33
24 34
25 19
25 20
25 21
25 22
25 23
25 24
25 26
25 27
25 28
25 29
25 30
25 32
25 33
25 34
26 20
26 21
26 22
26 23
26 24
26 25
26 27
26 28
26 29
26 30
26 31
26 32
27 21
27 22
27 23
27 24
27 25
27 26
27 28
27 29
27 30
27 31
27 32
27 33
27 34
28 22
28 23
28 24
28 25
28 26
28 27
28 29
28 30
28 31
28 32
28 33
28 34
29 23
29 24
29 25
29 26
29 27
29 28
29 30
29 31
29 32
29 33
30 24
30 25
30 26
30 27
30 28
30 29
30 31
30 32
30 33
31 26
31 27
31 28
31 29
31 30
31 32
31 33
31 34
31 196
32 24
32 25
32 26
32 27
32 28
32 29
32 30
32 31
32 33
32 34
32 35
32 478
33 24
33 25
33 27
33 28
33 29
33 30
33 31
33 32
33 34
33 35
33 36
34 24
34 25
34 27
34 28
34 31
34 32
34 33
34 35
34 36
34 37
34 39
34 40
35 32
35 33
35 34
35 36
35 37
35 38
35 39
35 40
35 41
35 42
35 43
36 33
36 34
36 35
36 37
36 38
36 39
36 40
36 41
36 42
37 34
37 35
37 36
37 38
37 39
37 40
37 41
37 42
37 43
38 35
38 36
38 37
38 39
38 40
38 41
38 42
38 43
38 44
39 34
39 35
39 36
39 37
39 38
39 40
39 41
39 42
39 43
39 44
39 45
40 34
40 35
40 36
40 37
40 38
40 39
40 41
40 42
40 43
40 44
40 45
40 46
41 35
41 36
41 37
41 38
41 39
41 40
41 42
41 43
41 44
41 45
41 46
41 47
42 35
42 36
42 37
42 38
42 39
42 40
42 41
42 43
42 44
42 45
42 46
42 47
43 35
43 37
43 38
43 39
43 40
43 41
43 42
43 44
43 45
43 46
43 47
43 48
43 49
44 38
44 39
44 40
44 41
44 42
44 43
44 45
44 46
44 47
44 48
44 49
44 50
45 39
45 40
45 41
45 42
45 43
45 44
45 46
45 47
45 48
45 49
45 50
45 51
46 40
46 41
46 42
46 43
46 44
46 45
46 47
46 48
46 49
46 50
46 51
46 52
47 41
47 42
47 43
47 44
47 45
47 46
47 48
47 49
47 50
47 51
47 52
47 53
48 43
48 44
48 45
48 46
48 47
48 49
48 50
48 51
48 52
48 53
48 54
49 43
49 44
49 45
49 46
49 47
49 48
49 50
49 51
49 52
49 53
49 54
49 55
50 44
50 45
50 46
50 47
50 48
50 49
50 51
50 52
50 53
50 54
50 55
50 56
51 45
51 46
51 47
51 48
51 49
51 50
51 52
51 53
51 54
51 55
51 56
52 46
52 47
52 48
52 49
52 50
52 51
52 53
52 54
52 55
52 56
52 57
52 58
53 47
53 48
53 49
53 50
53 51
53 52
53 54
53 55
53 56
53 57
53 58
53 59
54 48
54 49
54 50
54 51
54 52
54 53
54 55
54 56
54 57
54 58
54 59
54 60
55 49
55 50
55 51
55 52
55 53
55 54
55 56
55 57
55 58
55 59
55 60
55 61
56 50
56 51
56 52
56 53
56 54
56 55
56 57
56 58
56 59
56 60
56 61
56 62
57 52
57 53
57 54
57 55
57 56
57 58
57 59
57 60
57 61
57 62
57 63
58 52
58 53
58 54
58 55
58 56
58 57
58 59
58 60
58 61
58 62
58 63
59 53
59 54
59 55
59 56
59 57
59 58
59 60
59 61
59 62
59 63
59 64
60 54
60 55
60 56
60 57
60 58
60 59
60 61
60 62
60 63
60 64
60 65
60 66
61 55
61 56
61 57
61 58
61 59
61 60
61 62
61 63
61 64
61 65
61 66
62 56
62 57
62 58
62 59
62 60
62 61
62 63
62 64
62 65
62 66
63 57
63 58
63 59
63 60
63 61
63 62
63 64
63 65
63 66
63 67
64 59
64 60
64 61
64 62
64 63
64 65
64 66
64 67
64 68
65 60
65 61
65 62
65 63
65 64
65 66
65 67
65 68
66 60
66 61
66 62
66 63
66 64
66 65
66 67
66 68
67 63
67 64
67 65
67 66
67 68
67 69
67 70
68 64
68 65
68 66
68 67
68 69
68 70
68 71
69 67
69 68
69 70
69 71
70 67
70 68
70 69
70 71
70 72
71 68
71 69
71 70
71 72
71 73
72 70
72 71
72 73
72 74
73 71
73 72
73 74
73 75
74 72
74 73
74 75
74 76
75 73
75 74
75 76
75 77
75 78
76 74
76 75
76 77
76 78
77 75
77 76
77 78
77 79
78 75
78 76
78 77
78 79
78 80
79 77
79 78
79 80
79 81
80 78
80 79
80 81
80 82
80 83
81 79
81 80
81 82
81 83
81 84
82 80
82 81
82 83
82 84
82 85
83 80
83 81
83 82
83 84
83 85
83 86
84 81
84 82
84 83
84 85
84 86
84 87
85 82
85 83
85 84
85 86
85 87
85 88
86 83
86 84
86 85
86 87
86 88
86 89
87 84
87 85
87 86
87 88
87 89
88 85
88 86
88 87
88 89
88 90
88 91
89 86
89 87
89 88
89 90
89 91
90 88
90 89
90 91
90 92
90 93
91 88
91 89
91 90
91 92
91 93
91 94
92 90
92 91
92 93
92 94
92 95
93 90
93 91
93 92
93 94
93 95
93 96
94 91
94 92
94 93
94 95
94 96
94 97
95 92
95 93
95 94
95 96
95 97
95 98
96 93
96 94
96 95
96 97
96 98
96 99
97 94
97 95
97 96
97 98
97 99
97 100
98 95
98 96
98 97
98 99
98 100
98 101
99 96
99 97
99 98
99 100
99 101
99 102
100 97
100 98
100 99
100 101
100 102
100 103
101 98
101 99
101 100
101 102
101 103
101 104
102 99
102 100
102 101
102 103
102 104
102 105
103 100
103 101
103 102
103 104
103 105
103 106
104 101
104 102
104 103
104 105
104 106
104 107
105 102
105 103
105 104
105 106
105 107
105 108
106 103
106 104
106 105
106 107
106 108
106 109
107 104
107 105
107 106
107 108
107 109
107 110
108 105
108 106
108 107
108 109
108 110
108 111
109 106
109 107
109 108
109 110
109 111
109 112
110 107
110 108
110 109
110 111
110 112
110 113
110 424
110 425
111 108
111 109
111 110
111 112
111 113
111 114
112 109
112 110
112 111
112 113
112 114
112 115
112 257
112 258
112 259
112 260
112 328
113 110
113 111
113 112
113 114
113 115
113 116
113 258
113 259
113 260
113 261
113 328
113 329
113 330
114 111
114 112
114 113
114 115
114 116
114 117
114 119
114 120
114 258
114 259
114 260
114 325
114 326
114 327
114 328
114 329
114 330
114 331
115 112
115 113
115 114
115 116
115 117
115 118
115 119
115 120
115 121
115 259
115 260
115 261
115 263
115 325
115 326
115 327
115 328
115 329
115 330
115 331
115 332
116 113
116 114
116 115
116 117
116 118
116 119
116 120
116 121
116 122
116 260
116 263
116 325
116 326
116 328
116 329
116 330
116 331
116 332
116 334
116 335
117 114
117 115
117 116
117 118
117 119
117 120
117 121
117 122
117 123
117 325
117 326
117 328
117 329
117 330
117 331
117 332
117 333
117 334
117 335
117 336
117 337
117 338
117 339
118 115
118 116
118 117
118 119
118 120
118 121
118 122
118 123
118 124
118 263
118 267
118 329
118 334
118 335
118 338
118 342
119 114
119 115
119 116
119 117
119 118
119 120
119 121
119 122
119 123
119 124
119 125
119 259
119 260
119 261
119 262
119 263
119 264
119 266
119 267
119 325
119 329
119 338
120 114
120 115
120 116
120 117
120 118
120 119
120 121
120 122
120 123
120 124
120 125
120 126
120 259
120 260
120 262
120 263
120 266
120 267
120 321
120 322
120 324
120 325
120 326
120 328
120 329
120 330
120 334
120 335
120 338
120 339
120 342
121 115
121 116
121 117
121 118
121 119
121 120
121 122
121 123
121 124
121 125
121 126
121 127
121 263
121 266
121 267
121 325
121 335
121 337
121 338
121 339
121 340
121 341
121 342
121 343
122 116
122 117
122 118
122 119
122 120
122 121
122 123
122 124
122 125
122 126
122 127
122 128
122 129
122 262
122 263
122 264
122 265
122 266
122 267
122 268
122 269
122 270
122 271
122 338
122 342
123 117
123 118
123 119
123 120
123 121
123 122
123 124
123 125
123 126
123 127
123 128
123 129
123 130
123 259
123 260
123 262
123 263
123 264
123 265
123 266
123 267
123 269
123 270
123 318
123 321
123 322
123 325
123 342
123 392
123 394
123 395
123 396
124 118
124 119
124 120
124 121
124 122
124 123
124 125
124 126
124 127
124 128
124 129
124 130
124 263
124 266
124 316
124 317
124 318
124 319
124 321
124 322
124 325
124 338
124 339
124 342
124 343
124 346
124 395
125 119
125 120
125 121
125 122
125 123
125 124
125 126
125 127
125 128
125 129
125 130
125 266
125 267
125 269
125 270
125 273
125 316
125 318
125 338
125 339
125 341
125 342
125 343
125 345
125 346
125 392
126 120
126 121
126 122
126 123
126 124
126 125
126 127
126 128
126 129
126 130
126 131
126 263
126 265
126 266
126 267
126 268
126 269
126 270
126 273
126 318
126 342
126 388
126 389
126 391
126 392
126 393
126 394
126 395
126 396
127 121
127 122
127 123
127 124
127 125
127 126
127 128
127 129
127 130
127 131
127 132
127 216
127 266
127 314
127 315
127 316
127 317
127 318
127 319
127 320
127 321
127 392
127 393
127 395
127 396
128 122
128 123
128 124
128 125
128 126
128 127
128 129
128 130
128 131
128 132
128 133
128 155
128 158
128 313
128 314
128 315
128 316
128 317
128 318
128 319
128 342
128 343
128 346
128 347
128 350
129 122
129 123
129 124
129 125
129 126
129 127
129 128
129 130
129 131
129 132
129 133
129 134
129 269
129 270
129 273
129 315
129 316
129 317
129 318
129 342
129 343
129 345
129 346
129 347
129 349
129 350
129 392
130 123
130 124
130 125
130 126
130 127
130 128
130 129
130 131
130 132
130 133
130 134
130 216
130 220
130 266
130 269
130 270
130 273
130 315
130 316
130 317
130 385
130 388
130 389
130 391
130 392
130 393
131 126
131 127
131 128
131 129
131 130
131 132
131 133
131 134
131 135
131 216
131 219
131 220
131 223
131 224
131 269
131 273
131 315
131 385
131 386
131 388
131 389
131 390
131 392
131 393
131 452
131 456
132 127
132 128
132 129
132 130
132 131
132 133
132 134
132 135
132 136
132 216
132 219
132 220
132 223
132 311
132 312
132 313
132 314
132 315
132 316
132 350
132 368
132 389
132 452
132 453
132 456
133 128
133 129
133 130
133 131
133 132
133 134
133 135
133 136
133 137
133 138
133 273
133 277
133 311
133 312
133 315
133 346
133 349
133 350
133 351
133 353
133 354
133 368
133 369
134 129
134 130
134 131
134 132
134 133
134 135
134 136
134 137
134 138
134 139
134 223
134 315
134 350
134 353
134 354
134 357
134 366
134 367
134 368
134 369
134 370
134 385
134 452
134 453
135 131
135 132
135 133
135 134
135 136
135 137
135 138
135 139
135 140
135 308
135 311
135 312
135 315
135 354
135 365
135 366
135 367
135 368
135 369
135 452
135 453
135 454
135 456
135 457
136 132
136 133
136 134
136 135
136 137
136 138
136 139
136 140
136 141
136 147
136 148
136 151
136 308
136 309
136 311
136 312
136 315
136 350
136 351
136 353
136 354
136 355
136 357
136 358
136 367
136 368
136 369
136 453
137 133
137 134
137 135
137 136
137 138
137 139
137 140
137 141
137 142
137 143
137 144
137 147
137 148
137 308
137 350
137 351
137 353
137 354
137 355
137 356
137 357
137 358
137 359
137 361
137 362
137 365
137 366
137 367
137 368
137 369
138 133
138 134
138 135
138 136
138 137
138 139
138 140
138 141
138 142
138 143
138 144
138 147
138 308
138 311
138 354
138 357
138 358
138 362
138 363
138 364
138 365
138 366
138 367
138 368
138 369
138 453
139 134
139 135
139 136
139 137
139 138
139 140
139 141
139 142
139 143
139 144
139 146
139 147
139 148
139 150
139 151
139 304
139 305
139 306
139 307
139 308
139 309
139 310
139 311
139 312
139 354
139 358
139 365
139 367
139 453
139 457
140 135
140 136
140 137
140 138
140 139
140 141
140 142
140 143
140 144
140 145
140 146
140 147
140 148
140 149
140 150
140 151
140 296
140 297
140 300
140 305
140 308
140 309
140 312
140 351
140 354
140 355
140 357
140 358
140 359
140 362
140 365
141 136
141 137
141 138
141 139
141 140
141 142
141 143
141 144
141 145
141 147
141 295
141 296
141 297
141 300
141 301
141 304
141 305
141 308
141 354
141 355
141 358
141 359
141 361
141 362
141 363
141 364
141 365
141 366
141 367
142 137
142 138
142 139
142 140
142 141
142 143
142 144
142 145
142 146
142 147
142 296
142 297
142 298
142 299
142 300
142 301
142 302
142 303
142 304
142 305
142 306
142 307
142 308
142 309
142 363
143 137
143 138
143 139
143 140
143 141
143 142
143 144
143 145
143 146
143 147
143 148
143 149
143 150
143 296
143 297
143 298
143 299
143 300
143 301
143 302
143 304
143 305
143 306
143 307
143 308
143 309
144 137
144 138
144 139
144 140
144 141
144 142
144 143
144 145
144 146
144 147
144 148
144 149
144 295
144 296
144 297
144 298
144 299
144 300
144 301
144 305
144 355
144 358
145 140
145 141
145 142
145 143
145 144
145 146
145 147
145 148
145 149
145 150
145 296
145 297
145 298
145 299
145 300
145 355
146 139
146 140
146 142
146 143
146 144
146 145
146 147
146 148
146 149
146 150
146 151
146 152
146 153
146 297
146 298
146 299
146 300
146 305
146 309
147 136
147 137
147 138
147 139
147 140
147 141
147 142
147 143
147 144
147 145
147 146
147 148
147 149
147 150
147 151
147 152
147 153
147 298
147 300
147 305
147 308
147 309
147 312
147 351
147 354
147 355
148 136
148 137
148 139
148 140
148 143
148 144
148 145
148 146
148 147
148 149
148 150
148 151
148 152
148 153
148 312
148 347
148 350
148 351
148 352
148 354
148 355
149 140
149 143
149 144
149 145
149 146
149 147
149 148
149 150
149 151
149 152
149 153
149 154
149 351
150 139
150 140
150 143
150 145
150 146
150 147
150 148
150 149
150 151
150 152
150 153
150 154
150 155
150 156
150 157
150 308
150 309
150 312
150 313
150 351
151 136
151 139
151 140
151 146
151 147
151 148
151 149
151 150
151 152
151 153
151 154
151 155
151 156
151 309
151 311
151 312
151 313
151 315
151 316
151 346
151 347
151 348
151 350
151 351
151 354
152 146
152 147
152 148
152 149
152 150
152 151
152 153
152 154
152 155
152 156
152 157
152 312
152 343
152 344
152 346
152 347
152 348
152 350
152 351
153 146
153 147
153 148
153 149
153 150
153 151
153 152
153 154
153 155
153 156
153 157
153 158
153 159
153 312
153 313
153 347
154 149
154 150
154 151
154 152
154 153
154 155
154 156
154 157
154 158
154 159
154 160
154 309
154 312
154 313
154 314
154 315
154 316
154 317
154 343
154 347
154 468
154 469
155 128
155 150
155 151
155 152
155 153
155 154
155 156
155 157
155 158
155 159
155 160
155 161
155 312
155 313
155 315
155 316
155 317
155 340
155 342
155 343
155 344
155 345
155 346
155 347
155 348
155 350
156 150
156 151
156 152
156 153
156 154
156 155
156 157
156 158
156 159
156 160
156 161
156 162
156 316
156 340
156 343
156 344
156 347
157 150
157 152
157 153
157 154
157 155
157 156
157 158
157 159
157 160
157 161
157 162
157 163
157 313
157 316
157 343
157 468
157 469
157 491
157 492
157 495
158 128
158 153
158 154
158 155
158 156
158 157
158 159
158 160
158 161
158 162
158 163
158 164
158 313
158 316
158 317
158 318
158 319
158 339
158 343
158 465
158 468
158 469
158 472
158 495
159 153
159 154
159 155
159 156
159 157
159 158
159 160
159 161
159 162
159 163
159 164
159 316
159 318
159 319
159 336
159 338
159 339
159 340
159 341
159 342
159 343
159 344
159 468
160 154
160 155
160 156
160 157
160 158
160 159
160 161
160 162
160 163
160 164
160 165
160 336
160 339
160 340
160 343
160 468
160 469
160 472
160 473
160 491
160 492
161 155
161 156
161 157
161 158
161 159
161 160
161 162
161 163
161 164
161 165
161 166
161 167
161 318
161 319
161 467
161 468
161 469
161 470
161 471
161 472
161 473
161 476
161 491
161 492
161 495
162 156
162 157
162 158
162 159
162 160
162 161
162 163
162 164
162 165
162 166
162 167
162 317
162 318
162 319
162 320
162 321
162 322
162 323
162 335
162 336
162 339
162 467
162 468
162 469
162 472
162 473
163 157
163 158
163 159
163 160
163 161
163 162
163 164
163 165
163 166
163 167
163 168
163 319
163 322
163 335
163 336
163 339
163 340
163 472
163 476
164 158
164 159
164 160
164 161
164 162
164 163
164 165
164 166
164 167
164 168
164 169
164 472
164 473
164 475
164 476
164 477
164 480
164 488
164 492
165 160
165 161
165 162
165 163
165 164
165 166
165 167
165 168
165 169
165 170
165 184
165 185
165 188
165 319
165 320
165 322
165 323
165 467
165 468
165 469
165 471
165 472
165 473
165 474
165 475
165 476
166 161
166 162
166 163
166 164
166 165
166 167
166 168
166 169
166 170
166 180
166 182
166 183
166 184
166 185
166 188
166 319
166 322
166 323
166 326
166 327
166 335
166 336
166 472
166 476
167 161
167 162
167 163
167 164
167 165
167 166
167 168
167 169
167 170
167 171
167 178
167 180
167 472
167 475
167 476
167 479
167 480
168 163
168 164
168 165
168 166
168 167
168 169
168 170
168 171
168 180
168 181
168 182
168 184
168 185
168 187
168 188
168 189
168 191
168 192
168 323
168 472
168 475
168 476
168 477
168 478
168 479
168 480
169 164
169 165
169 166
169 167
169 168
169 170
169 171
169 178
169 179
169 180
169 181
169 182
169 183
169 184
169 185
169 187
169 188
169 191
169 323
169 327
169 479
170 165
170 166
170 167
170 168
170 169
170 171
170 172
170 173
170 177
170 178
170 179
170 180
170 181
170 182
170 183
170 188
170 479
170 480
171 167
171 168
171 169
171 170
171 172
171 173
171 174
171 176
171 177
171 178
171 179
171 180
171 181
171 182
171 479
171 480
172 170
172 171
172 173
172 174
172 175
172 176
172 177
172 178
172 179
172 180
172 181
173 170
173 171
173 172
173 174
173 175
173 176
173 177
173 178
173 179
173 180
173 181
174 171
174 172
174 173
174 175
174 176
174 177
174 178
175 172
175 173
175 174
175 176
175 177
175 178
176 171
176 172
176 173
176 174
176 175
176 177
176 178
176 179
177 170
177 171
177 172
177 173
177 174
177 175
177 176
177 178
177 179
177 180
178 167
178 169
178 170
178 171
178 172
178 173
178 174
178 175
178 176
178 177
178 179
178 180
178 181
179 169
179 170
179 171
179 172
179 173
179 176
179 177
179 178
179 180
179 181
179 182
180 166
180 167
180 168
180 169
180 170
180 171
180 172
180 173
180 177
180 178
180 179
180 181
180 182
180 183
180 327
181 168
181 169
181 170
181 171
181 172
181 173
181 178
181 179
181 180
181 182
181 183
181 184
181 187
181 188
182 166
182 168
182 169
182 170
182 171
182 179
182 180
182 181
182 183
182 184
182 185
182 186
182 187
182 188
182 189
182 190
182 191
182 323
182 327
183 166
183 169
183 170
183 180
183 181
183 182
183 184
183 185
183 186
183 187
183 188
183 323
183 324
183 326
183 327
184 165
184 166
184 168
184 169
184 181
184 182
184 183
184 185
184 186
184 187
184 188
184 189
184 190
184 202
184 320
184 321
184 322
184 323
184 324
184 327
184 403
185 165
185 166
185 168
185 169
185 182
185 183
185 184
185 186
185 187
185 188
185 189
185 190
185 201
185 202
185 205
185 206
185 209
185 319
185 320
185 321
185 322
185 323
185 324
185 403
185 467
185 471
185 472
185 475
186 182
186 183
186 184
186 185
186 187
186 188
186 189
186 190
186 191
186 192
186 199
186 200
186 201
186 202
186 203
186 204
186 205
186 206
186 207
186 209
186 320
186 323
186 403
186 406
186 407
187 168
187 169
187 181
187 182
187 183
187 184
187 185
187 186
187 188
187 189
187 190
187 191
187 192
187 193
187 198
187 199
187 201
187 202
187 205
187 206
187 323
188 165
188 166
188 168
188 169
188 170
188 181
188 182
188 183
188 184
188 185
188 186
188 187
188 189
188 190
188 191
188 192
188 193
188 194
188 201
188 202
188 205
188 323
188 471
188 472
188 475
188 476
188 479
189 168
189 182
189 184
189 185
189 186
189 187
189 188
189 190
189 191
189 192
189 193
189 194
189 198
189 199
189 200
189 201
189 202
189 203
189 204
189 205
189 206
189 471
189 472
189 474
189 475
189 479
190 182
190 184
190 185
190 186
190 187
190 188
190 189
190 191
190 192
190 193
190 194
190 195
190 196
190 197
190 198
190 199
190 200
190 201
190 202
190 203
190 204
190 205
191 168
191 169
191 182
191 186
191 187
191 188
191 189
191 190
191 192
191 193
191 194
191 195
191 197
191 198
191 199
191 201
191 202
191 475
191 478
191 479
192 168
192 186
192 187
192 188
192 189
192 190
192 191
192 193
192 194
192 195
192 196
192 197
192 198
192 199
192 200
192 201
192 202
192 474
192 475
192 476
192 477
192 478
192 479
193 187
193 188
193 189
193 190
193 191
193 192
193 194
193 195
193 196
193 197
193 198
193 199
193 200
193 201
193 202
193 475
193 478
194 188
194 189
194 190
194 191
194 192
194 193
194 195
194 196
194 197
194 198
194 199
194 200
194 201
194 202
195 190
195 191
195 192
195 193
195 194
195 196
195 197
195 198
196 31
196 190
196 192
196 193
196 194
196 195
196 197
196 198
196 199
196 200
197 190
197 191
197 192
197 193
197 194
197 195
197 196
197 198
197 199
197 200
197 201
197 202
198 187
198 189
198 190
198 191
198 192
198 193
198 194
198 195
198 196
198 197
198 199
198 200
198 201
198 202
198 203
199 186
199 187
199 189
199 190
199 191
199 192
199 193
199 194
199 196
199 197
199 198
199 200
199 201
199 202
199 203
199 204
200 186
200 189
200 190
200 192
200 193
200 194
200 196
200 197
200 198
200 199
200 201
200 202
200 203
200 204
200 205
200 206
201 185
201 186
201 187
201 188
201 189
201 190
201 191
201 192
201 193
201 194
201 197
201 198
201 199
201 200
201 202
201 203
201 204
201 205
201 206
201 471
202 184
202 185
202 186
202 187
202 188
202 189
202 190
202 191
202 192
202 193
202 194
202 197
202 198
202 199
202 200
202 201
202 203
202 204
202 205
202 206
202 207
202 208
202 407
203 186
203 189
203 190
203 198
203 199
203 200
203 201
203 202
203 204
203 205
203 206
203 207
203 208
203 209
203 407
204 186
204 189
204 190
204 199
204 200
204 201
204 202
204 203
204 205
204 206
204 207
204 208
204 209
205 185
205 186
205 187
205 188
205 189
205 190
205 200
205 201
205 202
205 203
205 204
205 206
205 207
205 208
205 209
205 210
205 211
205 320
205 463
205 466
205 467
205 471
206 185
206 186
206 187
206 189
206 200
206 201
206 202
206 203
206 204
206 205
206 207
206 208
206 209
206 210
206 211
206 212
206 320
206 400
206 403
206 404
206 406
206 407
207 186
207 202
207 203
207 204
207 205
207 206
207 208
207 209
207 210
207 211
207 212
207 403
207 404
207 407
207 463
208 202
208 203
208 204
208 205
208 206
208 207
208 209
208 210
208 211
208 212
208 213
208 214
208 320
208 459
208 462
208 463
208 464
208 466
208 467
209 185
209 186
209 203
209 204
209 205
209 206
209 207
209 208
209 210
209 211
209 212
209 213
209 214
209 215
209 319
209 320
209 321
209 396
209 399
209 400
209 403
209 404
209 463
209 464
209 466
209 467
210 205
210 206
210 207
210 208
210 209
210 211
210 212
210 213
210 214
210 215
210 216
210 320
210 396
210 397
210 399
210 400
210 401
210 402
210 403
210 404
210 463
211 205
211 206
211 207
211 208
211 209
211 210
211 212
211 213
211 214
211 215
211 216
211 217
211 400
211 459
211 462
211 463
211 464
212 206
212 207
212 208
212 209
212 210
212 211
212 213
212 214
212 215
212 216
212 217
212 218
212 314
212 317
212 320
212 396
212 400
212 458
212 459
212 460
212 462
212 463
212 464
212 467
213 208
213 209
213 210
213 211
213 212
213 214
213 215
213 216
213 217
213 218
213 219
213 320
213 321
213 393
213 395
213 396
213 397
213 398
213 399
213 400
213 401
213 403
213 459
213 463
214 208
214 209
214 210
214 211
214 212
214 213
214 215
214 216
214 217
214 218
214 219
214 220
214 396
214 397
214 399
214 400
214 401
214 438
214 439
214 441
214 442
214 445
214 459
215 209
215 210
215 211
215 212
215 213
215 214
215 216
215 217
215 218
215 219
215 220
215 221
215 396
215 442
215 445
215 446
215 455
215 456
215 458
215 459
215 460
215 463
216 127
216 130
216 131
216 132
216 210
216 211
216 212
216 213
216 214
216 215
216 217
216 218
216 219
216 220
216 221
216 222
216 314
216 392
216 393
216 395
216 396
216 397
216 442
216 455
216 456
216 459
217 211
217 212
217 213
217 214
217 215
217 216
217 218
217 219
217 220
217 221
217 222
217 389
217 390
217 392
217 393
217 394
217 395
217 396
217 397
217 400
217 438
217 439
217 441
217 442
217 443
217 445
217 446
218 212
218 213
218 214
218 215
218 216
218 217
218 219
218 220
218 221
218 222
218 223
218 224
218 247
218 393
218 439
218 441
218 442
218 443
218 444
218 445
218 446
218 447
218 449
218 450
218 452
218 455
219 131
219 132
219 213
219 214
219 215
219 216
219 217
219 218
219 220
219 221
219 222
219 223
219 224
219 225
219 389
219 393
219 442
219 443
219 445
219 446
219 449
219 450
219 451
219 452
219 453
219 455
219 456
219 459
220 130
220 131
220 132
220 214
220 215
220 216
220 217
220 218
220 219
220 221
220 222
220 223
220 224
220 225
220 226
220 243
220 246
220 247
220 386
220 388
220 389
220 390
220 391
220 392
220 393
220 442
220 443
220 446
220 452
221 215
221 216
221 217
221 218
221 219
221 220
221 222
221 223
221 224
221 225
221 226
221 240
221 242
221 243
221 244
221 245
221 246
221 247
221 250
221 386
221 389
221 390
221 393
221 439
221 442
221 443
221 444
221 445
221 446
221 447
221 450
221 452
222 216
222 217
222 218
222 219
222 220
222 221
222 223
222 224
222 225
222 226
222 227
222 239
222 240
222 242
222 243
222 246
222 247
222 389
222 442
222 443
222 445
222 446
222 447
222 448
222 449
222 450
222 451
222 452
222 455
223 131
223 132
223 134
223 218
223 219
223 220
223 221
223 222
223 224
223 225
223 226
223 227
223 228
223 229
223 239
223 242
223 243
223 246
223 368
223 382
223 385
223 386
223 389
223 446
223 450
223 451
223 452
223 453
224 131
224 218
224 219
224 220
224 221
224 222
224 223
224 225
224 226
224 227
224 228
224 229
224 239
224 242
224 243
224 244
224 245
224 246
224 247
224 382
224 383
224 385
224 386
224 387
224 388
224 389
224 390
224 446
225 219
225 220
225 221
225 222
225 223
225 224
225 226
225 227
225 228
225 229
225 230
225 238
225 239
225 240
225 241
225 242
225 243
225 244
225 245
225 246
225 247
225 386
225 446
225 447
225 450
226 220
226 221
226 222
226 223
226 224
226 225
226 227
226 228
226 229
226 230
226 231
226 238
226 239
226 240
226 242
226 243
226 368
226 371
226 382
226 386
226 450
226 451
226 452
227 222
227 223
227 224
227 225
227 226
227 228
227 229
227 230
227 231
227 232
227 239
227 242
227 243
227 368
227 370
227 371
227 378
227 379
227 381
227 382
227 383
227 385
227 386
228 223
228 224
228 225
228 226
228 227
228 229
228 230
228 231
228 232
228 233
228 237
228 238
228 239
228 241
228 242
228 243
228 245
228 246
228 379
228 382
228 383
228 385
228 386
229 223
229 224
229 225
229 226
229 227
229 228
229 230
229 231
229 232
229 233
229 234
229 235
229 236
229 237
229 238
229 239
229 240
229 241
229 242
229 243
229 379
229 382
230 225
230 226
230 227
230 228
230 229
230 231
230 232
230 233
230 234
230 239
230 370
230 371
230 375
230 378
230 379
230 382
231 226
231 227
231 228
231 229
231 230
231 232
231 233
231 234
231 235
231 370
231 371
231 375
231 376
231 377
231 378
231 379
231 380
231 381
231 382
231 383
232 227
232 228
232 229
232 230
232 231
232 233
232 234
232 235
232 236
232 237
232 375
232 378
232 379
233 228
233 229
233 230
233 231
233 232
233 234
233 235
233 236
233 237
233 238
233 239
233 375
234 229
234 230
234 231
234 232
234 233
234 235
234 236
234 237
235 229
235 231
235 232
235 233
235 234
235 236
235 237
235 238
236 229
236 232
236 233
236 234
236 235
236 237
236 238
236 239
236 241
237 228
237 229
237 232
237 233
237 234
237 235
237 236
237 238
237 239
237 240
237 241
237 242
238 225
238 226
238 228
238 229
238 233
238 235
238 236
238 237
238 239
238 240
238 241
238 242
238 243
238 244
239 222
239 223
239 224
239 225
239 226
239 227
239 228
239 229
239 230
239 233
239 236
239 237
239 238
239 240
239 241
239 242
239 243
239 244
239 245
239 447
239 450
240 221
240 222
240 225
240 226
240 229
240 237
240 238
240 239
240 241
240 242
240 243
240 244
240 245
240 246
240 443
240 444
240 446
240 447
240 448
240 450
241 225
241 228
241 229
241 236
241 237
241 238
241 239
241 240
241 242
241 243
241 244
241 245
241 246
241 247
241 447
242 221
242 222
242 223
242 224
242 225
242 226
242 227
242 228
242 229
242 237
242 238
242 239
242 240
242 241
242 243
242 244
242 245
242 246
242 247
242 248
243 220
243 221
243 222
243 223
243 224
243 225
243 226
243 227
243 228
243 229
243 238
243 239
243 240
243 241
243 242
243 244
243 245
243 246
243 247
243 248
243 249
243 443
243 444
243 446
243 447
244 221
244 224
244 225
244 238
244 239
244 240
244 241
244 242
244 243
244 245
244 246
244 247
244 248
244 249
244 250
244 440
244 443
244 444
244 446
244 447
245 221
245 224
245 225
245 228
245 239
245 240
245 241
245 242
245 243
245 244
245 246
245 247
245 248
245 249
245 250
246 220
246 221
246 222
246 223
246 224
246 225
246 228
246 240
246 241
246 242
246 243
246 244
246 245
246 247
246 248
246 249
246 250
246 251
246 386
246 387
246 389
246 390
246 443
247 218
247 220
247 221
247 222
247 224
247 225
247 241
247 242
247 243
247 244
247 245
247 246
247 248
247 249
247 250
247 251
247 252
247 253
247 390
247 439
247 440
247 442
247 443
248 242
248 243
248 244
248 245
248 246
248 247
248 249
248 250
248 251
248 252
248 439
248 440
248 443
249 243
249 244
249 245
249 246
249 247
249 248
249 250
249 251
249 252
249 253
249 390
250 221
250 244
250 245
250 246
250 247
250 248
250 249
250 251
250 252
250 253
250 254
250 390
250 391
250 393
250 394
250 397
250 436
250 439
251 246
251 247
251 248
251 249
251 250
251 252
251 253
251 254
251 255
251 435
251 436
251 438
251 439
251 440
252 247
252 248
252 249
252 250
252 251
252 253
252 254
252 255
252 256
252 394
252 436
253 247
253 249
253 250
253 251
253 252
253 254
253 255
253 256
253 257
253 261
253 262
253 390
253 391
253 393
253 394
253 395
253 397
253 398
253 435
253 436
253 439
254 250
254 251
254 252
254 253
254 255
254 256
254 257
254 394
254 397
254 398
254 401
254 431
254 432
254 433
254 434
254 435
254 436
254 437
254 438
254 439
255 251
255 252
255 253
255 254
255 256
255 257
255 258
255 398
255 427
255 431
255 432
255 435
255 436
256 252
256 253
256 254
256 255
256 257
256 258
256 259
256 260
256 261
256 262
256 394
256 395
256 397
256 398
256 401
256 435
257 112
257 253
257 254
257 255
257 256
257 258
257 259
257 260
257 261
257 262
257 398
257 401
257 402
257 425
257 426
257 427
258 112
258 113
258 114
258 255
258 256
258 257
258 259
258 260
258 261
258 262
258 263
258 328
258 398
259 112
259 113
259 114
259 115
259 119
259 120
259 123
259 256
259 257
259 258
259 260
259 261
259 262
259 263
259 264
259 265
259 324
259 325
259 328
259 394
259 395
259 398
259 399
260 112
260 113
260 114
260 115
260 116
260 119
260 120
260 123
260 256
260 257
260 258
260 259
260 261
260 262
260 263
260 264
260 265
260 266
260 328
261 113
261 115
261 119
261 253
261 256
261 257
261 258
261 259
261 260
261 262
261 263
261 264
261 265
261 266
261 394
261 395
262 119
262 120
262 122
262 123
262 253
262 256
262 257
262 258
262 259
262 260
262 261
262 263
262 264
262 265
262 266
262 267
262 391
262 392
262 393
262 394
262 395
262 396
262 397
262 398
263 115
263 116
263 118
263 119
263 120
263 121
263 122
263 123
263 124
263 126
263 258
263 259
263 260
263 261
263 262
263 264
263 265
263 266
263 267
263 268
263 269
263 325
263 392
263 394
263 395
264 119
264 122
264 123
264 259
264 260
264 261
264 262
264 263
264 265
264 266
264 267
264 268
264 269
264 270
264 391
264 394
265 122
265 123
265 126
265 259
265 260
265 261
265 262
265 263
265 264
265 266
265 267
265 268
265 269
265 270
265 271
265 388
265 390
265 391
265 392
265 393
265 394
265 395
266 119
266 120
266 121
266 122
266 123
266 124
266 125
266 126
266 127
266 130
266 260
266 261
266 262
266 263
266 264
266 265
266 267
266 268
266 269
266 270
266 271
266 272
266 388
266 391
266 392
266 393
266 394
266 395
267 118
267 119
267 120
267 121
267 122
267 123
267 125
267 126
267 262
267 263
267 264
267 265
267 266
267 268
267 269
267 270
267 271
267 272
267 273
267 391
267 392
268 122
268 126
268 263
268 264
268 265
268 266
268 267
268 269
268 270
268 271
268 272
268 273
268 387
268 388
268 391
268 392
269 122
269 123
269 125
269 126
269 129
269 130
269 131
269 263
269 264
269 265
269 266
269 267
269 268
269 270
269 271
269 272
269 273
269 274
269 384
269 385
269 387
269 388
269 389
269 390
269 391
269 392
269 393
270 122
270 123
270 125
270 126
270 129
270 130
270 264
270 265
270 266
270 267
270 268
270 269
270 271
270 272
270 273
270 274
270 275
270 276
270 388
270 391
270 392
271 122
271 265
271 266
271 267
271 268
271 269
271 270
271 272
271 273
271 274
271 275
271 276
271 388
272 266
272 267
272 268
272 269
272 270
272 271
272 273
272 274
272 275
272 276
272 277
272 384
272 385
272 386
272 387
272 388
272 389
272 391
273 125
273 126
273 129
273 130
273 131
273 133
273 267
273 268
273 269
273 270
273 271
273 272
273 274
273 275
273 276
273 277
273 278
273 279
273 349
273 384
273 385
273 387
273 388
273 389
274 269
274 270
274 271
274 272
274 273
274 275
274 276
274 277
274 278
274 279
274 349
275 270
275 271
275 272
275 273
275 274
275 276
275 277
275 278
275 279
275 280
275 281
275 381
275 384
275 385
276 270
276 271
276 272
276 273
276 274
276 275
276 277
276 278
276 279
276 280
276 281
276 282
276 380
276 381
276 382
276 383
276 384
276 385
276 388
277 133
277 272
277 273
277 274
277 275
277 276
277 278
277 279
277 280
277 281
277 282
277 283
277 349
277 350
277 352
277 353
277 381
278 273
278 274
278 275
278 276
278 277
278 279
278 280
278 281
278 282
278 283
278 284
278 353
279 273
279 274
279 275
279 276
279 277
279 278
279 280
279 281
279 282
279 283
279 284
279 285
279 377
279 380
279 381
280 275
280 276
280 277
280 278
280 279
280 281
280 282
280 283
280 284
280 285
280 286
280 353
280 356
280 357
280 369
280 370
280 373
280 377
280 378
280 381
281 275
281 276
281 277
281 278
281 279
281 280
281 282
281 283
281 284
281 285
281 286
281 287
281 352
281 353
281 354
281 355
281 356
281 357
281 360
282 276
282 277
282 278
282 279
282 280
282 281
282 283
282 284
282 285
282 286
282 287
282 288
282 356
283 277
283 278
283 279
283 280
283 281
283 282
283 284
283 285
283 286
283 287
283 288
283 356
283 357
283 360
283 373
283 377
284 278
284 279
284 280
284 281
284 282
284 283
284 285
284 286
284 287
284 288
284 289
284 290
284 291
284 353
284 356
284 357
284 358
284 359
284 360
284 361
284 373
285 279
285 280
285 281
285 282
285 283
285 284
285 286
285 287
285 288
285 289
285 290
285 291
285 356
285 357
285 359
285 360
286 280
286 281
286 282
286 283
286 284
286 285
286 287
286 288
286 289
286 290
286 360
287 281
287 282
287 283
287 284
287 285
287 286
287 288
287 289
287 290
287 291
287 356
287 359
287 360
287 361
288 282
288 283
288 284
288 285
288 286
288 287
288 289
288 290
288 291
288 292
288 356
288 359
288 360
289 284
289 285
289 286
289 287
289 288
289 290
289 291
289 292
289 360
290 284
290 285
290 286
290 287
290 288
290 289
290 291
290 292
290 293
290 359
290 360
290 361
291 284
291 285
291 287
291 288
291 289
291 290
291 292
291 293
291 294
291 295
291 356
291 357
291 358
291 359
291 360
291 361
291 362
292 288
292 289
292 290
292 291
292 293
292 294
292 295
292 296
292 356
292 358
292 359
292 360
292 361
292 362
292 363
293 290
293 291
293 292
293 294
293 295
293 296
293 297
293 358
293 359
293 360
293 362
294 291
294 292
294 293
294 295
294 296
294 297
294 359
294 362
295 141
295 144
295 291
295 292
295 293
295 294
295 296
295 297
295 298
295 358
295 359
295 361
295 362
295 363
296 140
296 141
296 142
296 143
296 144
296 145
296 292
296 293
296 294
296 295
296 297
296 298
296 299
296 355
296 358
296 359
296 362
296 363
297 140
297 141
297 142
297 143
297 144
297 145
297 146
297 293
297 294
297 295
297 296
297 298
297 299
297 300
297 362
298 142
298 143
298 144
298 145
298 146
298 147
298 295
298 296
298 297
298 299
298 300
299 142
299 143
299 144
299 145
299 146
299 296
299 297
299 298
299 300
299 301
299 302
300 140
300 141
300 142
300 143
300 144
300 145
300 146
300 147
300 297
300 298
300 299
300 301
300 302
300 303
300 304
300 305
300 306
301 141
301 142
301 143
301 144
301 299
301 300
301 302
301 303
301 304
301 305
301 306
301 308
302 142
302 143
302 299
302 300
302 301
302 303
302 304
302 305
302 306
302 307
302 509
303 142
303 300
303 301
303 302
303 304
303 305
303 306
303 307
303 308
303 505
303 506
303 508
303 509
303 510
303 512
303 513
304 139
304 141
304 142
304 143
304 300
304 301
304 302
304 303
304 305
304 306
304 307
304 308
304 309
304 310
304 454
304 457
304 506
304 509
304 510
304 513
305 139
305 140
305 141
305 142
305 143
305 144
305 146
305 147
305 300
305 301
305 302
305 303
305 304
305 306
305 307
305 308
305 309
305 310
305 311
305 457
305 505
305 506
305 509
306 139
306 142
306 143
306 300
306 301
306 302
306 303
306 304
306 305
306 307
306 308
306 309
306 310
306 311
306 312
306 457
306 458
306 461
306 501
306 502
306 503
306 504
306 505
306 506
306 507
306 508
306 509
306 510
307 139
307 142
307 143
307 302
307 303
307 304
307 305
307 306
307 308
307 309
307 310
307 311
307 312
307 313
307 453
307 454
307 455
307 456
307 457
307 458
307 459
307 460
307 461
307 502
307 503
307 505
307 506
307 507
307 508
307 509
307 510
307 511
307 513
308 135
308 136
308 137
308 138
308 139
308 140
308 141
308 142
308 143
308 147
308 150
308 301
308 303
308 304
308 305
308 306
308 307
308 309
308 310
308 311
308 312
308 313
308 314
308 453
308 454
308 456
308 457
308 458
308 460
308 461
308 506
308 510
309 136
309 139
309 140
309 142
309 143
309 146
309 147
309 150
309 151
309 154
309 304
309 305
309 306
309 307
309 308
309 310
309 311
309 312
309 313
309 314
309 315
309 457
309 460
309 461
309 465
309 499
309 502
309 503
309 505
309 506
310 139
310 304
310 305
310 306
310 307
310 308
310 309
310 311
310 312
310 313
310 314
310 315
310 453
310 454
310 455
310 456
310 457
310 458
310 459
310 460
310 461
310 462
310 463
310 464
310 465
310 502
310 503
310 505
310 506
310 507
310 510
311 132
311 133
311 135
311 136
311 138
311 139
311 151
311 305
311 306
311 307
311 308
311 309
311 310
311 312
311 313
311 314
311 315
311 316
311 452
311 453
311 454
311 455
311 456
311 457
311 458
311 459
311 460
311 461
311 464
311 506
312 132
312 133
312 135
312 136
312 139
312 140
312 147
312 148
312 150
312 151
312 152
312 153
312 154
312 155
312 306
312 307
312 308
312 309
312 310
312 311
312 313
312 314
312 315
312 316
312 317
312 350
312 456
312 457
312 460
312 461
312 464
313 128
313 132
313 150
313 151
313 153
313 154
313 155
313 157
313 158
313 307
313 308
313 309
313 310
313 311
313 312
313 314
313 315
313 316
313 317
313 456
313 457
313 459
313 460
313 461
313 463
313 464
313 465
313 468
313 469
313 499
313 502
313 503
314 127
314 128
314 132
314 154
314 212
314 216
314 308
314 309
314 310
314 311
314 312
314 313
314 315
314 316
314 317
314 318
314 456
314 457
314 458
314 459
314 460
314 461
314 462
314 463
314 464
314 465
314 467
314 468
315 127
315 128
315 129
315 130
315 131
315 132
315 133
315 134
315 135
315 136
315 151
315 154
315 155
315 309
315 310
315 311
315 312
315 313
315 314
315 316
315 317
315 318
315 346
315 350
315 456
315 457
315 459
315 460
315 464
316 124
316 125
316 127
316 128
316 129
316 130
316 132
316 151
316 154
316 155
316 156
316 157
316 158
316 159
316 311
316 312
316 313
316 314
316 315
316 317
316 318
316 319
316 343
316 346
316 347
316 460
316 464
316 465
316 468
317 124
317 127
317 128
317 129
317 130
317 154
317 155
317 158
317 162
317 212
317 312
317 313
317 314
317 315
317 316
317 318
317 319
317 320
317 321
317 460
317 463
317 464
317 465
317 467
317 468
317 469
318 123
318 124
318 125
318 126
318 127
318 128
318 129
318 158
318 159
318 161
318 162
318 314
318 315
318 316
318 317
318 319
318 320
318 321
318 322
318 323
318 396
318 464
318 467
318 468
319 124
319 127
319 128
319 158
319 159
319 161
319 162
319 163
319 165
319 166
319 185
319 209
319 316
319 317
319 318
319 320
319 321
319 322
319 323
319 324
319 325
319 464
319 467
319 468
319 469
319 471
319 472
320 127
320 162
320 165
320 184
320 185
320 186
320 205
320 206
320 208
320 209
320 210
320 212
320 213
320 317
320 318
320 319
320 321
320 322
320 323
320 324
320 325
320 396
320 399
320 400
320 403
320 464
320 467
320 468
321 120
321 123
321 124
321 127
321 162
321 184
321 185
321 209
321 213
321 317
321 318
321 319
321 320
321 322
321 323
321 324
321 325
321 326
321 395
321 396
321 398
321 399
321 400
322 120
322 123
322 124
322 162
322 163
322 165
322 166
322 184
322 185
322 318
322 319
322 320
322 321
322 323
322 324
322 325
322 326
322 327
322 328
322 335
322 339
323 162
323 165
323 166
323 168
323 169
323 182
323 183
323 184
323 185
323 186
323 187
323 188
323 318
323 319
323 320
323 321
323 322
323 324
323 325
323 326
323 327
323 328
324 120
324 183
324 184
324 185
324 259
324 319
324 320
324 321
324 322
324 323
324 325
324 326
324 327
324 328
324 329
324 399
324 402
325 114
325 115
325 116
325 117
325 119
325 120
325 121
325 123
325 124
325 259
325 263
325 319
325 320
325 321
325 322
325 323
325 324
325 326
325 327
325 328
325 329
325 332
325 335
326 114
326 115
326 116
326 117
326 120
326 166
326 183
326 321
326 322
326 323
326 324
326 325
326 327
326 328
326 329
326 330
326 331
326 332
326 333
326 334
326 335
326 336
327 114
327 115
327 166
327 169
327 180
327 182
327 183
327 184
327 322
327 323
327 324
327 325
327 326
327 328
327 329
327 330
327 331
327 332
328 112
328 113
328 114
328 115
328 116
328 117
328 120
328 258
328 259
328 260
328 322
328 323
328 324
328 325
328 326
328 327
328 329
328 330
328 331
328 332
329 113
329 114
329 115
329 116
329 117
329 118
329 119
329 120
329 324
329 325
329 326
329 327
329 328
329 330
329 331
329 332
329 333
329 334
329 335
330 113
330 114
330 115
330 116
330 117
330 120
330 326
330 327
330 328
330 329
330 331
330 332
330 333
330 334
331 114
331 115
331 116
331 117
331 326
331 327
331 328
331 329
331 330
331 332
331 333
331 334
331 335
332 115
332 116
332 117
332 325
332 326
332 327
332 328
332 329
332 330
332 331
332 333
332 334
332 335
332 336
332 338
333 117
333 326
333 329
333 330
333 331
333 332
333 334
333 335
333 336
333 337
333 338
334 116
334 117
334 118
334 120
334 326
334 329
334 330
334 331
334 332
334 333
334 335
334 336
334 337
334 338
334 339
335 116
335 117
335 118
335 120
335 121
335 162
335 163
335 166
335 322
335 325
335 326
335 329
335 331
335 332
335 333
335 334
335 336
335 337
335 338
335 339
335 340
336 117
336 159
336 160
336 162
336 163
336 166
336 326
336 332
336 333
336 334
336 335
336 337
336 338
336 339
336 340
336 341
337 117
337 121
337 333
337 334
337 335
337 336
337 338
337 339
337 340
337 341
337 342
338 117
338 118
338 119
338 120
338 121
338 122
338 124
338 125
338 159
338 332
338 333
338 334
338 335
338 336
338 337
338 339
338 340
338 341
338 342
338 343
339 117
339 120
339 121
339 124
339 125
339 158
339 159
339 160
339 162
339 163
339 322
339 334
339 335
339 336
339 337
339 338
339 340
339 341
339 342
339 343
339 344
340 121
340 155
340 156
340 159
340 160
340 163
340 335
340 336
340 337
340 338
340 339
340 341
340 342
340 343
340 344
340 345
340 346
341 121
341 125
341 159
341 336
341 337
341 338
341 339
341 340
341 342
341 343
341 344
341 345
341 346
341 347
342 118
342 120
342 121
342 122
342 123
342 124
342 125
342 126
342 128
342 129
342 155
342 159
342 337
342 338
342 339
342 340
342 341
342 343
342 344
342 345
342 346
342 347
343 121
343 124
343 125
343 128
343 129
343 152
343 154
343 155
343 156
343 157
343 158
343 159
343 160
343 316
343 338
343 339
343 340
343 341
343 342
343 344
343 345
343 346
343 347
343 348
343 349
344 152
344 155
344 156
344 159
344 339
344 340
344 341
344 342
344 343
344 345
344 346
344 347
344 348
344 349
344 350
345 125
345 129
345 155
345 340
345 341
345 342
345 343
345 344
345 346
345 347
345 348
345 349
345 350
345 351
346 124
346 125
346 128
346 129
346 133
346 151
346 152
346 155
346 315
346 316
346 340
346 341
346 342
346 343
346 344
346 345
346 347
346 348
346 349
346 350
346 351
346 352
347 128
347 129
347 148
347 151
347 152
347 153
347 154
347 155
347 156
347 316
347 341
347 342
347 343
347 344
347 345
347 346
347 348
347 349
347 350
347 351
347 352
347 353
348 151
348 152
348 155
348 343
348 344
348 345
348 346
348 347
348 349
348 350
348 351
348 352
348 353
348 354
349 129
349 133
349 273
349 274
349 277
349 343
349 344
349 345
349 346
349 347
349 348
349 350
349 351
349 352
349 353
349 354
349 355
350 128
350 129
350 132
350 133
350 134
350 136
350 137
350 148
350 151
350 152
350 155
350 277
350 312
350 315
350 344
350 345
350 346
350 347
350 348
350 349
350 351
350 352
350 353
350 354
350 355
350 356
351 133
351 136
351 137
351 140
351 147
351 148
351 149
351 150
351 151
351 152
351 345
351 346
351 347
351 348
351 349
351 350
351 352
351 353
351 354
351 355
351 356
351 357
352 148
352 277
352 281
352 346
352 347
352 348
352 349
352 350
352 351
352 353
352 354
352 355
352 356
352 357
352 358
353 133
353 134
353 136
353 137
353 277
353 278
353 280
353 281
353 284
353 347
353 348
353 349
353 350
353 351
353 352
353 354
353 355
353 356
353 357
353 358
353 359
354 133
354 134
354 135
354 136
354 137
354 138
354 139
354 140
354 141
354 147
354 148
354 151
354 281
354 348
354 349
354 350
354 351
354 352
354 353
354 355
354 356
354 357
354 358
354 359
354 369
355 136
355 137
355 140
355 141
355 144
355 145
355 147
355 148
355 281
355 296
355 349
355 350
355 351
355 352
355 353
355 354
355 356
355 357
355 358
355 359
355 360
355 362
356 137
356 280
356 281
356 282
356 283
356 284
356 285
356 287
356 288
356 291
356 292
356 350
356 351
356 352
356 353
356 354
356 355
356 357
356 358
356 359
356 360
356 361
356 362
357 134
357 136
357 137
357 138
357 140
357 280
357 281
357 283
357 284
357 285
357 291
357 351
357 352
357 353
357 354
357 355
357 356
357 358
357 359
357 360
357 361
357 362
357 365
357 369
357 370
357 372
358 136
358 137
358 138
358 139
358 140
358 141
358 144
358 284
358 291
358 292
358 293
358 295
358 296
358 352
358 353
358 354
358 355
358 356
358 357
358 359
358 360
358 361
358 362
358 363
358 364
358 365
358 366
358 369
359 137
359 140
359 141
359 284
359 285
359 287
359 288
359 290
359 291
359 292
359 293
359 294
359 295
359 296
359 353
359 354
359 355
359 356
359 357
359 358
359 360
359 361
359 362
359 363
359 365
360 281
360 283
360 284
360 285
360 286
360 287
360 288
360 289
360 290
360 291
360 292
360 293
360 355
360 356
360 357
360 358
360 359
360 361
360 362
360 363
360 364
360 365
360 372
361 137
361 141
361 284
361 287
361 290
361 291
361 292
361 295
361 356
361 357
361 358
361 359
361 360
361 362
361 363
361 364
361 365
361 366
361 369
361 372
361 373
362 137
362 138
362 140
362 141
362 291
362 292
362 293
362 294
362 295
362 296
362 297
362 355
362 356
362 357
362 358
362 359
362 360
362 361
362 363
362 364
362 365
362 366
363 138
363 141
363 142
363 292
363 295
363 296
363 358
363 359
363 360
363 361
363 362
363 364
363 365
363 366
364 138
364 141
364 358
364 360
364 361
364 362
364 363
364 365
364 366
364 367
364 369
364 372
365 135
365 137
365 138
365 139
365 140
365 141
365 357
365 358
365 359
365 360
365 361
365 362
365 363
365 364
365 366
365 367
365 368
365 369
365 370
365 371
365 372
366 134
366 135
366 137
366 138
366 141
366 358
366 361
366 362
366 363
366 364
366 365
366 367
366 368
366 369
366 370
366 371
366 372
366 453
367 134
367 135
367 136
367 137
367 138
367 139
367 141
367 364
367 365
367 366
367 368
367 369
367 370
367 371
367 372
367 451
367 452
367 453
367 454
368 132
368 133
368 134
368 135
368 136
368 137
368 138
368 223
368 226
368 227
368 365
368 366
368 367
368 369
368 370
368 371
368 372
368 452
368 453
369 133
369 134
369 135
369 136
369 137
369 138
369 280
369 354
369 357
369 358
369 361
369 364
369 365
369 366
369 367
369 368
369 370
369 371
369 372
369 373
369 378
370 134
370 227
370 230
370 231
370 280
370 357
370 365
370 366
370 367
370 368
370 369
370 371
370 372
370 373
370 374
370 375
370 377
370 378
370 379
370 381
370 382
370 385
371 226
371 227
371 230
371 231
371 365
371 366
371 367
371 368
371 369
371 370
371 372
371 373
371 374
371 375
371 378
371 379
371 382
372 357
372 360
372 361
372 364
372 365
372 366
372 367
372 368
372 369
372 370
372 371
372 373
372 374
372 375
372 378
373 280
373 283
373 284
373 361
373 369
373 370
373 371
373 372
373 374
373 375
373 376
373 377
373 378
373 379
373 381
373 382
374 370
374 371
374 372
374 373
374 375
374 376
374 377
374 378
374 379
375 230
375 231
375 232
375 233
375 370
375 371
375 372
375 373
375 374
375 376
375 377
375 378
375 379
375 380
376 231
376 373
376 374
376 375
376 377
376 378
376 379
376 380
376 381
377 231
377 279
377 280
377 283
377 370
377 373
377 374
377 375
377 376
377 378
377 379
377 380
377 381
377 382
378 227
378 230
378 231
378 232
378 280
378 369
378 370
378 371
378 372
378 373
378 374
378 375
378 376
378 377
378 379
378 380
378 381
378 382
378 383
379 227
379 228
379 229
379 230
379 231
379 232
379 370
379 371
379 373
379 374
379 375
379 376
379 377
379 378
379 380
379 381
379 382
379 383
379 384
379 385
380 231
380 276
380 279
380 375
380 376
380 377
380 378
380 379
380 381
380 382
380 383
380 384
380 385
381 227
381 231
381 275
381 276
381 277
381 279
381 280
381 370
381 373
381 376
381 377
381 378
381 379
381 380
381 382
381 383
381 384
381 385
381 386
381 387
382 223
382 224
382 226
382 227
382 228
382 229
382 230
382 231
382 276
382 370
382 371
382 373
382 377
382 378
382 379
382 380
382 381
382 383
382 384
382 385
382 386
382 387
382 388
383 224
383 227
383 228
383 231
383 276
383 378
383 379
383 380
383 381
383 382
383 384
383 385
383 386
383 387
383 388
383 389
384 269
384 272
384 273
384 275
384 276
384 379
384 380
384 381
384 382
384 383
384 385
384 386
384 387
384 388
384 389
384 390
385 130
385 131
385 134
385 223
385 224
385 227
385 228
385 269
385 272
385 273
385 275
385 276
385 370
385 379
385 380
385 381
385 382
385 383
385 384
385 386
385 387
385 388
385 389
385 390
385 391
386 131
386 220
386 221
386 223
386 224
386 225
386 226
386 227
386 228
386 246
386 272
386 381
386 382
386 383
386 384
386 385
386 387
386 388
386 389
386 390
386 391
386 392
387 224
387 246
387 268
387 269
387 272
387 273
387 381
387 382
387 383
387 384
387 385
387 386
387 388
387 389
387 390
387 391
387 392
388 126
388 130
388 131
388 220
388 224
388 265
388 266
388 268
388 269
388 270
388 271
388 272
388 273
388 276
388 382
388 383
388 384
388 385
388 386
388 387
388 389
388 390
388 391
388 392
388 393
389 126
389 130
389 131
389 132
389 217
389 219
389 220
389 221
389 222
389 223
389 224
389 246
389 269
389 272
389 273
389 383
389 384
389 385
389 386
389 387
389 388
389 390
389 391
389 392
389 393
389 394
390 131
390 217
390 220
390 221
390 224
390 246
390 247
390 249
390 250
390 253
390 265
390 269
390 384
390 385
390 386
390 387
390 388
390 389
390 391
390 392
390 393
390 394
391 126
391 130
391 220
391 250
391 253
391 262
391 264
391 265
391 266
391 267
391 268
391 269
391 270
391 272
391 385
391 386
391 387
391 388
391 389
391 390
391 392
391 393
391 394
391 395
392 123
392 125
392 126
392 127
392 129
392 130
392 131
392 216
392 217
392 220
392 262
392 263
392 265
392 266
392 267
392 268
392 269
392 270
392 386
392 387
392 388
392 389
392 390
392 391
392 393
392 394
392 395
392 396
392 397
393 126
393 127
393 130
393 131
393 213
393 216
393 217
393 218
393 219
393 220
393 221
393 250
393 253
393 262
393 265
393 266
393 269
393 388
393 389
393 390
393 391
393 392
393 394
393 395
393 396
393 397
393 398
394 123
394 126
394 217
394 250
394 252
394 253
394 254
394 256
394 259
394 261
394 262
394 263
394 264
394 265
394 266
394 389
394 390
394 391
394 392
394 393
394 395
394 396
394 397
394 398
394 399
394 400
395 123
395 124
395 126
395 127
395 213
395 216
395 217
395 253
395 256
395 259
395 261
395 262
395 263
395 265
395 266
395 321
395 391
395 392
395 393
395 394
395 396
395 397
395 398
395 399
395 400
396 123
396 126
396 127
396 209
396 210
396 212
396 213
396 214
396 215
396 216
396 217
396 262
396 318
396 320
396 321
396 392
396 393
396 394
396 395
396 397
396 398
396 399
396 400
396 401
396 402
397 210
397 213
397 214
397 216
397 217
397 250
397 253
397 254
397 256
397 262
397 392
397 393
397 394
397 395
397 396
397 398
397 399
397 400
397 401
397 402
397 403
397 435
397 438
397 439
397 442
398 213
398 253
398 254
398 255
398 256
398 257
398 258
398 259
398 262
398 321
398 393
398 394
398 395
398 396
398 397
398 399
398 400
398 401
398 402
398 403
398 404
398 435
399 209
399 210
399 213
399 214
399 259
399 320
399 321
399 324
399 394
399 395
399 396
399 397
399 398
399 400
399 401
399 402
399 403
399 404
399 405
400 206
400 209
400 210
400 211
400 212
400 213
400 214
400 217
400 320
400 321
400 394
400 395
400 396
400 397
400 398
400 399
400 401
400 402
400 403
400 404
400 405
400 406
400 435
400 438
401 210
401 213
401 214
401 254
401 256
401 257
401 396
401 397
401 398
401 399
401 400
401 402
401 403
401 404
401 405
401 406
401 407
401 431
401 434
401 435
401 438
402 210
402 257
402 324
402 396
402 397
402 398
402 399
402 400
402 401
402 403
402 404
402 405
402 406
402 407
403 184
403 185
403 186
403 206
403 207
403 209
403 210
403 213
403 320
403 397
403 398
403 399
403 400
403 401
403 402
403 404
403 405
403 406
403 407
403 408
404 206
404 207
404 209
404 210
404 398
404 399
404 400
404 401
404 402
404 403
404 405
404 406
404 407
404 408
404 409
404 410
404 434
404 435
405 399
405 400
405 401
405 402
405 403
405 404
405 406
405 407
405 408
405 409
405 410
405 417
405 419
405 420
405 421
405 431
405 434
405 435
406 186
406 206
406 400
406 401
406 402
406 403
406 404
406 405
406 407
406 408
406 409
406 410
406 411
406 415
406 419
406 420
407 186
407 202
407 203
407 206
407 207
407 401
407 402
407 403
407 404
407 405
407 406
407 408
407 409
407 410
407 414
407 415
407 416
407 417
408 403
408 404
408 405
408 406
408 407
408 409
408 410
408 411
408 414
408 415
408 416
408 417
408 418
408 419
408 420
409 404
409 405
409 406
409 407
409 408
409 410
409 411
409 412
409 414
409 415
409 416
409 417
409 418
409 419
409 420
409 431
410 404
410 405
410 406
410 407
410 408
410 409
410 411
410 412
410 413
410 414
410 415
410 416
410 417
410 418
410 419
411 406
411 408
411 409
411 410
411 412
411 413
411 414
411 415
411 417
411 418
411 419
412 409
412 410
412 411
412 413
412 414
412 415
413 410
413 411
413 412
413 414
413 415
413 416
414 407
414 408
414 409
414 410
414 411
414 412
414 413
414 415
414 416
414 417
415 406
415 407
415 408
415 409
415 410
415 411
415 412
415 413
415 414
415 416
415 417
415 418
415 419
416 407
416 408
416 409
416 410
416 413
416 414
416 415
416 417
416 418
416 419
417 405
417 407
417 408
417 409
417 410
417 411
417 414
417 415
417 416
417 418
417 419
417 420
417 430
418 408
418 409
418 410
418 411
418 415
418 416
418 417
418 419
418 420
418 421
418 422
418 428
418 430
418 431
419 405
419 406
419 408
419 409
419 410
419 411
419 415
419 416
419 417
419 418
419 420
419 421
419 422
419 423
419 427
419 428
419 430
419 431
420 405
420 406
420 408
420 409
420 417
420 418
420 419
420 421
420 422
420 423
420 425
420 426
420 427
420 428
420 429
420 430
420 431
420 432
420 434
421 405
421 418
421 419
421 420
421 422
421 423
421 424
421 425
421 426
421 427
421 428
421 429
421 430
421 431
421 432
422 418
422 419
422 420
422 421
422 423
422 424
422 425
422 426
422 427
422 428
423 419
423 420
423 421
423 422
423 424
423 425
423 426
423 427
424 110
424 421
424 422
424 423
424 425
424 426
424 427
425 110
425 257
425 420
425 421
425 422
425 423
425 424
425 426
425 427
425 428
426 257
426 420
426 421
426 422
426 423
426 424
426 425
426 427
426 428
426 429
426 431
427 255
427 257
427 419
427 420
427 421
427 422
427 423
427 424
427 425
427 426
427 428
427 429
427 430
427 431
427 432
428 418
428 419
428 420
428 421
428 422
428 425
428 426
428 427
428 429
428 430
428 431
428 432
428 433
429 420
429 421
429 426
429 427
429 428
429 430
429 431
429 432
429 433
429 434
430 417
430 418
430 419
430 420
430 421
430 427
430 428
430 429
430 431
430 432
430 433
430 434
430 435
430 436
431 254
431 255
431 401
431 405
431 409
431 418
431 419
431 420
431 421
431 426
431 427
431 428
431 429
431 430
431 432
431 433
431 434
431 435
431 436
431 437
432 254
432 255
432 420
432 421
432 427
432 428
432 429
432 430
432 431
432 433
432 434
432 435
432 436
432 437
432 438
433 254
433 428
433 429
433 430
433 431
433 432
433 434
433 435
433 436
433 437
433 438
433 439
434 254
434 401
434 404
434 405
434 420
434 429
434 430
434 431
434 432
434 433
434 435
434 436
434 437
434 438
434 439
434 440
435 251
435 253
435 254
435 255
435 256
435 397
435 398
435 400
435 401
435 404
435 405
435 430
435 431
435 432
435 433
435 434
435 436
435 437
435 438
435 439
435 440
435 441
436 250
436 251
436 252
436 253
436 254
436 255
436 430
436 431
436 432
436 433
436 434
436 435
436 437
436 438
436 439
436 440
436 441
437 254
437 431
437 432
437 433
437 434
437 435
437 436
437 438
437 439
437 440
437 441
437 442
437 443
438 214
438 217
438 251
438 254
438 397
438 400
438 401
438 432
438 433
438 434
438 435
438 436
438 437
438 439
438 440
438 441
438 442
438 443
438 444
439 214
439 217
439 218
439 221
439 247
439 248
439 250
439 251
439 253
439 254
439 397
439 433
439 434
439 435
439 436
439 437
439 438
439 440
439 441
439 442
439 443
439 444
440 244
440 247
440 248
440 251
440 434
440 435
440 436
440 437
440 438
440 439
440 441
440 442
440 443
440 444
440 445
440 446
441 214
441 217
441 218
441 435
441 436
441 437
441 438
441 439
441 440
441 442
441 443
441 444
441 445
441 446
441 447
442 214
442 215
442 216
442 217
442 218
442 219
442 220
442 221
442 222
442 247
442 397
442 437
442 438
442 439
442 440
442 441
442 443
442 444
442 445
442 446
442 447
443 217
443 218
443 219
443 220
443 221
443 222
443 240
443 243
443 244
443 246
443 247
443 248
443 437
443 438
443 439
443 440
443 441
443 442
443 444
443 445
443 446
443 447
443 448
444 218
444 221
444 240
444 243
444 244
444 438
444 439
444 440
444 441
444 442
444 443
444 445
444 446
444 447
444 448
444 449
445 214
445 215
445 217
445 218
445 219
445 221
445 222
445 440
445 441
445 442
445 443
445 444
445 446
445 447
445 448
445 449
445 450
446 215
446 217
446 218
446 219
446 220
446 221
446 222
446 223
446 224
446 225
446 240
446 243
446 244
446 440
446 441
446 442
446 443
446 444
446 445
446 447
446 448
446 449
446 450
446 451
446 452
446 455
447 218
447 221
447 222
447 225
447 239
447 240
447 241
447 243
447 244
447 441
447 442
447 443
447 444
447 445
447 446
447 448
447 449
447 450
447 451
448 222
448 240
448 443
448 444
448 445
448 446
448 447
448 449
448 450
448 451
449 218
449 219
449 222
449 444
449 445
449 446
449 447
449 448
449 450
449 451
449 452
449 454
449 455
449 514
449 517
449 518
450 218
450 219
450 221
450 222
450 223
450 225
450 226
450 239
450 240
450 445
450 446
450 447
450 448
450 449
450 451
450 452
450 453
450 454
450 455
451 219
451 222
451 223
451 226
451 367
451 446
451 447
451 448
451 449
451 450
451 452
451 453
451 454
451 455
451 456
451 514
451 517
452 131
452 132
452 134
452 135
452 218
452 219
452 220
452 221
452 222
452 223
452 226
452 311
452 367
452 368
452 446
452 449
452 450
452 451
452 453
452 454
452 455
452 456
452 457
453 132
453 134
453 135
453 136
453 138
453 139
453 219
453 223
453 307
453 308
453 310
453 311
453 366
453 367
453 368
453 450
453 451
453 452
453 454
453 455
453 456
453 457
453 458
453 459
453 510
454 135
454 304
454 307
454 308
454 310
454 311
454 367
454 449
454 450
454 451
454 452
454 453
454 455
454 456
454 457
454 458
454 459
454 460
454 509
454 510
454 511
454 512
454 513
454 514
454 517
455 215
455 216
455 218
455 219
455 222
455 307
455 310
455 311
455 446
455 449
455 450
455 451
455 452
455 453
455 454
455 456
455 457
455 458
455 459
455 460
455 461
455 510
455 511
455 514
456 131
456 132
456 135
456 215
456 216
456 219
456 307
456 308
456 310
456 311
456 312
456 313
456 314
456 315
456 451
456 452
456 453
456 454
456 455
456 457
456 458
456 459
456 460
456 461
456 462
456 464
456 510
457 135
457 139
457 304
457 305
457 306
457 307
457 308
457 309
457 310
457 311
457 312
457 313
457 314
457 315
457 452
457 453
457 454
457 455
457 456
457 458
457 459
457 460
457 461
457 462
457 464
457 503
457 506
457 507
457 509
457 510
457 511
457 513
458 212
458 215
458 306
458 307
458 308
458 310
458 311
458 314
458 453
458 454
458 455
458 456
458 457
458 459
458 460
458 461
458 462
458 463
458 464
458 503
458 506
458 507
458 508
458 509
458 510
458 511
458 513
458 514
459 208
459 211
459 212
459 213
459 214
459 215
459 216
459 219
459 307
459 310
459 311
459 313
459 314
459 315
459 453
459 454
459 455
459 456
459 457
459 458
459 460
459 461
459 462
459 463
459 464
459 465
459 503
459 506
459 507
459 510
460 212
460 215
460 307
460 308
460 309
460 310
460 311
460 312
460 313
460 314
460 315
460 316
460 317
460 454
460 455
460 456
460 457
460 458
460 459
460 461
460 462
460 463
460 464
460 465
460 466
460 467
460 468
460 502
460 503
460 506
460 507
460 510
461 306
461 307
461 308
461 309
461 310
461 311
461 312
461 313
461 314
461 455
461 456
461 457
461 458
461 459
461 460
461 462
461 463
461 464
461 465
461 466
461 499
461 500
461 501
461 502
461 503
461 504
461 505
461 506
461 507
461 508
461 509
461 510
462 208
462 211
462 212
462 310
462 314
462 456
462 457
462 458
462 459
462 460
462 461
462 463
462 464
462 465
462 466
462 467
462 502
462 503
462 504
462 505
462 506
462 507
462 508
462 510
462 511
463 205
463 207
463 208
463 209
463 210
463 211
463 212
463 213
463 215
463 310
463 313
463 314
463 317
463 458
463 459
463 460
463 461
463 462
463 464
463 465
463 466
463 467
463 468
463 469
463 470
463 503
463 507
464 208
464 209
464 211
464 212
464 310
464 311
464 312
464 313
464 314
464 315
464 316
464 317
464 318
464 319
464 320
464 456
464 457
464 458
464 459
464 460
464 461
464 462
464 463
464 465
464 466
464 467
464 468
464 469
464 470
464 499
464 503
465 158
465 309
465 310
465 313
465 314
465 316
465 317
465 459
465 460
465 461
465 462
465 463
465 464
465 466
465 467
465 468
465 469
465 470
465 471
465 495
465 496
465 498
465 499
465 500
465 501
465 502
465 503
465 504
465 506
466 205
466 208
466 209
466 460
466 461
466 462
466 463
466 464
466 465
466 467
466 468
466 469
466 470
466 471
466 472
466 473
466 496
466 499
466 500
466 502
466 503
467 161
467 162
467 165
467 185
467 205
467 208
467 209
467 212
467 314
467 317
467 318
467 319
467 320
467 460
467 462
467 463
467 464
467 465
467 466
467 468
467 469
467 470
467 471
467 472
467 473
467 499
468 154
468 157
468 158
468 159
468 160
468 161
468 162
468 165
468 313
468 314
468 316
468 317
468 318
468 319
468 320
468 460
468 463
468 464
468 465
468 466
468 467
468 469
468 470
468 471
468 472
468 473
468 495
468 496
468 499
469 154
469 157
469 158
469 160
469 161
469 162
469 165
469 313
469 317
469 319
469 463
469 464
469 465
469 466
469 467
469 468
469 470
469 471
469 472
469 473
469 474
469 492
469 493
469 494
469 495
469 496
469 497
469 498
469 499
469 500
469 503
470 161
470 463
470 464
470 465
470 466
470 467
470 468
470 469
470 471
470 472
470 473
470 474
470 475
470 492
470 493
470 494
470 495
470 496
470 497
470 498
470 499
470 500
470 503
471 161
471 165
471 185
471 188
471 189
471 201
471 205
471 319
471 465
471 466
471 467
471 468
471 469
471 470
471 472
471 473
471 474
471 475
471 476
471 477
471 496
471 499
472 158
472 160
472 161
472 162
472 163
472 164
472 165
472 166
472 167
472 168
472 185
472 188
472 189
472 319
472 466
472 467
472 468
472 469
472 470
472 471
472 473
472 474
472 475
472 476
472 477
472 478
472 492
472 495
472 496
473 160
473 161
473 162
473 164
473 165
473 466
473 467
473 468
473 469
473 470
473 471
473 472
473 474
473 475
473 476
473 477
473 478
473 488
473 489
473 491
473 492
473 493
473 494
473 495
473 496
473 497
473 499
474 165
474 189
474 192
474 469
474 470
474 471
474 472
474 473
474 475
474 476
474 477
474 478
474 479
474 492
474 493
474 495
474 496
475 164
475 165
475 167
475 168
475 185
475 188
475 189
475 191
475 192
475 193
475 470
475 471
475 472
475 473
475 474
475 476
475 477
475 478
475 479
475 480
475 481
475 492
476 161
476 163
476 164
476 165
476 166
476 167
476 168
476 188
476 192
476 471
476 472
476 473
476 474
476 475
476 477
476 478
476 479
476 480
476 481
476 483
476 484
476 488
476 489
476 492
477 164
477 168
477 192
477 471
477 472
477 473
477 474
477 475
477 476
477 478
477 479
477 480
477 481
477 482
477 483
477 484
477 488
477 489
477 490
477 492
477 493
478 32
478 168
478 191
478 192
478 193
478 472
478 473
478 474
478 475
478 476
478 477
478 479
478 480
478 481
478 482
479 167
479 168
479 169
479 170
479 171
479 188
479 189
479 191
479 192
479 474
479 475
479 476
479 477
479 478
479 480
479 481
479 482
479 483
479 484
480 164
480 167
480 168
480 170
480 171
480 475
480 476
480 477
480 478
480 479
480 481
480 482
480 483
480 484
480 485
480 489
481 475
481 476
481 477
481 478
481 479
481 480
481 482
481 483
481 484
481 485
481 488
481 489
482 477
482 478
482 479
482 480
482 481
482 483
482 484
482 485
483 476
483 477
483 479
483 480
483 481
483 482
483 484
483 485
483 486
483 488
484 476
484 477
484 479
484 480
484 481
484 482
484 483
484 485
484 486
484 487
484 488
484 489
484 490
485 480
485 481
485 482
485 483
485 484
485 486
485 487
485 488
485 489
485 490
486 20
486 483
486 484
486 485
486 487
486 488
486 489
486 490
486 491
487 484
487 485
487 486
487 488
487 489
487 490
487 491
487 492
487 493
488 164
488 473
488 476
488 477
488 481
488 483
488 484
488 485
488 486
488 487
488 489
488 490
488 491
488 492
488 493
488 494
489 473
489 476
489 477
489 480
489 481
489 484
489 485
489 486
489 487
489 488
489 490
489 491
489 492
489 493
489 494
489 495
490 477
490 484
490 485
490 486
490 487
490 488
490 489
490 491
490 492
490 493
490 494
490 495
490 496
491 157
491 160
491 161
491 473
491 486
491 487
491 488
491 489
491 490
491 492
491 493
491 494
491 495
491 496
491 497
492 157
492 160
492 161
492 164
492 469
492 470
492 472
492 473
492 474
492 475
492 476
492 477
492 487
492 488
492 489
492 490
492 491
492 493
492 494
492 495
492 496
492 497
492 498
493 469
493 470
493 473
493 474
493 477
493 487
493 488
493 489
493 490
493 491
493 492
493 494
493 495
493 496
493 497
493 498
493 499
494 469
494 470
494 473
494 488
494 489
494 490
494 491
494 492
494 493
494 495
494 496
494 497
494 498
494 499
494 500
495 157
495 158
495 161
495 465
495 468
495 469
495 470
495 472
495 473
495 474
495 489
495 490
495 491
495 492
495 493
495 494
495 496
495 497
495 498
495 499
495 500
495 501
496 465
496 466
496 468
496 469
496 470
496 471
496 472
496 473
496 474
496 490
496 491
496 492
496 493
496 494
496 495
496 497
496 498
496 499
496 500
496 501
496 502
497 469
497 470
497 473
497 491
497 492
497 493
497 494
497 495
497 496
497 498
497 499
497 500
497 501
497 502
497 503
498 465
498 469
498 470
498 492
498 493
498 494
498 495
498 496
498 497
498 499
498 500
498 501
498 502
498 503
499 309
499 313
499 461
499 464
499 465
499 466
499 467
499 468
499 469
499 470
499 471
499 473
499 493
499 494
499 495
499 496
499 497
499 498
499 500
499 501
499 502
499 503
499 504
499 505
500 461
500 465
500 466
500 469
500 470
500 494
500 495
500 496
500 497
500 498
500 499
500 501
500 502
500 503
500 504
500 505
500 506
501 306
501 461
501 465
501 495
501 496
501 497
501 498
501 499
501 500
501 502
501 503
501 504
501 505
501 506
501 507
502 306
502 307
502 309
502 310
502 313
502 460
502 461
502 462
502 465
502 466
502 496
502 497
502 498
502 499
502 500
502 501
502 503
502 504
502 505
502 506
502 507
503 306
503 307
503 309
503 310
503 313
503 457
503 458
503 459
503 460
503 461
503 462
503 463
503 464
503 465
503 466
503 469
503 470
503 497
503 498
503 499
503 500
503 501
503 502
503 504
503 505
503 506
503 507
503 508
504 306
504 461
504 462
504 465
504 499
504 500
504 501
504 502
504 503
504 505
504 506
504 507
504 508
504 509
505 303
505 305
505 306
505 307
505 309
505 310
505 461
505 462
505 499
505 500
505 501
505 502
505 503
505 504
505 506
505 507
505 508
505 509
505 510
506 303
506 304
506 305
506 306
506 307
506 308
506 309
506 310
506 311
506 457
506 458
506 459
506 460
506 461
506 462
506 465
506 500
506 501
506 502
506 503
506 504
506 505
506 507
506 508
506 509
506 510
506 511
506 512
507 306
507 307
507 310
507 457
507 458
507 459
507 460
507 461
507 462
507 463
507 501
507 502
507 503
507 504
507 505
507 506
507 508
507 509
507 510
507 511
507 512
507 513
508 303
508 306
508 307
508 458
508 461
508 462
508 503
508 504
508 505
508 506
508 507
508 509
508 510
508 511
508 512
508 513
509 302
509 303
509 304
509 305
509 306
509 307
509 454
509 457
509 458
509 461
509 504
509 505
509 506
509 507
509 508
509 510
509 511
509 512
509 513
509 514
509 515
510 303
510 304
510 306
510 307
510 308
510 310
510 453
510 454
510 455
510 456
510 457
510 458
510 459
510 460
510 461
510 462
510 505
510 506
510 507
510 508
510 509
510 511
510 512
510 513
510 514
510 515
510 516
511 307
511 454
511 455
511 457
511 458
511 462
511 506
511 507
511 508
511 509
511 510
511 512
511 513
511 514
511 515
511 516
511 517
512 303
512 454
512 506
512 507
512 508
512 509
512 510
512 511
512 513
512 514
512 515
512 516
512 517
513 303
513 304
513 307
513 454
513 457
513 458
513 507
513 508
513 509
513 510
513 511
513 512
513 514
513 515
513 516
513 517
513 518
513 519
514 449
514 451
514 454
514 455
514 458
514 509
514 510
514 511
514 512
514 513
514 515
514 516
514 517
514 518
514 519
515 509
515 510
515 511
515 512
515 513
515 514
515 516
515 517
515 518
515 519
515 520
516 510
516 511
516 512
516 513
516 514
516 515
516 517
516 518
516 519
516 520
516 521
516 522
517 449
517 451
517 454
517 511
517 512
517 513
517 514
517 515
517 516
517 518
517 519
517 520
517 521
517 522
518 449
518 513
518 514
518 515
518 516
518 517
518 519
518 520
518 521
518 522
518 523
519 513
519 514
519 515
519 516
519 517
519 518
519 520
519 521
519 522
519 523
519 524
520 515
520 516
520 517
520 518
520 519
520 521
520 522
520 523
520 524
521 516
521 517
521 518
521 519
521 520
521 522
521 523
521 524
522 516
522 517
522 518
522 519
522 520
522 521
522 523
522 524
523 518
523 519
523 520
523 521
523 522
523 524
524 519
524 520
524 521
524 522
524 523
