0 1
0 2
1 0
1 2
1 3
1 4
2 0
2 1
2 3
2 4
3 1
3 2
3 4
3 5
4 1
4 2
4 3
4 5
4 6
5 3
5 4
5 6
5 7
6 4
6 5
6 7
6 8
7 5
7 6
7 8
7 9
8 6
8 7
8 9
8 10
9 7
9 8
9 10
9 11
10 8
10 9
10 11
10 12
11 9
11 10
11 12
11 13
12 10
12 11
12 13
12 14
13 11
13 12
13 14
13 15
14 12
14 13
14 15
14 16
15 13
15 14
15 16
15 17
16 14
16 15
16 17
16 18
17 15
17 16
17 18
17 19
18 16
18 17
18 19
18 20
18 21
19 17
19 18
19 20
19 21
20 18
20 19
20 21
20 22
21 18
21 19
21 20
21 22
21 23
22 20
22 21
22 23
22 24
23 21
23 22
23 24
23 25
24 22
24 23
24 25
24 26
25 23
25 24
25 26
25 27
26 24
26 25
26 27
26 28
27 25
27 26
27 28
27 29
28 26
28 27
28 29
28 30
29 27
29 28
29 30
29 31
30 28
30 29
30 31
30 32
31 29
31 30
31 32
31 33
32 30
32 31
32 33
32 34
33 31
33 32
33 34
33 35
34 32
34 33
34 35
34 36
35 33
35 34
35 36
35 37
36 34
36 35
36 37
36 38
37 35
37 36
37 38
37 39
38 36
38 37
38 39
38 40
39 37
39 38
39 40
39 41
40 38
40 39
40 41
40 42
41 39
41 40
41 42
41 43
42 40
42 41
42 43
42 44
43 41
43 42
43 44
43 45
44 42
44 43
44 45
44 46
45 43
45 44
45 46
45 47
46 44
46 45
46 47
46 48
47 45
47 46
47 48
47 49
48 46
48 47
48 49
48 50
49 47
49 48
49 50
49 51
50 48
50 49
50 51
50 52
51 49
51 50
51 52
51 53
52 50
52 51
52 53
52 54
53 51
53 52
53 54
53 55
54 52
54 53
54 55
54 56
55 53
55 54
55 56
55 57
55 58
56 54
56 55
56 57
56 58
56 59
57 55
57 56
57 58
57 59
57 60
58 55
58 56
58 57
58 59
58 60
59 56
59 57
59 58
59 60
59 61
60 57
60 58
60 59
60 61
60 62
60 63
61 59
61 60
61 62
61 63
61 64
62 60
62 61
62 63
62 64
62 65
63 60
63 61
63 62
63 64
63 65
63 66
64 61
64 62
64 63
64 65
64 66
64 67
65 62
65 63
65 64
65 66
65 67
65 68
66 63
66 64
66 65
66 67
66 68
66 69
67 64
67 65
67 66
67 68
67 69
67 70
68 65
68 66
68 67
68 69
68 70
68 71
69 66
69 67
69 68
69 70
69 71
69 72
70 67
70 68
70 69
70 71
70 72
70 73
71 68
71 69
71 70
71 72
71 73
71 74
72 69
72 70
72 71
72 73
72 74
72 75
73 70
73 71
73 72
73 74
73 75
73 76
74 71
74 72
74 73
74 75
74 76
74 77
75 72
75 73
75 74
75 76
75 77
75 78
76 73
76 74
76 75
76 77
76 78
76 79
77 74
77 75
77 76
77 78
77 79
77 80
78 75
78 76
78 77
78 79
78 80
78 81
79 76
79 77
79 78
79 80
79 81
79 82
80 77
80 78
80 79
80 81
80 82
80 83
81 78
81 79
81 80
81 82
81 83
81 84
82 79
82 80
82 81
82 83
82 84
82 85
83 80
83 81
83 82
83 84
83 85
83 86
83 87
84 81
84 82
84 83
84 85
84 86
84 87
84 88
85 82
85 83
85 84
85 86
85 87
85 88
85 89
86 83
86 84
86 85
86 87
86 88
86 89
86 90
87 83
87 84
87 85
87 86
87 88
87 89
87 90
87 91
88 84
88 85
88 86
88 87
88 89
88 90
88 91
88 92
89 85
89 86
89 87
89 88
89 90
89 91
89 92
89 93
90 86
90 87
90 88
90 89
90 91
90 92
90 93
91 87
91 88
91 89
91 90
91 92
91 93
91 94
92 88
92 89
92 90
92 91
92 93
92 94
92 95
93 89
93 90
93 91
93 92
93 94
93 95
93 96
94 91
94 92
94 93
94 95
94 96
94 97
95 92
95 93
95 94
95 96
95 97
95 98
96 93
96 94
96 95
96 97
96 98
96 99
97 94
97 95
97 96
97 98
97 99
97 100
98 95
98 96
98 97
98 99
98 100
99 96
99 97
99 98
99 100
99 101
100 97
100 98
100 99
100 101
100 102
100 103
101 99
101 100
101 102
101 103
101 104
102 100
102 101
102 103
102 104
102 105
103 100
103 101
103 102
103 104
103 105
104 101
104 102
104 103
104 105
104 106
104 107
105 102
105 103
105 104
105 106
105 107
105 108
106 104
106 105
106 107
106 108
107 104
107 105
107 106
107 108
107 109
108 105
108 106
108 107
108 109
108 110
109 107
109 108
109 110
109 111
110 108
110 109
110 111
110 112
110 113
111 109
111 110
111 112
111 113
112 110
112 111
112 113
112 114
113 110
113 111
113 112
113 114
113 115
114 112
114 113
114 115
114 116
115 113
115 114
115 116
115 117
116 114
116 115
116 117
116 118
117 115
117 116
117 118
117 119
118 116
118 117
118 119
118 120
119 117
119 118
119 120
119 121
120 118
120 119
120 121
120 122
121 119
121 120
121 122
121 123
122 120
122 121
122 123
122 124
123 121
123 122
123 124
123 125
124 122
124 123
124 125
124 126
125 123
125 124
125 126
125 127
126 124
126 125
126 127
126 128
126 129
127 125
127 126
127 128
127 129
127 130
128 126
128 127
128 129
128 130
129 126
129 127
129 128
129 130
129 131
130 127
130 128
130 129
130 131
130 132
131 129
131 130
131 132
131 133
132 130
132 131
132 133
132 134
133 131
133 132
133 134
133 135
134 132
134 133
134 135
134 136
135 133
135 134
135 136
135 137
136 134
136 135
136 137
136 138
137 135
137 136
137 138
137 139
138 136
138 137
138 139
138 140
138 141
139 137
139 138
139 140
139 141
139 142
140 138
140 139
140 141
140 142
140 143
141 138
141 139
141 140
141 142
141 143
142 139
142 140
142 141
142 143
142 144
143 140
143 141
143 142
143 144
143 145
144 142
144 143
144 145
144 146
144 147
145 143
145 144
145 146
145 147
146 144
146 145
146 147
146 148
147 144
147 145
147 146
147 148
147 149
148 146
148 147
148 149
148 150
149 147
149 148
149 150
149 151
150 148
150 149
150 151
150 152
151 149
151 150
151 152
151 153
152 150
152 151
152 153
152 154
153 151
153 152
153 154
153 155
154 152
154 153
154 155
154 156
155 153
155 154
155 156
155 157
156 154
156 155
156 157
156 158
157 155
157 156
157 158
157 159
158 156
158 157
158 159
158 160
159 157
159 158
159 160
159 161
159 162
160 158
160 159
160 161
160 162
161 159
161 160
161 162
161 163
162 159
162 160
162 161
162 163
162 164
163 161
163 162
163 164
163 165
164 162
164 163
164 165
164 166
165 163
165 164
165 166
165 167
166 164
166 165
166 167
166 168
167 165
167 166
167 168
167 169
167 170
168 166
168 167
168 169
168 170
169 167
169 168
169 170
169 171
170 167
170 168
170 169
170 171
170 172
171 169
171 170
171 172
171 173
172 170
172 171
172 173
172 174
173 171
173 172
173 174
173 175
174 172
174 173
174 175
174 176
175 173
175 174
175 176
175 177
176 174
176 175
176 177
176 178
177 175
177 176
177 178
177 179
178 176
178 177
178 179
178 180
178 181
179 177
179 178
179 180
179 181
179 182
180 178
180 179
180 181
180 182
180 183
181 178
181 179
181 180
181 182
181 183
181 184
182 179
182 180
182 181
182 183
182 184
182 185
183 180
183 181
183 182
183 184
183 185
183 186
184 181
184 182
184 183
184 185
184 186
184 187
185 182
185 183
185 184
185 186
185 187
185 188
186 183
186 184
186 185
186 187
186 188
186 189
187 184
187 185
187 186
187 188
187 189
187 190
188 185
188 186
188 187
188 189
188 190
188 191
188 192
189 186
189 187
189 188
189 190
189 191
189 192
189 193
190 187
190 188
190 189
190 191
190 192
190 193
191 188
191 189
191 190
191 192
191 193
191 194
192 188
192 189
192 190
192 191
192 193
192 194
192 195
193 189
193 190
193 191
193 192
193 194
193 195
193 196
194 191
194 192
194 193
194 195
194 196
194 197
195 192
195 193
195 194
195 196
195 197
195 198
196 193
196 194
196 195
196 197
196 198
196 199
197 194
197 195
197 196
197 198
197 199
197 200
198 195
198 196
198 197
198 199
198 200
198 201
199 196
199 197
199 198
199 200
199 201
199 202
200 197
200 198
200 199
200 201
200 202
200 203
201 198
201 199
201 200
201 202
201 203
201 204
201 205
201 206
202 199
202 200
202 201
202 203
202 204
202 205
202 206
203 200
203 201
203 202
203 204
203 205
203 206
203 207
204 201
204 202
204 203
204 205
204 206
204 207
204 208
205 201
205 202
205 203
205 204
205 206
205 207
205 208
205 209
206 201
206 202
206 203
206 204
206 205
206 207
206 208
206 209
206 210
207 203
207 204
207 205
207 206
207 208
207 209
207 210
207 211
208 204
208 205
208 206
208 207
208 209
208 210
208 211
209 205
209 206
209 207
209 208
209 210
209 211
209 212
210 206
210 207
210 208
210 209
210 211
210 212
210 213
211 207
211 208
211 209
211 210
211 212
211 213
211 214
211 215
212 209
212 210
212 211
212 213
212 214
212 215
212 216
213 210
213 211
213 212
213 214
213 215
213 216
213 217
214 211
214 212
214 213
214 215
214 216
214 217
214 218
215 211
215 212
215 213
215 214
215 216
215 217
215 218
215 219
216 212
216 213
216 214
216 215
216 217
216 218
216 219
216 220
217 213
217 214
217 215
217 216
217 218
217 219
217 220
217 221
218 214
218 215
218 216
218 217
218 219
218 220
218 221
218 222
219 215
219 216
219 217
219 218
219 220
219 221
219 222
219 223
220 216
220 217
220 218
220 219
220 221
220 222
220 223
221 217
221 218
221 219
221 220
221 222
221 223
221 224
222 218
222 219
222 220
222 221
222 223
222 224
222 225
223 219
223 220
223 221
223 222
223 224
223 225
223 226
224 221
224 222
224 223
224 225
224 226
224 227
225 222
225 223
225 224
225 226
225 227
225 228
226 223
226 224
226 225
226 227
226 228
227 224
227 225
227 226
227 228
227 229
228 225
228 226
228 227
228 229
228 230
229 227
229 228
229 230
229 231
230 228
230 229
230 231
230 232
231 229
231 230
231 232
231 233
232 230
232 231
232 233
232 234
233 231
233 232
233 234
233 235
234 232
234 233
234 235
234 236
235 233
235 234
235 236
235 237
236 234
236 235
236 237
236 238
237 235
237 236
237 238
237 239
238 236
238 237
238 239
238 240
238 241
239 237
239 238
239 240
239 241
240 238
240 239
240 241
240 242
241 238
241 239
241 240
241 242
241 243
241 244
242 240
242 241
242 243
242 244
242 245
243 241
243 242
243 244
243 245
243 246
244 241
244 242
244 243
244 245
244 246
244 247
245 242
245 243
245 244
245 246
245 247
245 248
246 243
246 244
246 245
246 247
246 248
246 249
246 250
247 244
247 245
247 246
247 248
247 249
247 250
247 251
248 245
248 246
248 247
248 249
248 250
248 251
248 252
249 246
249 247
249 248
249 250
249 251
249 252
249 253
250 246
250 247
250 248
250 249
250 251
250 252
250 253
250 254
251 247
251 248
251 249
251 250
251 252
251 253
251 254
251 255
252 248
252 249
252 250
252 251
252 253
252 254
252 255
253 249
253 250
253 251
253 252
253 254
253 255
253 256
254 250
254 251
254 252
254 253
254 255
254 256
254 257
254 258
255 251
255 252
255 253
255 254
255 256
255 257
255 258
256 253
256 254
256 255
256 257
256 258
256 259
256 260
257 254
257 255
257 256
257 258
257 259
257 260
257 261
257 379
258 254
258 255
258 256
258 257
258 259
258 260
258 261
258 292
258 379
259 256
259 257
259 258
259 260
259 261
259 262
259 291
259 292
259 379
260 256
260 257
260 258
260 259
260 261
260 262
260 263
260 291
261 257
261 258
261 259
261 260
261 262
261 263
261 264
261 266
262 259
262 260
262 261
262 263
262 264
262 265
262 266
262 267
263 260
263 261
263 262
263 264
263 265
263 266
263 267
263 268
264 261
264 262
264 263
264 265
264 266
264 267
264 268
264 269
265 262
265 263
265 264
265 266
265 267
265 268
265 269
265 270
266 261
266 262
266 263
266 264
266 265
266 267
266 268
266 269
266 270
266 271
266 279
266 280
266 281
267 262
267 263
267 264
267 265
267 266
267 268
267 269
267 270
267 271
267 272
267 280
268 263
268 264
268 265
268 266
268 267
268 269
268 270
268 271
268 272
268 279
268 280
269 264
269 265
269 266
269 267
269 268
269 270
269 271
269 272
269 278
269 279
269 280
269 281
269 282
270 265
270 266
270 267
270 268
270 269
270 271
270 272
270 273
270 274
270 275
270 276
270 278
270 279
270 280
270 281
270 282
270 283
271 266
271 267
271 268
271 269
271 270
271 272
271 273
271 274
271 275
271 276
271 278
271 279
271 280
271 281
271 282
271 599
272 267
272 268
272 269
272 270
272 271
272 273
272 274
272 275
272 276
272 279
272 282
272 283
272 599
272 600
273 270
273 271
273 272
273 274
273 275
273 276
273 599
273 600
274 270
274 271
274 272
274 273
274 275
274 276
274 277
274 279
274 282
274 599
274 600
275 270
275 271
275 272
275 273
275 274
275 276
275 277
275 278
275 279
275 281
275 282
275 283
275 285
275 598
275 599
275 600
275 601
276 270
276 271
276 272
276 273
276 274
276 275
276 277
276 278
276 279
276 280
276 281
276 282
276 598
276 599
276 600
277 274
277 275
277 276
277 278
277 279
277 280
277 281
277 282
278 269
278 270
278 271
278 275
278 276
278 277
278 279
278 280
278 281
279 266
279 268
279 269
279 270
279 271
279 272
279 274
279 275
279 276
279 277
279 278
279 280
279 281
279 282
280 266
280 267
280 268
280 269
280 270
280 271
280 276
280 277
280 278
280 279
280 281
280 282
280 283
280 285
280 287
281 266
281 269
281 270
281 271
281 275
281 276
281 277
281 278
281 279
281 280
281 282
281 283
281 284
281 285
281 286
281 287
281 288
281 289
281 598
282 269
282 270
282 271
282 272
282 274
282 275
282 276
282 277
282 279
282 280
282 281
282 283
282 284
282 285
282 286
282 287
282 288
282 289
282 413
282 596
282 597
282 598
282 599
282 600
283 270
283 272
283 275
283 280
283 281
283 282
283 284
283 285
283 286
283 287
283 288
283 289
283 382
283 383
283 384
283 413
283 596
283 597
283 598
283 599
283 603
283 605
284 281
284 282
284 283
284 285
284 286
284 287
284 288
284 289
284 382
284 383
284 384
284 385
284 411
284 412
284 413
284 414
284 595
284 596
284 597
284 598
284 599
284 600
284 601
284 603
285 275
285 280
285 281
285 282
285 283
285 284
285 286
285 287
285 288
285 289
285 290
285 383
285 413
285 414
285 595
285 596
285 597
285 598
285 599
286 281
286 282
286 283
286 284
286 285
286 287
286 288
286 289
286 290
286 291
286 293
286 294
286 296
286 413
286 414
286 595
286 596
286 597
286 598
287 280
287 281
287 282
287 283
287 284
287 285
287 286
287 288
287 289
287 290
287 291
287 292
287 293
287 294
287 596
288 281
288 282
288 283
288 284
288 285
288 286
288 287
288 289
288 290
288 291
288 292
288 293
288 294
288 383
288 413
288 596
289 281
289 282
289 283
289 284
289 285
289 286
289 287
289 288
289 290
289 291
289 292
289 293
289 294
289 295
289 296
289 297
289 383
289 412
289 413
289 414
289 594
289 595
289 596
289 597
290 285
290 286
290 287
290 288
290 289
290 291
290 292
290 293
290 294
290 295
290 296
290 596
291 259
291 260
291 286
291 287
291 288
291 289
291 290
291 292
291 293
291 294
291 295
291 296
292 258
292 259
292 287
292 288
292 289
292 290
292 291
292 293
292 294
292 295
292 296
292 297
292 298
292 379
292 380
293 286
293 287
293 288
293 289
293 290
293 291
293 292
293 294
293 295
293 296
293 297
293 298
293 299
293 593
293 594
294 286
294 287
294 288
294 289
294 290
294 291
294 292
294 293
294 295
294 296
294 297
295 289
295 290
295 291
295 292
295 293
295 294
295 296
295 297
295 298
295 593
295 594
296 286
296 289
296 290
296 291
296 292
296 293
296 294
296 295
296 297
296 298
296 591
296 592
296 593
296 594
296 595
296 596
297 289
297 292
297 293
297 294
297 295
297 296
297 298
297 299
297 300
297 331
297 566
297 567
297 568
297 590
297 591
297 592
297 593
297 594
297 595
298 292
298 293
298 295
298 296
298 297
298 299
298 300
298 301
298 330
298 331
298 332
298 412
298 567
298 590
298 591
298 592
298 593
298 594
299 293
299 297
299 298
299 300
299 301
299 326
299 328
299 329
299 330
299 331
299 332
299 333
299 568
299 570
299 589
299 590
299 591
299 592
299 593
300 297
300 298
300 299
300 301
300 302
300 329
300 330
300 331
300 332
300 333
300 334
300 376
300 567
300 568
300 569
300 570
300 588
300 589
300 590
300 591
300 592
301 298
301 299
301 300
301 302
301 303
301 321
301 322
301 326
301 329
301 330
301 331
301 332
301 333
301 334
301 335
301 374
301 375
301 570
301 571
301 572
301 587
301 588
301 589
301 590
301 591
302 300
302 301
302 303
302 304
302 321
302 332
302 333
302 334
302 335
302 336
302 374
302 419
302 472
302 473
302 474
302 557
302 558
302 572
302 586
302 587
302 588
302 589
302 590
303 301
303 302
303 304
303 305
303 320
303 321
303 333
303 334
303 335
303 336
303 337
303 372
303 421
303 473
303 474
303 475
303 555
303 556
303 557
303 572
303 573
303 574
303 585
303 586
303 587
303 588
303 589
304 302
304 303
304 305
304 306
304 307
304 334
304 335
304 336
304 337
304 338
304 371
304 372
304 421
304 422
304 473
304 474
304 475
304 476
304 555
304 556
304 557
304 574
304 583
304 584
304 585
304 586
304 587
304 588
305 303
305 304
305 306
305 307
305 308
305 335
305 336
305 337
305 338
305 339
305 340
305 371
305 421
305 474
305 475
305 476
305 532
305 554
305 555
305 556
305 574
305 575
305 581
305 583
305 584
305 585
305 586
305 587
306 304
306 305
306 307
306 308
306 309
306 310
306 336
306 337
306 338
306 339
306 340
306 341
306 369
306 370
306 423
306 475
306 476
306 532
306 533
306 554
306 555
306 581
306 582
306 583
306 584
306 585
306 586
307 304
307 305
307 306
307 308
307 309
307 310
307 311
307 312
307 313
307 337
307 338
307 339
307 340
307 341
307 369
307 370
307 579
307 580
307 581
307 582
307 583
307 584
307 585
308 305
308 306
308 307
308 309
308 310
308 311
308 337
308 338
308 339
308 340
308 341
308 369
308 580
308 581
308 582
308 583
309 306
309 307
309 308
309 310
309 311
309 312
309 338
309 339
309 340
309 341
309 342
309 369
309 581
310 306
310 307
310 308
310 309
310 311
310 312
310 313
310 339
310 340
310 341
310 342
310 580
310 581
310 582
311 307
311 308
311 309
311 310
311 312
311 313
311 314
311 340
311 341
311 342
311 343
311 580
312 307
312 309
312 310
312 311
312 313
312 314
312 315
312 341
312 342
312 343
312 580
312 581
313 307
313 310
313 311
313 312
313 314
313 315
313 316
313 317
313 341
313 343
313 346
313 347
313 350
313 578
313 579
313 580
313 581
314 311
314 312
314 313
314 315
314 316
314 317
314 318
314 320
314 350
314 577
314 578
314 579
314 580
314 581
315 312
315 313
315 314
315 316
315 317
315 318
315 350
315 578
315 580
316 313
316 314
316 315
316 317
316 318
316 319
316 320
316 321
316 350
316 351
316 354
316 577
316 578
317 313
317 314
317 315
317 316
317 318
317 319
317 320
317 321
317 322
317 323
317 350
317 351
317 353
317 354
317 355
317 577
317 578
318 314
318 315
318 316
318 317
318 319
318 320
318 321
318 322
318 323
318 324
318 350
318 351
318 353
318 354
318 355
319 316
319 317
319 318
319 320
319 321
319 322
319 323
319 324
319 575
319 576
319 577
319 578
320 303
320 314
320 316
320 317
320 318
320 319
320 321
320 322
320 323
320 324
320 351
320 354
320 574
320 575
320 576
320 577
320 578
320 584
320 585
320 586
320 587
321 301
321 302
321 303
321 316
321 317
321 318
321 319
321 320
321 322
321 323
321 324
321 326
321 330
321 333
321 335
321 351
321 354
321 355
321 575
321 587
322 301
322 317
322 318
322 319
322 320
322 321
322 323
322 324
322 325
322 326
322 327
322 328
322 329
322 330
322 354
322 355
323 317
323 318
323 319
323 320
323 321
323 322
323 324
323 325
323 326
323 327
323 571
323 573
323 574
323 575
323 587
323 589
324 318
324 319
324 320
324 321
324 322
324 323
324 325
324 326
324 327
325 322
325 323
325 324
325 326
325 327
325 328
325 570
325 571
325 589
326 299
326 301
326 321
326 322
326 323
326 324
326 325
326 327
326 328
326 329
326 330
326 570
326 571
326 589
327 322
327 323
327 324
327 325
327 326
327 328
327 329
327 330
328 299
328 322
328 325
328 326
328 327
328 329
328 330
328 331
329 299
329 300
329 301
329 322
329 326
329 327
329 328
329 330
329 331
329 332
329 355
329 358
329 377
330 298
330 299
330 300
330 301
330 321
330 322
330 326
330 327
330 328
330 329
330 331
330 332
330 333
330 359
330 375
330 376
330 377
330 589
330 590
330 591
331 297
331 298
331 299
331 300
331 301
331 328
331 329
331 330
331 332
331 333
331 358
331 359
331 375
331 376
331 377
331 378
331 379
331 380
331 591
332 298
332 299
332 300
332 301
332 302
332 329
332 330
332 331
332 333
332 334
332 335
332 359
332 360
332 361
332 362
332 374
332 375
332 376
332 377
332 378
332 380
333 299
333 300
333 301
333 302
333 303
333 321
333 330
333 331
333 332
333 334
333 335
333 336
333 351
333 355
333 359
333 361
333 362
333 373
333 374
333 375
333 376
333 377
333 589
334 300
334 301
334 302
334 303
334 304
334 332
334 333
334 335
334 336
334 361
334 363
334 364
334 372
334 373
334 374
334 375
334 376
334 408
334 419
334 420
334 421
334 472
334 474
334 587
335 301
335 302
335 303
335 304
335 305
335 321
335 332
335 333
335 334
335 336
335 337
335 348
335 351
335 364
335 371
335 372
335 373
335 374
335 375
335 419
335 421
335 474
335 475
335 587
336 302
336 303
336 304
336 305
336 306
336 333
336 334
336 335
336 337
336 338
336 340
336 364
336 365
336 366
336 370
336 371
336 372
336 373
336 374
336 406
336 419
336 420
336 421
336 422
336 423
336 473
336 474
336 475
336 476
336 585
336 586
336 587
337 303
337 304
337 305
337 306
337 307
337 308
337 335
337 336
337 338
337 339
337 340
337 341
337 344
337 366
337 369
337 370
337 371
337 372
337 373
337 421
337 422
337 423
337 474
337 475
337 476
337 585
338 304
338 305
338 306
338 307
338 308
338 309
338 336
338 337
338 339
338 340
338 341
338 366
338 367
338 368
338 369
338 370
338 371
338 372
338 403
338 404
338 405
338 421
338 422
338 423
338 424
338 475
338 476
338 555
339 305
339 306
339 307
339 308
339 309
339 310
339 337
339 338
339 340
339 341
339 342
339 368
339 369
339 370
339 371
339 401
339 402
339 403
339 423
339 476
340 305
340 306
340 307
340 308
340 309
340 310
340 311
340 336
340 337
340 338
340 339
340 341
340 342
340 343
340 344
340 347
340 366
340 368
340 369
340 370
340 371
340 372
341 306
341 307
341 308
341 309
341 310
341 311
341 312
341 313
341 337
341 338
341 339
341 340
341 342
341 343
341 344
341 345
341 346
341 347
341 369
341 370
341 371
342 309
342 310
342 311
342 312
342 339
342 340
342 341
342 343
342 344
342 345
342 346
342 347
342 368
342 369
343 311
343 312
343 313
343 340
343 341
343 342
343 344
343 345
343 346
343 347
343 348
343 349
343 369
344 337
344 340
344 341
344 342
344 343
344 345
344 346
344 347
344 348
344 349
344 365
344 366
344 369
344 370
344 371
345 341
345 342
345 343
345 344
345 346
345 347
345 348
345 349
345 350
345 351
345 612
346 313
346 341
346 342
346 343
346 344
346 345
346 347
346 348
346 349
346 350
346 351
346 352
346 612
346 615
347 313
347 340
347 341
347 342
347 343
347 344
347 345
347 346
347 348
347 349
347 350
347 351
347 352
347 353
347 373
348 335
348 343
348 344
348 345
348 346
348 347
348 349
348 350
348 351
348 352
348 353
348 361
348 364
348 371
348 372
348 373
348 374
348 375
348 612
348 613
348 616
349 343
349 344
349 345
349 346
349 347
349 348
349 350
349 351
349 352
349 353
349 354
349 355
349 356
349 361
349 611
349 612
349 613
349 614
349 615
349 616
349 617
349 619
350 313
350 314
350 315
350 316
350 317
350 318
350 345
350 346
350 347
350 348
350 349
350 351
350 352
350 353
350 354
350 355
350 356
350 612
350 615
350 616
350 619
350 620
351 316
351 317
351 318
351 320
351 321
351 333
351 335
351 345
351 346
351 347
351 348
351 349
351 350
351 352
351 353
351 354
351 355
351 356
351 359
351 360
351 361
351 373
351 375
351 612
351 616
352 346
352 347
352 348
352 349
352 350
352 351
352 353
352 354
352 355
352 356
352 357
352 358
352 359
352 360
352 361
352 375
352 612
352 613
352 614
352 615
352 616
352 617
352 619
352 620
353 317
353 318
353 347
353 348
353 349
353 350
353 351
353 352
353 354
353 355
353 356
353 357
353 359
353 612
353 613
353 614
353 615
353 616
353 617
353 618
353 619
353 620
353 621
353 623
354 316
354 317
354 318
354 320
354 321
354 322
354 349
354 350
354 351
354 352
354 353
354 355
354 356
354 357
354 359
354 616
354 619
354 620
355 317
355 318
355 321
355 322
355 329
355 333
355 349
355 350
355 351
355 352
355 353
355 354
355 356
355 357
355 358
355 359
355 360
355 375
355 376
355 377
355 616
356 349
356 350
356 351
356 352
356 353
356 354
356 355
356 357
356 358
356 359
356 360
356 613
356 616
356 617
356 619
356 620
357 352
357 353
357 354
357 355
357 356
357 358
357 359
357 360
357 377
357 378
357 613
357 614
357 616
357 617
357 620
358 329
358 331
358 352
358 355
358 356
358 357
358 359
358 360
358 375
358 376
358 377
358 378
358 379
358 613
359 330
359 331
359 332
359 333
359 351
359 352
359 353
359 354
359 355
359 356
359 357
359 358
359 360
359 361
359 362
359 374
359 375
359 376
359 377
359 378
359 379
359 380
359 381
359 613
360 332
360 351
360 352
360 355
360 356
360 357
360 358
360 359
360 361
360 362
360 363
360 374
360 375
360 376
360 377
360 378
360 379
360 380
360 381
360 607
360 608
360 609
360 610
360 612
360 613
360 614
360 616
361 332
361 333
361 334
361 348
361 349
361 351
361 352
361 359
361 360
361 362
361 363
361 364
361 373
361 374
361 375
361 376
361 377
361 378
361 381
361 607
361 608
361 609
361 610
361 611
361 612
361 613
362 332
362 333
362 359
362 360
362 361
362 363
362 364
362 373
362 374
362 375
362 376
362 377
362 378
362 380
362 381
362 384
362 386
362 387
362 604
362 606
362 607
362 608
362 609
362 610
363 334
363 360
363 361
363 362
363 364
363 365
363 372
363 373
363 374
363 375
363 376
363 386
363 387
363 388
363 389
363 408
363 409
363 607
363 608
363 609
364 334
364 335
364 336
364 348
364 361
364 362
364 363
364 365
364 366
364 371
364 372
364 373
364 374
364 375
364 387
364 389
364 408
364 608
364 609
365 336
365 344
365 363
365 364
365 366
365 367
365 368
365 370
365 371
365 372
365 373
365 374
365 388
365 389
365 390
365 391
365 406
365 407
365 408
366 336
366 337
366 338
366 340
366 344
366 364
366 365
366 367
366 368
366 369
366 370
366 371
366 372
366 373
366 389
366 390
366 391
366 405
366 406
366 407
367 338
367 365
367 366
367 368
367 369
367 370
367 371
367 372
367 390
367 391
367 392
367 393
367 402
367 403
367 404
367 405
367 406
367 407
367 422
368 338
368 339
368 340
368 342
368 365
368 366
368 367
368 369
368 370
368 371
368 393
368 400
368 401
368 402
368 403
368 404
368 406
369 306
369 307
369 308
369 309
369 337
369 338
369 339
369 340
369 341
369 342
369 343
369 344
369 366
369 367
369 368
369 370
369 371
369 401
369 402
369 403
369 423
370 306
370 307
370 336
370 337
370 338
370 339
370 340
370 341
370 344
370 365
370 366
370 367
370 368
370 369
370 371
370 372
370 391
370 402
370 403
370 404
370 405
370 406
370 421
370 422
370 423
370 475
371 304
371 305
371 335
371 336
371 337
371 338
371 339
371 340
371 341
371 344
371 348
371 364
371 365
371 366
371 367
371 368
371 369
371 370
371 372
371 373
371 405
371 406
371 421
371 422
372 303
372 304
372 334
372 335
372 336
372 337
372 338
372 340
372 348
372 363
372 364
372 365
372 366
372 367
372 370
372 371
372 373
372 374
372 389
372 406
372 407
372 408
372 419
372 420
372 421
372 422
373 333
373 334
373 335
373 336
373 337
373 347
373 348
373 351
373 361
373 362
373 363
373 364
373 365
373 366
373 371
373 372
373 374
373 375
373 376
373 408
374 301
374 302
374 332
374 333
374 334
374 335
374 336
374 348
374 359
374 360
374 361
374 362
374 363
374 364
374 365
374 372
374 373
374 375
374 376
374 408
374 419
375 301
375 330
375 331
375 332
375 333
375 334
375 335
375 348
375 351
375 352
375 355
375 358
375 359
375 360
375 361
375 362
375 363
375 364
375 373
375 374
375 376
375 377
375 378
375 381
375 608
375 609
376 300
376 330
376 331
376 332
376 333
376 334
376 355
376 358
376 359
376 360
376 361
376 362
376 363
376 373
376 374
376 375
376 377
376 378
376 379
376 380
376 381
376 384
376 608
377 329
377 330
377 331
377 332
377 333
377 355
377 357
377 358
377 359
377 360
377 361
377 362
377 375
377 376
377 378
377 379
377 380
377 381
378 331
378 332
378 357
378 358
378 359
378 360
378 361
378 362
378 375
378 376
378 377
378 379
378 380
378 381
378 382
378 606
378 608
379 257
379 258
379 259
379 292
379 331
379 358
379 359
379 360
379 376
379 377
379 378
379 380
379 381
379 382
379 383
379 606
380 292
380 331
380 332
380 359
380 360
380 362
380 376
380 377
380 378
380 379
380 381
380 382
380 383
380 384
380 412
380 413
380 606
381 359
381 360
381 361
381 362
381 375
381 376
381 377
381 378
381 379
381 380
381 382
381 383
381 384
381 385
381 412
381 603
381 604
381 605
381 606
381 607
381 608
382 283
382 284
382 378
382 379
382 380
382 381
382 383
382 384
382 385
382 412
382 413
382 603
382 604
382 605
382 606
382 607
383 283
383 284
383 285
383 288
383 289
383 379
383 380
383 381
383 382
383 384
383 385
383 411
383 412
383 413
383 414
383 597
383 598
383 599
383 603
383 604
383 605
383 606
384 283
384 284
384 362
384 376
384 380
384 381
384 382
384 383
384 385
384 386
384 387
384 410
384 411
384 412
384 413
384 414
384 415
384 416
384 599
384 601
384 602
384 603
384 604
384 605
384 606
384 607
385 284
385 381
385 382
385 383
385 384
385 386
385 387
385 388
385 409
385 410
385 411
385 412
385 413
385 414
385 416
385 450
385 451
385 452
385 599
385 600
385 601
385 602
385 603
385 604
385 605
385 607
386 362
386 363
386 384
386 385
386 387
386 388
386 389
386 409
386 410
386 411
386 412
386 450
386 451
386 601
386 602
386 603
386 604
386 605
386 607
387 362
387 363
387 364
387 384
387 385
387 386
387 388
387 389
387 408
387 409
387 410
387 411
387 417
387 448
387 450
387 451
387 602
387 603
387 604
387 607
388 363
388 365
388 385
388 386
388 387
388 389
388 390
388 407
388 408
388 409
388 410
388 411
388 418
388 446
388 447
388 448
388 449
388 450
388 451
389 363
389 364
389 365
389 366
389 372
389 386
389 387
389 388
389 390
389 391
389 406
389 407
389 408
389 409
389 410
389 418
389 419
389 420
389 445
389 446
389 447
389 448
389 449
390 365
390 366
390 367
390 388
390 389
390 391
390 392
390 405
390 406
390 407
390 408
390 409
390 420
390 444
390 445
390 446
390 447
390 448
391 365
391 366
391 367
391 370
391 389
391 390
391 392
391 393
391 394
391 404
391 405
391 406
391 407
391 408
391 420
391 421
391 422
391 441
391 444
391 445
391 446
391 447
392 367
392 390
392 391
392 393
392 394
392 395
392 403
392 404
392 405
392 406
392 407
392 422
392 437
392 440
392 441
392 442
392 443
392 444
392 445
392 446
393 367
393 368
393 391
393 392
393 394
393 395
393 396
393 402
393 403
393 404
393 405
393 406
393 422
393 423
393 437
393 440
393 441
393 444
394 391
394 392
394 393
394 395
394 396
394 397
394 402
394 403
394 404
394 405
394 422
394 423
394 424
394 425
394 433
394 434
394 436
394 437
394 438
394 439
394 440
394 441
394 444
395 392
395 393
395 394
395 396
395 397
395 398
395 401
395 402
395 403
395 404
395 424
395 425
395 433
395 436
395 437
395 440
396 393
396 394
396 395
396 397
396 398
396 399
396 400
396 401
396 402
396 403
396 404
397 394
397 395
397 396
397 398
397 399
397 400
397 401
397 402
397 403
397 425
398 395
398 396
398 397
398 399
398 400
398 401
398 402
398 403
399 396
399 397
399 398
399 400
399 401
399 402
400 368
400 396
400 397
400 398
400 399
400 401
400 402
401 339
401 368
401 369
401 395
401 396
401 397
401 398
401 399
401 400
401 402
401 403
402 339
402 367
402 368
402 369
402 370
402 393
402 394
402 395
402 396
402 397
402 398
402 399
402 400
402 401
402 403
402 404
402 405
402 423
402 424
402 425
403 338
403 339
403 367
403 368
403 369
403 370
403 392
403 393
403 394
403 395
403 396
403 397
403 398
403 401
403 402
403 404
403 405
403 422
403 423
403 424
403 425
403 426
403 437
404 338
404 367
404 368
404 370
404 391
404 392
404 393
404 394
404 395
404 396
404 402
404 403
404 405
404 406
404 421
404 422
404 423
404 424
404 425
404 437
404 438
404 440
404 441
405 338
405 366
405 367
405 370
405 371
405 390
405 391
405 392
405 393
405 394
405 402
405 403
405 404
405 406
405 407
405 420
405 421
405 422
405 423
405 424
405 437
405 438
405 440
405 441
405 442
405 444
405 445
405 473
405 474
405 475
406 336
406 365
406 366
406 367
406 368
406 370
406 371
406 372
406 389
406 390
406 391
406 392
406 393
406 404
406 405
406 407
406 408
406 419
406 420
406 421
406 422
406 423
406 441
406 445
406 473
407 365
407 366
407 367
407 372
407 388
407 389
407 390
407 391
407 392
407 405
407 406
407 408
407 409
407 418
407 419
407 420
407 421
407 422
407 441
407 445
407 446
407 447
407 448
407 464
407 472
407 473
408 334
408 363
408 364
408 365
408 372
408 373
408 374
408 387
408 388
408 389
408 390
408 391
408 406
408 407
408 409
408 410
408 417
408 418
408 419
408 420
408 421
408 445
408 447
408 448
409 363
409 385
409 386
409 387
409 388
409 389
409 390
409 407
409 408
409 410
409 411
409 412
409 416
409 417
409 418
409 419
409 420
409 447
409 448
409 449
409 451
409 468
409 470
409 471
410 384
410 385
410 386
410 387
410 388
410 389
410 408
410 409
410 411
410 412
410 413
410 415
410 416
410 417
410 418
410 419
410 447
410 448
410 450
410 451
410 452
410 453
410 468
410 602
410 603
410 604
411 284
411 383
411 384
411 385
411 386
411 387
411 388
411 409
411 410
411 412
411 413
411 414
411 415
411 416
411 417
411 418
411 448
411 451
411 452
411 453
411 454
411 468
411 469
411 470
411 594
411 597
411 601
411 602
411 603
411 604
412 284
412 289
412 298
412 380
412 381
412 382
412 383
412 384
412 385
412 386
412 409
412 410
412 411
412 413
412 414
412 415
412 416
412 417
412 594
412 595
412 596
412 597
412 603
413 282
413 283
413 284
413 285
413 286
413 288
413 289
413 380
413 382
413 383
413 384
413 385
413 410
413 411
413 412
413 414
413 415
413 416
413 594
413 595
413 596
413 597
413 598
413 599
414 284
414 285
414 286
414 289
414 383
414 384
414 385
414 411
414 412
414 413
414 415
414 416
414 417
414 454
414 469
414 594
414 595
414 596
414 597
414 598
414 599
415 384
415 410
415 411
415 412
415 413
415 414
415 416
415 417
415 453
415 454
415 455
415 468
415 469
415 470
415 592
415 593
415 594
415 595
415 596
415 597
416 384
416 385
416 409
416 410
416 411
416 412
416 413
416 414
416 415
416 417
416 418
416 448
416 451
416 452
416 453
416 454
416 455
416 467
416 468
416 469
416 470
416 471
416 594
416 595
416 597
417 387
417 408
417 409
417 410
417 411
417 412
417 414
417 415
417 416
417 418
417 419
417 448
417 465
417 467
417 468
417 469
417 470
417 471
417 472
417 561
418 388
418 389
418 407
418 408
418 409
418 410
418 411
418 416
418 417
418 419
418 420
418 447
418 448
418 464
418 465
418 466
418 467
418 468
418 469
418 470
418 471
418 472
418 473
418 559
418 560
419 302
419 334
419 335
419 336
419 372
419 374
419 389
419 406
419 407
419 408
419 409
419 410
419 417
419 418
419 420
419 421
419 465
419 468
419 470
419 471
419 472
419 473
419 474
419 559
420 334
420 336
420 372
420 389
420 390
420 391
420 405
420 406
420 407
420 408
420 409
420 418
420 419
420 421
420 422
420 441
420 442
420 445
420 465
420 471
420 472
420 473
420 474
420 475
420 557
420 558
421 303
421 304
421 305
421 334
421 335
421 336
421 337
421 338
421 370
421 371
421 372
421 391
421 404
421 405
421 406
421 407
421 408
421 419
421 420
421 422
421 423
421 424
421 472
421 473
421 474
421 475
421 476
421 477
421 556
421 557
422 304
422 336
422 337
422 338
422 367
422 370
422 371
422 372
422 391
422 392
422 393
422 394
422 403
422 404
422 405
422 406
422 407
422 420
422 421
422 423
422 424
422 437
422 438
422 441
422 473
422 474
422 475
422 476
422 477
422 478
422 555
423 306
423 336
423 337
423 338
423 339
423 369
423 370
423 393
423 394
423 402
423 403
423 404
423 405
423 406
423 421
423 422
423 424
423 425
423 426
423 434
423 437
423 474
423 475
423 476
423 477
423 478
423 554
423 555
424 338
424 394
424 395
424 402
424 403
424 404
424 405
424 421
424 422
424 423
424 425
424 426
424 427
424 430
424 431
424 433
424 434
424 435
424 436
424 437
424 438
424 475
424 476
424 477
424 478
424 479
424 554
425 394
425 395
425 397
425 402
425 403
425 404
425 423
425 424
425 426
425 427
425 428
425 430
425 431
425 432
425 433
425 434
425 435
425 436
425 437
425 476
425 477
425 478
425 479
426 403
426 423
426 424
426 425
426 427
426 428
426 429
426 430
426 431
426 433
426 434
426 476
426 477
426 478
426 479
426 480
426 554
427 424
427 425
427 426
427 428
427 429
427 430
427 431
427 433
427 434
427 478
427 479
427 480
427 549
428 425
428 426
428 427
428 429
428 430
428 431
428 478
428 479
428 480
428 481
428 482
428 484
428 508
428 549
428 550
428 552
429 426
429 427
429 428
429 430
429 431
429 432
429 433
429 434
429 479
429 480
429 482
429 508
430 424
430 425
430 426
430 427
430 428
430 429
430 431
430 432
430 433
430 434
430 435
430 478
430 479
430 480
431 424
431 425
431 426
431 427
431 428
431 429
431 430
431 432
431 433
431 434
431 435
431 436
431 437
431 478
431 479
431 480
431 508
431 509
431 512
432 425
432 429
432 430
432 431
432 433
432 434
432 435
432 436
432 437
433 394
433 395
433 424
433 425
433 426
433 427
433 429
433 430
433 431
433 432
433 434
433 435
433 436
433 437
433 438
433 439
434 394
434 423
434 424
434 425
434 426
434 427
434 429
434 430
434 431
434 432
434 433
434 435
434 436
434 437
434 438
434 439
434 440
434 477
434 478
434 479
434 509
434 518
435 424
435 425
435 430
435 431
435 432
435 433
435 434
435 436
435 437
435 438
435 439
435 440
435 441
435 512
435 517
435 518
435 519
436 394
436 395
436 424
436 425
436 431
436 432
436 433
436 434
436 435
436 437
436 438
436 439
436 440
436 441
436 518
437 392
437 393
437 394
437 395
437 403
437 404
437 405
437 422
437 423
437 424
437 425
437 431
437 432
437 433
437 434
437 435
437 436
437 438
437 439
437 440
437 441
437 442
437 477
437 518
438 394
438 404
438 405
438 422
438 424
438 433
438 434
438 435
438 436
438 437
438 439
438 440
438 441
438 442
438 443
438 477
438 518
438 519
439 394
439 433
439 434
439 435
439 436
439 437
439 438
439 440
439 441
439 442
439 443
439 444
439 462
439 463
439 517
439 518
439 519
440 392
440 393
440 394
440 395
440 404
440 405
440 434
440 435
440 436
440 437
440 438
440 439
440 441
440 442
440 443
440 444
440 445
440 462
440 463
441 391
441 392
441 393
441 394
441 404
441 405
441 406
441 407
441 420
441 422
441 435
441 436
441 437
441 438
441 439
441 440
441 442
441 443
441 444
441 445
441 446
441 463
441 464
441 465
442 392
442 405
442 420
442 437
442 438
442 439
442 440
442 441
442 443
442 444
442 445
442 446
442 447
442 461
442 462
442 463
442 464
442 465
442 466
442 519
443 392
443 438
443 439
443 440
443 441
443 442
443 444
443 445
443 446
443 460
443 461
443 462
443 463
443 464
443 465
444 390
444 391
444 392
444 393
444 394
444 405
444 439
444 440
444 441
444 442
444 443
444 445
444 446
444 447
444 462
444 463
444 464
445 389
445 390
445 391
445 392
445 405
445 406
445 407
445 408
445 420
445 440
445 441
445 442
445 443
445 444
445 446
445 447
445 448
445 463
445 464
445 465
446 388
446 389
446 390
446 391
446 392
446 407
446 441
446 442
446 443
446 444
446 445
446 447
446 448
446 449
446 464
447 388
447 389
447 390
447 391
447 407
447 408
447 409
447 410
447 418
447 442
447 444
447 445
447 446
447 448
447 449
447 450
447 451
447 452
447 453
447 464
447 465
447 467
447 468
448 387
448 388
448 389
448 390
448 407
448 408
448 409
448 410
448 411
448 416
448 417
448 418
448 445
448 446
448 447
448 449
448 450
448 451
448 452
448 453
448 464
448 467
448 468
449 388
449 389
449 409
449 446
449 447
449 448
449 450
449 451
449 452
449 453
450 385
450 386
450 387
450 388
450 410
450 447
450 448
450 449
450 451
450 452
450 453
450 601
450 602
451 385
451 386
451 387
451 388
451 409
451 410
451 411
451 416
451 447
451 448
451 449
451 450
451 452
451 453
451 454
451 600
451 601
451 602
451 603
452 385
452 410
452 411
452 416
452 447
452 448
452 449
452 450
452 451
452 453
452 454
452 455
452 456
452 467
452 600
452 601
452 602
453 410
453 411
453 415
453 416
453 447
453 448
453 449
453 450
453 451
453 452
453 454
453 455
453 456
453 457
453 458
453 459
453 466
453 467
453 468
453 469
454 411
454 414
454 415
454 416
454 451
454 452
454 453
454 455
454 456
454 457
454 458
454 459
454 467
454 468
454 469
454 597
455 415
455 416
455 452
455 453
455 454
455 456
455 457
455 458
455 459
455 466
455 467
455 468
455 469
455 562
456 452
456 453
456 454
456 455
456 457
456 458
456 459
456 460
456 466
456 467
456 468
457 453
457 454
457 455
457 456
457 458
457 459
457 460
457 466
457 467
458 453
458 454
458 455
458 456
458 457
458 459
458 460
458 466
458 467
458 468
458 469
458 562
459 453
459 454
459 455
459 456
459 457
459 458
459 460
459 461
459 462
459 463
459 464
459 465
459 466
459 467
459 468
459 469
459 562
460 443
460 456
460 457
460 458
460 459
460 461
460 462
460 463
460 464
460 465
460 466
460 467
461 442
461 443
461 459
461 460
461 462
461 463
461 464
461 465
461 466
461 467
462 439
462 440
462 442
462 443
462 444
462 459
462 460
462 461
462 463
462 464
462 465
462 466
463 439
463 440
463 441
463 442
463 443
463 444
463 445
463 459
463 460
463 461
463 462
463 464
463 465
463 466
463 467
463 520
464 407
464 418
464 441
464 442
464 443
464 444
464 445
464 446
464 447
464 448
464 459
464 460
464 461
464 462
464 463
464 465
464 466
464 467
464 468
464 471
465 417
465 418
465 419
465 420
465 441
465 442
465 443
465 445
465 447
465 459
465 460
465 461
465 462
465 463
465 464
465 466
465 467
465 468
465 469
465 470
465 471
465 472
465 473
465 519
465 520
465 521
465 522
465 559
465 560
465 561
465 562
466 418
466 442
466 453
466 455
466 456
466 457
466 458
466 459
466 460
466 461
466 462
466 463
466 464
466 465
466 467
466 468
466 469
466 470
466 471
466 521
466 560
466 561
466 562
467 416
467 417
467 418
467 447
467 448
467 452
467 453
467 454
467 455
467 456
467 457
467 458
467 459
467 460
467 461
467 463
467 464
467 465
467 466
467 468
467 469
467 470
467 471
467 562
468 409
468 410
468 411
468 415
468 416
468 417
468 418
468 419
468 447
468 448
468 453
468 454
468 455
468 456
468 458
468 459
468 464
468 465
468 466
468 467
468 469
468 470
468 471
468 560
468 561
468 562
469 411
469 414
469 415
469 416
469 417
469 418
469 453
469 454
469 455
469 458
469 459
469 465
469 466
469 467
469 468
469 470
469 471
469 560
469 561
469 562
469 563
469 566
469 567
469 593
469 594
470 409
470 411
470 415
470 416
470 417
470 418
470 419
470 465
470 466
470 467
470 468
470 469
470 471
470 472
470 559
470 560
470 561
470 562
470 563
470 566
470 567
470 592
470 593
470 594
471 409
471 416
471 417
471 418
471 419
471 420
471 464
471 465
471 466
471 467
471 468
471 469
471 470
471 472
471 473
471 474
471 522
471 558
471 559
471 560
471 561
471 562
471 567
472 302
472 334
472 407
472 417
472 418
472 419
472 420
472 421
472 465
472 470
472 471
472 473
472 474
472 522
472 523
472 557
472 558
472 559
472 560
472 561
472 567
473 302
473 303
473 304
473 336
473 405
473 406
473 407
473 418
473 419
473 420
473 421
473 422
473 465
473 471
473 472
473 474
473 475
473 477
473 519
473 522
473 524
473 556
473 557
473 558
473 559
473 560
474 302
474 303
474 304
474 305
474 334
474 335
474 336
474 337
474 405
474 419
474 420
474 421
474 422
474 423
474 471
474 472
474 473
474 475
474 476
474 477
474 555
474 556
474 557
474 558
474 559
474 586
474 587
474 588
475 303
475 304
475 305
475 306
475 335
475 336
475 337
475 338
475 370
475 405
475 420
475 421
475 422
475 423
475 424
475 473
475 474
475 476
475 477
475 478
475 554
475 555
475 556
475 557
475 558
475 586
476 304
476 305
476 306
476 336
476 337
476 338
476 339
476 421
476 422
476 423
476 424
476 425
476 426
476 474
476 475
476 477
476 478
476 479
476 532
476 533
476 553
476 554
476 555
476 556
476 557
476 583
476 586
477 421
477 422
477 423
477 424
477 425
477 426
477 434
477 437
477 438
477 473
477 474
477 475
477 476
477 478
477 479
477 480
477 509
477 553
477 554
477 555
477 556
477 557
478 422
478 423
478 424
478 425
478 426
478 427
478 428
478 430
478 431
478 434
478 475
478 476
478 477
478 479
478 480
478 508
478 509
478 533
478 552
478 553
478 554
478 555
478 556
479 424
479 425
479 426
479 427
479 428
479 429
479 430
479 431
479 434
479 476
479 477
479 478
479 480
479 481
479 482
479 507
479 508
479 509
479 510
479 512
479 552
479 553
479 554
479 555
479 556
480 426
480 427
480 428
480 429
480 430
480 431
480 477
480 478
480 479
480 481
480 482
480 483
480 484
480 504
480 506
480 507
480 508
480 509
480 531
480 533
480 549
480 550
480 551
480 552
480 553
480 554
481 428
481 479
481 480
481 482
481 483
481 484
481 485
481 487
481 488
481 503
481 504
481 505
481 506
481 507
481 508
481 509
481 531
481 550
481 551
481 552
481 553
481 554
482 428
482 429
482 479
482 480
482 481
482 483
482 484
482 485
482 487
482 488
482 503
482 504
482 505
482 506
482 507
482 508
482 550
482 551
482 552
483 480
483 481
483 482
483 484
483 485
483 486
483 487
483 488
483 506
483 507
483 550
484 428
484 480
484 481
484 482
484 483
484 485
484 486
484 487
484 488
484 489
484 506
484 548
484 549
484 550
484 551
485 481
485 482
485 483
485 484
485 486
485 487
485 488
485 489
485 490
485 491
485 548
485 549
485 550
485 551
485 552
486 483
486 484
486 485
486 487
486 488
486 489
486 490
486 491
486 492
486 548
486 550
487 481
487 482
487 483
487 484
487 485
487 486
487 488
487 489
487 490
487 491
487 492
487 493
487 503
487 506
487 550
488 481
488 482
488 483
488 484
488 485
488 486
488 487
488 489
488 490
488 491
488 492
488 493
488 494
488 502
488 503
488 506
488 550
488 551
488 552
489 484
489 485
489 486
489 487
489 488
489 490
489 491
489 492
489 493
489 494
489 503
489 542
489 550
489 551
490 485
490 486
490 487
490 488
490 489
490 491
490 492
490 493
490 494
490 495
491 485
491 486
491 487
491 488
491 489
491 490
491 492
491 493
491 494
491 495
491 498
491 499
491 500
491 502
491 503
492 486
492 487
492 488
492 489
492 490
492 491
492 493
492 494
492 495
492 496
492 497
492 498
492 499
492 500
492 502
492 503
492 530
492 531
492 551
493 487
493 488
493 489
493 490
493 491
493 492
493 494
493 495
493 496
493 497
493 498
493 499
494 488
494 489
494 490
494 491
494 492
494 493
494 495
494 496
494 497
494 498
494 499
495 490
495 491
495 492
495 493
495 494
495 496
495 497
495 498
495 499
496 492
496 493
496 494
496 495
496 497
496 498
496 499
497 492
497 493
497 494
497 495
497 496
497 498
497 499
497 500
498 491
498 492
498 493
498 494
498 495
498 496
498 497
498 499
498 500
498 501
498 502
498 503
498 528
498 529
498 530
499 491
499 492
499 493
499 494
499 495
499 496
499 497
499 498
499 500
499 501
499 502
499 503
499 504
499 528
499 530
500 491
500 492
500 497
500 498
500 499
500 501
500 502
500 503
500 504
500 505
500 527
500 528
500 529
500 530
500 531
501 498
501 499
501 500
501 502
501 503
501 504
501 505
501 506
501 526
501 527
501 528
502 488
502 491
502 492
502 498
502 499
502 500
502 501
502 503
502 504
502 505
502 506
502 507
503 481
503 482
503 487
503 488
503 489
503 491
503 492
503 498
503 499
503 500
503 501
503 502
503 504
503 505
503 506
503 507
503 530
503 531
503 551
503 552
504 480
504 481
504 482
504 499
504 500
504 501
504 502
504 503
504 505
504 506
504 507
504 508
504 509
504 510
504 511
504 527
504 528
504 530
504 531
504 552
504 553
505 481
505 482
505 500
505 501
505 502
505 503
505 504
505 506
505 507
505 508
505 510
505 511
506 480
506 481
506 482
506 483
506 484
506 487
506 488
506 501
506 502
506 503
506 504
506 505
506 507
506 508
506 509
506 510
506 511
506 552
507 479
507 480
507 481
507 482
507 483
507 502
507 503
507 504
507 505
507 506
507 508
507 509
507 510
507 511
507 512
507 552
507 553
507 554
508 428
508 429
508 431
508 478
508 479
508 480
508 481
508 482
508 504
508 505
508 506
508 507
508 509
508 510
508 511
508 512
508 513
508 514
508 552
508 553
508 554
509 431
509 434
509 477
509 478
509 479
509 480
509 481
509 504
509 506
509 507
509 508
509 510
509 511
509 512
509 513
509 514
509 515
509 517
509 518
509 519
509 553
509 554
509 556
510 479
510 504
510 505
510 506
510 507
510 508
510 509
510 511
510 512
510 513
510 514
510 515
510 516
510 518
510 523
510 524
511 504
511 505
511 506
511 507
511 508
511 509
511 510
511 512
511 513
511 514
511 515
511 516
511 517
511 518
512 431
512 435
512 479
512 507
512 508
512 509
512 510
512 511
512 513
512 514
512 515
512 516
512 517
512 518
512 519
513 508
513 509
513 510
513 511
513 512
513 514
513 515
513 516
513 517
513 518
513 519
513 520
513 521
513 522
513 523
513 524
514 508
514 509
514 510
514 511
514 512
514 513
514 515
514 516
514 517
514 518
514 519
514 520
515 509
515 510
515 511
515 512
515 513
515 514
515 516
515 517
515 518
515 520
516 510
516 511
516 512
516 513
516 514
516 515
516 517
516 518
516 519
516 520
516 521
516 522
517 435
517 439
517 509
517 511
517 512
517 513
517 514
517 515
517 516
517 518
517 519
517 520
518 434
518 435
518 436
518 437
518 438
518 439
518 509
518 510
518 511
518 512
518 513
518 514
518 515
518 516
518 517
518 519
518 520
518 521
518 522
519 435
519 438
519 439
519 442
519 465
519 473
519 509
519 512
519 513
519 514
519 516
519 517
519 518
519 520
519 521
519 522
519 523
519 558
519 559
519 560
520 463
520 465
520 513
520 514
520 515
520 516
520 517
520 518
520 519
520 521
520 522
520 523
520 560
521 465
521 466
521 513
521 516
521 518
521 519
521 520
521 522
521 523
521 559
521 560
521 561
521 562
522 465
522 471
522 472
522 473
522 513
522 516
522 518
522 519
522 520
522 521
522 523
522 524
522 558
522 559
522 560
522 561
523 472
523 510
523 513
523 519
523 520
523 521
523 522
523 524
523 525
523 526
523 557
523 558
523 559
523 560
523 561
523 567
524 473
524 510
524 513
524 522
524 523
524 525
524 526
524 527
524 556
524 557
524 558
524 559
524 560
524 569
524 572
524 588
525 523
525 524
525 526
525 527
525 528
525 556
525 557
525 558
525 559
525 568
525 569
525 570
525 571
525 572
525 573
525 588
525 589
525 590
526 501
526 523
526 524
526 525
526 527
526 528
526 529
526 569
526 571
526 572
526 573
527 500
527 501
527 504
527 524
527 525
527 526
527 528
527 529
527 530
527 531
527 553
527 556
527 571
527 572
527 573
527 574
528 498
528 499
528 500
528 501
528 504
528 525
528 526
528 527
528 529
528 530
528 531
528 571
528 572
528 573
528 574
529 498
529 500
529 526
529 527
529 528
529 530
529 531
529 532
529 553
529 572
529 573
529 574
529 575
529 576
529 586
530 492
530 498
530 499
530 500
530 503
530 504
530 527
530 528
530 529
530 531
530 532
530 533
530 551
530 552
530 553
530 573
530 574
530 576
530 584
531 480
531 481
531 492
531 500
531 503
531 504
531 527
531 528
531 529
531 530
531 532
531 533
531 534
531 535
531 542
531 550
531 551
531 552
531 553
531 554
531 555
531 574
531 583
531 584
532 305
532 306
532 476
532 529
532 530
532 531
532 533
532 534
532 535
532 542
532 551
532 552
532 553
532 554
532 555
532 556
532 573
532 574
532 575
532 576
532 582
532 583
532 584
532 585
532 586
533 306
533 476
533 478
533 480
533 530
533 531
533 532
533 534
533 535
533 536
533 542
533 543
533 549
533 550
533 551
533 552
533 553
533 554
533 555
533 581
533 582
533 583
533 584
533 585
534 531
534 532
534 533
534 535
534 536
534 537
534 540
534 541
534 542
534 543
534 544
534 548
534 549
534 550
534 551
534 552
534 553
534 554
534 581
534 582
534 583
534 584
535 531
535 532
535 533
535 534
535 536
535 537
535 538
535 539
535 540
535 541
535 542
535 543
535 544
535 549
535 551
535 579
535 580
535 581
535 582
535 583
535 584
536 533
536 534
536 535
536 537
536 538
536 539
536 540
536 541
536 542
536 543
536 544
536 545
536 579
536 580
536 581
536 582
536 583
537 534
537 535
537 536
537 538
537 539
537 540
537 541
537 542
537 543
537 579
537 580
537 581
537 582
537 583
538 535
538 536
538 537
538 539
538 540
538 541
538 577
538 578
538 579
538 580
538 581
538 582
539 535
539 536
539 537
539 538
539 540
539 541
539 542
539 543
539 576
539 577
539 578
539 579
539 580
539 581
539 582
540 534
540 535
540 536
540 537
540 538
540 539
540 541
540 542
540 543
540 576
540 577
540 578
540 579
540 582
540 584
541 534
541 535
541 536
541 537
541 538
541 539
541 540
541 542
541 543
541 544
541 582
542 489
542 531
542 532
542 533
542 534
542 535
542 536
542 537
542 539
542 540
542 541
542 543
542 544
542 545
542 548
542 549
542 550
542 551
542 552
542 582
543 533
543 534
543 535
543 536
543 537
543 539
543 540
543 541
543 542
543 544
543 545
543 546
543 547
543 548
543 549
543 550
543 551
543 582
544 534
544 535
544 536
544 541
544 542
544 543
544 545
544 546
544 547
544 548
544 549
545 536
545 542
545 543
545 544
545 546
545 547
545 548
545 549
546 543
546 544
546 545
546 547
546 548
546 549
547 543
547 544
547 545
547 546
547 548
547 549
547 550
548 484
548 485
548 486
548 534
548 542
548 543
548 544
548 545
548 546
548 547
548 549
548 550
548 551
549 427
549 428
549 480
549 484
549 485
549 533
549 534
549 535
549 542
549 543
549 544
549 545
549 546
549 547
549 548
549 550
549 551
549 552
550 428
550 480
550 481
550 482
550 483
550 484
550 485
550 486
550 487
550 488
550 489
550 531
550 533
550 534
550 542
550 543
550 547
550 548
550 549
550 551
550 552
551 480
551 481
551 482
551 484
551 485
551 488
551 489
551 492
551 503
551 530
551 531
551 532
551 533
551 534
551 535
551 542
551 543
551 548
551 549
551 550
551 552
551 553
551 554
552 428
552 478
552 479
552 480
552 481
552 482
552 485
552 488
552 503
552 504
552 506
552 507
552 508
552 530
552 531
552 532
552 533
552 534
552 542
552 549
552 550
552 551
552 553
552 554
552 555
552 583
553 476
553 477
553 478
553 479
553 480
553 481
553 504
553 507
553 508
553 509
553 527
553 529
553 530
553 531
553 532
553 533
553 534
553 551
553 552
553 554
553 555
553 556
553 583
553 586
554 305
554 306
554 423
554 424
554 426
554 475
554 476
554 477
554 478
554 479
554 480
554 481
554 507
554 508
554 509
554 531
554 532
554 533
554 534
554 551
554 552
554 553
554 555
554 556
554 583
554 584
554 586
555 303
555 304
555 305
555 306
555 338
555 422
555 423
555 474
555 475
555 476
555 477
555 478
555 479
555 531
555 532
555 533
555 552
555 553
555 554
555 556
555 557
555 574
555 583
555 584
555 585
555 586
555 587
556 303
556 304
556 305
556 421
556 473
556 474
556 475
556 476
556 477
556 478
556 479
556 509
556 524
556 525
556 527
556 532
556 553
556 554
556 555
556 557
556 558
556 572
556 573
556 574
556 585
556 586
556 587
556 588
557 302
557 303
557 304
557 420
557 421
557 472
557 473
557 474
557 475
557 476
557 477
557 523
557 524
557 525
557 555
557 556
557 558
557 559
557 572
557 573
557 586
557 587
557 588
557 589
558 302
558 420
558 471
558 472
558 473
558 474
558 475
558 519
558 522
558 523
558 524
558 525
558 556
558 557
558 559
558 560
558 588
559 418
559 419
559 465
559 470
559 471
559 472
559 473
559 474
559 519
559 521
559 522
559 523
559 524
559 525
559 557
559 558
559 560
559 561
559 567
559 568
559 569
559 588
559 590
560 418
560 465
560 466
560 468
560 469
560 470
560 471
560 472
560 473
560 519
560 520
560 521
560 522
560 523
560 524
560 558
560 559
560 561
560 562
560 563
560 564
560 565
560 566
560 567
561 417
561 465
561 466
561 468
561 469
561 470
561 471
561 472
561 521
561 522
561 523
561 559
561 560
561 562
561 563
561 564
561 565
561 566
561 567
561 592
562 455
562 458
562 459
562 465
562 466
562 467
562 468
562 469
562 470
562 471
562 521
562 560
562 561
562 563
562 564
562 565
562 566
562 567
563 469
563 470
563 560
563 561
563 562
563 564
563 565
563 566
563 567
563 593
564 560
564 561
564 562
564 563
564 565
564 566
564 567
564 568
565 560
565 561
565 562
565 563
565 564
565 566
565 567
565 568
565 569
565 592
565 593
566 297
566 469
566 470
566 560
566 561
566 562
566 563
566 564
566 565
566 567
566 568
566 591
566 592
566 593
566 594
567 297
567 298
567 300
567 469
567 470
567 471
567 472
567 523
567 559
567 560
567 561
567 562
567 563
567 564
567 565
567 566
567 568
567 569
567 570
567 590
567 591
567 592
567 593
567 594
568 297
568 299
568 300
568 525
568 559
568 564
568 565
568 566
568 567
568 569
568 570
568 571
568 589
568 590
568 591
568 592
568 593
569 300
569 524
569 525
569 526
569 559
569 565
569 567
569 568
569 570
569 571
569 572
569 588
569 589
569 590
569 591
569 592
570 299
570 300
570 301
570 325
570 326
570 525
570 567
570 568
570 569
570 571
570 572
570 588
570 589
570 590
570 591
571 301
571 323
571 325
571 326
571 525
571 526
571 527
571 528
571 568
571 569
571 570
571 572
571 573
571 587
571 588
571 589
571 590
572 301
572 302
572 303
572 524
572 525
572 526
572 527
572 528
572 529
572 556
572 557
572 569
572 570
572 571
572 573
572 574
572 586
572 587
572 588
572 589
572 590
573 303
573 323
573 525
573 526
573 527
573 528
573 529
573 530
573 532
573 556
573 557
573 571
573 572
573 574
573 575
573 576
573 584
573 585
573 586
573 587
573 588
573 589
574 303
574 304
574 305
574 320
574 323
574 527
574 528
574 529
574 530
574 531
574 532
574 555
574 556
574 572
574 573
574 575
574 576
574 577
574 578
574 583
574 584
574 585
574 586
574 587
574 588
575 305
575 319
575 320
575 321
575 323
575 529
575 532
575 573
575 574
575 576
575 577
575 578
575 579
575 583
575 584
575 585
575 586
575 587
576 319
576 320
576 529
576 530
576 532
576 539
576 540
576 573
576 574
576 575
576 577
576 578
576 579
576 583
576 584
576 585
576 586
577 314
577 316
577 317
577 319
577 320
577 538
577 539
577 540
577 574
577 575
577 576
577 578
577 579
577 580
577 584
577 585
578 313
578 314
578 315
578 316
578 317
578 319
578 320
578 538
578 539
578 540
578 574
578 575
578 576
578 577
578 579
578 580
578 581
578 582
578 583
578 584
578 585
579 307
579 313
579 314
579 535
579 536
579 537
579 538
579 539
579 540
579 575
579 576
579 577
579 578
579 580
579 581
579 582
579 583
579 584
579 585
580 307
580 308
580 310
580 311
580 312
580 313
580 314
580 315
580 535
580 536
580 537
580 538
580 539
580 577
580 578
580 579
580 581
580 582
580 583
580 584
581 305
581 306
581 307
581 308
581 309
581 310
581 312
581 313
581 314
581 533
581 534
581 535
581 536
581 537
581 538
581 539
581 578
581 579
581 580
581 582
581 583
581 584
581 585
582 306
582 307
582 308
582 310
582 532
582 533
582 534
582 535
582 536
582 537
582 538
582 539
582 540
582 541
582 542
582 543
582 578
582 579
582 580
582 581
582 583
582 584
582 585
583 304
583 305
583 306
583 307
583 308
583 476
583 531
583 532
583 533
583 534
583 535
583 536
583 537
583 552
583 553
583 554
583 555
583 574
583 575
583 576
583 578
583 579
583 580
583 581
583 582
583 584
583 585
583 586
584 304
584 305
584 306
584 307
584 320
584 530
584 531
584 532
584 533
584 534
584 535
584 540
584 554
584 555
584 573
584 574
584 575
584 576
584 577
584 578
584 579
584 580
584 581
584 582
584 583
584 585
584 586
584 587
585 303
585 304
585 305
585 306
585 307
585 320
585 336
585 337
585 532
585 533
585 555
585 556
585 573
585 574
585 575
585 576
585 577
585 578
585 579
585 581
585 582
585 583
585 584
585 586
585 587
586 302
586 303
586 304
586 305
586 306
586 320
586 336
586 474
586 475
586 476
586 529
586 532
586 553
586 554
586 555
586 556
586 557
586 572
586 573
586 574
586 575
586 576
586 583
586 584
586 585
586 587
586 588
587 301
587 302
587 303
587 304
587 305
587 320
587 321
587 323
587 334
587 335
587 336
587 474
587 555
587 556
587 557
587 571
587 572
587 573
587 574
587 575
587 584
587 585
587 586
587 588
587 589
587 590
588 300
588 301
588 302
588 303
588 304
588 474
588 524
588 525
588 556
588 557
588 558
588 559
588 569
588 570
588 571
588 572
588 573
588 574
588 586
588 587
588 589
588 590
589 299
589 300
589 301
589 302
589 303
589 323
589 325
589 326
589 330
589 333
589 525
589 557
589 568
589 569
589 570
589 571
589 572
589 573
589 587
589 588
589 590
589 591
589 592
590 297
590 298
590 299
590 300
590 301
590 302
590 330
590 525
590 559
590 567
590 568
590 569
590 570
590 571
590 572
590 587
590 588
590 589
590 591
590 592
590 593
591 296
591 297
591 298
591 299
591 300
591 301
591 330
591 331
591 566
591 567
591 568
591 569
591 570
591 589
591 590
591 592
591 593
591 594
592 296
592 297
592 298
592 299
592 300
592 415
592 470
592 561
592 565
592 566
592 567
592 568
592 569
592 589
592 590
592 591
592 593
592 594
593 293
593 295
593 296
593 297
593 298
593 299
593 415
593 469
593 470
593 563
593 565
593 566
593 567
593 568
593 590
593 591
593 592
593 594
593 595
594 289
594 293
594 295
594 296
594 297
594 298
594 411
594 412
594 413
594 414
594 415
594 416
594 469
594 470
594 566
594 567
594 591
594 592
594 593
594 595
594 596
594 597
595 284
595 285
595 286
595 289
595 296
595 297
595 412
595 413
595 414
595 415
595 416
595 593
595 594
595 596
595 597
596 282
596 283
596 284
596 285
596 286
596 287
596 288
596 289
596 290
596 296
596 412
596 413
596 414
596 415
596 594
596 595
596 597
596 598
597 282
597 283
597 284
597 285
597 286
597 289
597 383
597 411
597 412
597 413
597 414
597 415
597 416
597 454
597 594
597 595
597 596
597 598
597 599
597 600
597 601
598 275
598 276
598 281
598 282
598 283
598 284
598 285
598 286
598 383
598 413
598 414
598 596
598 597
598 599
598 600
598 601
599 271
599 272
599 273
599 274
599 275
599 276
599 282
599 283
599 284
599 285
599 383
599 384
599 385
599 413
599 414
599 597
599 598
599 600
599 601
599 602
599 603
600 272
600 273
600 274
600 275
600 276
600 282
600 284
600 385
600 451
600 452
600 597
600 598
600 599
600 601
600 602
600 603
601 275
601 284
601 384
601 385
601 386
601 411
601 450
601 451
601 452
601 597
601 598
601 599
601 600
601 602
601 603
601 604
602 384
602 385
602 386
602 387
602 410
602 411
602 450
602 451
602 452
602 599
602 600
602 601
602 603
602 604
602 605
603 283
603 284
603 381
603 382
603 383
603 384
603 385
603 386
603 387
603 410
603 411
603 412
603 451
603 599
603 600
603 601
603 602
603 604
603 605
603 606
603 607
604 362
604 381
604 382
604 383
604 384
604 385
604 386
604 387
604 410
604 411
604 601
604 602
604 603
604 605
604 606
604 607
604 608
605 283
605 381
605 382
605 383
605 384
605 385
605 386
605 602
605 603
605 604
605 606
605 607
605 608
606 362
606 378
606 379
606 380
606 381
606 382
606 383
606 384
606 603
606 604
606 605
606 607
606 608
607 360
607 361
607 362
607 363
607 381
607 382
607 384
607 385
607 386
607 387
607 603
607 604
607 605
607 606
607 608
607 609
607 610
608 360
608 361
608 362
608 363
608 364
608 375
608 376
608 378
608 381
608 604
608 605
608 606
608 607
608 609
608 610
608 611
608 612
608 613
609 360
609 361
609 362
609 363
609 364
609 375
609 607
609 608
609 610
609 611
609 612
609 613
609 614
610 360
610 361
610 362
610 607
610 608
610 609
610 611
610 612
610 613
610 614
610 615
610 616
611 349
611 361
611 608
611 609
611 610
611 612
611 613
611 614
611 615
611 616
611 617
612 345
612 346
612 348
612 349
612 350
612 351
612 352
612 353
612 360
612 361
612 608
612 609
612 610
612 611
612 613
612 614
612 615
612 616
612 617
612 618
613 348
613 349
613 352
613 353
613 356
613 357
613 358
613 359
613 360
613 361
613 608
613 609
613 610
613 611
613 612
613 614
613 615
613 616
613 617
613 618
613 619
614 349
614 352
614 353
614 357
614 360
614 609
614 610
614 611
614 612
614 613
614 615
614 616
614 617
614 618
614 619
615 346
615 349
615 350
615 352
615 353
615 610
615 611
615 612
615 613
615 614
615 616
615 617
615 618
615 619
615 620
615 621
616 348
616 349
616 350
616 351
616 352
616 353
616 354
616 355
616 356
616 357
616 360
616 610
616 611
616 612
616 613
616 614
616 615
616 617
616 618
616 619
616 620
616 621
616 622
617 349
617 352
617 353
617 356
617 357
617 611
617 612
617 613
617 614
617 615
617 616
617 618
617 619
617 620
617 621
617 622
618 353
618 612
618 613
618 614
618 615
618 616
618 617
618 619
618 620
618 621
618 622
618 623
618 624
619 349
619 350
619 352
619 353
619 354
619 356
619 613
619 614
619 615
619 616
619 617
619 618
619 620
619 621
619 622
619 623
619 624
619 625
620 350
620 352
620 353
620 354
620 356
620 357
620 615
620 616
620 617
620 618
620 619
620 621
620 622
620 623
620 624
620 625
620 626
621 353
621 615
621 616
621 617
621 618
621 619
621 620
621 622
621 623
621 624
621 625
621 626
621 627
622 616
622 617
622 618
622 619
622 620
622 621
622 623
622 624
622 625
622 626
622 627
623 353
623 618
623 619
623 620
623 621
623 622
623 624
623 625
623 626
623 627
623 628
623 629
624 618
624 619
624 620
624 621
624 622
624 623
624 625
624 626
624 627
624 628
624 629
624 630
625 619
625 620
625 621
625 622
625 623
625 624
625 626
625 627
625 628
625 629
625 630
626 620
626 621
626 622
626 623
626 624
626 625
626 627
626 628
626 629
626 630
626 631
626 632
627 621
627 622
627 623
627 624
627 625
627 626
627 628
627 629
627 630
627 631
627 632
628 623
628 624
628 625
628 626
628 627
628 629
628 630
628 631
628 632
628 633
629 623
629 624
629 625
629 626
629 627
629 628
629 630
629 631
629 632
629 633
629 634
630 624
630 625
630 626
630 627
630 628
630 629
630 631
630 632
630 633
630 634
630 635
631 626
631 627
631 628
631 629
631 630
631 632
631 633
631 634
631 635
631 636
632 626
632 627
632 628
632 629
632 630
632 631
632 633
632 634
632 635
632 636
632 637
633 628
633 629
633 630
633 631
633 632
633 634
633 635
633 636
633 637
633 638
634 629
634 630
634 631
634 632
634 633
634 635
634 636
634 637
634 638
634 639
635 630
635 631
635 632
635 633
635 634
635 636
635 637
635 638
635 639
636 631
636 632
636 633
636 634
636 635
636 637
636 638
636 639
636 640
637 632
637 633
637 634
637 635
637 636
637 638
637 639
637 640
637 641
638 633
638 634
638 635
638 636
638 637
638 639
638 640
638 641
638 642
639 634
639 635
639 636
639 637
639 638
639 640
639 641
639 642
640 636
640 637
640 638
640 639
640 641
640 642
640 643
641 637
641 638
641 639
641 640
641 642
641 643
642 638
642 639
642 640
642 641
642 643
643 640
643 641
643 642
