0 1
0 2
0 3
0 4
0 50
0 51
0 52
0 54
0 79
1 0
1 2
1 3
1 4
1 5
1 50
1 76
1 77
1 78
1 79
1 80
2 0
2 1
2 3
2 4
2 5
2 50
2 51
2 53
2 54
2 57
2 58
2 76
2 77
2 78
2 79
3 0
3 1
3 2
3 4
3 5
3 29
3 30
3 49
3 50
3 51
3 52
3 53
3 54
3 55
3 56
3 57
3 58
3 76
3 77
4 0
4 1
4 2
4 3
4 5
4 6
4 7
4 29
4 30
4 31
4 32
4 48
4 49
4 50
4 51
4 52
4 53
4 54
4 57
4 75
4 76
4 77
4 78
4 79
5 1
5 2
5 3
5 4
5 6
5 7
5 8
5 32
5 47
5 48
5 49
5 50
5 51
5 57
5 58
5 60
5 61
5 73
5 74
5 75
5 76
5 77
5 78
6 4
6 5
6 7
6 8
6 34
6 46
6 47
6 48
6 49
6 50
6 73
6 74
6 75
6 76
6 77
6 78
7 4
7 5
7 6
7 8
7 9
7 10
7 19
7 33
7 34
7 45
7 46
7 47
7 48
7 49
7 61
7 64
7 65
7 72
7 73
7 74
7 75
7 76
7 77
8 5
8 6
8 7
8 9
8 10
8 11
8 34
8 44
8 45
8 46
8 47
8 48
8 71
8 72
8 73
8 74
8 75
9 7
9 8
9 10
9 11
9 12
9 14
9 43
9 44
9 45
9 46
9 47
9 66
9 67
9 70
9 71
9 72
9 73
9 74
10 7
10 8
10 9
10 11
10 12
10 13
10 14
10 15
10 19
10 34
10 35
10 43
10 44
10 45
10 46
10 47
10 66
10 67
10 68
10 70
10 71
10 72
10 73
11 8
11 9
11 10
11 12
11 13
11 14
11 15
11 42
11 43
11 44
11 45
11 46
11 67
11 68
11 69
11 70
11 71
11 72
12 9
12 10
12 11
12 13
12 14
12 15
12 36
12 41
12 42
12 43
12 44
12 45
12 46
13 10
13 11
13 12
13 14
13 15
13 18
13 41
13 42
13 43
13 45
13 68
14 9
14 10
14 11
14 12
14 13
14 15
14 16
14 17
14 18
14 19
14 34
14 35
14 36
14 42
14 43
14 44
14 45
14 46
14 47
14 67
14 68
15 10
15 11
15 12
15 13
15 14
15 16
15 17
15 18
15 19
15 20
15 32
15 33
15 34
15 35
15 36
15 41
15 42
15 43
15 47
16 14
16 15
16 17
16 18
16 19
16 20
16 21
16 31
16 32
16 33
16 34
16 35
16 43
16 47
16 48
16 49
17 14
17 15
17 16
17 18
17 19
17 20
17 21
17 22
17 32
17 33
17 34
18 13
18 14
18 15
18 16
18 17
18 19
18 20
18 21
18 22
18 23
18 24
18 32
18 34
18 67
18 68
19 7
19 10
19 14
19 15
19 16
19 17
19 18
19 20
19 21
19 22
19 23
19 24
19 32
19 33
19 34
19 47
19 48
19 49
19 67
19 68
20 15
20 16
20 17
20 18
20 19
20 21
20 22
20 23
20 24
20 25
20 28
20 29
20 30
20 31
20 32
20 33
20 34
20 48
20 49
20 50
21 16
21 17
21 18
21 19
21 20
21 22
21 23
21 24
21 25
21 26
21 29
21 32
22 17
22 18
22 19
22 20
22 21
22 23
22 24
22 25
22 26
22 27
22 60
22 64
22 66
22 67
23 18
23 19
23 20
23 21
23 22
23 24
23 25
23 26
23 27
23 28
23 29
23 32
23 49
23 50
23 51
23 56
23 57
23 59
23 60
23 63
23 64
24 18
24 19
24 20
24 21
24 22
24 23
24 25
24 26
24 27
24 28
24 29
24 30
24 32
24 49
24 51
24 56
24 60
25 20
25 21
25 22
25 23
25 24
25 26
25 27
25 28
25 29
25 56
25 60
25 63
25 64
26 21
26 22
26 23
26 24
26 25
26 27
26 28
26 29
26 51
26 55
26 56
26 57
26 58
26 59
26 60
26 61
26 63
26 64
27 22
27 23
27 24
27 25
27 26
27 28
27 29
27 30
27 51
27 52
27 53
27 54
27 55
27 56
27 57
27 59
27 60
28 20
28 23
28 24
28 25
28 26
28 27
28 29
28 30
28 31
28 50
28 51
28 52
28 53
28 56
29 3
29 4
29 20
29 21
29 23
29 24
29 25
29 26
29 27
29 28
29 30
29 31
29 32
29 49
29 50
29 51
29 52
29 53
29 56
29 57
30 3
30 4
30 20
30 24
30 27
30 28
30 29
30 31
30 32
30 49
30 50
30 51
30 52
30 53
30 254
31 4
31 16
31 20
31 28
31 29
31 30
31 32
31 33
31 48
31 49
31 50
31 51
31 52
32 4
32 5
32 15
32 16
32 17
32 18
32 19
32 20
32 21
32 23
32 24
32 29
32 30
32 31
32 33
32 34
32 47
32 48
32 49
32 50
32 51
33 7
33 15
33 16
33 17
33 19
33 20
33 31
33 32
33 34
33 35
33 36
33 46
33 47
33 48
33 49
33 50
34 6
34 7
34 8
34 10
34 14
34 15
34 16
34 17
34 18
34 19
34 20
34 32
34 33
34 35
34 36
34 37
34 42
34 43
34 44
34 45
34 46
34 47
34 48
34 49
35 10
35 14
35 15
35 16
35 33
35 34
35 36
35 37
35 38
35 41
35 42
35 43
35 44
35 45
35 46
35 47
35 48
36 12
36 14
36 15
36 33
36 34
36 35
36 37
36 38
36 39
36 40
36 41
36 42
36 43
36 44
36 45
36 46
36 47
37 34
37 35
37 36
37 38
37 39
37 40
37 41
37 42
37 43
37 44
37 45
38 35
38 36
38 37
38 39
38 40
38 41
38 42
38 43
38 44
39 36
39 37
39 38
39 40
39 41
39 42
40 36
40 37
40 38
40 39
40 41
40 42
40 43
40 44
41 12
41 13
41 15
41 35
41 36
41 37
41 38
41 39
41 40
41 42
41 43
41 44
42 11
42 12
42 13
42 14
42 15
42 34
42 35
42 36
42 37
42 38
42 39
42 40
42 41
42 43
42 44
42 45
43 9
43 10
43 11
43 12
43 13
43 14
43 15
43 16
43 34
43 35
43 36
43 37
43 38
43 40
43 41
43 42
43 44
43 45
43 46
43 47
44 8
44 9
44 10
44 11
44 12
44 14
44 34
44 35
44 36
44 37
44 38
44 40
44 41
44 42
44 43
44 45
44 46
44 47
45 7
45 8
45 9
45 10
45 11
45 12
45 13
45 14
45 34
45 35
45 36
45 37
45 42
45 43
45 44
45 46
45 47
45 72
46 6
46 7
46 8
46 9
46 10
46 11
46 12
46 14
46 33
46 34
46 35
46 36
46 43
46 44
46 45
46 47
46 48
46 72
46 73
46 74
47 5
47 6
47 7
47 8
47 9
47 10
47 14
47 15
47 16
47 19
47 32
47 33
47 34
47 35
47 36
47 43
47 44
47 45
47 46
47 48
47 49
47 74
48 4
48 5
48 6
48 7
48 8
48 16
48 19
48 20
48 31
48 32
48 33
48 34
48 35
48 46
48 47
48 49
48 50
48 74
48 75
48 76
48 77
49 3
49 4
49 5
49 6
49 7
49 16
49 19
49 20
49 23
49 24
49 29
49 30
49 31
49 32
49 33
49 34
49 47
49 48
49 50
49 51
49 57
49 74
49 76
49 77
50 0
50 1
50 2
50 3
50 4
50 5
50 6
50 20
50 23
50 28
50 29
50 30
50 31
50 32
50 33
50 48
50 49
50 51
50 52
50 53
50 54
50 56
50 57
50 76
50 77
51 0
51 2
51 3
51 4
51 5
51 23
51 24
51 26
51 27
51 28
51 29
51 30
51 31
51 32
51 49
51 50
51 52
51 53
51 54
51 55
51 56
51 57
51 60
52 0
52 3
52 4
52 27
52 28
52 29
52 30
52 31
52 50
52 51
52 53
52 54
52 55
52 56
52 57
53 2
53 3
53 4
53 27
53 28
53 29
53 30
53 50
53 51
53 52
53 54
53 55
53 56
53 57
53 58
54 0
54 2
54 3
54 4
54 27
54 50
54 51
54 52
54 53
54 55
54 56
54 57
54 58
54 59
55 3
55 26
55 27
55 51
55 52
55 53
55 54
55 56
55 57
55 58
55 59
55 60
55 61
56 3
56 23
56 24
56 25
56 26
56 27
56 28
56 29
56 50
56 51
56 52
56 53
56 54
56 55
56 57
56 58
56 59
56 60
56 61
57 2
57 3
57 4
57 5
57 23
57 26
57 27
57 29
57 49
57 50
57 51
57 52
57 53
57 54
57 55
57 56
57 58
57 59
57 60
57 61
57 62
57 74
57 75
57 76
58 2
58 3
58 5
58 26
58 53
58 54
58 55
58 56
58 57
58 59
58 60
58 61
58 62
58 63
58 75
58 76
59 23
59 26
59 27
59 54
59 55
59 56
59 57
59 58
59 60
59 61
59 62
59 63
59 64
60 5
60 22
60 23
60 24
60 25
60 26
60 27
60 51
60 55
60 56
60 57
60 58
60 59
60 61
60 62
60 63
60 64
60 65
60 74
60 75
61 5
61 7
61 26
61 55
61 56
61 57
61 58
61 59
61 60
61 62
61 63
61 64
61 65
61 73
61 74
61 75
61 76
62 57
62 58
62 59
62 60
62 61
62 63
62 64
62 65
62 74
63 23
63 25
63 26
63 58
63 59
63 60
63 61
63 62
63 64
63 65
63 66
64 7
64 22
64 23
64 25
64 26
64 59
64 60
64 61
64 62
64 63
64 65
64 66
64 67
64 71
64 72
64 73
64 74
65 7
65 60
65 61
65 62
65 63
65 64
65 66
65 67
65 69
65 70
65 71
65 72
65 73
65 74
66 9
66 10
66 22
66 63
66 64
66 65
66 67
66 68
66 69
66 70
66 71
66 72
66 73
66 74
67 9
67 10
67 11
67 14
67 18
67 19
67 22
67 64
67 65
67 66
67 68
67 69
67 70
67 71
67 72
67 73
68 10
68 11
68 13
68 14
68 18
68 19
68 66
68 67
68 69
68 70
68 71
68 72
69 11
69 65
69 66
69 67
69 68
69 70
69 71
69 72
70 9
70 10
70 11
70 65
70 66
70 67
70 68
70 69
70 71
70 72
70 73
71 8
71 9
71 10
71 11
71 64
71 65
71 66
71 67
71 68
71 69
71 70
71 72
71 73
71 74
72 7
72 8
72 9
72 10
72 11
72 45
72 46
72 64
72 65
72 66
72 67
72 68
72 69
72 70
72 71
72 73
72 74
73 5
73 6
73 7
73 8
73 9
73 10
73 46
73 61
73 64
73 65
73 66
73 67
73 70
73 71
73 72
73 74
73 75
74 5
74 6
74 7
74 8
74 9
74 46
74 47
74 48
74 49
74 57
74 60
74 61
74 62
74 64
74 65
74 66
74 71
74 72
74 73
74 75
74 76
74 77
75 4
75 5
75 6
75 7
75 8
75 48
75 57
75 58
75 60
75 61
75 73
75 74
75 76
75 77
75 78
76 1
76 2
76 3
76 4
76 5
76 6
76 7
76 48
76 49
76 50
76 57
76 58
76 61
76 74
76 75
76 77
76 78
76 79
77 1
77 2
77 3
77 4
77 5
77 6
77 7
77 48
77 49
77 50
77 74
77 75
77 76
77 78
77 79
77 80
78 1
78 2
78 4
78 5
78 6
78 75
78 76
78 77
78 79
78 80
78 81
79 0
79 1
79 2
79 4
79 76
79 77
79 78
79 80
79 81
79 82
80 1
80 77
80 78
80 79
80 81
80 82
80 83
81 78
81 79
81 80
81 82
81 83
81 84
82 79
82 80
82 81
82 83
82 84
82 85
83 80
83 81
83 82
83 84
83 85
83 86
84 81
84 82
84 83
84 85
84 86
84 87
85 82
85 83
85 84
85 86
85 87
86 83
86 84
86 85
86 87
86 88
86 89
87 84
87 85
87 86
87 88
87 89
88 86
88 87
88 89
88 90
89 86
89 87
89 88
89 90
89 91
90 88
90 89
90 91
90 92
91 89
91 90
91 92
91 93
92 90
92 91
92 93
92 94
93 91
93 92
93 94
93 95
94 92
94 93
94 95
94 96
95 93
95 94
95 96
95 97
96 94
96 95
96 97
96 98
96 99
97 95
97 96
97 98
97 99
98 96
98 97
98 99
98 100
98 101
99 96
99 97
99 98
99 100
99 101
100 98
100 99
100 101
100 102
100 103
101 98
101 99
101 100
101 102
101 103
101 104
102 100
102 101
102 103
102 104
103 100
103 101
103 102
103 104
103 105
103 106
104 101
104 102
104 103
104 105
104 106
104 107
105 103
105 104
105 106
105 107
105 108
106 103
106 104
106 105
106 107
106 108
106 109
106 110
107 104
107 105
107 106
107 108
107 109
107 110
107 111
108 105
108 106
108 107
108 109
108 110
108 111
108 112
109 106
109 107
109 108
109 110
109 111
109 112
110 106
110 107
110 108
110 109
110 111
110 112
110 113
110 114
110 140
110 159
110 160
110 161
110 162
111 107
111 108
111 109
111 110
111 112
111 113
111 114
111 115
111 159
111 160
111 161
111 163
111 188
111 189
111 190
112 108
112 109
112 110
112 111
112 113
112 114
112 115
112 159
112 160
112 161
112 162
112 163
112 166
112 187
112 188
112 189
112 190
113 110
113 111
113 112
113 114
113 115
113 139
113 140
113 158
113 159
113 160
113 161
113 162
113 163
113 164
113 165
113 166
113 167
113 187
113 188
114 110
114 111
114 112
114 113
114 115
114 116
114 117
114 139
114 140
114 141
114 142
114 157
114 158
114 159
114 160
114 161
114 162
114 163
114 166
114 167
114 186
114 187
114 188
114 189
114 190
115 111
115 112
115 113
115 114
115 116
115 117
115 118
115 142
115 156
115 157
115 158
115 159
115 160
115 163
115 166
115 167
115 169
115 170
115 185
115 186
115 187
115 188
115 189
116 114
116 115
116 117
116 118
116 143
116 144
116 155
116 156
116 157
116 158
116 159
116 170
116 184
116 185
116 186
116 187
116 188
116 189
117 114
117 115
117 116
117 118
117 119
117 120
117 129
117 144
117 154
117 155
117 156
117 157
117 158
117 170
117 173
117 174
117 183
117 184
117 185
117 186
117 187
117 188
118 115
118 116
118 117
118 119
118 120
118 121
118 153
118 154
118 155
118 156
118 157
118 174
118 175
118 182
118 183
118 184
118 185
118 186
119 117
119 118
119 120
119 121
119 122
119 153
119 154
119 155
119 156
119 175
119 177
119 178
119 181
119 182
119 183
119 184
119 185
120 117
120 118
120 119
120 121
120 122
120 123
120 124
120 125
120 129
120 144
120 152
120 153
120 154
120 155
120 156
120 177
120 178
120 179
120 180
120 181
120 182
120 183
120 184
121 118
121 119
121 120
121 122
121 123
121 124
121 125
121 152
121 153
121 154
121 155
121 177
121 178
121 179
121 180
121 181
121 182
121 183
122 119
122 120
122 121
122 123
122 124
122 125
122 151
122 152
122 153
122 154
122 155
122 179
122 181
123 120
123 121
123 122
123 124
123 125
123 128
123 152
123 154
123 178
123 179
123 180
124 120
124 121
124 122
124 123
124 125
124 126
124 127
124 128
124 129
124 144
124 152
124 154
124 155
124 156
124 178
124 179
125 120
125 121
125 122
125 123
125 124
125 126
125 127
125 128
125 129
125 130
125 142
125 143
125 144
125 152
125 156
126 124
126 125
126 127
126 128
126 129
126 130
126 131
126 141
126 142
126 143
126 144
126 156
126 157
126 158
127 124
127 125
127 126
127 128
127 129
127 130
127 131
127 132
127 133
127 142
128 123
128 124
128 125
128 126
128 127
128 129
128 130
128 131
128 132
128 133
128 178
128 179
129 117
129 120
129 124
129 125
129 126
129 127
129 128
129 130
129 131
129 132
129 133
129 134
129 139
129 142
129 143
129 144
129 156
129 157
129 158
129 178
130 125
130 126
130 127
130 128
130 129
130 131
130 132
130 133
130 134
130 135
130 138
130 139
130 140
130 141
130 142
130 143
130 158
131 126
131 127
131 128
131 129
131 130
131 132
131 133
131 134
131 135
131 139
132 127
132 128
132 129
132 130
132 131
132 133
132 134
132 135
132 136
132 169
132 173
132 178
133 127
133 128
133 129
133 130
133 131
133 132
133 134
133 135
133 136
133 137
133 138
133 139
133 142
133 158
133 159
133 160
133 165
133 166
133 168
133 169
133 170
133 172
133 173
134 129
134 130
134 131
134 132
134 133
134 135
134 136
134 137
134 138
134 139
134 140
134 160
134 165
134 169
135 130
135 131
135 132
135 133
135 134
135 136
135 137
135 138
135 139
135 165
135 168
135 169
135 172
136 132
136 133
136 134
136 135
136 137
136 138
136 139
136 160
136 164
136 165
136 166
136 167
136 168
136 169
136 170
136 172
136 173
137 133
137 134
137 135
137 136
137 138
137 139
137 140
137 160
137 161
137 162
137 163
137 164
137 165
137 166
137 168
137 169
138 130
138 133
138 134
138 135
138 136
138 137
138 139
138 140
138 141
138 159
138 160
138 161
138 162
138 165
138 166
139 113
139 114
139 129
139 130
139 131
139 133
139 134
139 135
139 136
139 137
139 138
139 140
139 141
139 142
139 158
139 159
139 160
139 161
139 162
139 165
139 166
140 110
140 113
140 114
140 130
140 134
140 137
140 138
140 139
140 141
140 142
140 158
140 159
140 160
140 161
140 162
141 114
141 126
141 130
141 138
141 139
141 140
141 142
141 143
141 157
141 158
141 159
141 160
141 161
142 114
142 115
142 125
142 126
142 127
142 129
142 130
142 133
142 139
142 140
142 141
142 143
142 144
142 156
142 157
142 158
142 159
142 160
143 116
143 125
143 126
143 129
143 130
143 141
143 142
143 144
143 145
143 146
143 155
143 156
143 157
143 158
143 159
144 116
144 117
144 120
144 124
144 125
144 126
144 129
144 142
144 143
144 145
144 146
144 152
144 153
144 154
144 155
144 156
144 157
144 158
145 143
145 144
145 146
145 147
145 148
145 150
145 151
145 152
145 153
145 154
145 155
145 156
145 157
146 143
146 144
146 145
146 147
146 148
146 149
146 150
146 151
146 152
146 153
146 154
146 155
146 156
147 145
147 146
147 148
147 149
147 150
147 151
147 152
147 153
147 154
148 145
148 146
148 147
148 149
148 150
148 151
148 152
148 153
149 146
149 147
149 148
149 150
149 151
149 152
149 153
150 145
150 146
150 147
150 148
150 149
150 151
150 152
150 153
151 122
151 145
151 146
151 147
151 148
151 149
151 150
151 152
151 153
151 154
152 120
152 121
152 122
152 123
152 124
152 125
152 144
152 145
152 146
152 147
152 148
152 149
152 150
152 151
152 153
152 154
152 155
152 156
153 118
153 119
153 120
153 121
153 122
153 144
153 145
153 146
153 147
153 148
153 149
153 150
153 151
153 152
153 154
153 155
153 156
154 117
154 118
154 119
154 120
154 121
154 122
154 123
154 124
154 144
154 145
154 146
154 147
154 151
154 152
154 153
154 155
154 156
154 183
155 116
155 117
155 118
155 119
155 120
155 121
155 122
155 124
155 143
155 144
155 145
155 146
155 152
155 153
155 154
155 156
155 157
155 183
155 184
155 185
156 115
156 116
156 117
156 118
156 119
156 120
156 124
156 125
156 126
156 129
156 142
156 143
156 144
156 145
156 146
156 152
156 153
156 154
156 155
156 157
156 158
156 185
156 188
157 114
157 115
157 116
157 117
157 118
157 126
157 129
157 141
157 142
157 143
157 144
157 145
157 155
157 156
157 158
157 159
157 185
157 186
157 187
157 188
158 113
158 114
158 115
158 116
158 117
158 126
158 129
158 130
158 133
158 139
158 140
158 141
158 142
158 143
158 144
158 156
158 157
158 159
158 160
158 166
158 169
158 185
158 187
158 188
159 110
159 111
159 112
159 113
159 114
159 115
159 116
159 133
159 138
159 139
159 140
159 141
159 142
159 143
159 157
159 158
159 160
159 161
159 162
159 163
159 165
159 166
159 188
160 110
160 111
160 112
160 113
160 114
160 115
160 133
160 134
160 136
160 137
160 138
160 139
160 140
160 141
160 142
160 158
160 159
160 161
160 162
160 163
160 164
160 165
160 166
160 167
160 169
161 110
161 111
161 112
161 113
161 114
161 137
161 138
161 139
161 140
161 141
161 159
161 160
161 162
161 163
161 164
161 165
161 166
162 110
162 112
162 113
162 114
162 137
162 138
162 139
162 140
162 159
162 160
162 161
162 163
162 164
162 165
162 166
162 167
163 111
163 112
163 113
163 114
163 115
163 137
163 159
163 160
163 161
163 162
163 164
163 165
163 166
163 167
163 168
163 169
164 113
164 136
164 137
164 160
164 161
164 162
164 163
164 165
164 166
164 167
164 168
164 169
164 170
165 113
165 133
165 134
165 135
165 136
165 137
165 138
165 139
165 159
165 160
165 161
165 162
165 163
165 164
165 166
165 167
165 168
165 169
165 170
166 112
166 113
166 114
166 115
166 133
166 136
166 137
166 138
166 139
166 158
166 159
166 160
166 161
166 162
166 163
166 164
166 165
166 167
166 168
166 169
166 170
166 171
166 172
166 185
166 186
166 187
167 113
167 114
167 115
167 136
167 160
167 162
167 163
167 164
167 165
167 166
167 168
167 169
167 170
167 171
167 172
167 186
167 187
168 133
168 135
168 136
168 137
168 163
168 164
168 165
168 166
168 167
168 169
168 170
168 171
168 172
168 173
169 115
169 132
169 133
169 134
169 135
169 136
169 137
169 158
169 160
169 163
169 164
169 165
169 166
169 167
169 168
169 170
169 171
169 172
169 173
169 174
169 185
169 186
170 115
170 116
170 117
170 133
170 136
170 164
170 165
170 166
170 167
170 168
170 169
170 171
170 172
170 173
170 174
170 175
170 184
170 185
170 186
170 187
171 166
171 167
171 168
171 169
171 170
171 172
171 173
171 174
171 175
171 185
171 186
172 133
172 135
172 136
172 166
172 167
172 168
172 169
172 170
172 171
172 173
172 174
172 175
172 176
172 185
173 117
173 132
173 133
173 136
173 168
173 169
173 170
173 171
173 172
173 174
173 175
173 176
173 177
173 178
173 182
173 183
173 184
173 185
173 186
174 117
174 118
174 169
174 170
174 171
174 172
174 173
174 175
174 176
174 177
174 182
174 183
174 184
174 185
174 186
175 118
175 119
175 170
175 171
175 172
175 173
175 174
175 176
175 177
175 178
175 181
175 182
175 183
175 184
175 185
176 172
176 173
176 174
176 175
176 177
176 178
176 180
176 181
176 182
176 183
176 184
176 185
177 119
177 120
177 121
177 173
177 174
177 175
177 176
177 178
177 179
177 180
177 181
177 182
177 183
177 184
178 119
178 120
178 121
178 123
178 124
178 128
178 129
178 132
178 173
178 175
178 176
178 177
178 179
178 180
178 181
178 182
178 183
179 120
179 121
179 122
179 123
179 124
179 128
179 177
179 178
179 180
179 181
179 182
179 183
180 120
180 121
180 123
180 176
180 177
180 178
180 179
180 181
180 182
180 183
181 119
181 120
181 121
181 122
181 175
181 176
181 177
181 178
181 179
181 180
181 182
181 183
181 184
182 118
182 119
182 120
182 121
182 173
182 174
182 175
182 176
182 177
182 178
182 179
182 180
182 181
182 183
182 184
183 117
183 118
183 119
183 120
183 121
183 154
183 155
183 173
183 174
183 175
183 176
183 177
183 178
183 179
183 180
183 181
183 182
183 184
183 185
184 116
184 117
184 118
184 119
184 120
184 155
184 170
184 173
184 174
184 175
184 176
184 177
184 181
184 182
184 183
184 185
184 186
185 115
185 116
185 117
185 118
185 119
185 155
185 156
185 157
185 158
185 166
185 169
185 170
185 171
185 172
185 173
185 174
185 175
185 176
185 183
185 184
185 186
185 187
185 188
186 114
186 115
186 116
186 117
186 118
186 157
186 166
186 167
186 169
186 170
186 171
186 173
186 174
186 184
186 185
186 187
186 188
186 189
187 112
187 113
187 114
187 115
187 116
187 117
187 157
187 158
187 166
187 167
187 170
187 185
187 186
187 188
187 189
187 190
188 111
188 112
188 113
188 114
188 115
188 116
188 117
188 156
188 157
188 158
188 159
188 185
188 186
188 187
188 189
188 190
188 191
188 194
189 111
189 112
189 114
189 115
189 116
189 186
189 187
189 188
189 190
189 191
189 192
189 193
189 194
189 195
190 111
190 112
190 114
190 187
190 188
190 189
190 191
190 192
190 193
190 194
190 195
191 188
191 189
191 190
191 192
191 193
191 194
191 195
191 196
192 189
192 190
192 191
192 193
192 194
192 195
192 196
192 197
192 198
193 189
193 190
193 191
193 192
193 194
193 195
193 196
193 197
193 198
194 188
194 189
194 190
194 191
194 192
194 193
194 195
194 196
194 197
194 198
194 199
195 189
195 190
195 191
195 192
195 193
195 194
195 196
195 197
195 198
195 199
195 200
195 201
196 191
196 192
196 193
196 194
196 195
196 197
196 198
196 199
196 200
196 201
197 192
197 193
197 194
197 195
197 196
197 198
197 199
197 200
197 201
197 202
198 192
198 193
198 194
198 195
198 196
198 197
198 199
198 200
198 201
198 202
198 203
198 204
199 194
199 195
199 196
199 197
199 198
199 200
199 201
199 202
199 203
199 204
200 195
200 196
200 197
200 198
200 199
200 201
200 202
200 203
200 204
200 205
201 195
201 196
201 197
201 198
201 199
201 200
201 202
201 203
201 204
201 205
201 206
202 197
202 198
202 199
202 200
202 201
202 203
202 204
202 205
202 206
203 198
203 199
203 200
203 201
203 202
203 204
203 205
203 206
203 207
204 198
204 199
204 200
204 201
204 202
204 203
204 205
204 206
204 207
204 208
205 200
205 201
205 202
205 203
205 204
205 206
205 207
205 208
205 209
206 201
206 202
206 203
206 204
206 205
206 207
206 208
206 209
207 203
207 204
207 205
207 206
207 208
207 209
207 210
208 204
208 205
208 206
208 207
208 209
208 210
208 211
209 205
209 206
209 207
209 208
209 210
209 211
209 212
210 207
210 208
210 209
210 211
210 212
210 213
211 208
211 209
211 210
211 212
211 213
211 214
212 209
212 210
212 211
212 213
212 214
213 210
213 211
213 212
213 214
213 215
214 211
214 212
214 213
214 215
214 216
215 213
215 214
215 216
215 217
216 214
216 215
216 217
216 218
217 215
217 216
217 218
217 219
218 216
218 217
218 219
218 220
218 221
219 217
219 218
219 220
219 221
220 218
220 219
220 221
220 222
221 218
221 219
221 220
221 222
221 223
222 220
222 221
222 223
222 224
223 221
223 222
223 224
223 225
224 222
224 223
224 225
224 226
224 227
225 223
225 224
225 226
225 227
226 224
226 225
226 227
226 228
226 229
227 224
227 225
227 226
227 228
227 229
227 230
228 226
228 227
228 229
228 230
228 231
229 226
229 227
229 228
229 230
229 231
229 232
230 227
230 228
230 229
230 231
230 232
230 233
231 228
231 229
231 230
231 232
231 233
231 234
232 229
232 230
232 231
232 233
232 234
232 235
233 230
233 231
233 232
233 234
233 235
233 236
234 231
234 232
234 233
234 235
234 236
234 237
235 232
235 233
235 234
235 236
235 237
235 238
236 233
236 234
236 235
236 237
236 238
236 239
237 234
237 235
237 236
237 238
237 239
237 240
238 235
238 236
238 237
238 239
238 240
239 236
239 237
239 238
239 240
239 241
239 242
240 237
240 238
240 239
240 241
240 242
240 243
241 239
241 240
241 242
241 243
241 244
242 239
242 240
242 241
242 243
242 244
242 245
243 240
243 241
243 242
243 244
243 245
243 246
244 241
244 242
244 243
244 245
244 246
244 247
245 242
245 243
245 244
245 246
245 247
245 248
246 243
246 244
246 245
246 247
246 248
246 249
247 244
247 245
247 246
247 248
247 249
247 250
248 245
248 246
248 247
248 249
248 250
248 251
249 246
249 247
249 248
249 250
249 251
249 252
250 247
250 248
250 249
250 251
250 252
250 253
251 248
251 249
251 250
251 252
251 253
251 254
252 249
252 250
252 251
252 253
252 254
252 255
253 250
253 251
253 252
253 254
253 255
253 256
253 460
253 464
254 30
254 251
254 252
254 253
254 255
254 256
254 257
254 460
255 252
255 253
255 254
255 256
255 257
255 258
255 459
255 460
256 253
256 254
256 255
256 257
256 258
256 259
256 459
256 460
257 254
257 255
257 256
257 258
257 259
257 458
257 459
257 460
258 255
258 256
258 257
258 259
258 260
258 459
259 256
259 257
259 258
259 260
259 261
260 258
260 259
260 261
260 262
261 259
261 260
261 262
261 263
262 260
262 261
262 263
262 264
263 261
263 262
263 264
263 265
264 262
264 263
264 265
264 266
265 263
265 264
265 266
265 267
266 264
266 265
266 267
266 268
267 265
267 266
267 268
267 269
268 266
268 267
268 269
268 270
269 267
269 268
269 270
269 271
270 268
270 269
270 271
270 272
271 269
271 270
271 272
271 273
272 270
272 271
272 273
272 274
273 271
273 272
273 274
273 275
274 272
274 273
274 275
274 276
275 273
275 274
275 276
275 277
276 274
276 275
276 277
276 278
277 275
277 276
277 278
277 279
278 276
278 277
278 279
278 280
279 277
279 278
279 280
279 281
280 278
280 279
280 281
280 282
281 279
281 280
281 282
281 283
282 280
282 281
282 283
282 284
283 281
283 282
283 284
283 285
284 282
284 283
284 285
284 286
285 283
285 284
285 286
285 287
286 284
286 285
286 287
286 288
287 285
287 286
287 288
287 289
288 286
288 287
288 289
288 290
289 287
289 288
289 290
289 291
290 288
290 289
290 291
290 292
290 293
291 289
291 290
291 292
291 293
291 294
292 290
292 291
292 293
292 294
292 295
293 290
293 291
293 292
293 294
293 295
294 291
294 292
294 293
294 295
294 296
295 292
295 293
295 294
295 296
295 297
295 298
296 294
296 295
296 297
296 298
296 299
297 295
297 296
297 298
297 299
298 295
298 296
298 297
298 299
298 300
299 296
299 297
299 298
299 300
299 301
300 298
300 299
300 301
300 302
301 299
301 300
301 302
301 303
302 300
302 301
302 303
302 304
303 301
303 302
303 304
303 305
304 302
304 303
304 305
304 306
305 303
305 304
305 306
305 307
306 304
306 305
306 307
306 308
307 305
307 306
307 308
307 309
308 306
308 307
308 309
308 310
309 307
309 308
309 310
309 311
310 308
310 309
310 311
310 312
311 309
311 310
311 312
311 313
311 314
312 310
312 311
312 313
312 314
313 311
313 312
313 314
313 315
313 316
314 311
314 312
314 313
314 315
314 316
314 317
315 313
315 314
315 316
315 317
315 318
316 313
316 314
316 315
316 317
316 318
316 319
317 314
317 315
317 316
317 318
317 319
317 320
318 315
318 316
318 317
318 319
318 320
318 321
319 316
319 317
319 318
319 320
319 321
319 322
320 317
320 318
320 319
320 321
320 322
320 323
321 318
321 319
321 320
321 322
321 323
321 324
322 319
322 320
322 321
322 323
322 324
322 325
323 320
323 321
323 322
323 324
323 325
323 326
324 321
324 322
324 323
324 325
324 326
324 327
325 322
325 323
325 324
325 326
325 327
325 328
326 323
326 324
326 325
326 327
326 328
326 329
327 324
327 325
327 326
327 328
327 329
327 330
327 331
328 325
328 326
328 327
328 329
328 330
328 331
328 332
328 335
328 417
328 418
328 419
329 326
329 327
329 328
329 330
329 331
329 332
329 333
329 334
329 335
329 381
329 416
329 417
329 418
330 327
330 328
330 329
330 331
330 332
330 333
330 334
330 335
330 336
330 337
330 381
330 415
330 416
330 417
330 418
330 419
331 327
331 328
331 329
331 330
331 332
331 333
331 334
331 335
331 416
331 417
331 418
332 328
332 329
332 330
332 331
332 333
332 334
332 335
332 381
332 383
332 384
332 385
333 329
333 330
333 331
333 332
333 334
333 335
333 336
333 381
333 382
333 384
333 385
333 386
333 388
333 389
333 415
333 416
333 417
334 329
334 330
334 331
334 332
334 333
334 335
334 336
334 360
334 361
334 380
334 381
334 382
334 383
334 384
334 385
334 386
334 387
334 388
334 389
334 415
334 416
335 328
335 329
335 330
335 331
335 332
335 333
335 334
335 336
335 337
335 338
335 360
335 361
335 362
335 363
335 379
335 380
335 381
335 382
335 383
335 384
335 385
335 387
335 388
335 389
335 414
335 415
335 416
335 417
336 330
336 333
336 334
336 335
336 337
336 338
336 339
336 363
336 378
336 379
336 380
336 381
336 382
336 385
336 387
336 388
336 389
336 391
336 392
336 413
336 414
336 415
336 416
336 417
337 330
337 335
337 336
337 338
337 339
337 364
337 377
337 378
337 379
337 380
337 381
337 388
337 392
337 412
337 413
337 414
337 415
337 416
337 417
338 335
338 336
338 337
338 339
338 340
338 341
338 350
338 364
338 365
338 366
338 376
338 377
338 378
338 379
338 380
338 392
338 395
338 411
338 412
338 413
338 414
338 415
338 416
339 336
339 337
339 338
339 340
339 341
339 342
339 375
339 376
339 377
339 378
339 379
339 410
339 411
339 412
339 413
339 414
340 338
340 339
340 341
340 342
340 343
340 375
340 376
340 377
340 378
340 405
340 406
340 409
340 410
340 411
340 412
340 413
341 338
341 339
341 340
341 342
341 343
341 344
341 345
341 346
341 350
341 365
341 374
341 375
341 376
341 377
341 378
341 405
341 406
341 407
341 408
341 409
341 410
341 411
341 412
342 339
342 340
342 341
342 343
342 344
342 345
342 346
342 374
342 375
342 376
342 377
342 406
342 407
342 408
342 409
342 410
342 411
343 340
343 341
343 342
343 344
343 345
343 346
343 365
343 367
343 373
343 374
343 375
343 376
343 377
343 407
344 341
344 342
344 343
344 345
344 346
344 373
344 374
344 376
344 407
345 341
345 342
345 343
345 344
345 346
345 347
345 348
345 349
345 350
345 365
345 374
345 376
345 406
345 407
346 341
346 342
346 343
346 344
346 345
346 347
346 348
346 349
346 350
346 351
346 363
346 364
346 365
346 374
347 345
347 346
347 348
347 349
347 350
347 351
347 352
347 362
347 363
347 364
347 365
347 378
347 380
348 345
348 346
348 347
348 349
348 350
348 351
348 352
348 353
348 354
348 363
348 364
349 345
349 346
349 347
349 348
349 350
349 351
349 352
349 353
349 354
349 406
349 407
350 338
350 341
350 345
350 346
350 347
350 348
350 349
350 351
350 352
350 353
350 354
350 355
350 363
350 364
350 365
350 378
350 380
350 406
351 346
351 347
351 348
351 349
351 350
351 352
351 353
351 354
351 355
351 356
351 359
351 360
351 362
351 363
351 364
351 380
352 347
352 348
352 349
352 350
352 351
352 353
352 354
352 355
352 356
352 357
352 360
353 348
353 349
353 350
353 351
353 352
353 354
353 355
353 356
353 357
353 391
353 404
353 405
353 406
354 348
354 349
354 350
354 351
354 352
354 353
354 355
354 356
354 357
354 358
354 359
354 360
354 363
354 380
354 381
354 382
354 387
354 388
354 390
354 391
354 404
355 350
355 351
355 352
355 353
355 354
355 356
355 357
355 358
355 359
355 360
355 382
355 387
355 391
356 351
356 352
356 353
356 354
356 355
356 357
356 358
356 359
356 360
356 387
356 390
356 391
357 352
357 353
357 354
357 355
357 356
357 358
357 359
357 360
357 382
357 384
357 386
357 387
357 388
357 389
357 390
357 391
357 392
357 394
358 354
358 355
358 356
358 357
358 359
358 360
358 361
358 382
358 383
358 384
358 385
358 386
358 387
358 388
358 390
358 391
359 351
359 354
359 355
359 356
359 357
359 358
359 360
359 361
359 362
359 381
359 382
359 383
359 384
359 387
359 388
360 334
360 335
360 351
360 352
360 354
360 355
360 356
360 357
360 358
360 359
360 361
360 362
360 363
360 380
360 381
360 382
360 383
360 384
360 387
360 388
361 334
361 335
361 358
361 359
361 360
361 362
361 363
361 380
361 381
361 382
361 383
361 384
362 335
362 347
362 351
362 359
362 360
362 361
362 363
362 364
362 379
362 380
362 381
362 382
362 383
363 335
363 336
363 346
363 347
363 348
363 350
363 351
363 354
363 360
363 361
363 362
363 364
363 365
363 378
363 379
363 380
363 381
363 382
364 337
364 338
364 346
364 347
364 348
364 350
364 351
364 362
364 363
364 365
364 366
364 367
364 377
364 378
364 379
364 380
364 381
365 338
365 341
365 343
365 345
365 346
365 347
365 350
365 363
365 364
365 366
365 367
365 368
365 373
365 374
365 375
365 376
365 377
365 378
365 379
365 380
366 338
366 364
366 365
366 367
366 368
366 369
366 372
366 373
366 374
366 375
366 376
366 377
366 378
366 379
367 343
367 364
367 365
367 366
367 368
367 369
367 370
367 371
367 372
367 373
367 374
367 375
367 376
367 377
367 378
368 365
368 366
368 367
368 369
368 370
368 371
368 372
368 373
368 374
368 375
369 366
369 367
369 368
369 370
369 371
369 372
369 373
369 374
369 473
370 367
370 368
370 369
370 371
370 372
370 373
370 439
370 440
370 442
370 443
370 472
370 473
370 474
370 476
370 477
371 367
371 368
371 369
371 370
371 372
371 373
371 374
371 439
371 472
371 473
371 474
371 475
371 476
371 477
371 478
371 479
372 366
372 367
372 368
372 369
372 370
372 371
372 373
372 374
372 375
372 473
372 474
372 476
372 477
373 343
373 344
373 365
373 366
373 367
373 368
373 369
373 370
373 371
373 372
373 374
373 375
373 376
373 476
373 477
373 478
373 479
374 341
374 342
374 343
374 344
374 345
374 346
374 365
374 366
374 367
374 368
374 369
374 371
374 372
374 373
374 375
374 376
374 377
374 378
375 339
375 340
375 341
375 342
375 343
375 365
375 366
375 367
375 368
375 372
375 373
375 374
375 376
375 377
375 378
376 338
376 339
376 340
376 341
376 342
376 343
376 344
376 345
376 365
376 366
376 367
376 373
376 374
376 375
376 377
376 378
376 411
377 337
377 338
377 339
377 340
377 341
377 342
377 343
377 364
377 365
377 366
377 367
377 374
377 375
377 376
377 378
377 379
377 411
377 412
377 413
378 336
378 337
378 338
378 339
378 340
378 341
378 347
378 350
378 363
378 364
378 365
378 366
378 367
378 374
378 375
378 376
378 377
378 379
378 380
378 413
379 335
379 336
379 337
379 338
379 339
379 362
379 363
379 364
379 365
379 366
379 377
379 378
379 380
379 381
379 413
379 414
379 415
379 416
380 334
380 335
380 336
380 337
380 338
380 347
380 350
380 351
380 354
380 360
380 361
380 362
380 363
380 364
380 365
380 378
380 379
380 381
380 382
380 388
380 415
380 416
381 329
381 330
381 332
381 333
381 334
381 335
381 336
381 337
381 354
381 359
381 360
381 361
381 362
381 363
381 364
381 379
381 380
381 382
381 383
381 384
381 385
381 387
381 388
381 416
382 333
382 334
382 335
382 336
382 354
382 355
382 357
382 358
382 359
382 360
382 361
382 362
382 363
382 380
382 381
382 383
382 384
382 385
382 386
382 387
382 388
382 389
382 391
383 332
383 334
383 335
383 358
383 359
383 360
383 361
383 362
383 381
383 382
383 384
383 385
383 386
383 387
383 388
384 332
384 333
384 334
384 335
384 357
384 358
384 359
384 360
384 361
384 381
384 382
384 383
384 385
384 386
384 387
384 388
384 389
385 332
385 333
385 334
385 335
385 336
385 358
385 381
385 382
385 383
385 384
385 386
385 387
385 388
385 389
385 390
386 333
386 334
386 357
386 358
386 382
386 383
386 384
386 385
386 387
386 388
386 389
386 390
386 391
386 392
387 334
387 335
387 336
387 354
387 355
387 356
387 357
387 358
387 359
387 360
387 381
387 382
387 383
387 384
387 385
387 386
387 388
387 389
387 390
387 391
387 392
387 393
388 333
388 334
388 335
388 336
388 337
388 354
388 357
388 358
388 359
388 360
388 380
388 381
388 382
388 383
388 384
388 385
388 386
388 387
388 389
388 390
388 391
388 392
388 393
388 394
388 413
388 414
388 415
388 416
389 333
389 334
389 335
389 336
389 357
389 382
389 384
389 385
389 386
389 387
389 388
389 390
389 391
389 392
389 393
389 394
389 395
389 414
389 415
390 354
390 356
390 357
390 358
390 385
390 386
390 387
390 388
390 389
390 391
390 392
390 393
390 394
390 395
391 336
391 353
391 354
391 355
391 356
391 357
391 358
391 382
391 386
391 387
391 388
391 389
391 390
391 392
391 393
391 394
391 395
391 396
391 404
391 413
391 414
391 415
392 336
392 337
392 338
392 357
392 386
392 387
392 388
392 389
392 390
392 391
392 393
392 394
392 395
392 396
392 403
392 404
392 412
392 413
392 414
392 415
393 387
393 388
393 389
393 390
393 391
393 392
393 394
393 395
393 396
393 397
393 398
393 399
393 403
393 404
393 413
393 414
394 357
394 388
394 389
394 390
394 391
394 392
394 393
394 395
394 396
394 397
394 398
394 399
394 400
394 401
394 402
394 403
394 404
394 412
394 413
395 338
395 389
395 390
395 391
395 392
395 393
395 394
395 396
395 397
395 398
395 399
395 401
395 402
395 403
395 404
395 405
395 410
395 411
395 412
395 413
395 414
396 391
396 392
396 393
396 394
396 395
396 397
396 398
396 399
396 400
396 401
396 402
396 403
396 404
396 411
396 412
396 413
396 414
397 393
397 394
397 395
397 396
397 398
397 399
397 400
397 401
397 402
397 403
397 404
397 410
397 411
397 412
398 393
398 394
398 395
398 396
398 397
398 399
398 400
398 401
398 402
398 403
399 393
399 394
399 395
399 396
399 397
399 398
399 400
399 401
399 402
399 403
399 404
400 394
400 396
400 397
400 398
400 399
400 401
400 402
400 403
401 394
401 395
401 396
401 397
401 398
401 399
401 400
401 402
401 403
401 404
401 405
402 394
402 395
402 396
402 397
402 398
402 399
402 400
402 401
402 403
402 404
402 405
402 410
403 392
403 393
403 394
403 395
403 396
403 397
403 398
403 399
403 400
403 401
403 402
403 404
403 405
403 409
403 410
403 411
403 412
403 413
404 353
404 354
404 391
404 392
404 393
404 394
404 395
404 396
404 397
404 399
404 401
404 402
404 403
404 405
404 406
404 408
404 409
404 410
404 411
404 412
404 413
405 340
405 341
405 353
405 395
405 401
405 402
405 403
405 404
405 406
405 407
405 408
405 409
405 410
405 411
405 412
406 340
406 341
406 342
406 345
406 349
406 350
406 353
406 404
406 405
406 407
406 408
406 409
406 410
406 411
407 341
407 342
407 343
407 344
407 345
407 349
407 405
407 406
407 408
407 409
407 410
407 411
408 341
408 342
408 404
408 405
408 406
408 407
408 409
408 410
408 411
409 340
409 341
409 342
409 403
409 404
409 405
409 406
409 407
409 408
409 410
409 411
409 412
410 339
410 340
410 341
410 342
410 395
410 397
410 402
410 403
410 404
410 405
410 406
410 407
410 408
410 409
410 411
410 412
410 413
411 338
411 339
411 340
411 341
411 342
411 376
411 377
411 395
411 396
411 397
411 403
411 404
411 405
411 406
411 407
411 408
411 409
411 410
411 412
411 413
411 414
412 337
412 338
412 339
412 340
412 341
412 377
412 392
412 394
412 395
412 396
412 397
412 403
412 404
412 405
412 409
412 410
412 411
412 413
412 414
413 336
413 337
413 338
413 339
413 340
413 377
413 378
413 379
413 388
413 391
413 392
413 393
413 394
413 395
413 396
413 403
413 404
413 410
413 411
413 412
413 414
413 415
413 416
414 335
414 336
414 337
414 338
414 339
414 379
414 388
414 389
414 391
414 392
414 393
414 395
414 396
414 411
414 412
414 413
414 415
414 416
414 417
415 330
415 333
415 334
415 335
415 336
415 337
415 338
415 379
415 380
415 388
415 389
415 391
415 392
415 413
415 414
415 416
415 417
415 418
416 329
416 330
416 331
416 333
416 334
416 335
416 336
416 337
416 338
416 379
416 380
416 381
416 388
416 413
416 414
416 415
416 417
416 418
416 419
416 422
417 328
417 329
417 330
417 331
417 333
417 335
417 336
417 337
417 414
417 415
417 416
417 418
417 419
417 420
417 421
417 422
417 423
417 425
418 328
418 329
418 330
418 331
418 415
418 416
418 417
418 419
418 420
418 421
418 422
418 423
418 424
419 328
419 330
419 416
419 417
419 418
419 420
419 421
419 422
419 423
419 424
419 425
420 417
420 418
420 419
420 421
420 422
420 423
420 424
420 425
420 426
421 417
421 418
421 419
421 420
421 422
421 423
421 424
421 425
421 426
422 416
422 417
422 418
422 419
422 420
422 421
422 423
422 424
422 425
422 426
422 427
423 417
423 418
423 419
423 420
423 421
423 422
423 424
423 425
423 426
423 427
423 428
424 418
424 419
424 420
424 421
424 422
424 423
424 425
424 426
424 427
424 428
425 417
425 419
425 420
425 421
425 422
425 423
425 424
425 426
425 427
425 428
426 420
426 421
426 422
426 423
426 424
426 425
426 427
426 428
426 429
426 430
427 422
427 423
427 424
427 425
427 426
427 428
427 429
427 430
428 423
428 424
428 425
428 426
428 427
428 429
428 430
428 431
429 426
429 427
429 428
429 430
429 431
429 432
430 426
430 427
430 428
430 429
430 431
430 432
430 433
431 428
431 429
431 430
431 432
431 433
431 434
432 429
432 430
432 431
432 433
432 434
432 435
433 430
433 431
433 432
433 434
433 435
433 436
433 437
433 438
433 439
433 440
433 441
434 431
434 432
434 433
434 435
434 436
434 437
434 438
434 439
434 440
435 432
435 433
435 434
435 436
435 437
435 438
435 439
435 440
435 482
436 433
436 434
436 435
436 437
436 438
436 439
436 482
436 483
437 433
437 434
437 435
437 436
437 438
437 439
437 440
437 441
437 442
437 476
437 479
437 480
437 481
437 482
437 483
437 484
437 485
437 578
437 579
437 581
438 433
438 434
438 435
438 436
438 437
438 439
438 440
438 441
438 442
438 482
438 483
438 484
438 485
439 370
439 371
439 433
439 434
439 435
439 436
439 437
439 438
439 440
439 441
439 442
439 443
439 444
439 476
439 481
439 482
439 483
439 484
440 370
440 433
440 434
440 435
440 437
440 438
440 439
440 441
440 442
440 443
440 444
440 483
441 433
441 437
441 438
441 439
441 440
441 442
441 443
441 444
441 445
441 446
441 482
441 483
441 484
441 485
441 553
441 575
441 576
441 577
442 370
442 437
442 438
442 439
442 440
442 441
442 443
442 444
442 445
442 446
442 469
442 472
442 473
442 476
442 482
442 483
442 484
442 575
442 576
442 577
442 578
443 370
443 439
443 440
443 441
443 442
443 444
443 445
443 446
443 447
443 469
443 575
443 576
444 439
444 440
444 441
444 442
444 443
444 445
444 446
444 447
444 553
444 556
444 557
444 560
444 574
444 575
444 576
445 441
445 442
445 443
445 444
445 446
445 447
445 448
445 453
445 553
445 556
445 557
445 558
445 559
445 560
445 561
445 573
445 574
445 575
445 576
446 441
446 442
446 443
446 444
446 445
446 447
446 448
446 453
446 454
446 465
446 466
446 468
446 469
446 560
446 561
446 573
446 574
446 575
447 443
447 444
447 445
447 446
447 448
447 449
447 450
447 451
447 452
447 453
447 454
447 455
447 457
447 462
447 465
447 466
447 469
447 560
447 561
447 573
448 445
448 446
448 447
448 449
448 450
448 451
448 452
448 453
448 454
448 462
448 465
448 466
448 469
449 447
449 448
449 450
449 451
449 452
449 453
449 454
449 455
449 457
449 459
449 462
449 463
449 465
449 466
450 447
450 448
450 449
450 451
450 452
450 453
450 454
450 455
451 447
451 448
451 449
451 450
451 452
451 453
451 454
451 455
452 447
452 448
452 449
452 450
452 451
452 453
452 454
452 455
452 456
453 445
453 446
453 447
453 448
453 449
453 450
453 451
453 452
453 454
453 455
453 456
453 457
453 561
453 562
454 446
454 447
454 448
454 449
454 450
454 451
454 452
454 453
454 455
454 456
454 457
454 458
454 459
454 461
454 462
454 561
455 447
455 449
455 450
455 451
455 452
455 453
455 454
455 456
455 457
455 458
456 452
456 453
456 454
456 455
456 457
456 458
456 459
456 563
456 568
456 569
457 447
457 449
457 453
457 454
457 455
457 456
457 458
457 459
457 460
457 461
457 462
457 561
457 563
457 568
457 569
457 570
457 571
458 257
458 454
458 455
458 456
458 457
458 459
458 460
458 461
458 462
458 463
458 568
458 569
458 570
458 571
459 255
459 256
459 257
459 258
459 449
459 454
459 456
459 457
459 458
459 460
459 461
459 462
459 463
459 464
459 465
460 253
460 254
460 255
460 256
460 257
460 457
460 458
460 459
460 461
460 462
460 463
460 464
460 465
460 569
460 570
461 454
461 457
461 458
461 459
461 460
461 462
461 463
461 464
461 465
461 466
461 492
461 561
461 568
461 569
461 570
461 571
461 572
461 573
462 447
462 448
462 449
462 454
462 457
462 458
462 459
462 460
462 461
462 463
462 464
462 465
462 466
462 467
462 468
463 449
463 458
463 459
463 460
463 461
463 462
463 464
463 465
463 466
463 467
463 468
463 469
464 253
464 459
464 460
464 461
464 462
464 463
464 465
464 466
464 467
464 468
464 469
464 491
464 492
464 573
465 446
465 447
465 448
465 449
465 459
465 460
465 461
465 462
465 463
465 464
465 466
465 467
465 468
465 469
465 470
465 471
465 491
465 492
465 573
465 574
466 446
466 447
466 448
466 449
466 461
466 462
466 463
466 464
466 465
466 467
466 468
466 469
466 470
466 471
466 472
467 462
467 463
467 464
467 465
467 466
467 468
467 469
467 470
467 471
467 472
467 473
468 446
468 462
468 463
468 464
468 465
468 466
468 467
468 469
468 470
468 471
468 472
468 473
468 474
468 491
468 573
468 575
469 442
469 443
469 446
469 447
469 448
469 463
469 464
469 465
469 466
469 467
469 468
469 470
469 471
469 472
469 473
469 474
469 475
470 465
470 466
470 467
470 468
470 469
470 471
470 472
470 473
470 474
470 475
470 476
471 465
471 466
471 467
471 468
471 469
471 470
471 472
471 473
471 474
471 475
471 476
472 370
472 371
472 442
472 466
472 467
472 468
472 469
472 470
472 471
472 473
472 474
472 475
472 476
472 477
472 483
472 577
472 578
473 369
473 370
473 371
473 372
473 442
473 467
473 468
473 469
473 470
473 471
473 472
473 474
473 475
473 476
473 477
473 478
474 370
474 371
474 372
474 468
474 469
474 470
474 471
474 472
474 473
474 475
474 476
474 477
474 478
475 371
475 469
475 470
475 471
475 472
475 473
475 474
475 476
475 477
475 478
475 479
475 480
475 481
475 482
475 578
475 579
475 580
476 370
476 371
476 372
476 373
476 437
476 439
476 442
476 470
476 471
476 472
476 473
476 474
476 475
476 477
476 478
476 479
476 480
476 481
476 482
476 483
476 578
476 579
476 580
477 370
477 371
477 372
477 373
477 472
477 473
477 474
477 475
477 476
477 478
477 479
477 480
477 481
477 482
478 371
478 373
478 473
478 474
478 475
478 476
478 477
478 479
478 480
478 481
478 482
478 580
479 371
479 373
479 437
479 475
479 476
479 477
479 478
479 480
479 481
479 482
479 580
479 581
480 437
480 475
480 476
480 477
480 478
480 479
480 481
480 482
480 579
480 580
480 581
480 582
480 583
481 437
481 439
481 475
481 476
481 477
481 478
481 479
481 480
481 482
481 483
481 484
481 578
481 579
481 580
481 581
481 582
481 583
482 435
482 436
482 437
482 438
482 439
482 441
482 442
482 475
482 476
482 477
482 478
482 479
482 480
482 481
482 483
482 484
482 485
482 576
482 577
482 578
482 579
482 580
482 581
483 436
483 437
483 438
483 439
483 440
483 441
483 442
483 472
483 476
483 481
483 482
483 484
483 485
483 486
483 487
483 488
483 575
483 576
483 577
483 578
483 579
483 580
484 437
484 438
484 439
484 441
484 442
484 481
484 482
484 483
484 485
484 486
484 487
484 488
484 489
484 545
484 549
484 552
484 575
484 576
484 577
484 578
484 579
484 580
485 437
485 438
485 441
485 482
485 483
485 484
485 486
485 487
485 488
485 545
485 546
485 547
485 548
485 549
485 550
485 552
485 553
485 576
485 577
485 578
486 483
486 484
486 485
486 487
486 488
486 518
486 519
486 544
486 545
486 546
486 547
486 548
486 549
486 550
486 551
486 552
486 553
486 576
486 577
487 483
487 484
487 485
487 486
487 488
487 489
487 490
487 518
487 519
487 520
487 521
487 543
487 544
487 545
487 546
487 547
487 548
487 549
487 552
487 553
487 575
487 576
487 577
487 578
487 579
488 483
488 484
488 485
488 486
488 487
488 489
488 490
488 491
488 520
488 521
488 542
488 543
488 544
488 545
488 546
488 552
488 553
488 555
488 556
488 574
488 575
488 576
488 577
488 578
489 484
489 487
489 488
489 490
489 491
489 521
489 522
489 523
489 541
489 542
489 543
489 544
489 545
489 556
489 573
489 574
489 575
489 576
489 577
489 578
490 487
490 488
490 489
490 491
490 492
490 493
490 502
490 523
490 540
490 541
490 542
490 543
490 544
490 556
490 559
490 560
490 572
490 573
490 574
490 575
490 576
490 577
491 464
491 465
491 468
491 488
491 489
491 490
491 492
491 493
491 494
491 523
491 539
491 540
491 541
491 542
491 543
491 560
491 570
491 571
491 572
491 573
491 574
491 575
492 461
492 464
492 465
492 490
492 491
492 493
492 494
492 495
492 539
492 540
492 541
492 542
492 566
492 569
492 570
492 571
492 572
492 573
492 574
493 490
493 491
493 492
493 494
493 495
493 496
493 497
493 498
493 502
493 523
493 538
493 539
493 540
493 541
493 542
493 565
493 566
493 570
493 571
493 572
493 573
494 491
494 492
494 493
494 495
494 496
494 497
494 498
494 538
494 539
494 540
494 541
494 566
494 570
494 571
494 572
495 492
495 493
495 494
495 496
495 497
495 498
495 523
495 524
495 525
495 537
495 538
495 539
495 540
495 541
496 493
496 494
496 495
496 497
496 498
496 501
496 537
496 538
496 540
497 493
497 494
497 495
497 496
497 498
497 499
497 500
497 501
497 502
497 523
497 538
497 540
497 541
497 542
497 566
498 493
498 494
498 495
498 496
498 497
498 499
498 500
498 501
498 502
498 503
498 522
498 523
498 524
498 535
498 538
498 542
499 497
499 498
499 500
499 501
499 502
499 503
499 504
499 505
499 520
499 521
499 522
499 523
499 524
499 542
499 543
499 544
500 497
500 498
500 499
500 501
500 502
500 503
500 504
500 505
500 521
500 522
500 523
501 496
501 497
501 498
501 499
501 500
501 502
501 503
501 504
501 505
501 506
501 507
502 490
502 493
502 497
502 498
502 499
502 500
502 501
502 503
502 504
502 505
502 506
502 507
502 508
502 521
502 522
502 523
502 542
502 543
502 544
503 498
503 499
503 500
503 501
503 502
503 504
503 505
503 506
503 507
503 508
503 518
503 520
503 521
503 522
503 523
503 544
504 499
504 500
504 501
504 502
504 503
504 505
504 506
504 507
504 508
504 509
504 510
505 499
505 500
505 501
505 502
505 503
505 504
505 506
505 507
505 508
505 509
505 510
505 511
505 555
505 559
505 565
506 501
506 502
506 503
506 504
506 505
506 507
506 508
506 509
506 510
506 511
506 516
506 518
506 521
506 544
506 546
506 551
506 552
506 554
506 555
506 556
506 558
506 559
507 501
507 502
507 503
507 504
507 505
507 506
507 508
507 509
507 510
507 511
507 512
507 513
507 516
507 517
507 518
507 551
507 555
508 502
508 503
508 504
508 505
508 506
508 507
508 509
508 510
508 511
508 512
508 555
508 558
508 559
509 504
509 505
509 506
509 507
509 508
509 510
509 511
509 512
509 513
509 551
509 552
509 554
509 555
509 556
509 557
509 558
509 559
510 504
510 505
510 506
510 507
510 508
510 509
510 511
510 512
510 513
510 514
510 515
510 516
510 517
510 550
510 551
510 552
510 553
510 554
510 555
510 556
510 558
510 559
511 505
511 506
511 507
511 508
511 509
511 510
511 512
511 513
511 514
511 515
511 516
511 551
511 554
511 555
512 507
512 508
512 509
512 510
512 511
512 513
512 514
512 515
512 516
513 507
513 509
513 510
513 511
513 512
513 514
513 515
513 516
513 550
513 551
513 554
514 510
514 511
514 512
514 513
514 515
514 516
514 517
515 510
515 511
515 512
515 513
515 514
515 516
515 517
515 547
515 548
515 551
516 506
516 507
516 510
516 511
516 512
516 513
516 514
516 515
516 517
516 518
516 519
516 546
516 547
516 548
516 550
516 551
516 552
517 507
517 510
517 514
517 515
517 516
517 518
517 519
517 520
517 545
517 546
517 547
517 548
517 551
518 486
518 487
518 503
518 506
518 507
518 516
518 517
518 519
518 520
518 521
518 544
518 545
518 546
518 547
518 548
518 551
518 552
519 486
519 487
519 516
519 517
519 518
519 520
519 521
519 544
519 545
519 546
519 547
519 548
520 487
520 488
520 499
520 503
520 517
520 518
520 519
520 521
520 522
520 543
520 544
520 545
520 546
520 547
521 487
521 488
521 489
521 499
521 500
521 502
521 503
521 506
521 518
521 519
521 520
521 522
521 523
521 524
521 542
521 543
521 544
521 545
521 546
522 489
522 498
522 499
522 500
522 502
522 503
522 520
522 521
522 523
522 524
522 525
522 541
522 542
522 543
522 544
522 545
523 489
523 490
523 491
523 493
523 495
523 497
523 498
523 499
523 500
523 502
523 503
523 521
523 522
523 524
523 525
523 537
523 538
523 539
523 540
523 541
523 542
523 543
523 544
524 495
524 498
524 499
524 521
524 522
524 523
524 525
524 526
524 527
524 536
524 537
524 538
524 539
524 540
524 541
524 542
524 543
525 495
525 522
525 523
525 524
525 526
525 527
525 528
525 535
525 536
525 537
525 538
525 539
525 540
525 541
525 542
526 524
526 525
526 527
526 528
526 529
526 530
526 535
526 536
526 537
526 538
526 539
527 524
527 525
527 526
527 528
527 529
527 530
527 531
527 534
527 535
527 536
527 537
527 538
528 525
528 526
528 527
528 529
528 530
528 531
528 536
528 537
529 526
529 527
529 528
529 530
529 531
529 532
529 536
530 526
530 527
530 528
530 529
530 531
530 532
530 533
530 534
530 535
530 536
530 537
531 527
531 528
531 529
531 530
531 532
531 533
531 534
531 535
531 536
532 529
532 530
532 531
532 533
532 534
532 535
533 530
533 531
533 532
533 534
533 535
533 536
534 527
534 530
534 531
534 532
534 533
534 535
534 536
534 537
535 498
535 525
535 526
535 527
535 530
535 531
535 532
535 533
535 534
535 536
535 537
535 538
536 524
536 525
536 526
536 527
536 528
536 529
536 530
536 531
536 533
536 534
536 535
536 537
536 538
536 539
537 495
537 496
537 523
537 524
537 525
537 526
537 527
537 528
537 530
537 534
537 535
537 536
537 538
537 539
537 540
538 493
538 494
538 495
538 496
538 497
538 498
538 523
538 524
538 525
538 526
538 527
538 535
538 536
538 537
538 539
538 540
538 541
538 542
539 491
539 492
539 493
539 494
539 495
539 523
539 524
539 525
539 526
539 536
539 537
539 538
539 540
539 541
539 542
540 490
540 491
540 492
540 493
540 494
540 495
540 496
540 497
540 523
540 524
540 525
540 537
540 538
540 539
540 541
540 542
540 572
541 489
541 490
541 491
541 492
541 493
541 494
541 495
541 497
541 522
541 523
541 524
541 525
541 538
541 539
541 540
541 542
541 543
541 572
541 573
541 574
542 488
542 489
542 490
542 491
542 492
542 493
542 497
542 498
542 499
542 502
542 521
542 522
542 523
542 524
542 525
542 538
542 539
542 540
542 541
542 543
542 544
542 574
543 487
543 488
543 489
543 490
543 491
543 499
543 502
543 520
543 521
543 522
543 523
543 524
543 541
543 542
543 544
543 545
543 574
543 575
543 576
543 577
544 486
544 487
544 488
544 489
544 490
544 499
544 502
544 503
544 506
544 518
544 519
544 520
544 521
544 522
544 523
544 542
544 543
544 545
544 546
544 552
544 576
544 577
545 484
545 485
545 486
545 487
545 488
545 489
545 517
545 518
545 519
545 520
545 521
545 522
545 543
545 544
545 546
545 547
545 548
545 549
545 551
545 552
545 576
545 577
546 485
546 486
546 487
546 488
546 506
546 516
546 517
546 518
546 519
546 520
546 521
546 544
546 545
546 547
546 548
546 549
546 550
546 551
546 552
546 553
546 555
547 485
547 486
547 487
547 515
547 516
547 517
547 518
547 519
547 520
547 545
547 546
547 548
547 549
547 550
547 551
547 552
548 485
548 486
548 487
548 515
548 516
548 517
548 518
548 519
548 545
548 546
548 547
548 549
548 550
548 551
548 552
548 553
549 484
549 485
549 486
549 487
549 545
549 546
549 547
549 548
549 550
549 551
549 552
549 553
549 554
549 555
550 485
550 486
550 510
550 513
550 516
550 546
550 547
550 548
550 549
550 551
550 552
550 553
550 554
550 555
550 556
551 486
551 506
551 507
551 509
551 510
551 511
551 513
551 515
551 516
551 517
551 518
551 545
551 546
551 547
551 548
551 549
551 550
551 552
551 553
551 554
551 555
551 556
552 484
552 485
552 486
552 487
552 488
552 506
552 509
552 510
552 516
552 518
552 544
552 545
552 546
552 547
552 548
552 549
552 550
552 551
552 553
552 554
552 555
552 556
552 557
552 575
552 576
553 441
553 444
553 445
553 485
553 486
553 487
553 488
553 510
553 546
553 548
553 549
553 550
553 551
553 552
553 554
553 555
553 556
553 557
553 558
553 575
553 576
554 506
554 509
554 510
554 511
554 513
554 549
554 550
554 551
554 552
554 553
554 555
554 556
554 557
554 558
554 559
554 560
555 488
555 505
555 506
555 507
555 508
555 509
555 510
555 511
555 546
555 549
555 550
555 551
555 552
555 553
555 554
555 556
555 557
555 558
555 559
555 560
555 574
556 444
556 445
556 488
556 489
556 490
556 506
556 509
556 510
556 550
556 551
556 552
556 553
556 554
556 555
556 557
556 558
556 559
556 560
556 561
556 572
556 573
556 574
556 575
556 576
557 444
557 445
557 509
557 552
557 553
557 554
557 555
557 556
557 558
557 559
557 560
557 561
557 562
557 574
557 575
558 445
558 506
558 508
558 509
558 510
558 553
558 554
558 555
558 556
558 557
558 559
558 560
558 561
558 562
558 574
559 445
559 490
559 505
559 506
559 508
559 509
559 510
559 554
559 555
559 556
559 557
559 558
559 560
559 561
559 562
559 563
559 564
559 565
559 571
559 572
559 573
559 574
560 444
560 445
560 446
560 447
560 490
560 491
560 554
560 555
560 556
560 557
560 558
560 559
560 561
560 562
560 563
560 565
560 571
560 572
560 573
560 574
560 575
561 445
561 446
561 447
561 453
561 454
561 457
561 461
561 556
561 557
561 558
561 559
561 560
561 562
561 563
561 564
561 565
561 568
561 570
561 571
561 572
561 573
561 574
562 453
562 557
562 558
562 559
562 560
562 561
562 563
562 564
562 565
562 566
562 567
562 568
562 570
562 571
562 572
562 573
563 456
563 457
563 559
563 560
563 561
563 562
563 564
563 565
563 566
563 567
563 568
563 569
563 570
563 571
563 572
564 559
564 561
564 562
564 563
564 565
564 566
564 567
564 568
564 570
564 571
564 572
565 493
565 505
565 559
565 560
565 561
565 562
565 563
565 564
565 566
565 567
565 568
565 570
565 571
565 572
566 492
566 493
566 494
566 497
566 562
566 563
566 564
566 565
566 567
566 568
566 569
566 570
566 571
566 572
567 562
567 563
567 564
567 565
567 566
567 568
567 569
567 570
567 571
567 572
568 456
568 457
568 458
568 461
568 561
568 562
568 563
568 564
568 565
568 566
568 567
568 569
568 570
568 571
568 572
569 456
569 457
569 458
569 460
569 461
569 492
569 563
569 566
569 567
569 568
569 570
569 571
569 572
570 457
570 458
570 460
570 461
570 491
570 492
570 493
570 494
570 561
570 562
570 563
570 564
570 565
570 566
570 567
570 568
570 569
570 571
570 572
570 573
571 457
571 458
571 461
571 491
571 492
571 493
571 494
571 559
571 560
571 561
571 562
571 563
571 564
571 565
571 566
571 567
571 568
571 569
571 570
571 572
571 573
571 574
572 461
572 490
572 491
572 492
572 493
572 494
572 540
572 541
572 556
572 559
572 560
572 561
572 562
572 563
572 564
572 565
572 566
572 567
572 568
572 569
572 570
572 571
572 573
572 574
572 575
573 445
573 446
573 447
573 461
573 464
573 465
573 468
573 489
573 490
573 491
573 492
573 493
573 541
573 556
573 559
573 560
573 561
573 562
573 570
573 571
573 572
573 574
573 575
574 444
574 445
574 446
574 465
574 488
574 489
574 490
574 491
574 492
574 541
574 542
574 543
574 555
574 556
574 557
574 558
574 559
574 560
574 561
574 571
574 572
574 573
574 575
574 576
574 577
575 441
575 442
575 443
575 444
575 445
575 446
575 468
575 483
575 484
575 487
575 488
575 489
575 490
575 491
575 543
575 552
575 553
575 556
575 557
575 560
575 572
575 573
575 574
575 576
575 577
575 578
576 441
576 442
576 443
576 444
576 445
576 482
576 483
576 484
576 485
576 486
576 487
576 488
576 489
576 490
576 543
576 544
576 545
576 552
576 553
576 556
576 574
576 575
576 577
576 578
576 579
577 441
577 442
577 472
577 482
577 483
577 484
577 485
577 486
577 487
577 488
577 489
577 490
577 543
577 544
577 545
577 574
577 575
577 576
577 578
577 579
578 437
578 442
578 472
578 475
578 476
578 481
578 482
578 483
578 484
578 485
578 487
578 488
578 489
578 575
578 576
578 577
578 579
578 580
578 581
579 437
579 475
579 476
579 480
579 481
579 482
579 483
579 484
579 487
579 576
579 577
579 578
579 580
579 581
579 582
579 583
579 584
580 475
580 476
580 478
580 479
580 480
580 481
580 482
580 483
580 484
580 578
580 579
580 581
580 582
580 583
580 584
580 585
581 437
581 479
581 480
581 481
581 482
581 578
581 579
581 580
581 582
581 583
581 584
581 585
581 586
581 587
582 480
582 481
582 579
582 580
582 581
582 583
582 584
582 585
582 586
582 587
582 588
583 480
583 481
583 579
583 580
583 581
583 582
583 584
583 585
583 586
583 587
583 588
583 589
584 579
584 580
584 581
584 582
584 583
584 585
584 586
584 587
584 588
584 589
584 590
585 580
585 581
585 582
585 583
585 584
585 586
585 587
585 588
585 589
585 590
585 591
586 581
586 582
586 583
586 584
586 585
586 587
586 588
586 589
586 590
586 591
586 592
587 581
587 582
587 583
587 584
587 585
587 586
587 588
587 589
587 590
587 591
587 592
587 593
588 582
588 583
588 584
588 585
588 586
588 587
588 589
588 590
588 591
588 592
588 593
588 594
589 583
589 584
589 585
589 586
589 587
589 588
589 590
589 591
589 592
589 593
589 594
589 595
590 584
590 585
590 586
590 587
590 588
590 589
590 591
590 592
590 593
590 594
590 595
590 596
591 585
591 586
591 587
591 588
591 589
591 590
591 592
591 593
591 594
591 595
591 596
591 597
592 586
592 587
592 588
592 589
592 590
592 591
592 593
592 594
592 595
592 596
592 597
592 598
593 587
593 588
593 589
593 590
593 591
593 592
593 594
593 595
593 596
593 597
593 598
593 599
594 588
594 589
594 590
594 591
594 592
594 593
594 595
594 596
594 597
594 598
594 599
594 600
595 589
595 590
595 591
595 592
595 593
595 594
595 596
595 597
595 598
595 599
595 600
596 590
596 591
596 592
596 593
596 594
596 595
596 597
596 598
596 599
596 600
596 601
597 591
597 592
597 593
597 594
597 595
597 596
597 598
597 599
597 600
597 601
598 592
598 593
598 594
598 595
598 596
598 597
598 599
598 600
598 601
598 602
599 593
599 594
599 595
599 596
599 597
599 598
599 600
599 601
599 602
599 603
600 594
600 595
600 596
600 597
600 598
600 599
600 601
600 602
600 603
601 596
601 597
601 598
601 599
601 600
601 602
601 603
601 604
602 598
602 599
602 600
602 601
602 603
602 604
602 605
603 599
603 600
603 601
603 602
603 604
603 605
603 606
604 601
604 602
604 603
604 605
604 606
604 607
605 602
605 603
605 604
605 606
605 607
605 608
606 603
606 604
606 605
606 607
606 608
606 609
607 604
607 605
607 606
607 608
607 609
607 610
608 605
608 606
608 607
608 609
608 610
608 611
609 606
609 607
609 608
609 610
609 611
609 612
610 607
610 608
610 609
610 611
610 612
610 613
611 608
611 609
611 610
611 612
611 613
611 614
612 609
612 610
612 611
612 613
612 614
612 615
613 610
613 611
613 612
613 614
613 615
613 616
614 611
614 612
614 613
614 615
614 616
615 612
615 613
615 614
615 616
615 617
616 613
616 614
616 615
616 617
616 618
617 615
617 616
617 618
617 619
618 616
618 617
618 619
618 620
619 617
619 618
619 620
619 621
619 622
620 618
620 619
620 621
620 622
621 619
621 620
621 622
621 623
622 619
622 620
622 621
622 623
622 624
623 621
623 622
623 624
623 625
624 622
624 623
624 625
624 626
625 623
625 624
625 626
625 627
626 624
626 625
626 627
626 628
627 625
627 626
627 628
627 629
628 626
628 627
628 629
628 630
629 627
629 628
629 630
629 631
630 628
630 629
630 631
630 632
631 629
631 630
631 632
631 633
632 630
632 631
632 633
632 634
633 631
633 632
633 634
633 635
634 632
634 633
634 635
634 636
635 633
635 634
635 636
635 637
636 634
636 635
636 637
636 638
637 635
637 636
637 638
637 639
638 636
638 637
638 639
638 640
639 637
639 638
639 640
639 641
640 638
640 639
640 641
640 642
641 639
641 640
641 642
641 643
642 640
642 641
642 643
642 644
643 641
643 642
643 644
643 645
643 646
644 642
644 643
644 645
644 646
644 647
645 643
645 644
645 646
645 647
645 648
646 643
646 644
646 645
646 647
646 648
646 649
646 650
647 644
647 645
647 646
647 648
647 649
647 650
648 645
648 646
648 647
648 649
648 650
648 651
649 646
649 647
649 648
649 650
649 651
649 652
650 646
650 647
650 648
650 649
650 651
650 652
650 653
651 648
651 649
651 650
651 652
651 653
651 654
652 649
652 650
652 651
652 653
652 654
652 655
653 650
653 651
653 652
653 654
653 655
653 656
654 651
654 652
654 653
654 655
654 656
654 657
654 668
655 652
655 653
655 654
655 656
655 657
655 658
655 666
655 667
655 668
655 669
655 670
656 653
656 654
656 655
656 657
656 658
656 659
656 665
656 666
656 667
656 668
656 669
656 670
657 654
657 655
657 656
657 658
657 659
657 660
657 664
657 665
657 666
657 667
657 668
657 669
658 655
658 656
658 657
658 659
658 660
658 661
658 663
658 664
658 665
658 666
658 667
658 668
658 669
659 656
659 657
659 658
659 660
659 661
659 662
659 663
659 664
659 665
659 666
659 667
659 668
660 657
660 658
660 659
660 661
660 662
660 663
660 664
660 665
660 666
661 658
661 659
661 660
661 662
661 663
661 664
661 665
662 659
662 660
662 661
662 663
662 664
662 665
663 658
663 659
663 660
663 661
663 662
663 664
663 665
663 666
664 657
664 658
664 659
664 660
664 661
664 662
664 663
664 665
664 666
665 656
665 657
665 658
665 659
665 660
665 661
665 662
665 663
665 664
665 666
665 667
665 668
666 655
666 656
666 657
666 658
666 659
666 660
666 663
666 664
666 665
666 667
666 668
666 669
667 655
667 656
667 657
667 658
667 659
667 665
667 666
667 668
667 669
667 670
668 654
668 655
668 656
668 657
668 658
668 659
668 665
668 666
668 667
668 669
668 670
668 671
669 655
669 656
669 657
669 658
669 666
669 667
669 668
669 670
669 671
669 672
670 655
670 656
670 667
670 668
670 669
670 671
670 672
670 673
671 668
671 669
671 670
671 672
671 673
671 674
672 669
672 670
672 671
672 673
672 674
672 675
673 670
673 671
673 672
673 674
673 675
673 676
674 671
674 672
674 673
674 675
674 676
674 677
675 672
675 673
675 674
675 676
675 677
675 678
676 673
676 674
676 675
676 677
676 678
676 679
677 674
677 675
677 676
677 678
677 679
677 680
678 675
678 676
678 677
678 679
678 680
678 681
679 676
679 677
679 678
679 680
679 681
679 682
680 677
680 678
680 679
680 681
680 682
680 683
681 678
681 679
681 680
681 682
681 683
681 684
682 679
682 680
682 681
682 683
682 684
682 685
683 680
683 681
683 682
683 684
683 685
683 686
684 681
684 682
684 683
684 685
684 686
685 682
685 683
685 684
685 686
685 687
685 688
686 683
686 684
686 685
686 687
686 688
687 685
687 686
687 688
687 689
688 685
688 686
688 687
688 689
688 690
689 687
689 688
689 690
689 691
690 688
690 689
690 691
690 692
691 689
691 690
691 692
691 693
691 694
692 690
692 691
692 693
692 694
692 695
693 691
693 692
693 694
693 695
694 691
694 692
694 693
694 695
694 696
694 697
695 692
695 693
695 694
695 696
695 697
695 698
696 694
696 695
696 697
696 698
697 694
697 695
697 696
697 698
697 699
698 695
698 696
698 697
698 699
698 700
699 697
699 698
699 700
699 701
700 698
700 699
700 701
700 702
701 699
701 700
701 702
701 703
702 700
702 701
702 703
702 704
703 701
703 702
703 704
703 705
704 702
704 703
704 705
704 706
705 703
705 704
705 706
705 707
705 708
706 704
706 705
706 707
706 708
707 705
707 706
707 708
707 709
708 705
708 706
708 707
708 709
708 710
709 707
709 708
709 710
709 711
709 712
710 708
710 709
710 711
710 712
711 709
711 710
711 712
711 713
712 709
712 710
712 711
712 713
712 714
713 711
713 712
713 714
713 715
714 712
714 713
714 715
714 716
714 717
715 713
715 714
715 716
715 717
715 718
716 714
716 715
716 717
716 718
717 714
717 715
717 716
717 718
717 719
717 720
718 715
718 716
718 717
718 719
718 720
718 721
719 717
719 718
719 720
719 721
719 722
720 717
720 718
720 719
720 721
720 722
720 723
721 718
721 719
721 720
721 722
721 723
721 724
722 719
722 720
722 721
722 723
722 724
722 725
722 726
722 727
723 720
723 721
723 722
723 724
723 725
723 726
723 727
723 728
723 729
724 721
724 722
724 723
724 725
724 726
724 727
724 728
724 729
725 722
725 723
725 724
725 726
725 727
725 728
725 729
725 730
726 722
726 723
726 724
726 725
726 727
726 728
726 729
726 730
726 731
726 732
727 722
727 723
727 724
727 725
727 726
727 728
727 729
727 730
727 731
727 732
728 723
728 724
728 725
728 726
728 727
728 729
728 730
728 731
728 732
728 733
728 734
729 723
729 724
729 725
729 726
729 727
729 728
729 730
729 731
729 732
729 733
729 734
729 735
730 725
730 726
730 727
730 728
730 729
730 731
730 732
730 733
730 734
730 735
730 736
731 726
731 727
731 728
731 729
731 730
731 732
731 733
731 734
731 735
731 736
731 737
732 726
732 727
732 728
732 729
732 730
732 731
732 733
732 734
732 735
732 736
732 737
732 738
733 728
733 729
733 730
733 731
733 732
733 734
733 735
733 736
733 737
733 738
733 739
734 728
734 729
734 730
734 731
734 732
734 733
734 735
734 736
734 737
734 738
734 739
734 740
735 729
735 730
735 731
735 732
735 733
735 734
735 736
735 737
735 738
735 739
735 740
735 742
736 730
736 731
736 732
736 733
736 734
736 735
736 737
736 738
736 739
736 740
736 741
736 742
737 731
737 732
737 733
737 734
737 735
737 736
737 738
737 739
737 740
737 741
737 742
737 743
738 732
738 733
738 734
738 735
738 736
738 737
738 739
738 740
738 741
738 742
738 743
738 744
739 733
739 734
739 735
739 736
739 737
739 738
739 740
739 741
739 742
739 743
740 734
740 735
740 736
740 737
740 738
740 739
740 741
740 742
740 743
741 736
741 737
741 738
741 739
741 740
741 742
741 743
741 744
742 735
742 736
742 737
742 738
742 739
742 740
742 741
742 743
742 744
742 745
743 737
743 738
743 739
743 740
743 741
743 742
743 744
743 745
743 746
744 738
744 741
744 742
744 743
744 745
744 746
744 747
745 742
745 743
745 744
745 746
745 747
746 743
746 744
746 745
746 747
746 748
747 744
747 745
747 746
747 748
747 749
748 746
748 747
748 749
748 750
749 747
749 748
749 750
749 751
750 748
750 749
750 751
750 752
751 749
751 750
751 752
751 753
752 750
752 751
752 753
752 754
753 751
753 752
753 754
753 755
753 756
754 752
754 753
754 755
754 756
754 757
755 753
755 754
755 756
755 757
755 758
756 753
756 754
756 755
756 757
756 758
757 754
757 755
757 756
757 758
758 755
758 756
758 757
