0 1
0 2
0 3
0 4
0 5
0 6
0 79
0 80
0 81
0 82
0 84
1 0
1 2
1 3
1 4
1 5
1 6
1 80
1 81
1 82
1 84
2 0
2 1
2 3
2 4
2 5
2 6
2 7
2 81
3 0
3 1
3 2
3 4
3 5
3 6
3 7
3 8
3 81
3 82
3 83
3 84
4 0
4 1
4 2
4 3
4 5
4 6
4 7
4 8
4 9
4 10
4 79
4 80
4 81
4 82
4 83
4 84
4 85
4 118
4 119
4 120
5 0
5 1
5 2
5 3
5 4
5 6
5 7
5 8
5 9
5 10
5 11
5 31
5 78
5 79
5 80
5 81
5 82
5 83
6 0
6 1
6 2
6 3
6 4
6 5
6 7
6 8
6 9
6 10
6 11
7 2
7 3
7 4
7 5
7 6
7 8
7 9
7 10
7 11
7 12
7 13
7 82
7 83
7 84
7 119
7 120
8 3
8 4
8 5
8 6
8 7
8 9
8 10
8 11
8 12
8 13
8 14
8 31
8 32
8 78
8 79
8 80
8 81
8 82
8 83
8 119
8 120
9 4
9 5
9 6
9 7
9 8
9 10
9 11
9 12
9 13
9 14
9 31
10 4
10 5
10 6
10 7
10 8
10 9
10 11
10 12
10 13
10 14
10 15
10 16
10 120
11 5
11 6
11 7
11 8
11 9
11 10
11 12
11 13
11 14
11 15
11 16
11 17
11 120
11 121
11 122
11 123
12 7
12 8
12 9
12 10
12 11
12 13
12 14
12 15
12 16
12 17
12 24
12 25
12 26
12 31
12 32
12 33
12 120
12 122
12 123
13 7
13 8
13 9
13 10
13 11
13 12
13 14
13 15
13 16
13 17
13 18
13 26
14 8
14 9
14 10
14 11
14 12
14 13
14 15
14 16
14 17
14 18
14 19
14 123
15 10
15 11
15 12
15 13
15 14
15 16
15 17
15 18
15 19
15 20
15 23
15 24
15 25
15 26
15 35
15 122
15 123
15 126
16 10
16 11
16 12
16 13
16 14
16 15
16 17
16 18
16 19
16 20
16 21
16 23
16 24
16 25
16 26
17 11
17 12
17 13
17 14
17 15
17 16
17 18
17 19
17 20
17 21
17 24
18 13
18 14
18 15
18 16
18 17
18 19
18 20
18 21
18 23
18 24
18 123
19 14
19 15
19 16
19 17
19 18
19 20
19 21
19 22
19 23
19 24
19 25
19 35
19 36
20 15
20 16
20 17
20 18
20 19
20 21
20 22
20 23
20 24
20 25
21 16
21 17
21 18
21 19
21 20
21 22
21 23
21 24
21 25
21 26
21 35
21 36
22 19
22 20
22 21
22 23
22 24
22 25
22 34
22 35
22 36
22 37
23 15
23 16
23 18
23 19
23 20
23 21
23 22
23 24
23 25
23 34
23 35
23 36
23 37
23 38
23 71
23 73
24 12
24 15
24 16
24 17
24 18
24 19
24 20
24 21
24 22
24 23
24 25
24 26
24 27
24 33
24 34
24 35
24 36
24 37
24 73
24 74
25 12
25 15
25 16
25 19
25 20
25 21
25 22
25 23
25 24
25 26
25 27
25 28
25 32
25 33
25 34
25 35
25 36
25 75
26 12
26 13
26 15
26 16
26 21
26 24
26 25
26 27
26 28
26 29
26 30
26 31
26 32
26 33
26 34
26 35
26 75
26 76
26 77
27 24
27 25
27 26
27 28
27 29
27 30
27 31
27 32
27 33
27 34
27 75
27 76
27 77
28 25
28 26
28 27
28 29
28 30
28 31
28 32
28 33
29 26
29 27
29 28
29 30
29 31
29 32
29 33
30 26
30 27
30 28
30 29
30 31
30 32
30 33
30 76
30 77
30 78
30 79
31 5
31 8
31 9
31 12
31 26
31 27
31 28
31 29
31 30
31 32
31 33
31 76
31 77
31 78
31 79
31 80
31 88
32 8
32 12
32 25
32 26
32 27
32 28
32 29
32 30
32 31
32 33
32 34
32 35
32 75
32 76
32 77
32 78
32 79
32 88
32 89
32 90
33 12
33 24
33 25
33 26
33 27
33 28
33 29
33 30
33 31
33 32
33 34
33 35
33 74
33 75
33 76
33 77
33 78
33 90
34 22
34 23
34 24
34 25
34 26
34 27
34 32
34 33
34 35
34 36
34 37
34 73
34 74
34 75
34 76
34 77
34 90
34 91
35 15
35 19
35 21
35 22
35 23
35 24
35 25
35 26
35 32
35 33
35 34
35 36
35 37
35 38
35 71
35 72
35 73
35 74
35 75
35 76
35 92
35 122
35 126
36 19
36 21
36 22
36 23
36 24
36 25
36 34
36 35
36 37
36 38
36 39
36 70
36 71
36 72
36 73
36 74
36 75
36 93
36 126
36 130
37 22
37 23
37 24
37 34
37 35
37 36
37 38
37 39
37 40
37 69
37 70
37 71
37 72
37 73
37 74
37 94
37 126
37 127
37 128
37 129
37 130
37 131
38 23
38 35
38 36
38 37
38 39
38 40
38 41
38 68
38 69
38 70
38 71
38 72
38 73
38 126
38 129
38 130
38 131
39 36
39 37
39 38
39 40
39 41
39 42
39 68
39 69
39 70
39 71
39 72
39 127
39 128
39 129
39 130
39 131
39 132
39 133
39 134
40 37
40 38
40 39
40 41
40 42
40 43
40 67
40 68
40 69
40 129
40 130
40 131
40 132
40 133
40 134
41 38
41 39
41 40
41 42
41 43
41 44
41 45
41 46
41 66
41 67
41 68
41 69
41 130
41 131
41 134
41 141
42 39
42 40
42 41
42 43
42 44
42 45
42 46
42 66
42 67
42 68
42 134
42 140
42 141
43 40
43 41
43 42
43 44
43 45
43 46
43 65
43 66
43 67
43 141
44 41
44 42
44 43
44 45
44 46
44 47
44 64
44 65
44 66
44 67
44 141
44 142
45 41
45 42
45 43
45 44
45 46
45 47
45 64
45 65
45 66
45 67
45 68
45 69
45 140
45 141
45 142
45 143
46 41
46 42
46 43
46 44
46 45
46 47
46 48
46 63
46 64
46 65
46 66
46 67
46 140
46 141
46 142
46 143
46 144
47 44
47 45
47 46
47 48
47 49
47 62
47 63
47 64
47 65
47 66
47 69
47 140
47 141
47 142
47 143
47 144
47 145
47 197
47 200
48 46
48 47
48 49
48 50
48 51
48 61
48 62
48 63
48 64
48 65
48 141
48 142
48 143
48 144
48 145
48 146
48 197
49 47
49 48
49 50
49 51
49 52
49 60
49 61
49 62
49 63
49 64
49 142
49 143
49 144
49 145
49 146
49 193
49 194
49 197
50 48
50 49
50 51
50 52
50 53
50 59
50 60
50 61
50 62
50 63
50 144
50 145
50 146
51 48
51 49
51 50
51 52
51 53
51 54
51 55
51 58
51 59
51 60
51 61
51 62
52 49
52 50
52 51
52 53
52 54
52 55
52 59
52 61
53 50
53 51
53 52
53 54
53 55
53 56
53 57
53 58
53 59
54 51
54 52
54 53
54 55
54 56
54 57
55 51
55 52
55 53
55 54
55 56
55 57
55 58
55 59
56 53
56 54
56 55
56 57
56 58
56 59
57 53
57 54
57 55
57 56
57 58
57 59
57 60
58 51
58 53
58 55
58 56
58 57
58 59
58 60
58 61
59 50
59 51
59 52
59 53
59 55
59 56
59 57
59 58
59 60
59 61
59 62
60 49
60 50
60 51
60 57
60 58
60 59
60 61
60 62
60 63
61 48
61 49
61 50
61 51
61 52
61 58
61 59
61 60
61 62
61 63
61 64
61 144
62 47
62 48
62 49
62 50
62 51
62 59
62 60
62 61
62 63
62 64
63 46
63 47
63 48
63 49
63 50
63 60
63 61
63 62
63 64
63 65
63 66
63 142
63 143
63 144
64 44
64 45
64 46
64 47
64 48
64 49
64 61
64 62
64 63
64 65
64 66
64 142
64 143
64 197
64 200
64 201
65 43
65 44
65 45
65 46
65 47
65 48
65 63
65 64
65 66
65 67
65 68
65 141
65 142
65 201
65 204
66 41
66 42
66 43
66 44
66 45
66 46
66 47
66 63
66 64
66 65
66 67
66 68
66 69
66 200
66 201
66 203
66 204
66 205
66 208
67 40
67 41
67 42
67 43
67 44
67 45
67 46
67 65
67 66
67 68
67 69
67 201
67 203
67 204
67 205
67 207
67 208
68 38
68 39
68 40
68 41
68 42
68 45
68 65
68 66
68 67
68 69
68 70
68 71
68 200
68 201
68 203
68 204
68 205
68 206
68 207
68 208
69 37
69 38
69 39
69 40
69 41
69 45
69 47
69 66
69 67
69 68
69 70
69 71
69 72
69 94
69 95
69 96
69 199
69 200
69 201
69 202
69 203
69 204
69 207
70 36
70 37
70 38
70 39
70 68
70 69
70 71
70 72
70 73
70 94
70 95
70 96
70 196
70 199
70 200
70 201
70 202
70 203
70 204
70 207
71 23
71 35
71 36
71 37
71 38
71 39
71 68
71 69
71 70
71 72
71 73
71 74
71 93
71 94
71 95
71 96
71 129
71 130
71 203
72 35
72 36
72 37
72 38
72 39
72 69
72 70
72 71
72 73
72 74
72 75
72 92
72 93
72 94
72 95
72 96
72 97
72 102
72 126
72 129
72 130
73 23
73 24
73 34
73 35
73 36
73 37
73 38
73 70
73 71
73 72
73 74
73 75
73 76
73 91
73 92
73 93
73 94
73 95
73 187
74 24
74 33
74 34
74 35
74 36
74 37
74 71
74 72
74 73
74 75
74 76
74 90
74 91
74 92
74 93
74 94
74 122
74 125
74 126
74 129
74 185
74 186
75 25
75 26
75 27
75 32
75 33
75 34
75 35
75 36
75 72
75 73
75 74
75 76
75 77
75 88
75 89
75 90
75 91
75 92
75 93
75 185
76 26
76 27
76 30
76 31
76 32
76 33
76 34
76 35
76 73
76 74
76 75
76 77
76 78
76 79
76 87
76 88
76 89
76 90
76 91
76 92
76 122
77 26
77 27
77 30
77 31
77 32
77 33
77 34
77 75
77 76
77 78
77 79
77 80
77 82
77 87
77 88
77 89
77 90
77 91
78 5
78 8
78 30
78 31
78 32
78 33
78 76
78 77
78 79
78 80
78 81
78 82
78 83
78 86
78 87
78 88
78 89
78 90
79 0
79 4
79 5
79 8
79 30
79 31
79 32
79 76
79 77
79 78
79 80
79 81
79 82
79 83
79 85
79 86
79 87
79 88
79 89
80 0
80 1
80 4
80 5
80 8
80 31
80 77
80 78
80 79
80 81
80 82
80 83
80 84
80 85
80 86
80 88
81 0
81 1
81 2
81 3
81 4
81 5
81 8
81 78
81 79
81 80
81 82
81 83
81 84
81 85
81 86
81 87
81 88
81 118
82 0
82 1
82 3
82 4
82 5
82 7
82 8
82 77
82 78
82 79
82 80
82 81
82 83
82 84
82 85
82 86
82 87
82 88
82 117
82 118
82 119
82 120
82 121
83 3
83 4
83 5
83 7
83 8
83 78
83 79
83 80
83 81
83 82
83 84
83 85
83 86
83 87
83 88
83 113
83 116
83 117
83 118
83 119
83 120
83 121
84 0
84 1
84 3
84 4
84 7
84 80
84 81
84 82
84 83
84 85
84 86
84 87
84 117
84 118
84 119
84 120
85 4
85 79
85 80
85 81
85 82
85 83
85 84
85 86
85 87
85 117
85 118
85 119
86 78
86 79
86 80
86 81
86 82
86 83
86 84
86 85
86 87
86 88
86 89
86 113
86 114
86 117
86 118
87 76
87 77
87 78
87 79
87 81
87 82
87 83
87 84
87 85
87 86
87 88
87 89
87 90
87 109
87 110
87 113
87 114
87 116
87 117
87 118
87 119
87 120
87 121
87 122
88 31
88 32
88 75
88 76
88 77
88 78
88 79
88 80
88 81
88 82
88 83
88 86
88 87
88 89
88 90
88 91
88 110
88 113
88 120
88 121
88 122
89 32
89 75
89 76
89 77
89 78
89 79
89 86
89 87
89 88
89 90
89 91
89 185
90 32
90 33
90 34
90 74
90 75
90 76
90 77
90 78
90 87
90 88
90 89
90 91
90 92
90 93
90 106
90 109
90 185
90 186
91 34
91 73
91 74
91 75
91 76
91 77
91 88
91 89
91 90
91 92
91 93
91 102
91 106
91 183
91 184
91 185
91 186
91 187
92 35
92 72
92 73
92 74
92 75
92 76
92 90
92 91
92 93
92 94
92 99
92 102
92 103
92 105
92 106
92 109
92 183
92 184
92 185
92 186
92 187
92 188
93 36
93 71
93 72
93 73
93 74
93 75
93 90
93 91
93 92
93 94
93 95
93 96
93 97
93 98
93 99
93 102
93 185
93 186
93 187
93 188
93 189
94 37
94 69
94 70
94 71
94 72
94 73
94 74
94 92
94 93
94 95
94 96
94 97
94 98
94 99
94 101
94 102
94 186
94 187
94 188
94 189
94 190
95 69
95 70
95 71
95 72
95 73
95 93
95 94
95 96
95 97
95 98
95 99
95 102
95 145
95 146
95 147
95 187
95 188
95 189
95 190
95 191
95 196
95 197
95 199
95 200
96 69
96 70
96 71
96 72
96 93
96 94
96 95
96 97
96 98
96 99
96 101
96 102
96 143
96 144
96 145
96 146
96 147
96 188
96 189
96 190
96 193
96 196
96 197
96 199
96 200
97 72
97 93
97 94
97 95
97 96
97 98
97 99
97 100
97 101
97 102
97 103
97 137
97 144
97 145
97 146
97 147
97 148
97 186
97 187
97 188
97 189
97 190
98 93
98 94
98 95
98 96
98 97
98 99
98 100
98 101
98 102
98 103
98 104
98 145
98 146
98 147
98 148
98 149
98 182
98 186
98 187
98 188
98 189
99 92
99 93
99 94
99 95
99 96
99 97
99 98
99 100
99 101
99 102
99 103
99 104
99 105
99 146
99 147
99 148
99 149
99 150
99 180
99 181
99 182
99 183
99 184
99 185
99 186
99 187
99 188
99 189
100 97
100 98
100 99
100 101
100 102
100 103
100 104
100 105
100 106
100 148
100 180
100 181
100 182
100 183
100 186
100 187
100 188
101 94
101 96
101 97
101 98
101 99
101 100
101 102
101 103
101 104
101 105
101 106
101 107
101 133
101 136
101 137
101 139
101 182
101 183
101 186
101 188
102 72
102 91
102 92
102 93
102 94
102 95
102 96
102 97
102 98
102 99
102 100
102 101
102 103
102 104
102 105
102 106
102 107
102 108
102 133
102 137
102 182
102 183
102 185
102 186
102 187
102 188
103 92
103 97
103 98
103 99
103 100
103 101
103 102
103 104
103 105
103 106
103 107
103 108
103 109
103 180
103 181
103 182
103 183
103 184
103 185
103 186
103 187
104 98
104 99
104 100
104 101
104 102
104 103
104 105
104 106
104 107
104 108
104 109
104 136
104 137
104 182
104 183
104 186
105 92
105 99
105 100
105 101
105 102
105 103
105 104
105 106
105 107
105 108
105 109
105 110
105 111
105 125
105 128
105 129
105 133
105 136
105 137
105 183
105 186
106 90
106 91
106 92
106 100
106 101
106 102
106 103
106 104
106 105
106 107
106 108
106 109
106 110
106 111
106 112
106 183
106 184
106 185
106 186
107 101
107 102
107 103
107 104
107 105
107 106
107 108
107 109
107 110
107 111
107 112
107 113
107 183
107 185
107 186
108 102
108 103
108 104
108 105
108 106
108 107
108 109
108 110
108 111
108 112
108 113
108 114
108 125
108 128
108 129
108 136
109 87
109 90
109 92
109 103
109 104
109 105
109 106
109 107
109 108
109 110
109 111
109 112
109 113
109 114
109 115
109 121
109 122
109 124
109 125
109 126
109 128
109 129
110 87
110 88
110 105
110 106
110 107
110 108
110 109
110 111
110 112
110 113
110 114
110 115
110 116
110 125
111 105
111 106
111 107
111 108
111 109
111 110
111 112
111 113
111 114
111 115
111 116
111 117
112 106
112 107
112 108
112 109
112 110
112 111
112 113
112 114
112 115
112 116
112 117
112 121
112 122
112 124
112 125
112 128
113 83
113 86
113 87
113 88
113 107
113 108
113 109
113 110
113 111
113 112
113 114
113 115
113 116
113 117
113 118
113 119
113 120
113 121
113 122
113 124
113 125
114 86
114 87
114 108
114 109
114 110
114 111
114 112
114 113
114 115
114 116
114 117
114 118
114 119
114 121
115 109
115 110
115 111
115 112
115 113
115 114
115 116
115 117
115 118
115 119
115 121
116 83
116 87
116 110
116 111
116 112
116 113
116 114
116 115
116 117
116 118
116 119
116 120
116 121
116 124
117 82
117 83
117 84
117 85
117 86
117 87
117 111
117 112
117 113
117 114
117 115
117 116
117 118
117 119
117 120
117 121
118 4
118 81
118 82
118 83
118 84
118 85
118 86
118 87
118 113
118 114
118 115
118 116
118 117
118 119
118 120
118 121
119 4
119 7
119 8
119 82
119 83
119 84
119 85
119 87
119 113
119 114
119 115
119 116
119 117
119 118
119 120
119 121
119 122
120 4
120 7
120 8
120 10
120 11
120 12
120 82
120 83
120 84
120 87
120 88
120 113
120 116
120 117
120 118
120 119
120 121
120 122
120 123
120 124
120 125
121 11
121 82
121 83
121 87
121 88
121 109
121 112
121 113
121 114
121 115
121 116
121 117
121 118
121 119
121 120
121 122
121 123
121 124
121 125
121 126
121 127
122 11
122 12
122 15
122 35
122 74
122 76
122 87
122 88
122 109
122 112
122 113
122 119
122 120
122 121
122 123
122 124
122 125
122 126
122 127
122 128
123 11
123 12
123 14
123 15
123 18
123 120
123 121
123 122
123 124
123 125
123 126
123 127
123 128
123 129
124 109
124 112
124 113
124 116
124 120
124 121
124 122
124 123
124 125
124 126
124 127
124 128
124 129
124 130
125 74
125 105
125 108
125 109
125 110
125 112
125 113
125 120
125 121
125 122
125 123
125 124
125 126
125 127
125 128
125 129
125 130
126 15
126 35
126 36
126 37
126 38
126 72
126 74
126 109
126 121
126 122
126 123
126 124
126 125
126 127
126 128
126 129
126 130
126 131
126 132
127 37
127 39
127 121
127 122
127 123
127 124
127 125
127 126
127 128
127 129
127 130
127 131
127 132
127 133
128 37
128 39
128 105
128 108
128 109
128 112
128 122
128 123
128 124
128 125
128 126
128 127
128 129
128 130
128 131
128 132
128 133
128 134
128 136
129 37
129 38
129 39
129 40
129 71
129 72
129 74
129 105
129 108
129 109
129 123
129 124
129 125
129 126
129 127
129 128
129 130
129 131
129 132
129 133
129 134
129 136
130 36
130 37
130 38
130 39
130 40
130 41
130 71
130 72
130 124
130 125
130 126
130 127
130 128
130 129
130 131
130 132
130 133
130 134
131 37
131 38
131 39
131 40
131 41
131 126
131 127
131 128
131 129
131 130
131 132
131 133
131 134
131 135
131 136
132 39
132 40
132 126
132 127
132 128
132 129
132 130
132 131
132 133
132 134
132 135
132 136
132 137
132 138
133 39
133 40
133 101
133 102
133 105
133 127
133 128
133 129
133 130
133 131
133 132
133 134
133 135
133 136
133 137
133 138
133 139
134 39
134 40
134 41
134 42
134 128
134 129
134 130
134 131
134 132
134 133
134 135
134 136
134 137
134 138
134 139
134 140
135 131
135 132
135 133
135 134
135 136
135 137
135 138
135 139
135 140
136 101
136 104
136 105
136 108
136 128
136 129
136 131
136 132
136 133
136 134
136 135
136 137
136 138
136 139
137 97
137 101
137 102
137 104
137 105
137 132
137 133
137 134
137 135
137 136
137 138
137 139
137 140
138 132
138 133
138 134
138 135
138 136
138 137
138 139
138 140
138 141
139 101
139 133
139 134
139 135
139 136
139 137
139 138
139 140
139 141
139 142
139 143
139 144
140 42
140 45
140 46
140 47
140 134
140 135
140 137
140 138
140 139
140 141
140 142
140 143
140 144
141 41
141 42
141 43
141 44
141 45
141 46
141 47
141 48
141 65
141 138
141 139
141 140
141 142
141 143
141 144
142 44
142 45
142 46
142 47
142 48
142 49
142 63
142 64
142 65
142 139
142 140
142 141
142 143
142 144
142 145
143 45
143 46
143 47
143 48
143 49
143 63
143 64
143 96
143 139
143 140
143 141
143 142
143 144
143 145
143 146
144 46
144 47
144 48
144 49
144 50
144 61
144 63
144 96
144 97
144 139
144 140
144 141
144 142
144 143
144 145
144 146
145 47
145 48
145 49
145 50
145 95
145 96
145 97
145 98
145 142
145 143
145 144
145 146
145 147
145 193
145 196
145 197
146 48
146 49
146 50
146 95
146 96
146 97
146 98
146 99
146 143
146 144
146 145
146 147
146 148
146 149
146 192
146 193
146 196
147 95
147 96
147 97
147 98
147 99
147 145
147 146
147 148
147 149
147 150
147 188
147 189
147 190
147 191
147 192
147 193
147 196
148 97
148 98
148 99
148 100
148 146
148 147
148 149
148 150
148 151
148 188
148 190
149 98
149 99
149 146
149 147
149 148
149 150
149 151
149 152
150 99
150 147
150 148
150 149
150 151
150 152
150 153
150 188
151 148
151 149
151 150
151 152
151 153
151 154
152 149
152 150
152 151
152 153
152 154
152 155
153 150
153 151
153 152
153 154
153 155
153 156
154 151
154 152
154 153
154 155
154 156
154 157
155 152
155 153
155 154
155 156
155 157
155 158
156 153
156 154
156 155
156 157
156 158
156 159
157 154
157 155
157 156
157 158
157 159
158 155
158 156
158 157
158 159
158 160
159 156
159 157
159 158
159 160
159 161
160 158
160 159
160 161
160 162
161 159
161 160
161 162
161 163
162 160
162 161
162 163
162 164
162 165
163 161
163 162
163 164
163 165
164 162
164 163
164 165
164 166
165 162
165 163
165 164
165 166
165 167
166 164
166 165
166 167
166 168
167 165
167 166
167 168
167 169
168 166
168 167
168 169
168 170
169 167
169 168
169 170
169 171
170 168
170 169
170 171
170 172
171 169
171 170
171 172
171 173
171 174
172 170
172 171
172 173
172 174
173 171
173 172
173 174
173 175
173 176
174 171
174 172
174 173
174 175
174 176
174 177
175 173
175 174
175 176
175 177
175 178
176 173
176 174
176 175
176 177
176 178
176 179
177 174
177 175
177 176
177 178
177 179
177 180
178 175
178 176
178 177
178 179
178 180
178 181
179 176
179 177
179 178
179 180
179 181
179 182
180 99
180 100
180 103
180 177
180 178
180 179
180 181
180 182
180 183
181 99
181 100
181 103
181 178
181 179
181 180
181 182
181 183
181 184
182 98
182 99
182 100
182 101
182 102
182 103
182 104
182 179
182 180
182 181
182 183
182 184
182 185
182 186
182 187
183 91
183 92
183 99
183 100
183 101
183 102
183 103
183 104
183 105
183 106
183 107
183 180
183 181
183 182
183 184
183 185
183 186
183 187
184 91
184 92
184 99
184 103
184 106
184 181
184 182
184 183
184 185
184 186
184 187
185 74
185 75
185 89
185 90
185 91
185 92
185 93
185 99
185 102
185 103
185 106
185 107
185 182
185 183
185 184
185 186
185 187
185 188
186 74
186 90
186 91
186 92
186 93
186 94
186 97
186 98
186 99
186 100
186 101
186 102
186 103
186 104
186 105
186 106
186 107
186 182
186 183
186 184
186 185
186 187
186 188
186 189
187 73
187 91
187 92
187 93
187 94
187 95
187 97
187 98
187 99
187 100
187 102
187 103
187 182
187 183
187 184
187 185
187 186
187 188
187 189
187 190
188 92
188 93
188 94
188 95
188 96
188 97
188 98
188 99
188 100
188 101
188 102
188 147
188 148
188 150
188 185
188 186
188 187
188 189
188 190
188 191
189 93
189 94
189 95
189 96
189 97
189 98
189 99
189 147
189 186
189 187
189 188
189 190
189 191
189 192
189 196
190 94
190 95
190 96
190 97
190 147
190 148
190 187
190 188
190 189
190 191
190 192
190 193
190 194
190 195
190 196
190 199
191 95
191 147
191 188
191 189
191 190
191 192
191 193
191 194
191 195
191 196
192 146
192 147
192 189
192 190
192 191
192 193
192 194
192 195
192 196
192 197
193 49
193 96
193 145
193 146
193 147
193 190
193 191
193 192
193 194
193 195
193 196
193 197
193 198
193 199
194 49
194 190
194 191
194 192
194 193
194 195
194 196
194 197
194 198
194 199
195 190
195 191
195 192
195 193
195 194
195 196
195 197
195 198
195 199
195 200
195 201
196 70
196 95
196 96
196 145
196 146
196 147
196 189
196 190
196 191
196 192
196 193
196 194
196 195
196 197
196 198
196 199
196 200
196 201
196 202
197 47
197 48
197 49
197 64
197 95
197 96
197 145
197 192
197 193
197 194
197 195
197 196
197 198
197 199
197 200
197 201
197 202
197 203
198 193
198 194
198 195
198 196
198 197
198 199
198 200
198 201
198 202
198 203
198 204
199 69
199 70
199 95
199 96
199 190
199 193
199 194
199 195
199 196
199 197
199 198
199 200
199 201
199 202
199 203
199 204
199 205
200 47
200 64
200 66
200 68
200 69
200 70
200 95
200 96
200 195
200 196
200 197
200 198
200 199
200 201
200 202
200 203
200 204
200 205
200 206
201 64
201 65
201 66
201 67
201 68
201 69
201 70
201 195
201 196
201 197
201 198
201 199
201 200
201 202
201 203
201 204
201 205
201 206
201 207
202 69
202 70
202 196
202 197
202 198
202 199
202 200
202 201
202 203
202 204
202 205
202 206
202 207
202 208
203 66
203 67
203 68
203 69
203 70
203 71
203 197
203 198
203 199
203 200
203 201
203 202
203 204
203 205
203 206
203 207
203 208
203 209
204 65
204 66
204 67
204 68
204 69
204 70
204 198
204 199
204 200
204 201
204 202
204 203
204 205
204 206
204 207
204 208
204 209
204 210
205 66
205 67
205 68
205 199
205 200
205 201
205 202
205 203
205 204
205 206
205 207
205 208
205 209
205 210
205 211
206 68
206 200
206 201
206 202
206 203
206 204
206 205
206 207
206 208
206 209
206 210
206 211
206 212
207 67
207 68
207 69
207 70
207 201
207 202
207 203
207 204
207 205
207 206
207 208
207 209
207 210
207 211
207 212
207 213
208 66
208 67
208 68
208 202
208 203
208 204
208 205
208 206
208 207
208 209
208 210
208 211
208 212
208 213
208 214
209 203
209 204
209 205
209 206
209 207
209 208
209 210
209 211
209 212
209 213
209 214
209 228
209 229
210 204
210 205
210 206
210 207
210 208
210 209
210 211
210 212
210 213
210 214
210 215
210 228
210 229
211 205
211 206
211 207
211 208
211 209
211 210
211 212
211 213
211 214
211 215
211 228
211 229
212 206
212 207
212 208
212 209
212 210
212 211
212 213
212 214
212 215
212 216
212 217
212 227
212 228
212 229
212 231
212 232
212 233
213 207
213 208
213 209
213 210
213 211
213 212
213 214
213 215
213 216
213 217
213 226
213 227
213 228
213 229
213 230
213 231
213 232
214 208
214 209
214 210
214 211
214 212
214 213
214 215
214 216
214 217
214 226
214 227
214 228
214 229
215 210
215 211
215 212
215 213
215 214
215 216
215 217
215 225
215 226
215 227
215 228
215 229
215 231
216 212
216 213
216 214
216 215
216 217
216 218
216 219
216 224
216 225
216 226
216 227
216 228
216 229
216 230
216 231
217 212
217 213
217 214
217 215
217 216
217 218
217 219
217 220
217 223
217 224
217 225
217 226
217 227
217 228
217 229
217 230
217 231
217 232
217 239
217 240
217 241
217 242
218 216
218 217
218 219
218 220
218 221
218 222
218 223
218 224
218 225
218 226
218 227
218 228
218 231
218 240
218 241
218 242
219 216
219 217
219 218
219 220
219 221
219 222
219 223
219 224
219 225
219 226
219 231
219 232
219 239
219 240
219 241
219 242
219 243
219 245
219 246
220 217
220 218
220 219
220 221
220 222
220 223
220 224
220 225
220 239
220 240
220 241
220 242
220 245
220 265
220 266
221 218
221 219
221 220
221 222
221 223
221 224
221 241
221 242
221 244
221 245
221 246
221 249
221 265
221 266
222 218
222 219
222 220
222 221
222 223
222 224
222 225
222 241
222 242
222 244
222 245
223 217
223 218
223 219
223 220
223 221
223 222
223 224
223 225
223 226
223 241
223 242
224 216
224 217
224 218
224 219
224 220
224 221
224 222
224 223
224 225
224 226
224 241
224 242
225 215
225 216
225 217
225 218
225 219
225 220
225 222
225 223
225 224
225 226
225 227
225 228
225 230
225 231
225 241
225 242
226 213
226 214
226 215
226 216
226 217
226 218
226 219
226 223
226 224
226 225
226 227
226 228
226 229
226 230
226 231
226 241
226 242
226 243
227 212
227 213
227 214
227 215
227 216
227 217
227 218
227 225
227 226
227 228
227 229
227 230
227 231
227 232
227 242
228 209
228 210
228 211
228 212
228 213
228 214
228 215
228 216
228 217
228 218
228 225
228 226
228 227
228 229
228 230
228 231
228 232
228 233
228 240
228 241
228 242
228 243
229 209
229 210
229 211
229 212
229 213
229 214
229 215
229 216
229 217
229 226
229 227
229 228
229 230
229 231
229 232
229 242
229 243
230 213
230 216
230 217
230 225
230 226
230 227
230 228
230 229
230 231
230 232
230 241
230 242
230 243
230 244
231 212
231 213
231 215
231 216
231 217
231 218
231 219
231 225
231 226
231 227
231 228
231 229
231 230
231 232
231 233
231 240
231 241
231 242
231 243
231 244
231 245
231 246
232 212
232 213
232 217
232 219
232 227
232 228
232 229
232 230
232 231
232 233
232 234
232 235
232 238
232 239
232 240
232 241
232 242
232 243
232 244
232 245
232 246
232 277
232 280
232 281
233 212
233 228
233 231
233 232
233 234
233 235
233 236
233 237
233 238
233 239
233 240
233 241
233 242
233 243
233 246
233 264
233 273
233 277
234 232
234 233
234 235
234 236
234 237
234 238
234 239
234 240
234 241
234 263
234 264
234 271
234 272
234 273
234 274
234 277
235 232
235 233
235 234
235 236
235 237
235 238
235 239
235 240
235 271
235 272
235 273
235 274
235 277
236 233
236 234
236 235
236 237
236 238
236 239
236 264
236 269
236 270
236 271
236 272
236 273
236 274
237 233
237 234
237 235
237 236
237 238
237 239
237 240
237 264
237 266
237 269
237 270
237 271
237 272
238 232
238 233
238 234
238 235
238 236
238 237
238 239
238 240
238 241
238 264
238 271
239 217
239 219
239 220
239 232
239 233
239 234
239 235
239 236
239 237
239 238
239 240
239 241
239 264
239 265
239 266
239 269
239 271
240 217
240 218
240 219
240 220
240 228
240 231
240 232
240 233
240 234
240 235
240 237
240 238
240 239
240 241
240 242
240 243
240 246
240 264
240 265
240 266
241 217
241 218
241 219
241 220
241 221
241 222
241 223
241 224
241 225
241 226
241 228
241 230
241 231
241 232
241 233
241 234
241 238
241 239
241 240
241 242
241 243
241 244
241 245
241 246
241 264
241 265
241 266
242 217
242 218
242 219
242 220
242 221
242 222
242 223
242 224
242 225
242 226
242 227
242 228
242 229
242 230
242 231
242 232
242 233
242 240
242 241
242 243
242 244
242 245
242 246
242 247
243 219
243 226
243 228
243 229
243 230
243 231
243 232
243 233
243 240
243 241
243 242
243 244
243 245
243 246
243 247
243 248
243 249
243 277
243 280
243 281
243 282
244 221
244 222
244 230
244 231
244 232
244 241
244 242
244 243
244 245
244 246
244 247
244 248
244 249
244 281
245 219
245 220
245 221
245 222
245 231
245 232
245 241
245 242
245 243
245 244
245 246
245 247
245 248
245 249
245 250
245 251
245 265
245 281
246 219
246 221
246 231
246 232
246 233
246 240
246 241
246 242
246 243
246 244
246 245
246 247
246 248
246 249
246 250
246 251
246 252
246 262
246 264
246 265
246 277
246 278
246 281
246 282
247 242
247 243
247 244
247 245
247 246
247 248
247 249
247 250
247 251
247 252
247 277
247 278
247 279
247 280
247 281
247 282
247 283
248 243
248 244
248 245
248 246
248 247
248 249
248 250
248 251
248 252
248 253
248 281
248 282
249 221
249 243
249 244
249 245
249 246
249 247
249 248
249 250
249 251
249 252
249 253
249 254
249 262
249 263
249 264
249 265
249 282
250 245
250 246
250 247
250 248
250 249
250 251
250 252
250 253
250 254
250 255
250 256
250 258
250 259
250 261
250 262
250 263
250 273
250 278
250 281
250 282
250 286
250 287
250 290
251 245
251 246
251 247
251 248
251 249
251 250
251 252
251 253
251 254
251 255
251 256
251 257
251 278
251 281
251 282
251 283
251 286
251 287
251 290
252 246
252 247
252 248
252 249
252 250
252 251
252 253
252 254
252 255
252 256
252 257
252 258
253 248
253 249
253 250
253 251
253 252
253 254
253 255
253 256
253 257
253 258
253 259
253 260
253 261
253 262
253 263
253 290
254 249
254 250
254 251
254 252
254 253
254 255
254 256
254 257
254 258
254 259
254 260
254 261
254 262
254 282
254 286
254 287
254 289
254 290
254 291
254 293
254 294
255 250
255 251
255 252
255 253
255 254
255 256
255 257
255 258
255 259
255 286
255 289
255 290
256 250
256 251
256 252
256 253
256 254
256 255
256 257
256 258
256 259
257 251
257 252
257 253
257 254
257 255
257 256
257 258
257 259
257 260
257 261
257 289
257 290
257 293
257 294
258 250
258 252
258 253
258 254
258 255
258 256
258 257
258 259
258 260
258 261
258 262
258 263
258 290
258 293
258 294
259 250
259 253
259 254
259 255
259 256
259 257
259 258
259 260
259 261
259 262
259 263
259 289
259 290
259 291
259 292
259 293
259 294
259 295
259 297
260 253
260 254
260 257
260 258
260 259
260 261
260 262
260 263
260 272
260 273
260 290
260 293
260 294
260 295
260 297
260 298
261 250
261 253
261 254
261 257
261 258
261 259
261 260
261 262
261 263
261 264
261 270
261 271
261 272
261 273
261 294
262 246
262 249
262 250
262 253
262 254
262 258
262 259
262 260
262 261
262 263
262 264
262 265
262 270
262 271
262 272
262 273
262 274
262 275
262 278
263 234
263 249
263 250
263 253
263 258
263 259
263 260
263 261
263 262
263 264
263 265
263 266
263 267
263 268
263 269
263 270
263 271
263 272
263 273
263 274
264 233
264 234
264 236
264 237
264 238
264 239
264 240
264 241
264 246
264 249
264 261
264 262
264 263
264 265
264 266
264 267
264 268
264 269
264 270
264 271
264 272
264 273
265 220
265 221
265 239
265 240
265 241
265 245
265 246
265 249
265 262
265 263
265 264
265 266
265 267
265 268
265 269
265 270
265 271
265 272
266 220
266 221
266 237
266 239
266 240
266 241
266 263
266 264
266 265
266 267
266 268
266 269
266 270
266 271
267 263
267 264
267 265
267 266
267 268
267 269
267 270
268 263
268 264
268 265
268 266
268 267
268 269
268 270
268 271
269 236
269 237
269 239
269 263
269 264
269 265
269 266
269 267
269 268
269 270
269 271
269 272
270 236
270 237
270 261
270 262
270 263
270 264
270 265
270 266
270 267
270 268
270 269
270 271
270 272
271 234
271 235
271 236
271 237
271 238
271 239
271 261
271 262
271 263
271 264
271 265
271 266
271 268
271 269
271 270
271 272
271 273
271 274
272 234
272 235
272 236
272 237
272 260
272 261
272 262
272 263
272 264
272 265
272 269
272 270
272 271
272 273
272 274
272 275
272 277
273 233
273 234
273 235
273 236
273 250
273 260
273 261
273 262
273 263
273 264
273 271
273 272
273 274
273 275
273 276
273 277
273 278
274 234
274 235
274 236
274 262
274 263
274 271
274 272
274 273
274 275
274 276
274 277
274 278
274 279
275 262
275 272
275 273
275 274
275 276
275 277
275 278
275 279
275 280
275 287
275 290
275 291
275 294
276 273
276 274
276 275
276 277
276 278
276 279
276 280
276 281
277 232
277 233
277 234
277 235
277 243
277 246
277 247
277 272
277 273
277 274
277 275
277 276
277 278
277 279
277 280
277 281
277 282
278 246
278 247
278 250
278 251
278 262
278 273
278 274
278 275
278 276
278 277
278 279
278 280
278 281
278 282
278 283
278 286
278 287
278 290
278 291
279 247
279 274
279 275
279 276
279 277
279 278
279 280
279 281
279 282
279 283
279 284
279 286
279 287
279 288
279 290
279 291
280 232
280 243
280 247
280 275
280 276
280 277
280 278
280 279
280 281
280 282
280 283
280 284
280 287
281 232
281 243
281 244
281 245
281 246
281 247
281 248
281 250
281 251
281 276
281 277
281 278
281 279
281 280
281 282
281 283
281 284
281 287
282 243
282 246
282 247
282 248
282 249
282 250
282 251
282 254
282 277
282 278
282 279
282 280
282 281
282 283
282 284
282 285
282 286
282 287
282 288
282 290
283 247
283 251
283 278
283 279
283 280
283 281
283 282
283 284
283 285
283 286
283 287
283 288
284 279
284 280
284 281
284 282
284 283
284 285
284 286
284 287
284 288
284 289
284 290
285 282
285 283
285 284
285 286
285 287
285 288
285 289
285 290
285 291
286 250
286 251
286 254
286 255
286 278
286 279
286 282
286 283
286 284
286 285
286 287
286 288
286 289
286 290
286 291
286 292
287 250
287 251
287 254
287 275
287 278
287 279
287 280
287 281
287 282
287 283
287 284
287 285
287 286
287 288
287 289
287 290
287 291
287 292
287 293
288 279
288 282
288 283
288 284
288 285
288 286
288 287
288 289
288 290
288 291
288 292
288 293
288 294
289 254
289 255
289 257
289 259
289 284
289 285
289 286
289 287
289 288
289 290
289 291
289 292
289 293
289 294
289 295
290 250
290 251
290 253
290 254
290 255
290 257
290 258
290 259
290 260
290 275
290 278
290 279
290 282
290 284
290 285
290 286
290 287
290 288
290 289
290 291
290 292
290 293
290 294
290 295
290 296
291 254
291 259
291 275
291 278
291 279
291 285
291 286
291 287
291 288
291 289
291 290
291 292
291 293
291 294
291 295
291 296
291 297
292 259
292 286
292 287
292 288
292 289
292 290
292 291
292 293
292 294
292 295
292 296
292 297
292 298
293 254
293 257
293 258
293 259
293 260
293 287
293 288
293 289
293 290
293 291
293 292
293 294
293 295
293 296
293 297
293 298
293 299
294 254
294 257
294 258
294 259
294 260
294 261
294 275
294 288
294 289
294 290
294 291
294 292
294 293
294 295
294 296
294 297
294 298
294 299
294 300
295 259
295 260
295 289
295 290
295 291
295 292
295 293
295 294
295 296
295 297
295 298
295 299
295 300
296 290
296 291
296 292
296 293
296 294
296 295
296 297
296 298
296 299
296 300
296 301
296 316
297 259
297 260
297 291
297 292
297 293
297 294
297 295
297 296
297 298
297 299
297 300
297 301
297 302
298 260
298 292
298 293
298 294
298 295
298 296
298 297
298 299
298 300
298 301
298 302
299 293
299 294
299 295
299 296
299 297
299 298
299 300
299 301
299 302
299 303
299 304
299 305
299 306
299 307
299 316
299 317
299 318
300 294
300 295
300 296
300 297
300 298
300 299
300 301
300 302
300 303
300 304
300 305
300 306
300 307
300 316
301 296
301 297
301 298
301 299
301 300
301 302
301 303
301 304
301 305
302 297
302 298
302 299
302 300
302 301
302 303
302 304
302 305
302 306
302 318
303 299
303 300
303 301
303 302
303 304
303 305
303 306
303 318
303 319
303 321
303 373
303 374
303 376
303 377
304 299
304 300
304 301
304 302
304 303
304 305
304 306
304 316
304 317
304 318
304 319
304 320
304 321
304 377
305 299
305 300
305 301
305 302
305 303
305 304
305 306
305 307
305 315
305 316
305 317
305 318
305 319
305 320
305 326
305 337
306 299
306 300
306 302
306 303
306 304
306 305
306 307
306 308
306 309
306 314
306 315
306 316
306 317
306 318
306 319
306 326
306 327
306 328
306 337
306 338
306 340
307 299
307 300
307 305
307 306
307 308
307 309
307 310
307 311
307 313
307 314
307 315
307 316
307 317
307 318
307 319
307 326
307 327
307 328
307 335
307 337
307 340
308 306
308 307
308 309
308 310
308 311
308 312
308 313
308 314
308 315
308 316
308 317
308 326
308 327
308 328
308 329
308 330
308 331
308 332
308 333
308 334
308 335
308 336
308 337
308 340
308 341
309 306
309 307
309 308
309 310
309 311
309 312
309 313
309 314
309 315
309 316
309 326
309 328
309 333
309 334
309 335
309 336
309 337
309 339
309 340
309 341
309 342
310 307
310 308
310 309
310 311
310 312
310 313
310 314
310 315
310 328
310 331
310 333
310 335
310 340
310 341
311 307
311 308
311 309
311 310
311 312
311 313
311 314
311 315
312 308
312 309
312 310
312 311
312 313
312 314
312 315
312 331
313 307
313 308
313 309
313 310
313 311
313 312
313 314
313 315
313 316
313 328
313 330
313 331
313 333
314 306
314 307
314 308
314 309
314 310
314 311
314 312
314 313
314 315
314 316
314 317
314 328
314 330
314 331
315 305
315 306
315 307
315 308
315 309
315 310
315 311
315 312
315 313
315 314
315 316
315 317
315 318
315 328
315 329
315 330
315 331
316 296
316 299
316 300
316 304
316 305
316 306
316 307
316 308
316 309
316 313
316 314
316 315
316 317
316 318
316 319
316 326
316 327
316 328
316 329
316 330
317 299
317 304
317 305
317 306
317 307
317 308
317 314
317 315
317 316
317 318
317 319
317 320
317 326
317 327
317 328
317 329
317 330
317 337
318 299
318 302
318 303
318 304
318 305
318 306
318 307
318 315
318 316
318 317
318 319
318 320
318 321
318 325
318 326
318 327
318 328
318 329
319 303
319 304
319 305
319 306
319 307
319 316
319 317
319 318
319 320
319 321
319 322
319 323
319 324
319 325
319 326
319 327
319 337
319 377
320 304
320 305
320 317
320 318
320 319
320 321
320 322
320 323
320 324
320 325
320 326
321 303
321 304
321 318
321 319
321 320
321 322
321 323
321 324
321 376
321 377
322 319
322 320
322 321
322 323
322 324
322 325
322 375
322 376
322 377
322 378
322 379
323 319
323 320
323 321
323 322
323 324
323 325
323 326
323 336
323 337
323 376
323 377
323 378
323 379
324 319
324 320
324 321
324 322
324 323
324 325
324 326
324 335
324 336
324 337
324 338
324 339
324 340
324 343
324 344
324 345
324 349
324 377
324 378
324 379
325 318
325 319
325 320
325 322
325 323
325 324
325 326
325 327
325 328
325 334
325 335
325 336
325 337
325 338
325 340
325 342
325 343
325 344
325 345
326 305
326 306
326 307
326 308
326 309
326 316
326 317
326 318
326 319
326 320
326 323
326 324
326 325
326 327
326 328
326 329
326 332
326 333
326 334
326 335
326 336
326 337
326 338
326 340
326 342
326 343
327 306
327 307
327 308
327 316
327 317
327 318
327 319
327 325
327 326
327 328
327 329
327 330
327 331
327 332
327 333
327 334
327 335
327 336
327 337
327 343
328 306
328 307
328 308
328 309
328 310
328 313
328 314
328 315
328 316
328 317
328 318
328 325
328 326
328 327
328 329
328 330
328 331
328 332
328 333
328 334
328 335
329 308
329 315
329 316
329 317
329 318
329 326
329 327
329 328
329 330
329 331
329 332
329 333
329 334
330 308
330 313
330 314
330 315
330 316
330 317
330 327
330 328
330 329
330 331
330 332
330 333
331 308
331 310
331 312
331 313
331 314
331 315
331 327
331 328
331 329
331 330
331 332
331 333
331 334
332 308
332 326
332 327
332 328
332 329
332 330
332 331
332 333
332 334
332 335
333 308
333 309
333 310
333 313
333 326
333 327
333 328
333 329
333 330
333 331
333 332
333 334
333 335
333 336
333 341
333 342
333 343
334 308
334 309
334 325
334 326
334 327
334 328
334 329
334 331
334 332
334 333
334 335
334 336
334 337
334 340
334 341
334 342
334 343
334 344
335 307
335 308
335 309
335 310
335 324
335 325
335 326
335 327
335 328
335 332
335 333
335 334
335 336
335 337
335 338
335 339
335 340
335 341
335 342
335 343
335 344
335 345
336 308
336 309
336 323
336 324
336 325
336 326
336 327
336 333
336 334
336 335
336 337
336 338
336 339
336 340
336 341
336 342
336 343
336 344
336 345
336 349
336 350
337 305
337 306
337 307
337 308
337 309
337 317
337 319
337 323
337 324
337 325
337 326
337 327
337 334
337 335
337 336
337 338
337 339
337 340
337 341
337 342
337 343
337 349
337 377
337 378
338 306
338 324
338 325
338 326
338 335
338 336
338 337
338 339
338 340
338 341
338 343
338 349
338 350
338 351
338 355
338 377
338 378
338 379
338 382
339 309
339 324
339 335
339 336
339 337
339 338
339 340
339 341
339 342
339 343
339 344
339 348
339 349
339 350
339 351
339 352
339 355
339 378
340 306
340 307
340 308
340 309
340 310
340 324
340 325
340 326
340 334
340 335
340 336
340 337
340 338
340 339
340 341
340 342
340 343
340 349
340 350
340 351
341 308
341 309
341 310
341 333
341 334
341 335
341 336
341 337
341 338
341 339
341 340
341 342
341 343
341 344
341 349
341 350
341 351
342 309
342 325
342 326
342 333
342 334
342 335
342 336
342 337
342 339
342 340
342 341
342 343
342 344
342 345
342 349
343 324
343 325
343 326
343 327
343 333
343 334
343 335
343 336
343 337
343 338
343 339
343 340
343 341
343 342
343 344
343 345
343 346
343 347
343 349
344 324
344 325
344 334
344 335
344 336
344 339
344 341
344 342
344 343
344 345
344 346
344 347
344 348
344 349
344 350
345 324
345 325
345 335
345 336
345 342
345 343
345 344
345 346
345 347
345 348
345 349
346 343
346 344
346 345
346 347
346 348
346 349
347 343
347 344
347 345
347 346
347 348
347 349
347 350
348 339
348 344
348 345
348 346
348 347
348 349
348 350
348 351
348 381
348 382
349 324
349 336
349 337
349 338
349 339
349 340
349 341
349 342
349 343
349 344
349 345
349 346
349 347
349 348
349 350
349 351
349 352
349 382
350 336
350 338
350 339
350 340
350 341
350 344
350 347
350 348
350 349
350 351
350 352
350 353
351 338
351 339
351 340
351 341
351 348
351 349
351 350
351 352
351 353
351 354
351 355
351 356
351 382
351 386
352 339
352 349
352 350
352 351
352 353
352 354
352 355
352 356
352 357
353 350
353 351
353 352
353 354
353 355
353 356
353 357
353 358
353 359
353 386
353 389
354 351
354 352
354 353
354 355
354 356
354 357
354 358
354 359
354 360
354 386
355 338
355 339
355 351
355 352
355 353
355 354
355 356
355 357
355 358
355 359
355 360
355 361
355 386
356 351
356 352
356 353
356 354
356 355
356 357
356 358
356 359
356 360
356 361
356 362
356 382
356 383
356 384
356 385
356 386
356 387
356 388
356 389
356 390
357 352
357 353
357 354
357 355
357 356
357 358
357 359
357 360
357 361
357 362
357 363
357 386
357 387
357 389
357 390
358 353
358 354
358 355
358 356
358 357
358 359
358 360
358 361
358 362
358 363
358 386
359 353
359 354
359 355
359 356
359 357
359 358
359 360
359 361
359 362
359 363
359 364
359 365
359 374
359 378
359 382
359 383
359 386
359 387
360 354
360 355
360 356
360 357
360 358
360 359
360 361
360 362
360 363
360 364
360 365
360 366
360 382
360 383
360 384
360 385
360 386
360 387
360 388
360 389
360 390
361 355
361 356
361 357
361 358
361 359
361 360
361 362
361 363
361 364
361 365
361 366
361 386
361 387
362 356
362 357
362 358
362 359
362 360
362 361
362 363
362 364
362 365
362 366
362 367
362 370
362 371
362 374
363 357
363 358
363 359
363 360
363 361
363 362
363 364
363 365
363 366
363 367
363 368
363 370
363 371
363 372
363 373
363 374
363 375
363 383
363 386
363 387
364 359
364 360
364 361
364 362
364 363
364 365
364 366
364 367
364 371
364 387
365 359
365 360
365 361
365 362
365 363
365 364
365 366
365 367
365 368
365 370
365 371
366 360
366 361
366 362
366 363
366 364
366 365
366 367
366 368
366 369
366 370
366 371
366 372
366 373
366 374
367 362
367 363
367 364
367 365
367 366
367 368
367 369
367 370
367 371
367 372
367 373
368 363
368 365
368 366
368 367
368 369
368 370
368 371
368 372
368 373
368 374
369 366
369 367
369 368
369 370
369 371
369 372
369 373
369 374
369 375
370 362
370 363
370 365
370 366
370 367
370 368
370 369
370 371
370 372
370 373
370 374
370 375
370 376
371 362
371 363
371 364
371 365
371 366
371 367
371 368
371 369
371 370
371 372
371 373
371 374
371 375
371 376
371 377
371 383
372 363
372 366
372 367
372 368
372 369
372 370
372 371
372 373
372 374
372 375
372 376
372 377
372 379
372 380
373 303
373 363
373 366
373 367
373 368
373 369
373 370
373 371
373 372
373 374
373 375
373 376
373 377
373 378
373 379
374 303
374 359
374 362
374 363
374 366
374 368
374 369
374 370
374 371
374 372
374 373
374 375
374 376
374 377
374 378
374 379
374 380
374 382
374 383
375 322
375 363
375 369
375 370
375 371
375 372
375 373
375 374
375 376
375 377
375 378
375 379
375 380
375 381
375 382
375 383
375 384
376 303
376 321
376 322
376 323
376 370
376 371
376 372
376 373
376 374
376 375
376 377
376 378
376 379
376 380
377 303
377 304
377 319
377 321
377 322
377 323
377 324
377 337
377 338
377 371
377 372
377 373
377 374
377 375
377 376
377 378
377 379
377 380
377 382
377 383
378 322
378 323
378 324
378 337
378 338
378 339
378 359
378 373
378 374
378 375
378 376
378 377
378 379
378 380
378 381
378 382
378 383
379 322
379 323
379 324
379 338
379 372
379 373
379 374
379 375
379 376
379 377
379 378
379 380
379 381
379 382
379 383
379 384
380 372
380 374
380 375
380 376
380 377
380 378
380 379
380 381
380 382
380 383
380 384
380 385
380 386
381 348
381 375
381 378
381 379
381 380
381 382
381 383
381 384
381 385
381 386
381 387
382 338
382 348
382 349
382 351
382 356
382 359
382 360
382 374
382 375
382 377
382 378
382 379
382 380
382 381
382 383
382 384
382 385
382 386
382 387
382 388
383 356
383 359
383 360
383 363
383 371
383 374
383 375
383 377
383 378
383 379
383 380
383 381
383 382
383 384
383 385
383 386
383 387
383 388
384 356
384 360
384 375
384 379
384 380
384 381
384 382
384 383
384 385
384 386
384 387
384 388
384 389
385 356
385 360
385 380
385 381
385 382
385 383
385 384
385 386
385 387
385 388
385 389
385 390
386 351
386 353
386 354
386 355
386 356
386 357
386 358
386 359
386 360
386 361
386 363
386 380
386 381
386 382
386 383
386 384
386 385
386 387
386 388
386 389
386 390
386 391
387 356
387 357
387 359
387 360
387 361
387 363
387 364
387 381
387 382
387 383
387 384
387 385
387 386
387 388
387 389
387 390
387 391
387 392
388 356
388 360
388 382
388 383
388 384
388 385
388 386
388 387
388 389
388 390
388 391
388 392
388 393
389 353
389 356
389 357
389 360
389 384
389 385
389 386
389 387
389 388
389 390
389 391
389 392
389 393
389 394
389 395
390 356
390 357
390 360
390 385
390 386
390 387
390 388
390 389
390 391
390 392
390 393
390 394
390 395
390 396
391 386
391 387
391 388
391 389
391 390
391 392
391 393
391 394
391 395
391 396
391 397
392 387
392 388
392 389
392 390
392 391
392 393
392 394
392 395
392 396
392 397
393 388
393 389
393 390
393 391
393 392
393 394
393 395
393 396
393 397
393 398
394 389
394 390
394 391
394 392
394 393
394 395
394 396
394 397
394 398
394 399
394 400
395 389
395 390
395 391
395 392
395 393
395 394
395 396
395 397
395 398
395 399
395 400
396 390
396 391
396 392
396 393
396 394
396 395
396 397
396 398
396 399
396 400
396 401
396 402
396 409
396 410
396 411
397 391
397 392
397 393
397 394
397 395
397 396
397 398
397 399
397 400
397 401
397 402
397 409
398 393
398 394
398 395
398 396
398 397
398 399
398 400
398 401
398 411
399 394
399 395
399 396
399 397
399 398
399 400
399 401
399 409
399 410
399 411
399 412
400 394
400 395
400 396
400 397
400 398
400 399
400 401
400 402
400 403
400 408
400 409
400 410
400 411
400 412
401 396
401 397
401 398
401 399
401 400
401 402
401 403
401 404
401 407
401 408
401 409
401 410
401 411
401 412
401 430
401 433
402 396
402 397
402 400
402 401
402 403
402 404
402 405
402 406
402 407
402 408
402 409
402 410
402 411
402 421
402 430
402 433
403 400
403 401
403 402
403 404
403 405
403 406
403 407
403 408
403 409
403 410
403 419
403 420
403 421
403 422
403 423
403 424
403 425
403 426
403 427
403 428
403 429
403 430
403 433
403 434
403 435
404 401
404 402
404 403
404 405
404 406
404 407
404 408
404 409
404 421
404 426
404 427
404 428
404 429
404 430
404 432
404 433
404 434
404 435
405 402
405 403
405 404
405 406
405 407
405 408
405 421
405 423
405 424
405 425
405 426
405 427
405 428
405 433
405 434
405 435
406 402
406 403
406 404
406 405
406 407
406 408
406 409
406 421
406 423
406 424
406 425
406 426
407 401
407 402
407 403
407 404
407 405
407 406
407 408
407 409
407 410
407 421
407 423
407 424
408 400
408 401
408 402
408 403
408 404
408 405
408 406
408 407
408 409
408 410
408 411
408 421
408 422
408 423
408 424
409 396
409 397
409 399
409 400
409 401
409 402
409 403
409 404
409 406
409 407
409 408
409 410
409 411
409 421
409 422
409 423
410 396
410 399
410 400
410 401
410 402
410 403
410 407
410 408
410 409
410 411
410 412
410 413
410 419
410 420
410 421
410 422
410 423
410 430
411 396
411 398
411 399
411 400
411 401
411 402
411 408
411 409
411 410
411 412
411 413
411 414
411 419
411 421
411 430
412 399
412 400
412 401
412 410
412 411
412 413
412 414
412 415
412 416
412 417
412 419
412 420
412 430
412 460
413 410
413 411
413 412
413 414
413 415
413 416
413 417
413 419
413 460
414 411
414 412
414 413
414 415
414 416
414 417
414 457
414 460
414 461
414 462
415 412
415 413
415 414
415 416
415 417
415 418
415 419
415 456
415 457
415 458
415 459
415 460
415 461
415 462
416 412
416 413
416 414
416 415
416 417
416 418
416 419
416 429
416 430
416 455
416 456
416 457
416 458
416 459
416 460
417 412
417 413
417 414
417 415
417 416
417 418
417 419
417 420
417 428
417 429
417 430
417 431
417 432
417 433
417 442
417 445
417 452
417 455
417 456
417 457
417 458
417 459
417 460
418 415
418 416
418 417
418 419
418 420
418 427
418 428
418 429
418 430
418 431
418 433
418 435
418 436
418 441
418 442
418 444
418 445
418 455
418 456
418 457
419 403
419 410
419 411
419 412
419 413
419 415
419 416
419 417
419 418
419 420
419 421
419 422
419 425
419 426
419 427
419 428
419 429
419 430
419 431
419 433
419 435
419 436
419 441
420 403
420 410
420 412
420 417
420 418
420 419
420 421
420 422
420 423
420 424
420 425
420 426
420 427
420 428
420 429
420 430
420 435
420 436
421 402
421 403
421 404
421 405
421 406
421 407
421 408
421 409
421 410
421 411
421 419
421 420
421 422
421 423
421 424
421 425
421 426
421 427
421 428
422 403
422 408
422 409
422 410
422 419
422 420
422 421
422 423
422 424
422 425
422 426
422 427
423 403
423 405
423 406
423 407
423 408
423 409
423 410
423 420
423 421
423 422
423 424
423 425
423 426
424 403
424 405
424 406
424 407
424 408
424 420
424 421
424 422
424 423
424 425
424 426
424 427
425 403
425 405
425 406
425 419
425 420
425 421
425 422
425 423
425 424
425 426
425 427
425 428
425 438
426 403
426 404
426 405
426 406
426 419
426 420
426 421
426 422
426 423
426 424
426 425
426 427
426 428
426 435
426 436
426 437
426 438
427 403
427 404
427 405
427 418
427 419
427 420
427 421
427 422
427 424
427 425
427 426
427 428
427 429
427 430
427 433
427 434
427 435
427 436
427 437
427 438
427 440
427 441
428 403
428 404
428 405
428 417
428 418
428 419
428 420
428 421
428 425
428 426
428 427
428 429
428 430
428 431
428 432
428 433
428 434
428 435
428 436
428 437
428 438
428 441
428 444
429 403
429 404
429 416
429 417
429 418
429 419
429 420
429 427
429 428
429 430
429 431
429 432
429 433
429 434
429 435
429 436
429 441
429 442
429 444
429 445
429 452
429 455
429 456
430 401
430 402
430 403
430 404
430 410
430 411
430 412
430 416
430 417
430 418
430 419
430 420
430 427
430 428
430 429
430 431
430 432
430 433
430 434
430 435
430 452
430 456
431 417
431 418
431 419
431 428
431 429
431 430
431 432
431 433
431 434
431 451
431 452
431 455
431 456
431 458
431 459
432 404
432 417
432 428
432 429
432 430
432 431
432 433
432 434
432 435
432 451
432 452
433 401
433 402
433 403
433 404
433 405
433 417
433 418
433 419
433 427
433 428
433 429
433 430
433 431
433 432
433 434
433 435
433 436
434 403
434 404
434 405
434 427
434 428
434 429
434 430
434 431
434 432
434 433
434 435
434 436
434 437
434 444
434 451
434 452
435 403
435 404
435 405
435 418
435 419
435 420
435 426
435 427
435 428
435 429
435 430
435 432
435 433
435 434
435 436
435 437
435 438
435 441
435 444
436 418
436 419
436 420
436 426
436 427
436 428
436 429
436 433
436 434
436 435
436 437
436 438
436 439
436 440
436 441
436 442
436 443
436 444
437 426
437 427
437 428
437 434
437 435
437 436
437 438
437 439
437 440
437 441
437 442
437 443
437 444
438 425
438 426
438 427
438 428
438 435
438 436
438 437
438 439
438 440
438 441
438 442
439 436
439 437
439 438
439 440
439 441
439 442
439 443
440 427
440 436
440 437
440 438
440 439
440 441
440 442
440 443
440 444
441 418
441 419
441 427
441 428
441 429
441 435
441 436
441 437
441 438
441 439
441 440
441 442
441 443
441 444
441 445
441 446
442 417
442 418
442 429
442 436
442 437
442 438
442 439
442 440
442 441
442 443
442 444
442 445
442 446
442 447
442 453
442 456
443 436
443 437
443 439
443 440
443 441
443 442
443 444
443 445
443 446
443 447
443 448
443 450
443 452
443 453
444 418
444 428
444 429
444 434
444 435
444 436
444 437
444 440
444 441
444 442
444 443
444 445
444 446
444 447
444 448
444 449
444 450
444 451
444 452
444 453
444 454
444 455
444 456
445 417
445 418
445 429
445 441
445 442
445 443
445 444
445 446
445 447
445 448
445 449
445 450
445 451
445 452
445 453
445 454
445 455
445 456
445 457
446 441
446 442
446 443
446 444
446 445
446 447
446 448
446 449
446 450
446 452
446 453
446 454
446 455
446 456
447 442
447 443
447 444
447 445
447 446
447 448
447 449
447 450
447 451
447 452
447 453
447 454
448 443
448 444
448 445
448 446
448 447
448 449
448 450
448 451
448 452
448 453
448 454
449 444
449 445
449 446
449 447
449 448
449 450
449 451
449 452
449 453
450 443
450 444
450 445
450 446
450 447
450 448
450 449
450 451
450 452
450 453
450 454
450 455
451 431
451 432
451 434
451 444
451 445
451 447
451 448
451 449
451 450
451 452
451 453
451 454
451 455
452 417
452 429
452 430
452 431
452 432
452 434
452 443
452 444
452 445
452 446
452 447
452 448
452 449
452 450
452 451
452 453
452 454
452 455
452 456
452 458
453 442
453 443
453 444
453 445
453 446
453 447
453 448
453 449
453 450
453 451
453 452
453 454
453 455
453 456
454 444
454 445
454 446
454 447
454 448
454 450
454 451
454 452
454 453
454 455
454 456
454 457
454 458
455 416
455 417
455 418
455 429
455 431
455 444
455 445
455 446
455 450
455 451
455 452
455 453
455 454
455 456
455 457
455 458
455 459
455 460
456 415
456 416
456 417
456 418
456 429
456 430
456 431
456 442
456 444
456 445
456 446
456 452
456 453
456 454
456 455
456 457
456 458
456 459
456 460
457 414
457 415
457 416
457 417
457 418
457 445
457 454
457 455
457 456
457 458
457 459
457 460
457 461
458 415
458 416
458 417
458 431
458 452
458 454
458 455
458 456
458 457
458 459
458 460
458 461
459 415
459 416
459 417
459 431
459 455
459 456
459 457
459 458
459 460
459 461
459 462
460 412
460 413
460 414
460 415
460 416
460 417
460 455
460 456
460 457
460 458
460 459
460 461
460 462
460 463
461 414
461 415
461 457
461 458
461 459
461 460
461 462
461 463
461 464
462 414
462 415
462 459
462 460
462 461
462 463
462 464
462 465
463 460
463 461
463 462
463 464
463 465
463 466
464 461
464 462
464 463
464 465
464 466
464 467
465 462
465 463
465 464
465 466
465 467
465 468
466 463
466 464
466 465
466 467
466 468
466 469
467 464
467 465
467 466
467 468
467 469
467 470
468 465
468 466
468 467
468 469
468 470
468 471
469 466
469 467
469 468
469 470
469 471
469 472
470 467
470 468
470 469
470 471
470 472
470 473
471 468
471 469
471 470
471 472
471 473
472 469
472 470
472 471
472 473
473 470
473 471
473 472
