0 1
0 2
0 3
0 4
0 5
0 29
0 30
0 88
0 89
0 90
0 91
0 92
0 93
0 94
0 95
0 108
0 109
0 110
0 111
0 112
0 113
1 0
1 2
1 3
1 4
1 5
1 6
1 29
1 30
1 31
1 32
1 86
1 87
1 88
1 89
1 90
1 91
1 92
1 93
1 111
1 112
2 0
2 1
2 3
2 4
2 5
2 6
2 7
2 8
2 24
2 48
2 52
2 53
2 56
2 57
2 85
2 86
2 87
2 88
2 89
2 90
2 91
2 92
3 0
3 1
3 2
3 4
3 5
3 6
3 7
3 8
3 44
3 45
3 47
3 48
3 49
3 53
3 83
3 84
3 86
3 87
3 88
3 89
3 90
3 91
4 0
4 1
4 2
4 3
4 5
4 6
4 7
4 8
4 87
4 88
4 91
4 113
5 0
5 1
5 2
5 3
5 4
5 6
5 7
5 8
5 9
5 20
5 21
5 22
5 23
5 24
5 52
5 53
5 56
5 87
5 91
5 92
5 97
5 113
6 1
6 2
6 3
6 4
6 5
6 7
6 8
6 9
6 20
6 21
6 22
6 47
6 48
6 49
6 50
6 51
6 52
6 53
6 54
6 56
6 87
7 2
7 3
7 4
7 5
7 6
7 8
7 9
7 20
7 21
7 22
7 47
7 48
7 49
7 52
7 53
8 2
8 3
8 4
8 5
8 6
8 7
8 9
8 10
8 11
8 19
8 20
8 21
8 22
8 97
8 113
8 115
9 5
9 6
9 7
9 8
9 10
9 11
9 12
9 15
9 16
9 17
9 18
9 19
9 20
9 21
9 22
9 99
9 115
10 8
10 9
10 11
10 12
10 13
10 15
10 16
10 17
10 18
10 19
10 20
10 21
10 22
10 97
10 98
10 99
10 100
10 101
10 102
10 104
10 105
10 106
10 115
10 117
11 8
11 9
11 10
11 12
11 13
11 14
11 15
11 16
11 17
11 19
11 20
11 99
11 115
11 116
11 117
11 121
11 122
12 9
12 10
12 11
12 13
12 14
12 15
12 16
12 19
12 99
12 101
12 102
12 104
12 115
12 116
12 117
12 118
12 121
12 122
12 123
12 124
13 10
13 11
13 12
13 14
13 15
13 16
13 19
13 102
13 117
13 121
13 122
13 123
13 124
14 11
14 12
14 13
14 15
14 16
14 17
14 18
14 19
14 101
14 102
14 122
14 124
15 9
15 10
15 11
15 12
15 13
15 14
15 16
15 17
15 18
15 19
15 20
15 99
15 100
15 101
15 102
16 9
16 10
16 11
16 12
16 13
16 14
16 15
16 17
16 18
16 19
16 20
16 101
17 9
17 10
17 11
17 14
17 15
17 16
17 18
17 19
17 20
17 21
18 9
18 10
18 14
18 15
18 16
18 17
18 19
18 20
18 21
18 22
18 99
18 100
18 101
18 102
19 8
19 9
19 10
19 11
19 12
19 13
19 14
19 15
19 16
19 17
19 18
19 20
19 21
19 22
19 23
19 98
19 99
19 100
19 101
19 102
19 103
20 5
20 6
20 7
20 8
20 9
20 10
20 11
20 15
20 16
20 17
20 18
20 19
20 21
20 22
20 23
20 49
20 52
20 98
20 99
20 100
20 101
21 5
21 6
21 7
21 8
21 9
21 10
21 17
21 18
21 19
21 20
21 22
21 23
21 24
21 49
21 51
21 52
21 53
21 55
21 56
21 97
21 98
21 99
21 100
22 5
22 6
22 7
22 8
22 9
22 10
22 18
22 19
22 20
22 21
22 23
22 24
22 25
22 52
22 55
22 56
22 96
22 97
22 98
22 99
22 100
22 101
22 103
22 104
22 105
22 106
23 5
23 19
23 20
23 21
23 22
23 24
23 25
23 26
23 52
23 55
23 56
23 59
23 96
23 97
23 98
23 99
23 100
23 103
23 105
24 2
24 5
24 21
24 22
24 23
24 25
24 26
24 27
24 52
24 55
24 56
24 57
24 58
24 59
24 60
24 92
24 95
24 96
24 97
24 98
24 99
24 105
24 106
24 108
25 22
25 23
25 24
25 26
25 27
25 28
25 56
25 59
25 60
25 92
25 94
25 95
25 96
25 97
25 98
25 107
25 108
26 23
26 24
26 25
26 27
26 28
26 29
26 56
26 59
26 60
26 91
26 92
26 93
26 94
26 95
26 96
26 97
26 107
26 108
27 24
27 25
27 26
27 28
27 29
27 60
27 92
27 93
27 94
27 95
27 96
27 108
28 25
28 26
28 27
28 29
28 30
28 60
28 91
28 92
28 93
28 94
28 95
28 108
28 109
28 110
28 111
29 0
29 1
29 26
29 27
29 28
29 30
29 31
29 32
29 60
29 90
29 91
29 92
29 93
29 94
29 95
29 111
30 0
30 1
30 28
30 29
30 31
30 32
30 33
30 89
30 90
30 91
30 92
30 93
30 94
30 111
31 1
31 29
31 30
31 32
31 33
31 34
31 85
31 86
31 88
31 89
31 90
31 91
31 92
31 93
32 1
32 29
32 30
32 31
32 33
32 34
32 85
32 88
32 89
32 90
32 91
32 92
33 30
33 31
33 32
33 34
33 35
33 36
33 84
33 85
33 88
33 89
33 90
33 91
34 31
34 32
34 33
34 35
34 36
34 37
34 84
34 85
34 88
34 89
34 90
35 33
35 34
35 36
35 37
35 38
35 84
35 88
35 89
36 33
36 34
36 35
36 37
36 38
36 39
36 40
36 41
36 80
36 81
36 84
36 85
36 88
36 89
37 34
37 35
37 36
37 38
37 39
37 40
37 41
37 42
37 80
37 81
37 84
38 35
38 36
38 37
38 39
38 40
38 41
38 42
38 43
38 44
38 74
38 75
38 76
38 77
38 79
38 80
38 81
38 83
38 84
39 36
39 37
39 38
39 40
39 41
39 42
39 43
39 44
39 74
39 75
39 80
40 36
40 37
40 38
40 39
40 41
40 42
40 43
40 44
40 45
40 80
40 84
41 36
41 37
41 38
41 39
41 40
41 42
41 43
41 44
41 45
41 46
41 73
41 74
41 79
41 80
41 81
41 82
41 83
41 84
41 85
41 87
41 88
42 37
42 38
42 39
42 40
42 41
42 43
42 44
42 45
42 46
42 47
42 69
42 73
42 74
42 75
42 76
42 77
42 79
42 80
42 83
42 84
43 38
43 39
43 40
43 41
43 42
43 44
43 45
43 46
43 47
43 48
43 74
44 3
44 38
44 39
44 40
44 41
44 42
44 43
44 45
44 46
44 47
44 48
44 83
44 84
44 87
45 3
45 40
45 41
45 42
45 43
45 44
45 46
45 47
45 48
45 49
45 50
45 68
45 69
45 73
45 74
45 80
45 83
45 84
45 87
46 41
46 42
46 43
46 44
46 45
46 47
46 48
46 49
46 50
46 69
47 3
47 6
47 7
47 42
47 43
47 44
47 45
47 46
47 48
47 49
47 50
48 2
48 3
48 6
48 7
48 43
48 44
48 45
48 46
48 47
48 49
48 50
48 51
48 52
48 53
48 68
48 69
48 87
49 3
49 6
49 7
49 20
49 21
49 45
49 46
49 47
49 48
49 50
49 51
49 52
49 53
49 54
49 68
50 6
50 45
50 46
50 47
50 48
50 49
50 51
50 52
50 53
50 54
50 55
50 56
50 66
50 67
50 68
50 69
51 6
51 21
51 48
51 49
51 50
51 52
51 53
51 54
51 55
51 56
51 57
51 67
51 68
52 2
52 5
52 6
52 7
52 20
52 21
52 22
52 23
52 24
52 48
52 49
52 50
52 51
52 53
52 54
52 55
52 56
52 57
52 58
53 2
53 3
53 5
53 6
53 7
53 21
53 48
53 49
53 50
53 51
53 52
53 54
53 55
53 56
53 57
53 58
53 59
53 65
53 66
53 67
53 68
53 86
53 87
54 6
54 49
54 50
54 51
54 52
54 53
54 55
54 56
54 57
54 58
54 59
54 60
54 62
54 65
54 66
54 67
54 68
55 21
55 22
55 23
55 24
55 50
55 51
55 52
55 53
55 54
55 56
55 57
55 58
55 59
55 60
55 61
56 2
56 5
56 6
56 21
56 22
56 23
56 24
56 25
56 26
56 50
56 51
56 52
56 53
56 54
56 55
56 57
56 58
56 59
56 60
56 61
56 62
57 2
57 24
57 51
57 52
57 53
57 54
57 55
57 56
57 58
57 59
57 60
57 61
57 62
57 63
57 64
57 65
57 66
57 86
57 87
57 90
58 24
58 52
58 53
58 54
58 55
58 56
58 57
58 59
58 60
58 61
58 62
58 63
58 65
59 23
59 24
59 25
59 26
59 53
59 54
59 55
59 56
59 57
59 58
59 60
59 61
59 62
60 24
60 25
60 26
60 27
60 28
60 29
60 54
60 55
60 56
60 57
60 58
60 59
60 61
60 62
60 63
60 90
60 92
61 55
61 56
61 57
61 58
61 59
61 60
61 62
61 63
61 64
61 65
62 54
62 56
62 57
62 58
62 59
62 60
62 61
62 63
62 64
62 65
62 86
62 90
63 57
63 58
63 60
63 61
63 62
63 64
63 65
63 66
63 86
64 57
64 61
64 62
64 63
64 65
64 66
64 67
64 82
64 86
65 53
65 54
65 57
65 58
65 61
65 62
65 63
65 64
65 66
65 67
65 68
65 82
65 83
65 86
66 50
66 53
66 54
66 57
66 63
66 64
66 65
66 67
66 68
66 69
66 70
66 79
66 82
66 83
66 86
67 50
67 51
67 53
67 54
67 64
67 65
67 66
67 68
67 69
67 70
68 45
68 48
68 49
68 50
68 51
68 53
68 54
68 65
68 66
68 67
68 69
68 70
68 71
69 42
69 45
69 46
69 48
69 50
69 66
69 67
69 68
69 70
69 71
69 72
69 73
69 74
69 79
69 80
69 83
70 66
70 67
70 68
70 69
70 71
70 72
70 73
70 74
70 76
70 79
71 68
71 69
71 70
71 72
71 73
71 74
71 75
71 76
72 69
72 70
72 71
72 73
72 74
72 75
72 76
72 79
73 41
73 42
73 45
73 69
73 70
73 71
73 72
73 74
73 75
73 76
73 77
73 78
73 79
73 80
74 38
74 39
74 41
74 42
74 43
74 45
74 69
74 70
74 71
74 72
74 73
74 75
74 76
74 77
74 79
74 80
75 38
75 39
75 42
75 71
75 72
75 73
75 74
75 76
75 77
75 78
75 79
75 80
76 38
76 42
76 70
76 71
76 72
76 73
76 74
76 75
76 77
76 78
76 79
76 80
76 81
77 38
77 42
77 73
77 74
77 75
77 76
77 78
77 79
77 80
77 81
77 82
77 83
78 73
78 75
78 76
78 77
78 79
78 80
78 81
78 82
78 83
78 84
79 38
79 41
79 42
79 66
79 69
79 70
79 72
79 73
79 74
79 75
79 76
79 77
79 78
79 80
79 81
79 82
79 83
79 84
79 85
80 36
80 37
80 38
80 39
80 40
80 41
80 42
80 45
80 69
80 73
80 74
80 75
80 76
80 77
80 78
80 79
80 81
80 82
80 83
80 84
80 85
80 86
81 36
81 37
81 38
81 41
81 76
81 77
81 78
81 79
81 80
81 82
81 83
81 84
81 85
81 86
81 87
82 41
82 64
82 65
82 66
82 77
82 78
82 79
82 80
82 81
82 83
82 84
82 85
82 86
82 87
82 88
83 3
83 38
83 41
83 42
83 44
83 45
83 65
83 66
83 69
83 77
83 78
83 79
83 80
83 81
83 82
83 84
83 85
83 86
83 87
83 88
83 89
84 3
84 33
84 34
84 35
84 36
84 37
84 38
84 40
84 41
84 42
84 44
84 45
84 78
84 79
84 80
84 81
84 82
84 83
84 85
84 86
84 87
84 88
84 89
84 90
85 2
85 31
85 32
85 33
85 34
85 36
85 41
85 79
85 80
85 81
85 82
85 83
85 84
85 86
85 87
85 88
85 89
85 90
85 91
86 1
86 2
86 3
86 31
86 53
86 57
86 62
86 63
86 64
86 65
86 66
86 80
86 81
86 82
86 83
86 84
86 85
86 87
86 88
86 89
86 90
86 91
87 1
87 2
87 3
87 4
87 5
87 6
87 41
87 44
87 45
87 48
87 53
87 57
87 81
87 82
87 83
87 84
87 85
87 86
87 88
87 89
87 90
87 91
88 0
88 1
88 2
88 3
88 4
88 31
88 32
88 33
88 34
88 35
88 36
88 41
88 82
88 83
88 84
88 85
88 86
88 87
88 89
88 90
88 91
89 0
89 1
89 2
89 3
89 30
89 31
89 32
89 33
89 34
89 35
89 36
89 83
89 84
89 85
89 86
89 87
89 88
89 90
89 91
89 92
90 0
90 1
90 2
90 3
90 29
90 30
90 31
90 32
90 33
90 34
90 57
90 60
90 62
90 84
90 85
90 86
90 87
90 88
90 89
90 91
90 92
90 93
91 0
91 1
91 2
91 3
91 4
91 5
91 26
91 28
91 29
91 30
91 31
91 32
91 33
91 85
91 86
91 87
91 88
91 89
91 90
91 92
91 93
91 94
91 110
91 111
91 112
92 0
92 1
92 2
92 5
92 24
92 25
92 26
92 27
92 28
92 29
92 30
92 31
92 32
92 60
92 89
92 90
92 91
92 93
92 94
92 95
92 96
92 108
92 109
92 110
92 111
92 112
92 113
93 0
93 1
93 26
93 27
93 28
93 29
93 30
93 31
93 90
93 91
93 92
93 94
93 95
93 96
93 108
93 109
93 110
93 111
93 112
93 113
94 0
94 25
94 26
94 27
94 28
94 29
94 30
94 91
94 92
94 93
94 95
94 96
94 107
94 108
94 109
94 110
94 111
94 112
94 113
95 0
95 24
95 25
95 26
95 27
95 28
95 29
95 92
95 93
95 94
95 96
95 97
95 105
95 106
95 107
95 108
95 109
95 110
95 111
95 112
95 113
96 22
96 23
96 24
96 25
96 26
96 27
96 92
96 93
96 94
96 95
96 97
96 98
96 104
96 105
96 106
96 107
96 108
96 109
96 113
96 114
97 5
97 8
97 10
97 21
97 22
97 23
97 24
97 25
97 26
97 95
97 96
97 98
97 99
97 100
97 103
97 104
97 105
97 106
97 107
97 108
97 113
97 114
97 115
98 10
98 19
98 20
98 21
98 22
98 23
98 24
98 25
98 96
98 97
98 99
98 100
98 101
98 102
98 103
98 104
98 105
98 106
98 107
99 9
99 10
99 11
99 12
99 15
99 18
99 19
99 20
99 21
99 22
99 23
99 24
99 97
99 98
99 100
99 101
99 102
99 103
99 104
99 105
99 106
100 10
100 15
100 18
100 19
100 20
100 21
100 22
100 23
100 97
100 98
100 99
100 101
100 102
100 103
100 104
100 105
101 10
101 12
101 14
101 15
101 16
101 18
101 19
101 20
101 22
101 98
101 99
101 100
101 102
101 103
101 104
102 10
102 12
102 13
102 14
102 15
102 18
102 19
102 98
102 99
102 100
102 101
102 103
102 104
102 105
103 19
103 22
103 23
103 97
103 98
103 99
103 100
103 101
103 102
103 104
103 105
103 106
104 10
104 12
104 22
104 96
104 97
104 98
104 99
104 100
104 101
104 102
104 103
104 105
104 106
104 107
104 117
105 10
105 22
105 23
105 24
105 95
105 96
105 97
105 98
105 99
105 100
105 102
105 103
105 104
105 106
105 107
105 108
105 114
105 115
106 10
106 22
106 24
106 95
106 96
106 97
106 98
106 99
106 103
106 104
106 105
106 107
106 108
106 109
106 113
106 114
106 115
106 116
106 117
107 25
107 26
107 94
107 95
107 96
107 97
107 98
107 104
107 105
107 106
107 108
107 109
107 111
107 112
107 113
107 114
107 115
108 0
108 24
108 25
108 26
108 27
108 28
108 92
108 93
108 94
108 95
108 96
108 97
108 105
108 106
108 107
108 109
108 110
108 111
108 112
108 113
108 114
108 115
109 0
109 28
109 92
109 93
109 94
109 95
109 96
109 106
109 107
109 108
109 110
109 111
109 112
109 113
109 114
110 0
110 28
110 91
110 92
110 93
110 94
110 95
110 108
110 109
110 111
110 112
110 113
111 0
111 1
111 28
111 29
111 30
111 91
111 92
111 93
111 94
111 95
111 107
111 108
111 109
111 110
111 112
111 113
111 114
112 0
112 1
112 91
112 92
112 93
112 94
112 95
112 107
112 108
112 109
112 110
112 111
112 113
112 114
112 115
113 0
113 4
113 5
113 8
113 92
113 93
113 94
113 95
113 96
113 97
113 106
113 107
113 108
113 109
113 110
113 111
113 112
113 114
113 115
113 116
114 96
114 97
114 105
114 106
114 107
114 108
114 109
114 111
114 112
114 113
114 115
114 116
114 117
115 8
115 9
115 10
115 11
115 12
115 97
115 105
115 106
115 107
115 108
115 112
115 113
115 114
115 116
115 117
116 11
116 12
116 106
116 113
116 114
116 115
116 117
116 118
116 119
116 121
116 122
117 10
117 11
117 12
117 13
117 104
117 106
117 114
117 115
117 116
117 118
117 119
117 120
117 121
117 122
117 123
118 12
118 116
118 117
118 119
118 120
118 121
118 122
118 123
119 116
119 117
119 118
119 120
119 121
119 122
119 123
119 124
120 117
120 118
120 119
120 121
120 122
120 123
120 124
121 11
121 12
121 13
121 116
121 117
121 118
121 119
121 120
121 122
121 123
121 124
122 11
122 12
122 13
122 14
122 116
122 117
122 118
122 119
122 120
122 121
122 123
122 124
123 12
123 13
123 117
123 118
123 119
123 120
123 121
123 122
123 124
124 12
124 13
124 14
124 119
124 120
124 121
124 122
124 123
