0 1
0 2
1 0
1 2
1 3
2 0
2 1
2 3
2 4
3 1
3 2
3 4
3 5
4 2
4 3
4 5
4 6
5 3
5 4
5 6
5 7
6 4
6 5
6 7
6 8
7 5
7 6
7 8
7 9
8 6
8 7
8 9
8 10
9 7
9 8
9 10
9 11
10 8
10 9
10 11
10 12
11 9
11 10
11 12
11 13
12 10
12 11
12 13
12 14
13 11
13 12
13 14
13 15
14 12
14 13
14 15
14 16
15 13
15 14
15 16
15 17
15 18
16 14
16 15
16 17
16 18
16 19
17 15
17 16
17 18
17 19
17 20
18 15
18 16
18 17
18 19
18 20
18 21
19 16
19 17
19 18
19 20
19 21
19 22
20 17
20 18
20 19
20 21
20 22
20 23
21 18
21 19
21 20
21 22
21 23
21 24
22 19
22 20
22 21
22 23
22 24
22 25
23 20
23 21
23 22
23 24
23 25
23 26
24 21
24 22
24 23
24 25
24 26
25 22
25 23
25 24
25 26
25 27
26 23
26 24
26 25
26 27
26 28
27 25
27 26
27 28
27 29
28 26
28 27
28 29
28 30
29 27
29 28
29 30
29 31
30 28
30 29
30 31
30 32
31 29
31 30
31 32
31 33
32 30
32 31
32 33
32 34
33 31
33 32
33 34
33 35
34 32
34 33
34 35
34 36
35 33
35 34
35 36
35 37
36 34
36 35
36 37
36 38
37 35
37 36
37 38
37 39
38 36
38 37
38 39
38 40
39 37
39 38
39 40
39 41
40 38
40 39
40 41
40 42
41 39
41 40
41 42
41 43
41 44
42 40
42 41
42 43
42 44
43 41
43 42
43 44
43 45
44 41
44 42
44 43
44 45
44 46
44 47
45 43
45 44
45 46
45 47
45 48
46 44
46 45
46 47
46 48
46 49
47 44
47 45
47 46
47 48
47 49
47 50
48 45
48 46
48 47
48 49
48 50
48 51
49 46
49 47
49 48
49 50
49 51
49 52
50 47
50 48
50 49
50 51
50 52
50 53
51 48
51 49
51 50
51 52
51 53
51 54
52 49
52 50
52 51
52 53
52 54
52 55
53 50
53 51
53 52
53 54
53 55
53 56
54 51
54 52
54 53
54 55
54 56
54 57
55 52
55 53
55 54
55 56
55 57
55 58
56 53
56 54
56 55
56 57
56 58
56 59
57 54
57 55
57 56
57 58
57 59
57 60
58 55
58 56
58 57
58 59
58 60
58 61
59 56
59 57
59 58
59 60
59 61
59 62
60 57
60 58
60 59
60 61
60 62
60 63
61 58
61 59
61 60
61 62
61 63
61 64
62 59
62 60
62 61
62 63
62 64
62 65
63 60
63 61
63 62
63 64
63 65
64 61
64 62
64 63
64 65
64 66
64 67
65 62
65 63
65 64
65 66
65 67
66 64
66 65
66 67
66 68
67 64
67 65
67 66
67 68
67 69
68 66
68 67
68 69
68 70
68 71
69 67
69 68
69 70
69 71
70 68
70 69
70 71
70 72
71 68
71 69
71 70
71 72
71 73
72 70
72 71
72 73
72 74
73 71
73 72
73 74
73 75
74 72
74 73
74 75
74 76
75 73
75 74
75 76
75 77
75 78
76 74
76 75
76 77
76 78
76 79
77 75
77 76
77 78
77 79
77 80
78 75
78 76
78 77
78 79
78 80
78 81
79 76
79 77
79 78
79 80
79 81
79 82
80 77
80 78
80 79
80 81
80 82
80 83
81 78
81 79
81 80
81 82
81 83
81 84
82 79
82 80
82 81
82 83
82 84
82 85
83 80
83 81
83 82
83 84
83 85
83 86
84 81
84 82
84 83
84 85
84 86
84 87
85 82
85 83
85 84
85 86
85 87
85 88
86 83
86 84
86 85
86 87
86 88
86 89
87 84
87 85
87 86
87 88
87 89
87 90
88 85
88 86
88 87
88 89
88 90
88 91
89 86
89 87
89 88
89 90
89 91
89 92
90 87
90 88
90 89
90 91
90 92
90 93
91 88
91 89
91 90
91 92
91 93
91 94
92 89
92 90
92 91
92 93
92 94
92 95
93 90
93 91
93 92
93 94
93 95
93 96
94 91
94 92
94 93
94 95
94 96
94 97
95 92
95 93
95 94
95 96
95 97
95 98
96 93
96 94
96 95
96 97
96 98
96 99
97 94
97 95
97 96
97 98
97 99
97 100
98 95
98 96
98 97
98 99
98 100
98 101
99 96
99 97
99 98
99 100
99 101
99 102
100 97
100 98
100 99
100 101
100 102
100 103
101 98
101 99
101 100
101 102
101 103
101 104
102 99
102 100
102 101
102 103
102 104
102 105
103 100
103 101
103 102
103 104
103 105
103 106
104 101
104 102
104 103
104 105
104 106
104 107
105 102
105 103
105 104
105 106
105 107
105 108
106 103
106 104
106 105
106 107
106 108
107 104
107 105
107 106
107 108
107 109
108 105
108 106
108 107
108 109
108 110
108 111
109 107
109 108
109 110
109 111
109 112
110 108
110 109
110 111
110 112
110 113
111 108
111 109
111 110
111 112
111 113
111 114
112 109
112 110
112 111
112 113
112 114
112 115
113 110
113 111
113 112
113 114
113 115
113 116
114 111
114 112
114 113
114 115
114 116
114 117
115 112
115 113
115 114
115 116
115 117
115 118
116 113
116 114
116 115
116 117
116 118
116 119
117 114
117 115
117 116
117 118
117 119
117 120
118 115
118 116
118 117
118 119
118 120
118 121
119 116
119 117
119 118
119 120
119 121
119 122
120 117
120 118
120 119
120 121
120 122
120 123
121 118
121 119
121 120
121 122
121 123
121 124
122 119
122 120
122 121
122 123
122 124
122 125
123 120
123 121
123 122
123 124
123 125
123 126
123 127
124 121
124 122
124 123
124 125
124 126
124 127
125 122
125 123
125 124
125 126
125 127
125 128
125 131
126 123
126 124
126 125
126 127
126 128
126 129
126 131
127 123
127 124
127 125
127 126
127 128
127 129
127 130
127 131
127 132
128 125
128 126
128 127
128 129
128 130
128 131
128 132
129 126
129 127
129 128
129 130
129 131
129 132
129 133
129 134
130 127
130 128
130 129
130 131
130 132
130 133
130 134
130 135
131 125
131 126
131 127
131 128
131 129
131 130
131 132
131 133
131 134
131 135
131 136
132 127
132 128
132 129
132 130
132 131
132 133
132 134
132 135
132 136
132 137
133 129
133 130
133 131
133 132
133 134
133 135
133 136
133 137
133 138
133 151
134 129
134 130
134 131
134 132
134 133
134 135
134 136
134 137
134 138
134 139
135 130
135 131
135 132
135 133
135 134
135 136
135 137
135 138
135 139
135 151
135 152
136 131
136 132
136 133
136 134
136 135
136 137
136 138
136 139
136 140
136 148
136 150
136 151
136 152
136 153
137 132
137 133
137 134
137 135
137 136
137 138
137 139
137 140
137 141
137 144
137 146
137 151
137 152
138 133
138 134
138 135
138 136
138 137
138 139
138 140
138 141
138 151
139 134
139 135
139 136
139 137
139 138
139 140
139 141
139 142
139 158
139 271
139 272
139 273
139 274
140 136
140 137
140 138
140 139
140 141
140 142
140 143
140 144
140 145
140 146
140 151
140 158
140 256
140 271
140 272
140 273
140 274
140 275
141 137
141 138
141 139
141 140
141 142
141 143
141 144
141 145
141 158
141 159
141 160
141 161
141 256
141 257
141 258
141 270
141 271
141 272
141 273
141 274
142 139
142 140
142 141
142 143
142 144
142 145
142 258
142 259
142 260
142 262
142 263
142 269
142 270
142 271
142 272
142 273
143 140
143 141
143 142
143 144
143 145
143 146
143 235
143 257
143 258
143 259
143 260
143 261
143 262
143 263
143 271
143 273
144 137
144 140
144 141
144 142
144 143
144 145
144 146
144 235
144 236
144 237
144 256
144 257
144 258
144 259
144 260
144 262
144 271
144 272
144 273
144 274
145 140
145 141
145 142
145 143
145 144
145 146
145 147
145 148
145 235
145 236
145 237
145 256
145 257
145 258
145 259
145 273
145 280
145 281
145 282
145 283
145 284
146 137
146 140
146 143
146 144
146 145
146 147
146 148
146 149
146 150
146 151
146 256
146 257
146 258
146 274
146 275
146 276
146 280
146 281
146 282
146 283
147 145
147 146
147 148
147 149
147 150
147 151
147 152
147 279
147 280
147 281
147 282
147 283
147 284
148 136
148 145
148 146
148 147
148 149
148 150
148 151
148 152
148 153
148 280
148 281
148 282
149 146
149 147
149 148
149 150
149 151
149 152
149 153
149 279
149 280
149 281
149 282
150 136
150 146
150 147
150 148
150 149
150 151
150 152
150 153
150 154
150 155
150 276
150 277
150 279
150 280
150 281
150 282
151 133
151 135
151 136
151 137
151 138
151 140
151 146
151 147
151 148
151 149
151 150
151 152
151 153
151 154
151 155
151 276
151 280
152 135
152 136
152 137
152 147
152 148
152 149
152 150
152 151
152 153
152 154
152 155
153 136
153 148
153 149
153 150
153 151
153 152
153 154
153 155
153 156
153 276
153 277
153 280
154 150
154 151
154 152
154 153
154 155
154 156
154 157
154 274
154 275
154 276
154 277
155 150
155 151
155 152
155 153
155 154
155 156
155 157
155 158
155 179
155 180
155 181
155 254
155 255
155 273
155 274
155 275
155 276
155 277
156 153
156 154
156 155
156 157
156 158
156 159
156 178
156 179
156 180
156 181
156 182
156 240
156 252
156 253
156 254
156 255
156 274
156 275
156 276
156 277
157 154
157 155
157 156
157 158
157 159
157 177
157 178
157 179
157 180
157 181
157 182
157 217
157 218
157 240
157 253
157 254
157 255
157 272
157 273
157 274
157 275
157 276
158 139
158 140
158 141
158 155
158 156
158 157
158 159
158 160
158 161
158 176
158 177
158 178
158 179
158 180
158 181
158 218
158 240
158 254
158 255
158 256
158 271
158 272
158 273
158 274
158 275
158 276
159 141
159 156
159 157
159 158
159 160
159 161
159 174
159 175
159 176
159 177
159 178
159 179
159 180
159 194
159 218
159 219
159 238
159 239
159 240
159 254
159 255
159 256
159 271
159 272
159 273
159 274
159 275
160 141
160 158
160 159
160 161
160 162
160 173
160 174
160 175
160 176
160 177
160 178
160 220
160 221
160 222
160 270
160 271
160 272
160 273
160 274
161 141
161 158
161 159
161 160
161 162
161 163
161 172
161 173
161 174
161 175
161 176
161 177
161 222
161 223
161 224
161 238
161 268
161 269
161 270
161 271
161 272
161 273
162 160
162 161
162 163
162 164
162 171
162 172
162 173
162 174
162 175
162 224
162 265
162 267
162 268
162 269
162 270
162 271
162 272
163 161
163 162
163 164
163 165
163 166
163 170
163 171
163 172
163 173
163 174
163 224
163 225
163 231
163 236
163 260
163 263
163 264
163 265
163 266
163 267
163 268
163 269
163 270
163 271
164 162
164 163
164 165
164 166
164 167
164 168
164 169
164 170
164 171
164 172
164 173
164 226
164 230
164 231
164 260
164 263
164 264
164 265
164 266
164 267
164 268
164 269
164 270
165 163
165 164
165 166
165 167
165 168
165 169
165 170
165 171
165 172
165 226
165 227
165 229
165 230
165 231
165 232
165 264
165 265
165 266
165 267
165 268
165 269
166 163
166 164
166 165
166 167
166 168
166 169
166 170
166 171
166 226
166 227
166 228
166 230
166 231
166 265
166 266
166 267
166 268
167 164
167 165
167 166
167 168
167 169
167 170
167 171
167 230
167 266
168 164
168 165
168 166
168 167
168 169
168 170
168 171
168 227
168 228
168 229
168 230
168 231
168 232
169 164
169 165
169 166
169 167
169 168
169 170
169 171
169 172
169 226
169 227
169 228
169 229
169 230
169 231
170 163
170 164
170 165
170 166
170 167
170 168
170 169
170 171
170 172
170 173
170 198
170 225
170 226
170 227
170 228
170 229
170 230
170 231
170 232
170 260
170 265
171 162
171 163
171 164
171 165
171 166
171 167
171 168
171 169
171 170
171 172
171 173
171 174
171 224
171 225
171 226
171 227
171 228
171 229
171 230
171 231
171 265
171 268
172 161
172 162
172 163
172 164
172 165
172 169
172 170
172 171
172 173
172 174
172 175
172 196
172 208
172 223
172 224
172 225
172 226
172 227
172 236
172 268
172 269
172 270
173 160
173 161
173 162
173 163
173 164
173 170
173 171
173 172
173 174
173 175
173 176
173 210
173 221
173 222
173 223
173 224
173 225
173 226
173 268
173 270
174 159
174 160
174 161
174 162
174 163
174 171
174 172
174 173
174 175
174 176
174 177
174 193
174 194
174 195
174 196
174 209
174 210
174 220
174 221
174 222
174 223
174 224
174 225
174 238
175 159
175 160
175 161
175 162
175 172
175 173
175 174
175 176
175 177
175 219
175 220
175 221
175 222
175 223
175 224
175 270
175 271
175 272
176 158
176 159
176 160
176 161
176 173
176 174
176 175
176 177
176 178
176 194
176 218
176 219
176 220
176 221
176 222
176 223
176 272
177 157
177 158
177 159
177 160
177 161
177 174
177 175
177 176
177 178
177 179
177 180
177 192
177 193
177 194
177 216
177 217
177 218
177 219
177 220
177 221
177 240
177 272
177 273
177 274
177 275
178 156
178 157
178 158
178 159
178 160
178 176
178 177
178 179
178 180
178 181
178 216
178 217
178 218
178 219
178 220
178 272
178 274
179 155
179 156
179 157
179 158
179 159
179 177
179 178
179 180
179 181
179 182
179 216
179 217
179 218
179 219
179 275
180 155
180 156
180 157
180 158
180 159
180 177
180 178
180 179
180 181
180 182
180 183
180 190
180 192
180 216
180 217
180 218
180 219
180 240
180 242
180 253
180 254
180 275
181 155
181 156
181 157
181 158
181 178
181 179
181 180
181 182
181 183
181 184
181 217
181 218
181 252
181 253
181 254
181 275
182 156
182 157
182 179
182 180
182 181
182 183
182 184
182 185
182 186
182 187
182 188
182 189
182 190
182 216
182 217
182 242
182 244
182 251
182 252
182 253
183 180
183 181
183 182
183 184
183 185
183 186
183 187
183 188
183 189
183 190
183 242
183 244
183 248
183 251
183 252
183 253
184 181
184 182
184 183
184 185
184 186
184 187
185 182
185 183
185 184
185 186
185 187
185 188
186 182
186 183
186 184
186 185
186 187
186 188
186 189
186 190
186 244
186 248
187 182
187 183
187 184
187 185
187 186
187 188
187 189
187 190
187 244
188 182
188 183
188 185
188 186
188 187
188 189
188 190
188 191
188 215
188 216
188 243
188 244
188 245
189 182
189 183
189 186
189 187
189 188
189 190
189 191
189 192
189 214
189 215
189 216
189 217
189 242
189 243
189 244
189 245
190 180
190 182
190 183
190 186
190 187
190 188
190 189
190 191
190 192
190 193
190 212
190 213
190 214
190 215
190 216
190 217
190 219
190 241
190 242
190 243
190 244
190 245
190 248
190 249
190 250
190 251
190 253
191 188
191 189
191 190
191 192
191 193
191 212
191 213
191 214
191 215
191 216
191 217
191 219
191 241
191 242
191 243
191 244
191 245
191 249
192 177
192 180
192 189
192 190
192 191
192 193
192 194
192 210
192 211
192 212
192 213
192 214
192 215
192 216
192 217
192 218
192 219
192 220
192 221
192 240
192 241
192 242
192 243
192 244
192 249
192 250
192 251
192 252
192 253
193 174
193 177
193 190
193 191
193 192
193 194
193 195
193 209
193 210
193 211
193 212
193 213
193 214
193 219
193 220
193 221
193 239
193 240
193 241
193 242
193 243
193 250
193 253
194 159
194 174
194 176
194 177
194 192
194 193
194 195
194 196
194 197
194 208
194 209
194 210
194 211
194 212
194 213
194 221
194 238
194 239
194 240
194 241
194 242
194 253
194 254
194 255
195 174
195 193
195 194
195 196
195 197
195 207
195 208
195 209
195 210
195 211
195 225
195 237
195 238
195 239
195 240
195 241
195 255
196 172
196 174
196 194
196 195
196 197
196 198
196 199
196 206
196 207
196 208
196 209
196 210
196 225
196 227
196 236
196 237
196 238
196 239
196 240
196 255
196 256
196 257
197 194
197 195
197 196
197 198
197 199
197 200
197 203
197 204
197 205
197 206
197 207
197 208
197 209
197 227
197 235
197 236
197 237
197 238
197 239
197 257
198 170
198 196
198 197
198 199
198 200
198 202
198 203
198 204
198 205
198 206
198 207
198 208
198 227
198 229
198 230
198 231
198 234
198 235
198 236
198 237
198 238
198 257
198 258
198 260
199 196
199 197
199 198
199 200
199 201
199 202
199 203
199 204
199 205
199 206
199 207
199 231
199 233
199 234
199 235
199 236
199 237
199 257
199 259
200 197
200 198
200 199
200 201
200 202
200 203
200 204
200 205
200 206
200 231
200 232
200 233
200 234
200 235
200 236
201 199
201 200
201 202
201 203
201 204
201 205
201 233
201 234
201 235
201 284
201 285
201 287
202 198
202 199
202 200
202 201
202 203
202 204
202 205
202 234
202 235
202 283
202 284
202 285
202 287
203 197
203 198
203 199
203 200
203 201
203 202
203 204
203 205
203 206
203 234
203 235
204 197
204 198
204 199
204 200
204 201
204 202
204 203
204 205
204 206
204 207
204 234
204 235
204 236
204 237
205 197
205 198
205 199
205 200
205 201
205 202
205 203
205 204
205 206
205 207
205 229
205 234
206 196
206 197
206 198
206 199
206 200
206 203
206 204
206 205
206 207
206 208
206 227
206 228
206 229
206 236
207 195
207 196
207 197
207 198
207 199
207 204
207 205
207 206
207 208
207 209
207 225
207 226
207 227
207 236
207 237
207 238
208 172
208 194
208 195
208 196
208 197
208 198
208 206
208 207
208 209
208 210
208 224
208 225
208 226
208 227
208 238
209 174
209 193
209 194
209 195
209 196
209 197
209 207
209 208
209 210
209 211
209 212
209 223
209 224
209 225
209 238
209 239
209 240
210 173
210 174
210 192
210 193
210 194
210 195
210 196
210 208
210 209
210 211
210 212
210 213
210 221
210 222
210 223
210 224
210 225
210 240
211 192
211 193
211 194
211 195
211 209
211 210
211 212
211 213
211 214
211 221
211 222
211 223
212 190
212 191
212 192
212 193
212 194
212 209
212 210
212 211
212 213
212 214
212 215
212 219
212 220
212 221
212 241
212 242
212 243
213 190
213 191
213 192
213 193
213 194
213 210
213 211
213 212
213 214
213 215
213 216
213 218
213 219
213 220
213 221
213 242
213 243
214 189
214 190
214 191
214 192
214 193
214 211
214 212
214 213
214 215
214 216
214 217
214 218
214 219
214 220
215 188
215 189
215 190
215 191
215 192
215 212
215 213
215 214
215 216
215 217
215 218
215 219
215 242
215 243
215 244
216 177
216 178
216 179
216 180
216 182
216 188
216 189
216 190
216 191
216 192
216 213
216 214
216 215
216 217
216 218
216 219
216 220
216 242
217 157
217 177
217 178
217 179
217 180
217 181
217 182
217 189
217 190
217 191
217 192
217 214
217 215
217 216
217 218
217 219
217 220
217 242
217 253
218 157
218 158
218 159
218 176
218 177
218 178
218 179
218 180
218 181
218 192
218 213
218 214
218 215
218 216
218 217
218 219
218 220
219 159
219 175
219 176
219 177
219 178
219 179
219 180
219 190
219 191
219 192
219 193
219 212
219 213
219 214
219 215
219 216
219 217
219 218
219 220
219 221
219 222
220 160
220 174
220 175
220 176
220 177
220 178
220 192
220 193
220 212
220 213
220 214
220 216
220 217
220 218
220 219
220 221
220 222
220 223
221 160
221 173
221 174
221 175
221 176
221 177
221 192
221 193
221 194
221 210
221 211
221 212
221 213
221 219
221 220
221 222
221 223
221 224
222 160
222 161
222 173
222 174
222 175
222 176
222 210
222 211
222 219
222 220
222 221
222 223
222 224
223 161
223 172
223 173
223 174
223 175
223 176
223 209
223 210
223 211
223 220
223 221
223 222
223 224
223 225
223 226
224 161
224 162
224 163
224 171
224 172
224 173
224 174
224 175
224 208
224 209
224 210
224 221
224 222
224 223
224 225
224 226
224 227
225 163
225 170
225 171
225 172
225 173
225 174
225 195
225 196
225 207
225 208
225 209
225 210
225 223
225 224
225 226
225 227
226 164
226 165
226 166
226 169
226 170
226 171
226 172
226 173
226 207
226 208
226 223
226 224
226 225
226 227
226 228
226 229
227 165
227 166
227 168
227 169
227 170
227 171
227 172
227 196
227 197
227 198
227 206
227 207
227 208
227 224
227 225
227 226
227 228
227 229
227 230
227 231
228 166
228 168
228 169
228 170
228 171
228 206
228 226
228 227
228 229
228 230
229 165
229 168
229 169
229 170
229 171
229 198
229 205
229 206
229 226
229 227
229 228
229 230
229 231
229 232
229 234
230 164
230 165
230 166
230 167
230 168
230 169
230 170
230 171
230 198
230 227
230 228
230 229
230 231
230 232
230 233
230 234
230 260
231 163
231 164
231 165
231 166
231 168
231 169
231 170
231 171
231 198
231 199
231 200
231 227
231 229
231 230
231 232
231 233
231 234
231 235
231 236
231 259
231 260
231 261
231 263
231 265
232 165
232 168
232 170
232 200
232 229
232 230
232 231
232 233
232 234
232 235
232 259
232 260
232 261
232 262
232 263
233 199
233 200
233 201
233 230
233 231
233 232
233 234
233 235
233 259
233 260
233 261
233 262
233 287
234 198
234 199
234 200
234 201
234 202
234 203
234 204
234 205
234 229
234 230
234 231
234 232
234 233
234 235
234 236
234 237
234 258
234 259
234 260
234 261
235 143
235 144
235 145
235 197
235 198
235 199
235 200
235 201
235 202
235 203
235 204
235 231
235 232
235 233
235 234
235 236
235 237
235 238
235 257
235 258
235 259
235 260
235 261
235 284
236 144
236 145
236 163
236 172
236 196
236 197
236 198
236 199
236 200
236 204
236 206
236 207
236 231
236 234
236 235
236 237
236 238
236 239
236 256
236 257
236 258
236 259
236 260
237 144
237 145
237 195
237 196
237 197
237 198
237 199
237 204
237 207
237 234
237 235
237 236
237 238
237 239
237 255
237 256
237 257
237 258
237 259
237 281
238 159
238 161
238 174
238 194
238 195
238 196
238 197
238 198
238 207
238 208
238 209
238 235
238 236
238 237
238 239
238 240
238 241
238 254
238 255
238 256
238 257
238 258
238 273
238 275
239 159
239 193
239 194
239 195
239 196
239 197
239 209
239 236
239 237
239 238
239 240
239 241
239 252
239 253
239 254
239 255
239 256
239 257
239 275
239 276
239 277
239 278
240 156
240 157
240 158
240 159
240 177
240 180
240 192
240 193
240 194
240 195
240 196
240 209
240 210
240 238
240 239
240 241
240 242
240 250
240 251
240 252
240 253
240 254
240 255
240 256
240 275
241 190
241 191
241 192
241 193
241 194
241 195
241 212
241 238
241 239
241 240
241 242
241 243
241 244
241 249
241 250
241 251
241 252
241 253
241 254
241 255
242 180
242 182
242 183
242 189
242 190
242 191
242 192
242 193
242 194
242 212
242 213
242 215
242 216
242 217
242 240
242 241
242 243
242 244
242 245
242 248
242 249
242 250
242 251
242 252
242 253
242 254
243 188
243 189
243 190
243 191
243 192
243 193
243 212
243 213
243 215
243 241
243 242
243 244
243 245
243 246
243 247
243 248
243 249
243 250
243 251
243 252
244 182
244 183
244 186
244 187
244 188
244 189
244 190
244 191
244 192
244 215
244 241
244 242
244 243
244 245
244 246
244 247
244 248
244 249
244 250
244 251
245 188
245 189
245 190
245 191
245 242
245 243
245 244
245 246
245 247
245 248
245 249
245 250
246 243
246 244
246 245
246 247
246 248
246 249
247 243
247 244
247 245
247 246
247 248
247 249
247 250
248 183
248 186
248 190
248 242
248 243
248 244
248 245
248 246
248 247
248 249
248 250
248 251
249 190
249 191
249 192
249 241
249 242
249 243
249 244
249 245
249 246
249 247
249 248
249 250
249 251
249 252
250 190
250 192
250 193
250 240
250 241
250 242
250 243
250 244
250 245
250 247
250 248
250 249
250 251
250 252
250 253
251 182
251 183
251 190
251 192
251 240
251 241
251 242
251 243
251 244
251 248
251 249
251 250
251 252
251 253
251 254
252 156
252 181
252 182
252 183
252 192
252 239
252 240
252 241
252 242
252 243
252 249
252 250
252 251
252 253
252 254
252 255
252 277
252 278
253 156
253 157
253 180
253 181
253 182
253 183
253 190
253 192
253 193
253 194
253 217
253 239
253 240
253 241
253 242
253 250
253 251
253 252
253 254
253 255
253 275
253 276
253 277
253 278
254 155
254 156
254 157
254 158
254 159
254 180
254 181
254 194
254 238
254 239
254 240
254 241
254 242
254 251
254 252
254 253
254 255
254 256
254 274
254 275
254 276
254 277
254 278
254 280
255 155
255 156
255 157
255 158
255 159
255 194
255 195
255 196
255 237
255 238
255 239
255 240
255 241
255 252
255 253
255 254
255 256
255 257
255 273
255 274
255 275
255 276
255 277
255 278
255 279
255 280
255 281
256 140
256 141
256 144
256 145
256 146
256 158
256 159
256 196
256 236
256 237
256 238
256 239
256 240
256 254
256 255
256 257
256 258
256 273
256 274
256 275
256 276
256 277
256 278
256 280
256 281
257 141
257 143
257 144
257 145
257 146
257 196
257 197
257 198
257 199
257 235
257 236
257 237
257 238
257 239
257 255
257 256
257 258
257 259
257 260
257 273
257 274
257 275
257 276
257 281
257 282
257 284
258 141
258 142
258 143
258 144
258 145
258 146
258 198
258 234
258 235
258 236
258 237
258 238
258 256
258 257
258 259
258 260
258 261
258 262
258 263
258 273
259 142
259 143
259 144
259 145
259 199
259 231
259 232
259 233
259 234
259 235
259 236
259 237
259 257
259 258
259 260
259 261
259 262
259 263
260 142
260 143
260 144
260 163
260 164
260 170
260 198
260 230
260 231
260 232
260 233
260 234
260 235
260 236
260 257
260 258
260 259
260 261
260 262
260 263
260 264
260 265
261 143
261 231
261 232
261 233
261 234
261 235
261 258
261 259
261 260
261 262
261 263
261 264
261 265
262 142
262 143
262 144
262 232
262 233
262 258
262 259
262 260
262 261
262 263
262 264
262 265
263 142
263 143
263 163
263 164
263 231
263 232
263 258
263 259
263 260
263 261
263 262
263 264
263 265
263 266
263 267
263 268
263 269
264 163
264 164
264 165
264 260
264 261
264 262
264 263
264 265
264 266
264 267
264 268
264 269
265 162
265 163
265 164
265 165
265 166
265 170
265 171
265 231
265 260
265 261
265 262
265 263
265 264
265 266
265 267
265 268
265 269
266 163
266 164
266 165
266 166
266 167
266 263
266 264
266 265
266 267
266 268
266 269
267 162
267 163
267 164
267 165
267 166
267 263
267 264
267 265
267 266
267 268
267 269
267 270
268 161
268 162
268 163
268 164
268 165
268 166
268 171
268 172
268 173
268 263
268 264
268 265
268 266
268 267
268 269
268 270
268 271
269 142
269 161
269 162
269 163
269 164
269 165
269 172
269 263
269 264
269 265
269 266
269 267
269 268
269 270
269 271
270 141
270 142
270 160
270 161
270 162
270 163
270 164
270 172
270 173
270 175
270 267
270 268
270 269
270 271
270 272
270 273
271 139
271 140
271 141
271 142
271 143
271 144
271 158
271 159
271 160
271 161
271 162
271 163
271 175
271 268
271 269
271 270
271 272
271 273
271 274
272 139
272 140
272 141
272 142
272 144
272 157
272 158
272 159
272 160
272 161
272 162
272 175
272 176
272 177
272 178
272 270
272 271
272 273
272 274
272 275
273 139
273 140
273 141
273 142
273 143
273 144
273 145
273 155
273 157
273 158
273 159
273 160
273 161
273 177
273 238
273 255
273 256
273 257
273 258
273 270
273 271
273 272
273 274
273 275
273 276
274 139
274 140
274 141
274 144
274 146
274 154
274 155
274 156
274 157
274 158
274 159
274 160
274 177
274 178
274 254
274 255
274 256
274 257
274 271
274 272
274 273
274 275
274 276
275 140
275 146
275 154
275 155
275 156
275 157
275 158
275 159
275 177
275 179
275 180
275 181
275 238
275 239
275 240
275 253
275 254
275 255
275 256
275 257
275 272
275 273
275 274
275 276
275 277
275 278
275 280
276 146
276 150
276 151
276 153
276 154
276 155
276 156
276 157
276 158
276 239
276 253
276 254
276 255
276 256
276 257
276 273
276 274
276 275
276 277
276 278
276 279
276 280
276 281
277 150
277 153
277 154
277 155
277 156
277 239
277 252
277 253
277 254
277 255
277 256
277 275
277 276
277 278
277 279
277 280
277 281
278 239
278 252
278 253
278 254
278 255
278 256
278 275
278 276
278 277
278 279
278 280
278 281
278 282
279 147
279 149
279 150
279 255
279 276
279 277
279 278
279 280
279 281
279 282
280 145
280 146
280 147
280 148
280 149
280 150
280 151
280 153
280 254
280 255
280 256
280 275
280 276
280 277
280 278
280 279
280 281
280 282
280 283
281 145
281 146
281 147
281 148
281 149
281 150
281 237
281 255
281 256
281 257
281 276
281 277
281 278
281 279
281 280
281 282
281 283
281 284
282 145
282 146
282 147
282 148
282 149
282 150
282 257
282 278
282 279
282 280
282 281
282 283
282 284
282 285
282 286
283 145
283 146
283 147
283 202
283 280
283 281
283 282
283 284
283 285
283 286
283 287
284 145
284 147
284 201
284 202
284 235
284 257
284 281
284 282
284 283
284 285
284 286
284 287
284 288
284 289
285 201
285 202
285 282
285 283
285 284
285 286
285 287
285 288
285 289
286 282
286 283
286 284
286 285
286 287
286 288
286 289
286 290
287 201
287 202
287 233
287 283
287 284
287 285
287 286
287 288
287 289
287 290
287 291
288 284
288 285
288 286
288 287
288 289
288 290
288 291
288 292
289 284
289 285
289 286
289 287
289 288
289 290
289 291
289 292
289 293
289 294
290 286
290 287
290 288
290 289
290 291
290 292
290 293
290 294
291 287
291 288
291 289
291 290
291 292
291 293
291 294
292 288
292 289
292 290
292 291
292 293
292 294
292 295
293 289
293 290
293 291
293 292
293 294
293 295
293 296
294 289
294 290
294 291
294 292
294 293
294 295
294 296
294 297
295 292
295 293
295 294
295 296
295 297
295 298
296 293
296 294
296 295
296 297
296 298
296 299
297 294
297 295
297 296
297 298
297 299
297 300
298 295
298 296
298 297
298 299
298 300
298 301
299 296
299 297
299 298
299 300
299 301
299 302
300 297
300 298
300 299
300 301
300 302
300 303
301 298
301 299
301 300
301 302
301 303
301 304
302 299
302 300
302 301
302 303
302 304
302 305
303 300
303 301
303 302
303 304
303 305
303 306
304 301
304 302
304 303
304 305
304 306
304 307
305 302
305 303
305 304
305 306
305 307
306 303
306 304
306 305
306 307
307 304
307 305
307 306
