0 1
0 2
0 3
1 0
1 2
1 3
1 4
2 0
2 1
2 3
2 4
2 5
3 0
3 1
3 2
3 4
3 5
3 6
4 1
4 2
4 3
4 5
4 6
4 7
5 2
5 3
5 4
5 6
5 7
5 8
5 9
5 10
6 3
6 4
6 5
6 7
6 8
6 9
6 10
6 11
7 4
7 5
7 6
7 8
7 9
7 10
7 11
7 12
8 5
8 6
8 7
8 9
8 10
8 11
8 12
8 13
8 14
9 5
9 6
9 7
9 8
9 10
9 11
9 12
9 13
9 14
9 15
10 5
10 6
10 7
10 8
10 9
10 11
10 12
10 13
10 14
10 15
10 16
11 6
11 7
11 8
11 9
11 10
11 12
11 13
11 14
11 15
11 16
11 17
12 7
12 8
12 9
12 10
12 11
12 13
12 14
12 15
12 16
12 17
12 18
13 8
13 9
13 10
13 11
13 12
13 14
13 15
13 16
13 17
13 18
13 19
14 8
14 9
14 10
14 11
14 12
14 13
14 15
14 16
14 17
14 18
14 19
14 20
15 9
15 10
15 11
15 12
15 13
15 14
15 16
15 17
15 18
15 19
15 20
15 21
16 10
16 11
16 12
16 13
16 14
16 15
16 17
16 18
16 19
16 20
16 21
17 11
17 12
17 13
17 14
17 15
17 16
17 18
17 19
17 20
17 21
17 22
17 23
18 12
18 13
18 14
18 15
18 16
18 17
18 19
18 20
18 21
18 22
18 23
18 24
19 13
19 14
19 15
19 16
19 17
19 18
19 20
19 21
19 22
19 23
19 24
19 25
19 458
19 461
20 14
20 15
20 16
20 17
20 18
20 19
20 21
20 22
20 23
20 24
20 25
20 265
20 457
20 458
21 15
21 16
21 17
21 18
21 19
21 20
21 22
21 23
21 24
21 25
21 26
21 27
22 17
22 18
22 19
22 20
22 21
22 23
22 24
22 25
22 26
22 27
22 28
22 458
22 461
23 17
23 18
23 19
23 20
23 21
23 22
23 24
23 25
23 26
23 27
23 28
23 265
23 456
23 457
23 458
23 459
23 460
23 461
23 462
24 18
24 19
24 20
24 21
24 22
24 23
24 25
24 26
24 27
24 28
24 29
24 30
24 259
24 264
24 265
24 457
24 458
24 460
24 461
25 19
25 20
25 21
25 22
25 23
25 24
25 26
25 27
25 28
25 29
25 30
25 31
25 457
25 460
25 461
26 21
26 22
26 23
26 24
26 25
26 27
26 28
26 29
26 30
26 31
26 280
26 457
26 458
26 459
26 460
26 461
26 462
26 464
27 21
27 22
27 23
27 24
27 25
27 26
27 28
27 29
27 30
27 31
27 32
27 33
27 258
27 259
27 265
27 266
27 267
27 276
27 456
27 457
27 458
27 459
27 460
27 461
28 22
28 23
28 24
28 25
28 26
28 27
28 29
28 30
28 31
28 32
28 33
28 34
28 257
28 258
28 259
28 267
28 457
28 460
29 24
29 25
29 26
29 27
29 28
29 30
29 31
29 32
29 33
29 34
29 35
29 279
29 460
30 24
30 25
30 26
30 27
30 28
30 29
30 31
30 32
30 33
30 34
30 35
30 36
30 257
30 258
30 267
30 269
30 272
30 275
30 276
30 277
30 278
30 279
30 280
30 283
30 457
30 460
31 25
31 26
31 27
31 28
31 29
31 30
31 32
31 33
31 34
31 35
31 36
31 37
31 256
31 257
31 258
31 259
31 267
31 268
31 269
31 270
31 272
31 275
31 276
31 279
32 27
32 28
32 29
32 30
32 31
32 33
32 34
32 35
32 36
32 37
32 46
32 256
32 257
32 258
33 27
33 28
33 29
33 30
33 31
33 32
33 34
33 35
33 36
33 37
33 38
33 42
33 43
33 46
33 47
33 50
33 257
33 275
33 276
33 278
33 279
34 28
34 29
34 30
34 31
34 32
34 33
34 35
34 36
34 37
34 38
34 39
34 42
34 43
34 46
34 256
34 257
34 269
34 270
34 271
34 272
34 274
34 275
34 276
34 278
34 279
35 29
35 30
35 31
35 32
35 33
35 34
35 36
35 37
35 38
35 39
35 42
35 43
35 252
35 253
35 254
35 255
35 256
35 257
35 258
35 269
35 270
35 271
36 30
36 31
36 32
36 33
36 34
36 35
36 37
36 38
36 39
36 42
36 43
36 45
36 46
36 165
36 256
36 257
37 31
37 32
37 33
37 34
37 35
37 36
37 38
37 39
37 40
37 41
37 42
37 43
37 44
37 45
37 46
37 47
37 104
37 105
37 146
37 147
37 165
37 252
37 270
37 271
37 275
38 33
38 34
38 35
38 36
38 37
38 39
38 40
38 41
38 42
38 43
38 105
38 106
38 108
38 144
38 145
38 146
38 147
38 165
38 249
38 250
38 251
38 252
38 253
38 254
38 270
38 271
39 34
39 35
39 36
39 37
39 38
39 40
39 41
39 42
39 43
39 44
39 45
39 80
39 104
39 105
39 106
39 108
39 110
39 145
39 146
39 147
39 148
39 163
39 164
39 165
39 248
39 249
39 250
39 251
39 252
39 271
40 37
40 38
40 39
40 41
40 42
40 43
40 44
40 45
40 46
40 78
40 79
40 80
40 81
40 103
40 104
40 105
40 106
40 146
40 147
40 148
40 250
40 275
40 306
40 307
40 308
40 309
41 37
41 38
41 39
41 40
41 42
41 43
41 44
41 45
41 46
41 47
41 78
41 79
41 80
41 81
41 82
41 104
41 105
41 146
41 147
41 148
41 162
41 163
41 164
41 248
41 249
41 250
41 308
42 33
42 34
42 35
42 36
42 37
42 38
42 39
42 40
42 41
42 43
42 44
42 45
42 46
42 47
42 48
42 79
42 80
42 104
42 146
42 147
42 148
42 163
42 164
42 165
43 33
43 34
43 35
43 36
43 37
43 38
43 39
43 40
43 41
43 42
43 44
43 45
43 46
43 47
43 48
43 49
43 79
43 80
43 81
43 82
43 103
43 104
43 105
43 275
43 278
43 279
43 306
44 37
44 39
44 40
44 41
44 42
44 43
44 45
44 46
44 47
44 48
44 49
44 50
44 76
44 77
44 78
44 79
44 80
44 81
44 82
44 83
44 104
44 278
44 306
44 307
44 308
45 36
45 37
45 39
45 40
45 41
45 42
45 43
45 44
45 46
45 47
45 48
45 49
45 50
45 51
45 76
45 79
45 80
45 82
45 163
46 32
46 33
46 34
46 36
46 37
46 40
46 41
46 42
46 43
46 44
46 45
46 47
46 48
46 49
46 50
46 51
46 52
46 279
47 33
47 37
47 41
47 42
47 43
47 44
47 45
47 46
47 48
47 49
47 50
47 51
47 52
47 53
47 74
47 82
47 83
47 84
47 104
47 278
47 279
47 282
47 283
47 306
48 42
48 43
48 44
48 45
48 46
48 47
48 49
48 50
48 51
48 52
48 53
48 54
48 56
48 57
48 58
48 74
48 75
48 76
48 79
48 82
48 83
48 84
48 282
49 43
49 44
49 45
49 46
49 47
49 48
49 50
49 51
49 52
49 53
49 54
49 56
50 33
50 44
50 45
50 46
50 47
50 48
50 49
50 51
50 52
50 53
50 54
50 55
50 56
50 282
50 283
50 286
51 45
51 46
51 47
51 48
51 49
51 50
51 52
51 53
51 54
51 55
51 56
51 57
51 58
51 72
51 73
51 74
51 84
51 85
51 282
51 283
51 285
51 286
52 46
52 47
52 48
52 49
52 50
52 51
52 53
52 54
52 55
52 56
52 57
52 58
52 72
52 73
52 74
53 47
53 48
53 49
53 50
53 51
53 52
53 54
53 55
53 56
53 57
53 286
54 48
54 49
54 50
54 51
54 52
54 53
54 55
54 56
54 57
54 72
54 283
54 285
54 286
54 287
54 289
54 290
55 50
55 51
55 52
55 53
55 54
55 56
55 57
55 58
55 71
55 72
55 73
55 286
55 289
55 290
56 48
56 49
56 50
56 51
56 52
56 53
56 54
56 55
56 57
56 58
56 59
56 71
56 72
56 73
56 74
56 75
56 84
56 85
56 86
56 286
57 48
57 51
57 52
57 53
57 54
57 55
57 56
57 58
57 59
57 60
57 71
57 72
57 73
57 74
57 75
57 84
57 85
58 48
58 51
58 52
58 55
58 56
58 57
58 59
58 60
58 61
58 72
58 73
58 74
58 75
58 76
58 84
59 56
59 57
59 58
59 60
59 61
59 62
59 63
59 64
59 65
59 66
59 67
59 73
59 74
59 75
59 76
59 83
59 84
60 57
60 58
60 59
60 61
60 62
60 63
60 64
60 65
60 74
60 75
60 76
60 77
61 58
61 59
61 60
61 62
61 63
61 64
61 65
61 74
61 75
61 76
61 77
61 327
61 328
62 59
62 60
62 61
62 63
62 64
62 65
63 59
63 60
63 61
63 62
63 64
63 65
63 66
64 59
64 60
64 61
64 62
64 63
64 65
64 66
64 67
64 331
65 59
65 60
65 61
65 62
65 63
65 64
65 66
65 67
65 68
65 331
65 332
66 59
66 63
66 64
66 65
66 67
66 68
66 331
66 332
67 59
67 64
67 65
67 66
67 68
67 69
67 70
67 71
67 72
67 73
67 86
67 87
67 331
67 332
67 333
67 334
68 65
68 66
68 67
68 69
68 70
68 71
68 72
68 73
68 86
68 87
68 88
68 89
68 91
68 92
68 332
69 67
69 68
69 70
69 71
69 72
69 86
69 87
69 88
69 89
69 90
69 91
69 92
69 295
69 296
69 298
69 299
69 300
69 301
70 67
70 68
70 69
70 71
70 72
70 86
70 87
70 88
70 89
70 90
70 91
70 289
70 293
70 294
70 295
70 296
70 297
70 298
70 301
71 55
71 56
71 57
71 67
71 68
71 69
71 70
71 72
71 73
71 85
71 86
71 87
71 88
71 89
71 289
71 295
71 301
72 51
72 52
72 54
72 55
72 56
72 57
72 58
72 67
72 68
72 69
72 70
72 71
72 73
72 74
72 84
72 85
72 86
72 87
72 88
72 286
72 289
72 295
72 301
72 302
72 303
73 51
73 52
73 55
73 56
73 57
73 58
73 59
73 67
73 68
73 71
73 72
73 74
73 75
73 83
73 84
73 85
73 86
73 87
73 303
74 47
74 48
74 51
74 52
74 56
74 57
74 58
74 59
74 60
74 61
74 72
74 73
74 75
74 76
74 82
74 83
74 84
74 85
74 86
74 303
74 304
74 305
75 48
75 56
75 57
75 58
75 59
75 60
75 61
75 73
75 74
75 76
75 77
75 79
75 81
75 82
75 83
75 84
75 85
75 305
75 328
76 44
76 45
76 48
76 58
76 59
76 60
76 61
76 74
76 75
76 77
76 78
76 79
76 80
76 81
76 82
76 83
76 84
76 305
76 306
76 307
76 318
77 44
77 60
77 61
77 75
77 76
77 78
77 79
77 80
77 81
77 82
77 83
77 307
77 308
77 317
77 318
77 319
77 324
78 40
78 41
78 44
78 76
78 77
78 79
78 80
78 81
78 82
78 308
78 317
78 318
79 40
79 41
79 42
79 43
79 44
79 45
79 48
79 75
79 76
79 77
79 78
79 80
79 81
79 82
79 148
79 161
79 163
79 308
79 318
80 39
80 40
80 41
80 42
80 43
80 44
80 45
80 76
80 77
80 78
80 79
80 81
80 82
80 103
80 104
80 105
80 306
80 307
80 308
80 309
80 318
80 319
81 40
81 41
81 43
81 44
81 75
81 76
81 77
81 78
81 79
81 80
81 82
81 83
81 103
81 104
81 105
81 305
81 306
81 307
81 308
81 309
81 317
81 318
81 319
81 320
81 324
82 41
82 43
82 44
82 45
82 47
82 48
82 74
82 75
82 76
82 77
82 78
82 79
82 80
82 81
82 83
82 84
82 103
82 104
82 278
82 304
82 305
82 306
82 307
82 308
82 318
83 44
83 47
83 48
83 59
83 73
83 74
83 75
83 76
83 77
83 81
83 82
83 84
83 85
83 101
83 282
83 303
83 304
83 305
83 306
83 307
83 324
83 325
83 328
84 47
84 48
84 51
84 56
84 57
84 58
84 59
84 72
84 73
84 74
84 75
84 76
84 82
84 83
84 85
84 86
84 99
84 282
84 285
84 286
84 302
84 303
84 304
84 305
84 306
85 51
85 56
85 57
85 71
85 72
85 73
85 74
85 75
85 83
85 84
85 86
85 87
85 88
85 97
85 98
85 99
85 282
85 285
85 286
85 301
85 302
85 303
85 304
85 305
86 56
86 67
86 68
86 69
86 70
86 71
86 72
86 73
86 74
86 84
86 85
86 87
86 88
86 89
86 98
86 285
86 286
86 288
86 289
86 295
86 298
86 300
86 301
86 302
86 303
86 304
87 67
87 68
87 69
87 70
87 71
87 72
87 73
87 85
87 86
87 88
87 89
87 90
87 91
87 92
87 97
87 289
87 295
87 296
87 298
87 299
87 300
87 301
87 302
87 303
87 332
88 68
88 69
88 70
88 71
88 72
88 85
88 86
88 87
88 89
88 90
88 91
88 92
88 95
88 97
88 289
88 293
88 294
88 295
88 296
88 297
88 298
88 299
88 300
88 301
88 302
89 68
89 69
89 70
89 71
89 86
89 87
89 88
89 90
89 91
89 92
89 293
89 294
89 295
89 296
89 297
89 298
89 299
89 300
89 301
90 69
90 70
90 87
90 88
90 89
90 91
90 92
90 95
90 295
90 296
90 297
90 298
90 299
90 300
90 301
91 68
91 69
91 70
91 87
91 88
91 89
91 90
91 92
91 93
91 94
91 95
91 96
91 97
91 295
91 296
91 297
91 298
91 299
91 300
91 301
91 333
92 68
92 69
92 87
92 88
92 89
92 90
92 91
92 93
92 94
92 95
92 96
92 299
92 300
92 301
92 332
92 333
92 334
92 335
92 338
92 341
93 91
93 92
93 94
93 95
93 96
93 300
93 330
93 331
93 332
93 333
93 334
93 335
93 336
93 337
93 338
93 339
93 340
93 341
93 342
93 344
93 345
94 91
94 92
94 93
94 95
94 96
94 97
94 300
94 332
94 333
94 334
94 335
94 338
94 339
94 340
94 341
94 342
94 343
94 344
94 345
94 346
94 348
95 88
95 90
95 91
95 92
95 93
95 94
95 96
95 97
95 299
95 300
95 301
95 333
95 341
95 342
95 344
95 345
95 346
95 347
95 348
95 349
95 475
96 91
96 92
96 93
96 94
96 95
96 97
96 98
96 99
96 299
96 300
96 301
96 302
96 329
96 333
96 341
96 342
96 344
96 345
96 346
96 347
96 348
96 349
96 350
96 475
96 478
97 85
97 87
97 88
97 91
97 94
97 95
97 96
97 98
97 99
97 100
97 299
97 300
97 301
97 302
97 303
97 329
97 333
97 345
97 346
97 347
97 348
97 349
97 350
97 351
97 471
97 474
97 475
98 85
98 86
98 96
98 97
98 99
98 100
98 299
98 300
98 301
98 302
98 303
98 304
98 348
98 349
98 350
98 351
98 352
98 470
98 471
98 472
98 473
98 474
98 475
99 84
99 85
99 96
99 97
99 98
99 100
99 101
99 281
99 285
99 300
99 301
99 302
99 303
99 304
99 305
99 349
99 350
99 351
99 352
99 353
99 438
99 467
99 470
99 471
99 474
100 97
100 98
100 99
100 101
100 102
100 277
100 278
100 280
100 281
100 282
100 284
100 285
100 302
100 303
100 304
100 305
100 306
100 350
100 351
100 352
100 353
100 354
100 438
100 439
100 467
100 470
100 471
101 83
101 99
101 100
101 102
101 103
101 277
101 278
101 281
101 282
101 303
101 304
101 305
101 306
101 307
101 320
101 351
101 352
101 353
101 354
101 355
101 426
101 427
101 430
101 438
101 439
101 440
102 100
102 101
102 103
102 104
102 105
102 273
102 274
102 275
102 276
102 277
102 278
102 279
102 280
102 281
102 282
102 304
102 305
102 306
102 307
102 308
102 310
102 320
102 352
102 353
102 354
102 355
102 356
102 425
102 426
102 427
102 442
103 40
103 43
103 80
103 81
103 82
103 101
103 102
103 104
103 105
103 106
103 273
103 274
103 275
103 276
103 277
103 278
103 305
103 306
103 307
103 308
103 309
103 310
103 311
103 314
103 319
103 320
103 353
103 354
103 355
103 425
103 426
104 37
104 39
104 40
104 41
104 42
104 43
104 44
104 47
104 80
104 81
104 82
104 102
104 103
104 105
104 106
104 271
104 273
104 274
104 275
104 276
104 277
104 278
104 279
104 305
104 306
104 307
104 308
104 309
104 310
104 311
104 319
105 37
105 38
105 39
105 40
105 41
105 43
105 80
105 81
105 102
105 103
105 104
105 106
105 107
105 108
105 130
105 131
105 271
105 273
105 274
105 275
105 306
105 307
105 308
105 309
105 310
105 311
105 312
106 38
106 39
106 40
106 103
106 104
106 105
106 107
106 108
106 109
106 130
106 131
106 132
106 133
106 270
106 271
106 272
106 273
106 274
106 275
106 308
106 309
106 310
106 311
106 312
106 448
106 449
106 450
106 451
107 105
107 106
107 108
107 109
107 110
107 129
107 130
107 131
107 132
107 133
107 134
107 135
107 250
107 270
107 271
107 273
107 309
107 310
107 311
107 312
107 448
107 449
107 450
107 451
108 38
108 39
108 105
108 106
108 107
108 109
108 110
108 127
108 128
108 129
108 130
108 131
108 132
108 133
108 134
108 135
108 138
108 250
108 251
108 252
108 253
108 271
108 311
108 449
108 450
108 451
109 106
109 107
109 108
109 110
109 111
109 112
109 126
109 127
109 128
109 129
109 130
109 131
109 133
109 135
109 138
109 145
109 196
109 197
109 198
109 249
109 250
109 251
109 252
109 451
110 39
110 107
110 108
110 109
110 111
110 112
110 113
110 115
110 125
110 126
110 127
110 128
110 129
110 130
110 145
110 146
110 147
110 248
110 249
110 250
110 251
110 252
111 109
111 110
111 112
111 113
111 114
111 115
111 116
111 125
111 126
111 127
111 128
111 129
111 145
111 146
111 147
111 197
111 198
111 225
111 247
111 248
111 249
111 250
111 251
112 109
112 110
112 111
112 113
112 114
112 115
112 116
112 125
112 126
112 127
112 128
112 129
112 224
112 225
112 247
112 248
112 249
112 250
113 110
113 111
113 112
113 114
113 115
113 116
113 126
113 127
113 128
113 224
113 225
113 246
113 247
113 248
113 249
114 111
114 112
114 113
114 115
114 116
114 117
114 125
114 126
114 127
114 221
114 223
114 224
114 225
114 226
115 110
115 111
115 112
115 113
115 114
115 116
115 117
115 118
115 124
115 125
115 126
115 127
115 128
115 197
115 223
115 224
115 225
115 226
115 229
116 111
116 112
116 113
116 114
116 115
116 117
116 118
116 123
116 124
116 125
116 126
116 127
116 222
116 223
116 224
116 225
116 226
116 227
116 229
117 114
117 115
117 116
117 118
117 119
117 122
117 123
117 124
117 125
117 126
117 197
117 198
117 199
117 223
117 224
117 225
117 226
118 115
118 116
118 117
118 119
118 120
118 121
118 122
118 123
118 124
118 125
118 126
118 199
118 201
118 202
118 203
118 226
119 117
119 118
119 120
119 121
119 122
119 123
119 124
119 199
119 202
119 203
120 118
120 119
120 121
120 122
120 123
120 202
120 203
121 118
121 119
121 120
121 122
121 123
121 124
121 201
121 202
121 203
121 204
121 205
122 117
122 118
122 119
122 120
122 121
122 123
122 124
122 125
122 198
122 199
122 200
122 201
122 202
122 203
122 204
122 205
123 116
123 117
123 118
123 119
123 120
123 121
123 122
123 124
123 125
123 198
123 199
123 200
123 201
123 202
123 203
123 204
123 206
123 225
123 226
123 227
123 228
123 229
124 115
124 116
124 117
124 118
124 119
124 121
124 122
124 123
124 125
124 126
124 127
124 171
124 172
124 173
124 197
124 198
124 199
124 200
124 201
124 202
124 225
124 226
124 229
125 110
125 111
125 112
125 114
125 115
125 116
125 117
125 118
125 122
125 123
125 124
125 126
125 127
125 171
125 172
125 196
125 197
125 198
125 199
125 200
125 201
125 225
125 226
125 229
126 109
126 110
126 111
126 112
126 113
126 114
126 115
126 116
126 117
126 118
126 124
126 125
126 127
126 128
126 193
126 194
126 196
126 197
126 198
126 199
126 225
127 108
127 109
127 110
127 111
127 112
127 113
127 114
127 115
127 116
127 124
127 125
127 126
127 128
127 129
127 130
127 192
127 193
127 194
127 196
127 197
127 198
127 249
127 250
127 251
128 108
128 109
128 110
128 111
128 112
128 113
128 115
128 126
128 127
128 129
128 130
128 131
128 192
128 193
128 196
128 197
128 250
128 251
129 107
129 108
129 109
129 110
129 111
129 112
129 127
129 128
129 130
129 131
129 132
129 133
129 135
129 192
129 193
129 196
129 250
130 105
130 106
130 107
130 108
130 109
130 110
130 127
130 128
130 129
130 131
130 132
130 133
130 250
130 309
130 311
130 312
131 105
131 106
131 107
131 108
131 109
131 128
131 129
131 130
131 132
131 133
131 134
131 309
131 310
131 311
131 312
131 313
131 449
132 106
132 107
132 108
132 129
132 130
132 131
132 133
132 134
132 135
132 311
132 312
132 448
132 449
132 450
133 106
133 107
133 108
133 109
133 129
133 130
133 131
133 132
133 134
133 135
133 136
133 137
133 138
133 311
133 448
133 449
133 450
133 451
134 107
134 108
134 131
134 132
134 133
134 135
134 136
134 137
134 138
134 447
134 448
134 449
134 450
134 451
134 452
135 107
135 108
135 109
135 129
135 132
135 133
135 134
135 136
135 137
135 138
135 139
135 189
135 190
135 191
135 192
135 195
135 196
135 449
135 450
135 451
136 133
136 134
136 135
136 137
136 138
136 139
136 140
136 173
136 175
136 188
136 189
136 190
136 196
136 450
136 451
137 133
137 134
137 135
137 136
137 138
137 139
137 140
137 141
137 447
137 449
137 450
137 451
137 452
138 108
138 109
138 133
138 134
138 135
138 136
138 137
138 139
138 140
138 141
138 142
138 143
138 172
138 173
138 174
138 175
138 196
138 198
138 251
138 252
138 253
138 450
138 451
138 452
139 135
139 136
139 137
139 138
139 140
139 141
139 142
139 143
139 172
139 173
139 174
139 175
139 176
139 190
139 195
139 196
139 197
139 198
139 451
140 136
140 137
140 138
140 139
140 141
140 142
140 143
140 171
140 172
140 173
140 174
140 175
140 198
141 137
141 138
141 139
141 140
141 142
141 143
141 144
141 169
141 171
141 172
141 173
141 174
141 175
141 198
141 252
141 253
141 254
141 255
141 451
142 138
142 139
142 140
142 141
142 143
142 144
142 168
142 169
142 170
142 171
142 172
142 173
142 174
142 252
142 253
142 254
142 255
143 138
143 139
143 140
143 141
143 142
143 144
143 145
143 166
143 167
143 168
143 169
143 170
143 171
143 172
143 173
143 198
143 199
143 200
143 251
143 252
143 253
143 254
143 255
144 38
144 141
144 142
144 143
144 145
144 146
144 165
144 166
144 167
144 168
144 169
144 170
144 171
144 172
144 200
144 249
144 250
144 251
144 252
144 253
144 254
144 255
145 38
145 39
145 109
145 110
145 111
145 143
145 144
145 146
145 147
145 148
145 164
145 165
145 166
145 167
145 168
145 169
145 170
145 171
145 229
145 233
145 248
145 249
145 250
145 251
145 252
145 253
145 254
146 37
146 38
146 39
146 40
146 41
146 42
146 110
146 111
146 144
146 145
146 147
146 148
146 149
146 163
146 164
146 165
146 166
146 167
146 233
146 248
146 249
146 250
146 251
146 252
147 37
147 38
147 39
147 40
147 41
147 42
147 110
147 111
147 145
147 146
147 148
147 149
147 162
147 163
147 164
147 165
147 166
147 247
147 248
147 249
147 250
147 251
147 252
148 39
148 40
148 41
148 42
148 79
148 145
148 146
148 147
148 149
148 150
148 151
148 161
148 162
148 163
148 164
148 165
148 246
148 247
148 248
148 249
148 250
149 146
149 147
149 148
149 150
149 151
149 152
149 160
149 161
149 162
149 163
149 164
149 233
149 237
149 243
149 244
149 245
149 246
149 247
149 248
149 249
150 148
150 149
150 151
150 152
150 153
150 159
150 160
150 161
150 162
150 163
150 243
150 244
150 245
150 246
150 247
150 248
151 148
151 149
151 150
151 152
151 153
151 154
151 157
151 158
151 159
151 160
151 161
151 162
151 237
151 239
151 240
151 241
151 242
151 243
151 244
151 245
151 246
151 247
152 149
152 150
152 151
152 153
152 154
152 155
152 156
152 157
152 158
152 159
152 160
152 161
152 239
152 242
152 243
152 244
152 245
152 246
153 150
153 151
153 152
153 154
153 155
153 156
153 157
153 158
153 159
153 160
153 161
153 239
153 243
153 244
154 151
154 152
154 153
154 155
154 156
154 157
154 158
154 159
154 239
154 240
154 242
154 243
155 152
155 153
155 154
155 156
155 157
155 158
156 152
156 153
156 154
156 155
156 157
156 158
156 159
156 160
157 151
157 152
157 153
157 154
157 155
157 156
157 158
157 159
157 160
157 243
158 151
158 152
158 153
158 154
158 155
158 156
158 157
158 159
158 160
159 150
159 151
159 152
159 153
159 154
159 156
159 157
159 158
159 160
159 161
159 243
159 244
159 245
160 149
160 150
160 151
160 152
160 153
160 156
160 157
160 158
160 159
160 161
160 162
160 244
160 245
161 79
161 148
161 149
161 150
161 151
161 152
161 153
161 159
161 160
161 162
161 163
161 164
161 244
161 246
161 247
162 41
162 147
162 148
162 149
162 150
162 151
162 160
162 161
162 163
162 164
162 237
162 244
162 247
163 39
163 41
163 42
163 45
163 79
163 146
163 147
163 148
163 149
163 150
163 161
163 162
163 164
163 165
163 236
163 237
163 247
163 248
163 249
164 39
164 41
164 42
164 145
164 146
164 147
164 148
164 149
164 161
164 162
164 163
164 165
164 166
164 167
164 233
164 234
164 236
164 237
164 247
164 248
164 249
165 36
165 37
165 38
165 39
165 42
165 144
165 145
165 146
165 147
165 148
165 163
165 164
165 166
165 167
165 168
165 233
165 236
165 237
165 249
165 250
165 251
165 252
166 143
166 144
166 145
166 146
166 147
166 164
166 165
166 167
166 168
166 169
166 170
166 232
166 233
166 236
166 252
166 254
167 143
167 144
167 145
167 146
167 164
167 165
167 166
167 168
167 169
167 170
167 236
167 254
168 142
168 143
168 144
168 145
168 165
168 166
168 167
168 169
168 170
168 171
168 253
168 254
168 255
169 141
169 142
169 143
169 144
169 145
169 166
169 167
169 168
169 170
169 171
169 172
169 200
169 252
169 253
169 254
169 255
170 142
170 143
170 144
170 145
170 166
170 167
170 168
170 169
170 171
170 172
170 198
170 199
170 200
170 201
170 229
170 232
170 254
171 124
171 125
171 140
171 141
171 142
171 143
171 144
171 145
171 168
171 169
171 170
171 172
171 173
171 174
171 197
171 198
171 199
171 200
171 201
171 251
171 252
171 253
171 254
172 124
172 125
172 138
172 139
172 140
172 141
172 142
172 143
172 144
172 169
172 170
172 171
172 173
172 174
172 175
172 196
172 197
172 198
172 199
172 200
172 201
172 253
173 124
173 136
173 138
173 139
173 140
173 141
173 142
173 143
173 171
173 172
173 174
173 175
173 176
173 195
173 196
173 197
173 198
173 199
173 200
174 138
174 139
174 140
174 141
174 142
174 171
174 172
174 173
174 175
174 176
174 177
174 195
174 196
174 197
174 198
174 199
175 136
175 138
175 139
175 140
175 141
175 172
175 173
175 174
175 176
175 177
175 178
175 181
175 184
175 190
175 195
175 196
176 139
176 173
176 174
176 175
176 177
176 178
176 179
176 180
176 181
176 182
176 184
176 195
177 174
177 175
177 176
177 178
177 179
177 180
177 181
177 182
177 184
178 175
178 176
178 177
178 179
178 180
178 181
178 182
178 183
178 184
178 185
179 176
179 177
179 178
179 180
179 181
179 182
179 183
179 184
180 176
180 177
180 178
180 179
180 181
180 182
180 183
180 184
181 175
181 176
181 177
181 178
181 179
181 180
181 182
181 183
181 184
181 185
181 187
181 188
182 176
182 177
182 178
182 179
182 180
182 181
182 183
182 184
182 185
182 186
182 187
183 178
183 179
183 180
183 181
183 182
183 184
183 185
183 186
183 187
183 188
184 175
184 176
184 177
184 178
184 179
184 180
184 181
184 182
184 183
184 185
184 186
184 187
184 188
184 189
184 190
185 178
185 181
185 182
185 183
185 184
185 186
185 187
185 188
186 182
186 183
186 184
186 185
186 187
186 188
187 181
187 182
187 183
187 184
187 185
187 186
187 188
187 189
187 190
188 136
188 181
188 183
188 184
188 185
188 186
188 187
188 189
188 190
188 191
189 135
189 136
189 184
189 187
189 188
189 190
189 191
189 192
189 195
190 135
190 136
190 139
190 175
190 184
190 187
190 188
190 189
190 191
190 192
190 193
190 194
190 195
190 196
191 135
191 188
191 189
191 190
191 192
191 193
191 194
191 195
191 196
192 127
192 128
192 129
192 135
192 189
192 190
192 191
192 193
192 194
192 195
192 196
192 197
193 126
193 127
193 128
193 129
193 190
193 191
193 192
193 194
193 195
193 196
193 197
194 126
194 127
194 190
194 191
194 192
194 193
194 195
194 196
194 197
195 135
195 139
195 173
195 174
195 175
195 176
195 189
195 190
195 191
195 192
195 193
195 194
195 196
195 197
195 198
196 109
196 125
196 126
196 127
196 128
196 129
196 135
196 136
196 138
196 139
196 172
196 173
196 174
196 175
196 190
196 191
196 192
196 193
196 194
196 195
196 197
196 198
196 199
197 109
197 111
197 115
197 117
197 124
197 125
197 126
197 127
197 128
197 139
197 171
197 172
197 173
197 174
197 192
197 193
197 194
197 195
197 196
197 198
197 199
197 200
198 109
198 111
198 117
198 122
198 123
198 124
198 125
198 126
198 127
198 138
198 139
198 140
198 141
198 143
198 170
198 171
198 172
198 173
198 174
198 195
198 196
198 197
198 199
198 200
198 201
198 251
199 117
199 118
199 119
199 122
199 123
199 124
199 125
199 126
199 143
199 170
199 171
199 172
199 173
199 174
199 196
199 197
199 198
199 200
199 201
199 202
200 122
200 123
200 124
200 125
200 143
200 144
200 169
200 170
200 171
200 172
200 173
200 197
200 198
200 199
200 201
200 202
200 226
200 228
200 229
201 118
201 121
201 122
201 123
201 124
201 125
201 170
201 171
201 172
201 198
201 199
201 200
201 202
201 203
201 204
201 205
201 206
201 226
201 228
201 229
202 118
202 119
202 120
202 121
202 122
202 123
202 124
202 199
202 200
202 201
202 203
202 204
202 205
202 206
202 207
203 118
203 119
203 120
203 121
203 122
203 123
203 201
203 202
203 204
203 205
203 206
203 207
203 208
203 209
203 212
204 121
204 122
204 123
204 201
204 202
204 203
204 205
204 206
204 207
204 208
204 209
204 211
204 212
205 121
205 122
205 201
205 202
205 203
205 204
205 206
205 207
205 208
205 209
205 210
205 211
206 123
206 201
206 202
206 203
206 204
206 205
206 207
206 208
206 209
206 210
206 211
206 212
206 213
206 227
206 228
207 202
207 203
207 204
207 205
207 206
207 208
207 209
207 210
207 211
207 212
207 213
208 203
208 204
208 205
208 206
208 207
208 209
208 210
208 211
208 212
209 203
209 204
209 205
209 206
209 207
209 208
209 210
209 211
209 212
209 228
210 205
210 206
210 207
210 208
210 209
210 211
210 212
210 213
210 228
211 204
211 205
211 206
211 207
211 208
211 209
211 210
211 212
211 213
211 214
212 203
212 204
212 206
212 207
212 208
212 209
212 210
212 211
212 213
212 214
212 215
213 206
213 207
213 210
213 211
213 212
213 214
213 215
213 216
213 218
214 211
214 212
214 213
214 215
214 216
214 217
214 218
215 212
215 213
215 214
215 216
215 217
215 218
216 213
216 214
216 215
216 217
216 218
216 219
217 214
217 215
217 216
217 218
217 219
217 220
217 222
217 223
218 213
218 214
218 215
218 216
218 217
218 219
218 220
218 221
218 222
218 223
218 224
218 227
219 216
219 217
219 218
219 220
219 221
219 222
219 223
219 224
219 227
219 242
220 217
220 218
220 219
220 221
220 222
220 223
220 224
220 225
220 242
221 114
221 218
221 219
221 220
221 222
221 223
221 224
221 225
221 226
221 227
221 230
221 241
221 242
221 244
221 245
222 116
222 217
222 218
222 219
222 220
222 221
222 223
222 224
222 225
222 226
222 227
222 228
222 229
222 230
222 241
223 114
223 115
223 116
223 117
223 217
223 218
223 219
223 220
223 221
223 222
223 224
223 225
223 226
223 227
224 112
224 113
224 114
224 115
224 116
224 117
224 218
224 219
224 220
224 221
224 222
224 223
224 225
224 226
224 227
224 230
225 111
225 112
225 113
225 114
225 115
225 116
225 117
225 123
225 124
225 125
225 126
225 220
225 221
225 222
225 223
225 224
225 226
225 227
225 228
225 229
225 230
226 114
226 115
226 116
226 117
226 118
226 123
226 124
226 125
226 200
226 201
226 221
226 222
226 223
226 224
226 225
226 227
226 228
226 229
226 230
226 231
227 116
227 123
227 206
227 218
227 219
227 221
227 222
227 223
227 224
227 225
227 226
227 228
227 229
227 230
227 231
227 232
227 241
228 123
228 200
228 201
228 206
228 209
228 210
228 222
228 225
228 226
228 227
228 229
228 230
228 231
228 232
228 233
228 234
229 115
229 116
229 123
229 124
229 125
229 145
229 170
229 200
229 201
229 222
229 225
229 226
229 227
229 228
229 230
229 231
229 232
229 233
229 234
229 241
230 221
230 222
230 224
230 225
230 226
230 227
230 228
230 229
230 231
230 232
230 233
230 234
230 235
230 239
230 240
230 241
230 242
230 244
231 226
231 227
231 228
231 229
231 230
231 232
231 233
231 234
231 235
231 236
231 237
231 239
231 240
231 241
232 166
232 170
232 227
232 228
232 229
232 230
232 231
232 233
232 234
232 235
232 236
232 237
232 241
233 145
233 146
233 149
233 164
233 165
233 166
233 228
233 229
233 230
233 231
233 232
233 234
233 235
233 236
233 237
233 238
233 239
233 240
233 241
233 244
234 164
234 228
234 229
234 230
234 231
234 232
234 233
234 235
234 236
234 237
234 238
234 239
234 240
234 241
234 242
234 243
234 244
235 230
235 231
235 232
235 233
235 234
235 236
235 237
235 238
235 239
235 240
235 241
236 163
236 164
236 165
236 166
236 167
236 231
236 232
236 233
236 234
236 235
236 237
236 238
236 239
237 149
237 151
237 162
237 163
237 164
237 165
237 231
237 232
237 233
237 234
237 235
237 236
237 238
237 239
237 240
237 244
238 233
238 234
238 235
238 236
238 237
238 239
238 240
239 151
239 152
239 153
239 154
239 230
239 231
239 233
239 234
239 235
239 236
239 237
239 238
239 240
239 241
239 242
239 243
239 244
240 151
240 154
240 230
240 231
240 233
240 234
240 235
240 237
240 238
240 239
240 241
240 242
240 243
240 244
241 151
241 221
241 222
241 227
241 229
241 230
241 231
241 232
241 233
241 234
241 235
241 239
241 240
241 242
241 243
241 244
241 245
242 151
242 152
242 154
242 219
242 220
242 221
242 230
242 234
242 239
242 240
242 241
242 243
242 244
242 245
243 149
243 150
243 151
243 152
243 153
243 154
243 157
243 159
243 234
243 239
243 240
243 241
243 242
243 244
243 245
243 246
244 149
244 150
244 151
244 152
244 153
244 159
244 160
244 161
244 162
244 221
244 230
244 233
244 234
244 237
244 239
244 240
244 241
244 242
244 243
244 245
244 246
244 247
245 149
245 150
245 151
245 152
245 159
245 160
245 221
245 241
245 242
245 243
245 244
245 246
245 247
246 113
246 148
246 149
246 150
246 151
246 152
246 161
246 243
246 244
246 245
246 247
246 248
247 111
247 112
247 113
247 147
247 148
247 149
247 150
247 151
247 161
247 162
247 163
247 164
247 244
247 245
247 246
247 248
247 249
247 250
248 39
248 41
248 110
248 111
248 112
248 113
248 145
248 146
248 147
248 148
248 149
248 150
248 163
248 164
248 246
248 247
248 249
248 250
249 38
249 39
249 41
249 109
249 110
249 111
249 112
249 113
249 127
249 144
249 145
249 146
249 147
249 148
249 149
249 163
249 164
249 165
249 247
249 248
249 250
249 251
249 252
250 38
250 39
250 40
250 41
250 107
250 108
250 109
250 110
250 111
250 112
250 127
250 128
250 129
250 130
250 144
250 145
250 146
250 147
250 148
250 165
250 247
250 248
250 249
250 251
250 252
251 38
251 39
251 108
251 109
251 110
251 111
251 127
251 128
251 138
251 143
251 144
251 145
251 146
251 147
251 165
251 171
251 198
251 249
251 250
251 252
251 253
251 254
252 35
252 37
252 38
252 39
252 108
252 109
252 110
252 138
252 141
252 142
252 143
252 144
252 145
252 146
252 147
252 165
252 166
252 169
252 171
252 249
252 250
252 251
252 253
252 254
252 255
252 270
252 271
252 451
253 35
253 38
253 108
253 138
253 141
253 142
253 143
253 144
253 145
253 168
253 169
253 171
253 172
253 251
253 252
253 254
253 255
253 256
253 257
253 269
253 270
253 451
253 452
254 35
254 38
254 141
254 142
254 143
254 144
254 145
254 166
254 167
254 168
254 169
254 170
254 171
254 251
254 252
254 253
254 255
254 256
254 257
254 270
255 35
255 141
255 142
255 143
255 144
255 168
255 169
255 252
255 253
255 254
255 256
255 257
255 258
255 268
255 269
255 270
255 452
256 31
256 32
256 34
256 35
256 36
256 253
256 254
256 255
256 257
256 258
256 259
256 268
256 269
256 270
256 452
257 28
257 30
257 31
257 32
257 33
257 34
257 35
257 36
257 253
257 254
257 255
257 256
257 258
257 259
257 260
257 267
257 268
257 269
257 270
257 271
257 272
257 452
257 453
258 27
258 28
258 30
258 31
258 32
258 35
258 255
258 256
258 257
258 259
258 260
258 264
258 266
258 267
258 268
258 269
258 270
259 24
259 27
259 28
259 31
259 256
259 257
259 258
259 260
259 261
259 263
259 264
259 265
259 266
259 267
259 268
259 269
259 454
259 455
259 456
259 457
260 257
260 258
260 259
260 261
260 262
260 263
260 264
260 265
260 266
260 267
260 268
260 454
260 456
260 457
261 259
261 260
261 262
261 263
261 264
261 265
261 266
261 267
261 268
262 260
262 261
262 263
262 264
262 265
262 266
263 259
263 260
263 261
263 262
263 264
263 265
263 266
264 24
264 258
264 259
264 260
264 261
264 262
264 263
264 265
264 266
264 267
264 268
264 456
264 457
265 20
265 23
265 24
265 27
265 259
265 260
265 261
265 262
265 263
265 264
265 266
265 267
265 268
265 376
265 377
265 455
265 456
265 457
265 458
266 27
266 258
266 259
266 260
266 261
266 262
266 263
266 264
266 265
266 267
266 268
266 269
266 376
266 377
266 445
266 454
266 455
266 456
266 457
266 458
266 459
267 27
267 28
267 30
267 31
267 257
267 258
267 259
267 260
267 261
267 264
267 265
267 266
267 268
267 269
267 270
267 272
267 445
267 452
267 453
267 454
267 455
267 456
267 457
267 458
267 460
268 31
268 255
268 256
268 257
268 258
268 259
268 260
268 261
268 264
268 265
268 266
268 267
268 269
268 270
268 271
268 272
268 452
268 453
268 454
268 455
268 456
268 457
269 30
269 31
269 34
269 35
269 253
269 255
269 256
269 257
269 258
269 259
269 266
269 267
269 268
269 270
269 271
269 272
269 273
269 276
269 450
269 451
269 452
269 453
269 454
269 455
270 31
270 34
270 35
270 37
270 38
270 106
270 107
270 252
270 253
270 254
270 255
270 256
270 257
270 258
270 267
270 268
270 269
270 271
270 272
270 273
270 274
270 275
270 448
270 449
270 450
270 451
270 452
270 453
270 454
271 34
271 35
271 37
271 38
271 39
271 104
271 105
271 106
271 107
271 108
271 252
271 257
271 268
271 269
271 270
271 272
271 273
271 274
271 275
271 276
271 448
271 449
271 450
271 451
271 452
271 453
271 454
272 30
272 31
272 34
272 106
272 257
272 267
272 268
272 269
272 270
272 271
272 273
272 274
272 275
272 276
272 277
272 278
272 279
272 355
272 356
272 443
272 445
272 446
272 448
272 449
272 450
272 451
272 452
272 453
272 454
272 455
273 102
273 103
273 104
273 105
273 106
273 107
273 269
273 270
273 271
273 272
273 274
273 275
273 276
273 277
273 278
273 311
273 355
273 356
273 357
273 442
273 443
273 445
273 447
273 448
273 449
273 450
273 453
273 454
273 455
274 34
274 102
274 103
274 104
274 105
274 106
274 270
274 271
274 272
274 273
274 275
274 276
274 277
274 278
274 279
274 306
274 310
274 311
274 354
274 355
274 356
274 442
274 443
274 448
274 449
275 30
275 31
275 33
275 34
275 37
275 40
275 43
275 102
275 103
275 104
275 105
275 106
275 270
275 271
275 272
275 273
275 274
275 276
275 277
275 278
275 279
275 280
275 281
275 306
275 355
275 356
276 27
276 30
276 31
276 33
276 34
276 102
276 103
276 104
276 269
276 271
276 272
276 273
276 274
276 275
276 277
276 278
276 279
276 280
276 281
276 354
276 355
276 356
276 442
276 443
276 455
276 459
276 460
276 463
277 30
277 100
277 101
277 102
277 103
277 104
277 272
277 273
277 274
277 275
277 276
277 278
277 279
277 280
277 281
277 282
277 283
277 306
277 353
277 354
277 355
277 356
277 441
277 442
277 443
277 460
277 463
277 464
278 30
278 33
278 34
278 43
278 44
278 47
278 82
278 100
278 101
278 102
278 103
278 104
278 272
278 273
278 274
278 275
278 276
278 277
278 279
278 280
278 281
278 282
278 283
278 284
278 304
278 305
278 306
278 307
278 354
278 355
279 29
279 30
279 31
279 33
279 34
279 43
279 46
279 47
279 102
279 104
279 272
279 274
279 275
279 276
279 277
279 278
279 280
279 281
279 282
279 283
279 284
279 285
279 306
279 460
279 463
279 464
280 26
280 30
280 100
280 102
280 275
280 276
280 277
280 278
280 279
280 281
280 282
280 283
280 284
280 285
280 286
280 354
280 459
280 460
280 461
280 462
280 463
280 464
280 465
280 466
280 467
280 468
281 99
281 100
281 101
281 102
281 275
281 276
281 277
281 278
281 279
281 280
281 282
281 283
281 284
281 285
281 286
281 303
281 304
281 305
281 306
281 352
281 353
281 354
281 463
281 464
281 466
281 467
281 468
282 47
282 48
282 50
282 51
282 83
282 84
282 85
282 100
282 101
282 102
282 277
282 278
282 279
282 280
282 281
282 283
282 284
282 285
282 286
282 287
282 303
282 304
282 305
282 306
282 464
282 467
282 468
283 30
283 47
283 50
283 51
283 54
283 277
283 278
283 279
283 280
283 281
283 282
283 284
283 285
283 286
283 287
283 288
283 289
283 304
283 464
283 467
283 468
284 100
284 278
284 279
284 280
284 281
284 282
284 283
284 285
284 286
284 287
284 288
284 289
284 290
284 304
284 461
284 463
284 464
284 465
284 466
284 467
284 468
284 469
284 470
284 471
285 51
285 54
285 84
285 85
285 86
285 99
285 100
285 279
285 280
285 281
285 282
285 283
285 284
285 286
285 287
285 288
285 289
285 290
285 302
285 303
285 304
285 464
285 467
285 468
285 470
285 471
285 472
286 50
286 51
286 53
286 54
286 55
286 56
286 72
286 84
286 85
286 86
286 280
286 281
286 282
286 283
286 284
286 285
286 287
286 288
286 289
286 290
286 291
286 468
287 54
287 282
287 283
287 284
287 285
287 286
287 288
287 289
287 290
287 291
287 294
287 464
287 465
287 467
287 468
287 471
288 86
288 283
288 284
288 285
288 286
288 287
288 289
288 290
288 291
288 294
288 295
288 302
288 464
288 465
288 467
288 468
288 469
288 470
288 471
288 472
289 54
289 55
289 70
289 71
289 72
289 86
289 87
289 88
289 283
289 284
289 285
289 286
289 287
289 288
289 290
289 291
289 292
289 293
289 294
289 295
289 296
289 302
289 468
289 471
289 472
290 54
290 55
290 284
290 285
290 286
290 287
290 288
290 289
290 291
290 292
290 293
290 294
290 295
291 286
291 287
291 288
291 289
291 290
291 292
291 293
291 294
291 295
292 289
292 290
292 291
292 293
292 294
292 295
292 296
293 70
293 88
293 89
293 289
293 290
293 291
293 292
293 294
293 295
293 296
293 297
293 298
294 70
294 88
294 89
294 287
294 288
294 289
294 290
294 291
294 292
294 293
294 295
294 296
294 297
294 298
294 472
295 69
295 70
295 71
295 72
295 86
295 87
295 88
295 89
295 90
295 91
295 288
295 289
295 290
295 291
295 292
295 293
295 294
295 296
295 297
295 298
295 299
295 300
295 301
295 302
295 472
296 69
296 70
296 87
296 88
296 89
296 90
296 91
296 289
296 292
296 293
296 294
296 295
296 297
296 298
296 299
297 70
297 88
297 89
297 90
297 91
297 293
297 294
297 295
297 296
297 298
297 299
297 300
297 472
298 69
298 70
298 86
298 87
298 88
298 89
298 90
298 91
298 293
298 294
298 295
298 296
298 297
298 299
298 300
298 301
298 302
298 471
298 472
298 473
298 474
298 475
298 476
299 69
299 87
299 88
299 89
299 90
299 91
299 92
299 95
299 96
299 97
299 98
299 295
299 296
299 297
299 298
299 300
299 301
299 302
299 475
299 476
300 69
300 86
300 87
300 88
300 89
300 90
300 91
300 92
300 93
300 94
300 95
300 96
300 97
300 98
300 99
300 295
300 297
300 298
300 299
300 301
300 302
300 303
300 345
300 348
300 349
300 471
300 472
300 474
300 475
301 69
301 70
301 71
301 72
301 85
301 86
301 87
301 88
301 89
301 90
301 91
301 92
301 95
301 96
301 97
301 98
301 99
301 295
301 298
301 299
301 300
301 302
301 303
301 304
301 329
301 332
301 333
301 349
301 471
301 475
302 72
302 84
302 85
302 86
302 87
302 88
302 96
302 97
302 98
302 99
302 100
302 285
302 288
302 289
302 295
302 298
302 299
302 300
302 301
302 303
302 304
302 470
302 471
302 472
303 72
303 73
303 74
303 83
303 84
303 85
303 86
303 87
303 97
303 98
303 99
303 100
303 101
303 281
303 282
303 285
303 300
303 301
303 302
303 304
303 305
303 306
303 329
303 351
303 471
304 74
304 82
304 83
304 84
304 85
304 86
304 98
304 99
304 100
304 101
304 102
304 278
304 281
304 282
304 283
304 284
304 285
304 301
304 302
304 303
304 305
304 306
304 307
304 351
304 352
305 74
305 75
305 76
305 81
305 82
305 83
305 84
305 85
305 99
305 100
305 101
305 102
305 103
305 104
305 278
305 281
305 282
305 303
305 304
305 306
305 307
305 308
305 320
305 325
305 351
305 353
306 40
306 43
306 44
306 47
306 76
306 80
306 81
306 82
306 83
306 84
306 100
306 101
306 102
306 103
306 104
306 105
306 274
306 275
306 277
306 278
306 279
306 281
306 282
306 303
306 304
306 305
306 307
306 308
306 310
306 318
306 319
306 320
306 354
307 40
307 44
307 76
307 77
307 80
307 81
307 82
307 83
307 101
307 102
307 103
307 104
307 105
307 278
307 304
307 305
307 306
307 308
307 309
307 310
307 314
307 316
307 318
307 319
307 320
307 321
307 322
307 325
307 426
308 40
308 41
308 44
308 77
308 78
308 79
308 80
308 81
308 82
308 102
308 103
308 104
308 105
308 106
308 305
308 306
308 307
308 309
308 310
308 311
308 312
308 313
308 314
308 315
308 316
308 317
308 318
308 319
308 320
309 40
309 80
309 81
309 103
309 104
309 105
309 106
309 107
309 130
309 131
309 307
309 308
309 310
309 311
309 312
309 313
309 314
309 315
309 316
309 317
309 318
309 319
309 320
309 321
309 426
310 102
310 103
310 104
310 105
310 106
310 107
310 131
310 274
310 306
310 307
310 308
310 309
310 311
310 312
310 313
310 314
310 315
310 316
310 318
310 319
310 320
310 321
310 424
310 425
310 426
311 103
311 104
311 105
311 106
311 107
311 108
311 130
311 131
311 132
311 133
311 273
311 274
311 308
311 309
311 310
311 312
311 313
311 314
311 319
311 423
311 424
311 425
311 426
311 449
312 105
312 106
312 107
312 130
312 131
312 132
312 308
312 309
312 310
312 311
312 313
312 314
312 315
312 316
312 319
313 131
313 308
313 309
313 310
313 311
313 312
313 314
313 315
313 316
313 319
313 320
313 321
313 424
313 425
313 426
313 429
314 103
314 307
314 308
314 309
314 310
314 311
314 312
314 313
314 315
314 316
314 317
314 318
314 319
314 320
314 321
314 322
314 425
314 426
314 429
315 308
315 309
315 310
315 312
315 313
315 314
315 316
315 317
315 318
315 319
315 320
315 321
315 322
315 429
316 307
316 308
316 309
316 310
316 312
316 313
316 314
316 315
316 317
316 318
316 319
316 320
316 321
316 322
316 323
316 324
317 77
317 78
317 81
317 308
317 309
317 314
317 315
317 316
317 318
317 319
317 320
317 321
317 322
317 323
317 324
318 76
318 77
318 78
318 79
318 80
318 81
318 82
318 306
318 307
318 308
318 309
318 310
318 314
318 315
318 316
318 317
318 319
318 320
318 321
318 322
318 323
318 324
318 325
319 77
319 80
319 81
319 103
319 104
319 306
319 307
319 308
319 309
319 310
319 311
319 312
319 313
319 314
319 315
319 316
319 317
319 318
319 320
319 321
319 322
319 323
319 324
319 325
319 426
319 429
320 81
320 101
320 102
320 103
320 305
320 306
320 307
320 308
320 309
320 310
320 313
320 314
320 315
320 316
320 317
320 318
320 319
320 321
320 322
320 323
320 324
320 325
320 425
320 426
320 427
320 428
320 429
320 430
320 433
321 307
321 309
321 310
321 313
321 314
321 315
321 316
321 317
321 318
321 319
321 320
321 322
321 323
321 324
321 325
321 426
321 429
321 430
321 432
321 433
321 434
322 307
322 314
322 315
322 316
322 317
322 318
322 319
322 320
322 321
322 323
322 324
322 325
322 326
322 327
322 429
322 430
322 433
323 316
323 317
323 318
323 319
323 320
323 321
323 322
323 324
323 325
323 326
323 327
323 328
323 433
323 434
324 77
324 81
324 83
324 316
324 317
324 318
324 319
324 320
324 321
324 322
324 323
324 325
324 326
324 327
324 328
324 329
324 330
325 83
325 305
325 307
325 318
325 319
325 320
325 321
325 322
325 323
325 324
325 326
325 327
325 328
325 329
325 330
325 331
325 430
325 433
325 434
326 322
326 323
326 324
326 325
326 327
326 328
326 329
326 330
326 331
326 332
326 342
326 430
326 433
326 434
327 61
327 322
327 323
327 324
327 325
327 326
327 328
327 329
327 330
327 331
327 332
327 333
328 61
328 75
328 83
328 323
328 324
328 325
328 326
328 327
328 329
328 330
328 331
328 332
328 333
328 334
329 96
329 97
329 301
329 303
329 324
329 325
329 326
329 327
329 328
329 330
329 331
329 332
329 333
329 334
329 341
329 342
329 343
329 345
329 346
329 434
330 93
330 324
330 325
330 326
330 327
330 328
330 329
330 331
330 332
330 333
330 334
330 335
330 340
330 341
330 342
330 343
330 345
331 64
331 65
331 66
331 67
331 93
331 325
331 326
331 327
331 328
331 329
331 330
331 332
331 333
331 334
331 335
331 342
332 65
332 66
332 67
332 68
332 87
332 92
332 93
332 94
332 301
332 326
332 327
332 328
332 329
332 330
332 331
332 333
332 334
332 335
332 341
332 342
333 67
333 91
333 92
333 93
333 94
333 95
333 96
333 97
333 301
333 327
333 328
333 329
333 330
333 331
333 332
333 334
333 335
333 338
333 339
333 340
333 341
333 342
333 343
333 344
333 345
334 67
334 92
334 93
334 94
334 328
334 329
334 330
334 331
334 332
334 333
334 335
334 336
334 337
334 338
334 339
334 340
334 341
334 342
335 92
335 93
335 94
335 330
335 331
335 332
335 333
335 334
335 336
335 337
335 338
335 339
335 340
335 341
335 342
336 93
336 334
336 335
336 337
336 338
336 339
336 340
336 341
337 93
337 334
337 335
337 336
337 338
337 339
337 340
337 341
338 92
338 93
338 94
338 333
338 334
338 335
338 336
338 337
338 339
338 340
338 341
338 342
338 344
339 93
339 94
339 333
339 334
339 335
339 336
339 337
339 338
339 340
339 341
339 342
339 343
339 344
340 93
340 94
340 330
340 333
340 334
340 335
340 336
340 337
340 338
340 339
340 341
340 342
340 343
340 344
340 345
341 92
341 93
341 94
341 95
341 96
341 329
341 330
341 332
341 333
341 334
341 335
341 336
341 337
341 338
341 339
341 340
341 342
341 343
341 344
341 345
341 346
342 93
342 94
342 95
342 96
342 326
342 329
342 330
342 331
342 332
342 333
342 334
342 335
342 338
342 339
342 340
342 341
342 343
342 344
342 345
342 346
342 347
343 94
343 329
343 330
343 333
343 339
343 340
343 341
343 342
343 344
343 345
343 346
343 347
343 348
343 434
343 435
344 93
344 94
344 95
344 96
344 333
344 338
344 339
344 340
344 341
344 342
344 343
344 345
344 346
344 347
344 348
344 349
345 93
345 94
345 95
345 96
345 97
345 300
345 329
345 330
345 333
345 340
345 341
345 342
345 343
345 344
345 346
345 347
345 348
345 349
345 436
346 94
346 95
346 96
346 97
346 329
346 341
346 342
346 343
346 344
346 345
346 347
346 348
346 349
346 350
346 434
346 435
346 436
346 437
347 95
347 96
347 97
347 342
347 343
347 344
347 345
347 346
347 348
347 349
347 350
347 434
347 435
347 436
347 437
347 478
347 484
348 94
348 95
348 96
348 97
348 98
348 300
348 343
348 344
348 345
348 346
348 347
348 349
348 350
348 436
348 437
348 475
348 478
348 479
349 95
349 96
349 97
349 98
349 99
349 300
349 301
349 344
349 345
349 346
349 347
349 348
349 350
349 351
349 435
349 436
349 437
349 438
349 474
349 475
349 478
350 96
350 97
350 98
350 99
350 100
350 346
350 347
350 348
350 349
350 351
350 352
350 353
350 396
350 399
350 431
350 436
350 437
350 438
350 439
350 470
350 474
350 475
350 478
351 97
351 98
351 99
351 100
351 101
351 303
351 304
351 305
351 349
351 350
351 352
351 353
351 354
351 391
351 396
351 427
351 430
351 431
351 436
351 437
351 438
351 439
351 440
351 470
352 98
352 99
352 100
352 101
352 102
352 281
352 304
352 350
352 351
352 353
352 354
352 355
352 391
352 392
352 396
352 400
352 427
352 437
352 438
352 439
352 440
352 441
352 442
352 467
352 470
353 99
353 100
353 101
353 102
353 103
353 277
353 281
353 305
353 350
353 351
353 352
353 354
353 355
353 356
353 383
353 390
353 391
353 392
353 425
353 426
353 427
353 428
353 429
353 430
353 431
353 438
353 439
353 440
353 441
353 442
354 100
354 101
354 102
354 103
354 274
354 276
354 277
354 278
354 280
354 281
354 306
354 351
354 352
354 353
354 355
354 356
354 357
354 380
354 381
354 382
354 383
354 425
354 426
354 427
354 439
354 440
354 441
354 442
354 443
354 463
354 467
355 101
355 102
355 103
355 272
355 273
355 274
355 275
355 276
355 277
355 278
355 352
355 353
355 354
355 356
355 357
355 381
355 383
355 425
355 426
355 427
355 440
355 441
355 442
355 443
355 444
356 102
356 272
356 273
356 274
356 275
356 276
356 277
356 353
356 354
356 355
356 357
356 358
356 359
356 380
356 381
356 383
356 425
356 440
356 441
356 442
356 443
356 444
356 445
356 446
356 448
356 455
357 273
357 354
357 355
357 356
357 358
357 359
357 360
357 374
357 380
357 381
357 382
357 383
357 413
357 414
357 440
357 441
357 442
357 443
357 444
357 445
357 446
357 448
357 455
358 356
358 357
358 359
358 360
358 361
358 368
358 373
358 374
358 375
358 381
358 383
358 414
358 416
358 442
358 443
358 444
358 445
358 446
358 447
358 448
358 455
359 356
359 357
359 358
359 360
359 361
359 362
359 365
359 368
359 372
359 373
359 374
359 375
359 376
359 381
359 414
359 443
359 444
359 445
359 446
359 447
359 448
359 454
359 455
359 456
360 357
360 358
360 359
360 361
360 362
360 363
360 364
360 365
360 366
360 367
360 368
360 369
360 370
360 372
360 373
360 374
360 375
360 376
360 414
360 444
360 445
360 446
361 358
361 359
361 360
361 362
361 363
361 364
361 365
361 366
361 367
361 368
361 373
361 374
361 375
361 445
361 446
361 447
362 359
362 360
362 361
362 363
362 364
362 365
362 366
362 446
363 360
363 361
363 362
363 364
363 365
363 366
363 367
364 360
364 361
364 362
364 363
364 365
364 366
364 367
364 368
365 359
365 360
365 361
365 362
365 363
365 364
365 366
365 367
365 368
365 369
365 370
365 373
366 360
366 361
366 362
366 363
366 364
366 365
366 367
366 368
366 369
366 370
366 417
367 360
367 361
367 363
367 364
367 365
367 366
367 368
367 369
367 370
367 373
367 416
367 417
367 419
367 420
368 358
368 359
368 360
368 361
368 364
368 365
368 366
368 367
368 369
368 370
368 371
368 372
368 373
368 374
368 414
368 415
368 416
368 417
368 420
369 360
369 365
369 366
369 367
369 368
369 370
369 371
369 372
369 373
369 414
369 415
369 416
369 417
369 418
369 419
369 420
370 360
370 365
370 366
370 367
370 368
370 369
370 371
370 372
370 373
370 415
370 416
370 417
371 368
371 369
371 370
371 372
371 373
371 374
371 413
371 414
371 415
371 417
372 359
372 360
372 368
372 369
372 370
372 371
372 373
372 374
372 375
372 381
372 383
372 412
372 413
372 414
372 415
372 416
372 417
373 358
373 359
373 360
373 361
373 365
373 367
373 368
373 369
373 370
373 371
373 372
373 374
373 375
373 376
373 381
373 412
373 413
373 414
373 415
373 416
373 444
374 357
374 358
374 359
374 360
374 361
374 368
374 371
374 372
374 373
374 375
374 376
374 377
374 378
374 379
374 380
374 381
374 382
374 411
374 412
374 413
374 414
374 415
374 443
374 444
374 445
375 358
375 359
375 360
375 361
375 372
375 373
375 374
375 376
375 377
375 378
375 379
375 380
375 381
375 412
375 413
375 443
375 444
375 445
375 456
376 265
376 266
376 359
376 360
376 373
376 374
376 375
376 377
376 378
376 379
376 380
376 443
376 444
376 445
376 446
376 455
376 456
376 457
376 458
376 459
377 265
377 266
377 374
377 375
377 376
377 378
377 379
377 380
377 410
377 443
377 444
377 455
377 456
377 457
377 458
377 459
377 460
377 462
378 374
378 375
378 376
378 377
378 379
378 380
378 381
378 409
378 410
378 411
378 412
378 443
378 444
378 456
378 458
378 459
378 462
379 374
379 375
379 376
379 377
379 378
379 380
379 381
379 382
379 404
379 409
379 410
379 411
379 412
379 413
379 442
379 443
379 444
379 456
379 458
379 459
379 460
379 461
379 462
379 463
379 466
380 354
380 356
380 357
380 374
380 375
380 376
380 377
380 378
380 379
380 381
380 382
380 383
380 404
380 409
380 410
380 411
380 412
380 413
380 441
380 442
380 443
380 444
380 458
380 459
380 460
380 462
380 463
380 466
381 354
381 355
381 356
381 357
381 358
381 359
381 372
381 373
381 374
381 375
381 378
381 379
381 380
381 382
381 383
381 384
381 410
381 411
381 412
381 413
381 414
381 415
381 440
381 441
381 442
381 443
381 444
381 459
381 463
382 354
382 357
382 374
382 379
382 380
382 381
382 383
382 384
382 390
382 392
382 393
382 397
382 400
382 401
382 411
382 412
382 413
382 414
382 415
382 439
382 440
382 441
382 442
382 443
383 353
383 354
383 355
383 356
383 357
383 358
383 372
383 380
383 381
383 382
383 384
383 385
383 389
383 390
383 391
383 392
383 393
383 397
383 412
383 413
383 414
383 415
383 416
383 439
383 440
383 441
383 442
384 381
384 382
384 383
384 385
384 386
384 387
384 388
384 389
384 390
384 391
384 392
384 393
384 394
384 397
384 413
384 414
384 415
384 416
384 439
384 440
384 441
385 383
385 384
385 386
385 387
385 388
385 389
385 390
385 391
385 392
385 393
385 414
385 415
385 416
385 422
385 424
385 440
386 384
386 385
386 387
386 388
386 389
386 390
386 391
386 392
386 393
386 415
387 384
387 385
387 386
387 388
387 389
387 390
387 391
387 422
388 384
388 385
388 386
388 387
388 389
388 390
388 391
388 392
388 393
388 424
388 425
388 427
388 428
388 429
388 431
389 383
389 384
389 385
389 386
389 387
389 388
389 390
389 391
389 392
389 421
389 422
389 423
389 424
389 425
389 426
389 427
389 428
389 429
389 440
390 353
390 382
390 383
390 384
390 385
390 386
390 387
390 388
390 389
390 391
390 392
390 393
390 415
390 422
390 423
390 424
390 425
390 426
390 427
390 428
390 429
390 431
390 438
390 439
390 440
390 441
391 351
391 352
391 353
391 383
391 384
391 385
391 386
391 387
391 388
391 389
391 390
391 392
391 393
391 396
391 397
391 424
391 425
391 426
391 427
391 428
391 429
391 430
391 431
391 432
391 436
391 437
391 438
391 439
391 440
391 441
392 352
392 353
392 382
392 383
392 384
392 385
392 386
392 388
392 389
392 390
392 391
392 393
392 394
392 395
392 396
392 397
392 398
392 427
392 428
392 431
392 437
392 438
392 439
392 440
392 441
393 382
393 383
393 384
393 385
393 386
393 388
393 390
393 391
393 392
393 394
393 395
393 396
393 397
393 398
393 437
393 438
393 439
393 440
394 384
394 392
394 393
394 395
394 396
394 397
394 398
394 399
394 439
395 392
395 393
395 394
395 396
395 397
395 398
395 399
395 400
395 437
395 438
395 439
395 481
395 482
395 483
396 350
396 351
396 352
396 391
396 392
396 393
396 394
396 395
396 397
396 398
396 399
396 400
396 401
396 437
396 438
396 439
396 440
397 382
397 383
397 384
397 391
397 392
397 393
397 394
397 395
397 396
397 398
397 399
397 400
397 401
397 402
397 438
397 439
397 440
397 441
398 392
398 393
398 394
398 395
398 396
398 397
398 399
398 400
398 401
398 402
398 403
398 404
398 481
399 350
399 394
399 395
399 396
399 397
399 398
399 400
399 401
399 402
399 403
399 404
399 405
399 439
399 470
399 473
399 474
399 477
399 478
399 480
399 481
400 352
400 382
400 395
400 396
400 397
400 398
400 399
400 401
400 402
400 403
400 404
400 405
400 406
400 411
400 439
400 441
400 466
400 467
400 469
400 470
400 473
400 474
400 477
401 382
401 396
401 397
401 398
401 399
401 400
401 402
401 403
401 404
401 405
401 406
401 407
401 408
401 409
401 410
401 411
401 466
402 397
402 398
402 399
402 400
402 401
402 403
402 404
402 405
402 406
402 407
402 408
402 469
402 470
402 473
402 474
402 477
403 398
403 399
403 400
403 401
403 402
403 404
403 405
403 406
403 407
403 408
403 409
403 465
403 466
403 467
403 468
403 469
403 470
403 471
403 472
403 473
403 474
403 477
404 379
404 380
404 398
404 399
404 400
404 401
404 402
404 403
404 405
404 406
404 407
404 408
404 409
404 410
404 411
404 462
404 463
404 465
404 466
404 467
404 469
404 470
405 399
405 400
405 401
405 402
405 403
405 404
405 406
405 407
405 408
405 409
405 410
405 411
405 466
405 469
406 400
406 401
406 402
406 403
406 404
406 405
406 407
406 408
406 409
406 466
406 469
406 470
406 473
407 401
407 402
407 403
407 404
407 405
407 406
407 408
407 409
407 410
407 462
407 465
407 466
407 467
407 468
407 469
407 470
407 473
408 401
408 402
408 403
408 404
408 405
408 406
408 407
408 409
408 410
408 411
408 462
408 465
408 466
408 469
409 378
409 379
409 380
409 401
409 403
409 404
409 405
409 406
409 407
409 408
409 410
409 411
409 459
409 461
409 462
409 463
409 464
409 465
409 466
409 469
410 377
410 378
410 379
410 380
410 381
410 401
410 404
410 405
410 407
410 408
410 409
410 411
410 412
410 462
410 463
410 466
411 374
411 378
411 379
411 380
411 381
411 382
411 400
411 401
411 404
411 405
411 408
411 409
411 410
411 412
411 413
411 441
411 442
411 443
411 462
411 463
411 466
412 372
412 373
412 374
412 375
412 378
412 379
412 380
412 381
412 382
412 383
412 410
412 411
412 413
412 414
412 441
412 442
412 443
412 444
413 357
413 371
413 372
413 373
413 374
413 375
413 379
413 380
413 381
413 382
413 383
413 384
413 411
413 412
413 414
413 415
413 441
414 357
414 358
414 359
414 360
414 368
414 369
414 371
414 372
414 373
414 374
414 381
414 382
414 383
414 384
414 385
414 412
414 413
414 415
414 416
414 417
414 441
414 442
414 444
415 368
415 369
415 370
415 371
415 372
415 373
415 374
415 381
415 382
415 383
415 384
415 385
415 386
415 390
415 413
415 414
415 416
415 417
415 418
415 422
416 358
416 367
416 368
416 369
416 370
416 372
416 373
416 383
416 384
416 385
416 414
416 415
416 417
416 418
416 419
416 420
416 421
416 422
417 366
417 367
417 368
417 369
417 370
417 371
417 372
417 414
417 415
417 416
417 418
417 419
417 420
417 421
417 422
418 369
418 415
418 416
418 417
418 419
418 420
418 421
418 422
419 367
419 369
419 416
419 417
419 418
419 420
419 421
419 422
420 367
420 368
420 369
420 416
420 417
420 418
420 419
420 421
420 422
421 389
421 416
421 417
421 418
421 419
421 420
421 422
421 423
421 424
422 385
422 387
422 389
422 390
422 415
422 416
422 417
422 418
422 419
422 420
422 421
422 423
422 424
422 425
423 311
423 389
423 390
423 421
423 422
423 424
423 425
424 310
424 311
424 313
424 385
424 388
424 389
424 390
424 391
424 421
424 422
424 423
424 425
424 426
424 427
424 428
424 429
425 102
425 103
425 310
425 311
425 313
425 314
425 320
425 353
425 354
425 355
425 356
425 388
425 389
425 390
425 391
425 422
425 423
425 424
425 426
425 427
425 428
425 429
425 430
425 440
426 101
426 102
426 103
426 307
426 309
426 310
426 311
426 313
426 314
426 319
426 320
426 321
426 353
426 354
426 355
426 389
426 390
426 391
426 424
426 425
426 427
426 428
426 429
426 430
426 431
426 438
426 440
427 101
427 102
427 320
427 351
427 352
427 353
427 354
427 355
427 388
427 389
427 390
427 391
427 392
427 424
427 425
427 426
427 428
427 429
427 430
427 431
427 432
427 433
427 436
427 437
427 438
427 439
427 440
427 441
428 320
428 353
428 388
428 389
428 390
428 391
428 392
428 424
428 425
428 426
428 427
428 429
428 430
428 431
428 432
428 433
428 436
428 437
428 438
428 439
428 440
429 313
429 314
429 315
429 319
429 320
429 321
429 322
429 353
429 388
429 389
429 390
429 391
429 424
429 425
429 426
429 427
429 428
429 430
429 431
429 432
429 433
429 434
429 435
429 436
429 438
430 101
430 320
430 321
430 322
430 325
430 326
430 351
430 353
430 391
430 425
430 426
430 427
430 428
430 429
430 431
430 432
430 433
430 434
430 435
430 436
430 437
430 438
431 350
431 351
431 353
431 388
431 390
431 391
431 392
431 426
431 427
431 428
431 429
431 430
431 432
431 433
431 434
431 435
431 436
431 437
431 438
431 439
432 321
432 391
432 427
432 428
432 429
432 430
432 431
432 433
432 434
432 435
432 436
432 437
432 438
433 320
433 321
433 322
433 323
433 325
433 326
433 427
433 428
433 429
433 430
433 431
433 432
433 434
433 435
433 436
434 321
434 323
434 325
434 326
434 329
434 343
434 346
434 347
434 429
434 430
434 431
434 432
434 433
434 435
434 436
434 437
435 343
435 346
435 347
435 349
435 429
435 430
435 431
435 432
435 433
435 434
435 436
435 437
435 438
436 345
436 346
436 347
436 348
436 349
436 350
436 351
436 391
436 427
436 428
436 429
436 430
436 431
436 432
436 433
436 434
436 435
436 437
436 438
436 439
437 346
437 347
437 348
437 349
437 350
437 351
437 352
437 391
437 392
437 393
437 395
437 396
437 427
437 428
437 430
437 431
437 432
437 434
437 435
437 436
437 438
437 439
438 99
438 100
438 101
438 349
438 350
438 351
438 352
438 353
438 390
438 391
438 392
438 393
438 395
438 396
438 397
438 426
438 427
438 428
438 429
438 430
438 431
438 432
438 435
438 436
438 437
438 439
438 440
438 441
439 100
439 101
439 350
439 351
439 352
439 353
439 354
439 382
439 383
439 384
439 390
439 391
439 392
439 393
439 394
439 395
439 396
439 397
439 399
439 400
439 427
439 428
439 431
439 436
439 437
439 438
439 440
439 441
440 101
440 351
440 352
440 353
440 354
440 355
440 356
440 357
440 381
440 382
440 383
440 384
440 385
440 389
440 390
440 391
440 392
440 393
440 396
440 397
440 425
440 426
440 427
440 428
440 438
440 439
440 441
440 442
441 277
441 352
441 353
441 354
441 355
441 356
441 357
441 380
441 381
441 382
441 383
441 384
441 390
441 391
441 392
441 397
441 400
441 411
441 412
441 413
441 414
441 427
441 438
441 439
441 440
441 442
441 443
441 444
441 463
442 102
442 273
442 274
442 276
442 277
442 352
442 353
442 354
442 355
442 356
442 357
442 358
442 379
442 380
442 381
442 382
442 383
442 411
442 412
442 414
442 440
442 441
442 443
442 444
442 445
442 459
442 463
443 272
443 273
443 274
443 276
443 277
443 354
443 355
443 356
443 357
443 358
443 359
443 374
443 375
443 376
443 377
443 378
443 379
443 380
443 381
443 382
443 411
443 412
443 441
443 442
443 444
443 445
443 455
443 456
443 457
443 458
443 459
443 460
443 462
443 463
444 355
444 356
444 357
444 358
444 359
444 360
444 373
444 374
444 375
444 376
444 377
444 378
444 379
444 380
444 381
444 412
444 414
444 441
444 442
444 443
444 445
444 446
444 448
444 454
444 455
444 456
444 459
445 266
445 267
445 272
445 273
445 356
445 357
445 358
445 359
445 360
445 361
445 374
445 375
445 376
445 442
445 443
445 444
445 446
445 447
445 448
445 453
445 454
445 455
445 456
445 459
446 272
446 356
446 357
446 358
446 359
446 360
446 361
446 362
446 376
446 444
446 445
446 447
446 448
446 449
446 450
446 452
446 453
446 454
446 455
446 456
447 134
447 137
447 273
447 358
447 359
447 361
447 445
447 446
447 448
447 449
447 450
447 451
447 452
447 453
447 454
447 455
448 106
448 107
448 132
448 133
448 134
448 270
448 271
448 272
448 273
448 274
448 356
448 357
448 358
448 359
448 444
448 445
448 446
448 447
448 449
448 450
448 451
448 452
448 453
448 454
448 455
449 106
449 107
449 108
449 131
449 132
449 133
449 134
449 135
449 137
449 270
449 271
449 272
449 273
449 274
449 311
449 446
449 447
449 448
449 450
449 451
449 452
449 453
450 106
450 107
450 108
450 132
450 133
450 134
450 135
450 136
450 137
450 138
450 269
450 270
450 271
450 272
450 273
450 446
450 447
450 448
450 449
450 451
450 452
450 453
450 454
451 106
451 107
451 108
451 109
451 133
451 134
451 135
451 136
451 137
451 138
451 139
451 141
451 252
451 253
451 269
451 270
451 271
451 272
451 447
451 448
451 449
451 450
451 452
451 453
452 134
452 137
452 138
452 253
452 255
452 256
452 257
452 267
452 268
452 269
452 270
452 271
452 272
452 446
452 447
452 448
452 449
452 450
452 451
452 453
452 454
453 257
453 267
453 268
453 269
453 270
453 271
453 272
453 273
453 445
453 446
453 447
453 448
453 449
453 450
453 451
453 452
453 454
453 455
454 259
454 260
454 266
454 267
454 268
454 269
454 270
454 271
454 272
454 273
454 359
454 444
454 445
454 446
454 447
454 448
454 450
454 452
454 453
454 455
454 456
454 457
455 259
455 265
455 266
455 267
455 268
455 269
455 272
455 273
455 276
455 356
455 357
455 358
455 359
455 376
455 377
455 443
455 444
455 445
455 446
455 447
455 448
455 453
455 454
455 456
455 457
455 458
455 459
455 460
456 23
456 27
456 259
456 260
456 264
456 265
456 266
456 267
456 268
456 359
456 375
456 376
456 377
456 378
456 379
456 443
456 444
456 445
456 446
456 454
456 455
456 457
456 458
456 459
456 460
457 20
457 23
457 24
457 25
457 26
457 27
457 28
457 30
457 259
457 260
457 264
457 265
457 266
457 267
457 268
457 376
457 377
457 443
457 454
457 455
457 456
457 458
457 459
457 460
457 461
457 462
458 19
458 20
458 22
458 23
458 24
458 26
458 27
458 265
458 266
458 267
458 376
458 377
458 378
458 379
458 380
458 443
458 455
458 456
458 457
458 459
458 460
458 461
458 462
458 463
459 23
459 26
459 27
459 266
459 276
459 280
459 376
459 377
459 378
459 379
459 380
459 381
459 409
459 442
459 443
459 444
459 445
459 455
459 456
459 457
459 458
459 460
459 461
459 462
459 463
459 464
459 465
460 23
460 24
460 25
460 26
460 27
460 28
460 29
460 30
460 267
460 276
460 277
460 279
460 280
460 377
460 379
460 380
460 443
460 455
460 456
460 457
460 458
460 459
460 461
460 462
460 463
460 464
460 465
460 466
461 19
461 22
461 23
461 24
461 25
461 26
461 27
461 280
461 284
461 379
461 409
461 457
461 458
461 459
461 460
461 462
461 463
461 464
461 465
461 466
461 467
462 23
462 26
462 280
462 377
462 378
462 379
462 380
462 404
462 407
462 408
462 409
462 410
462 411
462 443
462 457
462 458
462 459
462 460
462 461
462 463
462 464
462 465
462 466
462 467
463 276
463 277
463 279
463 280
463 281
463 284
463 354
463 379
463 380
463 381
463 404
463 409
463 410
463 411
463 441
463 442
463 443
463 458
463 459
463 460
463 461
463 462
463 464
463 465
463 466
463 467
463 468
463 469
464 26
464 277
464 279
464 280
464 281
464 282
464 283
464 284
464 285
464 287
464 288
464 409
464 459
464 460
464 461
464 462
464 463
464 465
464 466
464 467
464 468
464 469
464 470
465 280
465 284
465 287
465 288
465 403
465 404
465 407
465 408
465 409
465 459
465 460
465 461
465 462
465 463
465 464
465 466
465 467
465 468
465 469
465 470
466 280
466 281
466 284
466 379
466 380
466 400
466 401
466 403
466 404
466 405
466 406
466 407
466 408
466 409
466 410
466 411
466 460
466 461
466 462
466 463
466 464
466 465
466 467
466 468
466 469
466 470
466 471
466 472
467 99
467 100
467 280
467 281
467 282
467 283
467 284
467 285
467 287
467 288
467 352
467 354
467 400
467 403
467 404
467 407
467 461
467 462
467 463
467 464
467 465
467 466
467 468
467 469
467 470
467 471
467 472
467 473
468 280
468 281
468 282
468 283
468 284
468 285
468 286
468 287
468 288
468 289
468 403
468 407
468 463
468 464
468 465
468 466
468 467
468 469
468 470
468 471
468 472
468 473
469 284
469 288
469 400
469 402
469 403
469 404
469 405
469 406
469 407
469 408
469 409
469 463
469 464
469 465
469 466
469 467
469 468
469 470
469 471
469 472
469 473
469 474
470 98
470 99
470 100
470 284
470 285
470 288
470 302
470 350
470 351
470 352
470 399
470 400
470 402
470 403
470 404
470 406
470 407
470 464
470 465
470 466
470 467
470 468
470 469
470 471
470 472
470 473
470 474
470 475
470 477
471 97
471 98
471 99
471 100
471 284
471 285
471 287
471 288
471 289
471 298
471 300
471 301
471 302
471 303
471 403
471 466
471 467
471 468
471 469
471 470
471 472
471 473
471 474
471 475
472 98
472 285
472 288
472 289
472 294
472 295
472 297
472 298
472 300
472 302
472 403
472 466
472 467
472 468
472 469
472 470
472 471
472 473
472 474
472 475
472 476
472 477
473 98
473 298
473 399
473 400
473 402
473 403
473 406
473 407
473 467
473 468
473 469
473 470
473 471
473 472
473 474
473 475
473 476
473 477
473 478
474 97
474 98
474 99
474 298
474 300
474 349
474 350
474 399
474 400
474 402
474 403
474 469
474 470
474 471
474 472
474 473
474 475
474 476
474 477
474 478
474 479
474 480
475 95
475 96
475 97
475 98
475 298
475 299
475 300
475 301
475 348
475 349
475 350
475 470
475 471
475 472
475 473
475 474
475 476
475 477
475 478
475 479
475 480
476 298
476 299
476 472
476 473
476 474
476 475
476 477
476 478
476 479
476 480
476 481
477 399
477 400
477 402
477 403
477 470
477 472
477 473
477 474
477 475
477 476
477 478
477 479
477 480
477 481
478 96
478 347
478 348
478 349
478 350
478 399
478 473
478 474
478 475
478 476
478 477
478 479
478 480
478 481
478 482
479 348
479 474
479 475
479 476
479 477
479 478
479 480
479 481
479 482
480 399
480 474
480 475
480 476
480 477
480 478
480 479
480 481
480 482
480 483
481 395
481 398
481 399
481 476
481 477
481 478
481 479
481 480
481 482
481 483
481 484
482 395
482 478
482 479
482 480
482 481
482 483
482 484
483 395
483 480
483 481
483 482
483 484
484 347
484 481
484 482
484 483
