0 1
0 2
0 3
1 0
1 2
1 3
1 4
2 0
2 1
2 3
2 4
2 5
3 0
3 1
3 2
3 4
3 5
3 6
4 1
4 2
4 3
4 5
4 6
4 7
5 2
5 3
5 4
5 6
5 7
5 8
6 3
6 4
6 5
6 7
6 8
6 9
7 4
7 5
7 6
7 8
7 9
7 10
8 5
8 6
8 7
8 9
8 10
8 11
8 248
8 250
9 6
9 7
9 8
9 10
9 11
9 12
9 13
9 14
9 248
9 249
9 250
9 251
9 252
10 7
10 8
10 9
10 11
10 12
10 13
10 14
10 250
11 8
11 9
11 10
11 12
11 13
11 14
11 250
11 251
12 9
12 10
12 11
12 13
12 14
12 15
12 250
12 251
12 252
13 9
13 10
13 11
13 12
13 14
13 15
13 16
13 235
13 250
13 251
13 252
13 253
14 9
14 10
14 11
14 12
14 13
14 15
14 16
14 232
14 250
14 251
14 252
14 253
14 254
15 12
15 13
15 14
15 16
15 17
15 18
15 19
15 117
15 118
15 119
15 229
15 230
15 231
15 232
15 233
15 234
15 235
15 251
15 252
15 253
15 254
15 255
16 13
16 14
16 15
16 17
16 18
16 19
16 116
16 117
16 118
16 119
16 230
16 231
16 232
16 234
16 252
16 253
16 254
16 255
16 256
16 257
17 15
17 16
17 18
17 19
17 116
17 117
17 118
17 119
17 228
17 229
17 230
17 231
17 232
17 233
17 253
17 254
17 255
17 256
17 257
17 484
18 15
18 16
18 17
18 19
18 20
18 21
18 31
18 34
18 116
18 117
18 118
18 119
18 120
18 230
18 234
18 253
18 254
18 255
18 256
18 257
18 258
18 457
18 458
18 459
18 484
19 15
19 16
19 17
19 18
19 20
19 21
19 22
19 27
19 31
19 117
19 118
19 119
19 120
19 121
19 190
19 234
19 236
19 252
19 253
19 254
19 255
19 256
19 257
19 258
19 259
19 458
20 18
20 19
20 21
20 22
20 23
20 26
20 27
20 28
20 30
20 31
20 118
20 119
20 120
20 121
20 122
20 190
20 191
20 254
20 256
20 257
20 258
20 259
20 260
20 261
20 459
20 460
21 18
21 19
21 20
21 22
21 23
21 24
21 26
21 27
21 119
21 120
21 121
21 122
21 123
21 195
21 196
21 197
21 200
21 236
21 257
21 258
21 259
21 260
21 261
21 262
21 460
22 19
22 20
22 21
22 23
22 24
22 25
22 26
22 27
22 28
22 120
22 121
22 122
22 123
22 124
22 126
22 127
22 128
22 129
22 191
22 193
22 195
22 196
22 197
22 258
22 259
22 260
22 261
22 262
23 20
23 21
23 22
23 24
23 25
23 26
23 27
23 28
23 29
23 30
23 31
23 119
23 120
23 121
23 122
23 123
23 124
23 125
23 126
23 127
23 128
23 129
23 178
23 179
23 182
23 191
23 192
23 193
23 260
23 261
23 262
24 21
24 22
24 23
24 25
24 26
24 27
24 28
24 29
24 120
24 121
24 122
24 123
24 124
24 125
24 126
24 127
24 128
24 129
24 130
24 131
24 175
24 178
24 179
24 260
24 261
24 262
24 462
24 470
25 22
25 23
25 24
25 26
25 27
25 28
25 29
25 30
25 31
25 126
25 127
25 128
25 129
25 130
25 146
25 147
25 148
25 175
25 178
25 260
25 261
25 262
25 462
25 469
25 470
25 471
25 473
25 474
25 477
26 20
26 21
26 22
26 23
26 24
26 25
26 27
26 28
26 29
26 30
26 31
26 32
26 127
26 128
26 148
26 258
26 259
26 260
26 261
26 262
26 460
26 461
26 462
26 463
26 467
26 470
26 471
26 472
26 473
26 474
26 475
26 476
26 477
27 19
27 20
27 21
27 22
27 23
27 24
27 25
27 26
27 28
27 29
27 30
27 31
27 32
27 119
27 120
27 121
27 122
27 126
27 127
27 128
27 191
27 258
27 259
27 260
27 261
27 461
27 462
27 473
27 474
27 476
27 477
28 20
28 22
28 23
28 24
28 25
28 26
28 27
28 29
28 30
28 31
28 32
28 33
28 34
28 120
28 126
28 127
28 128
28 148
28 149
28 178
28 179
28 181
28 182
28 187
28 190
28 191
28 260
28 474
28 477
29 23
29 24
29 25
29 26
29 27
29 28
29 30
29 31
29 32
29 33
29 34
29 35
29 37
29 148
29 149
29 182
29 260
29 470
29 473
29 474
29 475
29 476
29 477
29 478
30 20
30 23
30 25
30 26
30 27
30 28
30 29
30 31
30 32
30 33
30 34
30 35
30 37
30 118
30 120
30 258
30 260
30 461
30 473
30 474
30 475
30 476
30 477
30 478
30 479
30 480
30 481
31 18
31 19
31 20
31 23
31 25
31 26
31 27
31 28
31 29
31 30
31 32
31 33
31 34
31 35
31 36
31 37
31 115
31 116
31 117
31 118
31 119
31 120
31 182
31 187
31 188
31 190
31 191
31 477
31 481
32 26
32 27
32 28
32 29
32 30
32 31
32 33
32 34
32 35
32 36
32 37
32 38
32 110
32 115
32 148
32 149
32 150
32 181
32 182
32 185
32 186
32 187
32 190
32 477
32 481
33 28
33 29
33 30
33 31
33 32
33 34
33 35
33 36
33 37
33 38
33 39
33 65
33 108
33 110
33 111
33 114
33 115
33 116
33 149
33 474
33 477
33 478
33 480
33 481
33 482
34 18
34 28
34 29
34 30
34 31
34 32
34 33
34 35
34 36
34 37
34 38
34 112
34 114
34 115
34 116
34 117
34 118
34 187
34 477
34 478
34 480
34 481
34 482
34 484
34 485
35 29
35 30
35 31
35 32
35 33
35 34
35 36
35 37
35 38
35 110
35 111
35 112
35 113
35 114
35 115
35 116
35 117
35 118
35 185
35 186
35 187
35 190
35 481
36 31
36 32
36 33
36 34
36 35
36 37
36 38
36 39
36 108
36 109
36 110
36 111
36 112
36 113
36 114
36 115
36 116
36 117
36 481
37 29
37 30
37 31
37 32
37 33
37 34
37 35
37 36
37 38
37 39
37 40
37 63
37 65
37 108
37 109
37 110
37 111
37 112
37 114
37 115
37 149
37 150
37 185
38 32
38 33
38 34
38 35
38 36
38 37
38 39
38 40
38 62
38 63
38 64
38 65
38 66
38 106
38 107
38 108
38 109
38 110
38 111
38 112
38 114
38 150
38 478
38 481
39 33
39 36
39 37
39 38
39 40
39 41
39 42
39 62
39 63
39 64
39 65
39 66
39 88
39 91
39 92
39 105
39 106
39 107
39 108
39 109
39 110
39 149
39 150
39 478
40 37
40 38
40 39
40 41
40 42
40 43
40 56
40 59
40 60
40 61
40 62
40 63
40 64
40 65
40 66
40 105
40 106
40 107
40 108
40 109
41 39
41 40
41 42
41 43
41 44
41 45
41 46
41 47
41 53
41 56
41 57
41 59
41 60
41 61
41 62
41 63
41 64
41 91
41 104
41 105
41 106
41 107
41 108
42 39
42 40
42 41
42 43
42 44
42 45
42 46
42 60
42 104
42 105
42 106
42 107
42 108
43 40
43 41
43 42
43 44
43 45
43 46
43 60
43 61
43 105
43 106
43 107
44 41
44 42
44 43
44 45
44 46
44 47
44 105
45 41
45 42
45 43
45 44
45 46
45 47
45 48
45 53
45 103
45 104
45 105
45 106
45 107
46 41
46 42
46 43
46 44
46 45
46 47
46 48
46 49
46 50
46 52
46 53
46 54
46 56
46 57
46 104
46 105
47 41
47 44
47 45
47 46
47 48
47 49
47 50
47 51
47 52
47 53
47 54
47 56
47 90
47 91
47 94
47 95
47 102
47 103
47 104
47 105
47 106
48 45
48 46
48 47
48 49
48 50
48 51
48 52
48 53
48 90
48 91
48 94
48 95
48 102
48 105
49 46
49 47
49 48
49 50
49 51
49 52
49 53
49 54
49 76
49 90
49 94
49 95
50 46
50 47
50 48
50 49
50 51
50 52
50 53
50 54
50 55
50 56
51 47
51 48
51 49
51 50
51 52
51 53
51 54
51 55
51 56
51 72
51 74
51 75
51 76
52 46
52 47
52 48
52 49
52 50
52 51
52 53
52 54
52 55
52 56
52 57
52 71
52 72
52 73
52 74
52 75
52 76
52 87
52 90
52 91
53 41
53 45
53 46
53 47
53 48
53 49
53 50
53 51
53 52
53 54
53 55
53 56
53 57
53 58
53 60
53 72
53 91
53 105
54 46
54 47
54 49
54 50
54 51
54 52
54 53
54 55
54 56
54 57
54 58
54 59
54 60
54 72
55 50
55 51
55 52
55 53
55 54
55 56
55 57
55 58
55 59
55 60
55 67
55 68
55 71
55 72
55 73
56 40
56 41
56 46
56 47
56 50
56 51
56 52
56 53
56 54
56 55
56 57
56 58
56 59
56 60
56 61
56 62
56 64
56 67
56 68
56 71
56 72
57 41
57 46
57 52
57 53
57 54
57 55
57 56
57 58
57 59
57 60
57 61
57 62
58 53
58 54
58 55
58 56
58 57
58 59
58 60
58 61
58 62
58 67
59 40
59 41
59 54
59 55
59 56
59 57
59 58
59 60
59 61
59 62
59 63
59 64
59 66
59 67
59 68
60 40
60 41
60 42
60 43
60 53
60 54
60 55
60 56
60 57
60 58
60 59
60 61
60 62
60 63
60 64
60 67
61 40
61 41
61 43
61 56
61 57
61 58
61 59
61 60
61 62
61 63
61 64
61 66
61 67
62 38
62 39
62 40
62 41
62 56
62 57
62 58
62 59
62 60
62 61
62 63
62 64
62 65
62 66
62 67
63 37
63 38
63 39
63 40
63 41
63 59
63 60
63 61
63 62
63 64
63 65
63 66
63 67
63 106
63 107
63 108
63 109
64 38
64 39
64 40
64 41
64 56
64 59
64 60
64 61
64 62
64 63
64 65
64 66
64 67
64 68
64 69
64 72
64 88
64 91
64 106
64 478
64 482
65 33
65 37
65 38
65 39
65 40
65 62
65 63
65 64
65 66
65 67
65 68
65 69
65 477
65 478
65 479
65 480
65 481
65 482
65 483
65 485
65 486
66 38
66 39
66 40
66 59
66 61
66 62
66 63
66 64
66 65
66 67
66 68
66 69
66 478
66 481
66 482
66 483
66 485
66 486
67 55
67 56
67 58
67 59
67 60
67 61
67 62
67 63
67 64
67 65
67 66
67 68
67 69
67 70
67 71
67 72
67 482
68 55
68 56
68 59
68 64
68 65
68 66
68 67
68 69
68 70
68 71
68 72
68 73
68 448
68 482
69 64
69 65
69 66
69 67
69 68
69 70
69 71
69 72
69 73
69 74
69 83
69 84
69 87
69 88
69 447
69 448
69 449
69 475
69 478
69 479
69 482
70 67
70 68
70 69
70 71
70 72
70 73
70 74
70 83
70 84
70 87
70 447
70 448
70 449
71 52
71 55
71 56
71 67
71 68
71 69
71 70
71 72
71 73
71 74
71 75
72 51
72 52
72 53
72 54
72 55
72 56
72 64
72 67
72 68
72 69
72 70
72 71
72 73
72 74
72 75
72 76
72 83
72 84
72 87
72 88
73 52
73 55
73 68
73 69
73 70
73 71
73 72
73 74
73 75
73 76
73 77
73 82
73 83
73 84
73 85
73 86
73 87
73 88
73 90
73 448
74 51
74 52
74 69
74 70
74 71
74 72
74 73
74 75
74 76
74 77
74 83
74 84
74 87
75 51
75 52
75 71
75 72
75 73
75 74
75 76
75 77
75 83
75 87
76 49
76 51
76 52
76 72
76 73
76 74
76 75
76 77
76 78
76 83
76 84
76 86
76 87
76 90
77 73
77 74
77 75
77 76
77 78
77 79
77 80
77 81
77 83
77 86
77 87
77 90
77 97
78 76
78 77
78 79
78 80
78 81
78 82
78 83
78 85
78 86
78 87
78 89
78 90
78 95
78 96
78 97
78 472
79 77
79 78
79 80
79 81
79 82
79 83
79 85
79 86
79 89
79 97
79 467
79 468
79 469
79 472
80 77
80 78
80 79
80 81
80 82
80 83
80 84
80 85
80 86
80 87
80 89
80 465
80 466
80 467
80 468
80 469
80 471
80 472
80 473
80 475
81 77
81 78
81 79
81 80
81 82
81 83
81 84
81 85
81 86
81 447
81 465
81 466
81 467
81 472
82 73
82 78
82 79
82 80
82 81
82 83
82 84
82 85
82 86
82 87
82 445
82 446
82 447
82 448
82 450
82 465
82 466
82 467
82 472
82 473
82 475
82 476
83 69
83 70
83 72
83 73
83 74
83 75
83 76
83 77
83 78
83 79
83 80
83 81
83 82
83 84
83 85
83 86
83 87
83 88
83 89
83 447
83 448
83 472
83 475
83 476
84 69
84 70
84 72
84 73
84 74
84 76
84 80
84 81
84 82
84 83
84 85
84 86
84 87
84 88
84 89
84 90
84 447
84 448
84 449
84 450
84 472
84 473
84 474
84 475
84 476
84 477
84 478
84 479
85 73
85 78
85 79
85 80
85 81
85 82
85 83
85 84
85 86
85 87
85 88
85 89
85 90
85 447
85 448
85 461
85 462
85 467
85 471
85 472
85 473
85 474
85 475
85 476
85 477
85 478
85 479
86 73
86 76
86 77
86 78
86 79
86 80
86 81
86 82
86 83
86 84
86 85
86 87
86 88
86 89
86 90
86 91
86 92
86 467
86 471
86 472
86 473
86 474
86 475
87 52
87 69
87 70
87 72
87 73
87 74
87 75
87 76
87 77
87 78
87 80
87 82
87 83
87 84
87 85
87 86
87 88
87 89
87 90
87 91
87 92
87 93
87 94
87 472
87 474
87 475
88 39
88 64
88 69
88 72
88 73
88 83
88 84
88 85
88 86
88 87
88 89
88 90
88 91
88 92
88 93
88 94
88 106
88 471
88 472
88 473
88 474
88 475
88 476
88 477
88 478
88 479
89 78
89 79
89 80
89 83
89 84
89 85
89 86
89 87
89 88
89 90
89 91
89 92
89 93
89 94
89 95
89 96
89 97
89 104
89 145
89 470
89 471
89 472
89 473
89 474
89 475
90 47
90 48
90 49
90 52
90 73
90 76
90 77
90 78
90 84
90 85
90 86
90 87
90 88
90 89
90 91
90 92
90 93
90 94
90 95
90 96
90 97
90 104
90 105
90 471
90 472
91 39
91 41
91 47
91 48
91 52
91 53
91 64
91 86
91 87
91 88
91 89
91 90
91 92
91 93
91 94
91 95
91 102
91 103
91 104
91 105
91 106
92 39
92 86
92 87
92 88
92 89
92 90
92 91
92 93
92 94
92 95
92 96
92 102
92 103
92 104
92 105
92 106
92 107
92 145
92 147
92 148
92 149
92 150
92 471
92 472
92 474
93 87
93 88
93 89
93 90
93 91
93 92
93 94
93 95
93 96
93 97
93 100
93 101
93 102
93 103
93 104
93 105
93 106
93 144
93 145
93 471
94 47
94 48
94 49
94 87
94 88
94 89
94 90
94 91
94 92
94 93
94 95
94 96
94 97
94 98
94 99
94 100
94 101
94 102
94 103
94 104
94 105
95 47
95 48
95 49
95 78
95 89
95 90
95 91
95 92
95 93
95 94
95 96
95 97
95 98
95 99
95 100
95 101
95 102
96 78
96 89
96 90
96 92
96 93
96 94
96 95
96 97
96 98
96 99
96 100
96 101
96 102
96 145
97 77
97 78
97 79
97 89
97 90
97 93
97 94
97 95
97 96
97 98
97 99
97 100
97 101
98 94
98 95
98 96
98 97
98 99
98 100
98 101
99 94
99 95
99 96
99 97
99 98
99 100
99 101
99 102
100 93
100 94
100 95
100 96
100 97
100 98
100 99
100 101
100 102
100 103
101 93
101 94
101 95
101 96
101 97
101 98
101 99
101 100
101 102
101 103
101 104
101 144
102 47
102 48
102 91
102 92
102 93
102 94
102 95
102 96
102 99
102 100
102 101
102 103
102 104
102 105
103 45
103 47
103 91
103 92
103 93
103 94
103 100
103 101
103 102
103 104
103 105
103 106
104 41
104 42
104 45
104 46
104 47
104 89
104 90
104 91
104 92
104 93
104 94
104 101
104 102
104 103
104 105
104 106
104 107
104 149
104 150
104 152
105 39
105 40
105 41
105 42
105 43
105 44
105 45
105 46
105 47
105 48
105 53
105 90
105 91
105 92
105 93
105 94
105 102
105 103
105 104
105 106
105 107
106 38
106 39
106 40
106 41
106 42
106 43
106 45
106 47
106 63
106 64
106 88
106 91
106 92
106 93
106 103
106 104
106 105
106 107
106 108
106 109
106 149
106 150
107 38
107 39
107 40
107 41
107 42
107 43
107 45
107 63
107 92
107 104
107 105
107 106
107 108
107 109
107 149
107 150
108 33
108 36
108 37
108 38
108 39
108 40
108 41
108 42
108 63
108 106
108 107
108 109
108 110
108 111
108 149
108 150
108 151
109 36
109 37
109 38
109 39
109 40
109 63
109 106
109 107
109 108
109 110
109 111
109 112
109 150
110 32
110 33
110 35
110 36
110 37
110 38
110 39
110 108
110 109
110 111
110 112
110 113
110 114
110 115
110 185
111 33
111 35
111 36
111 37
111 38
111 108
111 109
111 110
111 112
111 113
111 114
111 115
112 34
112 35
112 36
112 37
112 38
112 109
112 110
112 111
112 113
112 114
112 115
112 116
113 35
113 36
113 110
113 111
113 112
113 114
113 115
113 116
114 33
114 34
114 35
114 36
114 37
114 38
114 110
114 111
114 112
114 113
114 115
114 116
114 117
114 481
114 485
114 488
115 31
115 32
115 33
115 34
115 35
115 36
115 37
115 110
115 111
115 112
115 113
115 114
115 116
115 117
115 118
115 485
116 16
116 17
116 18
116 31
116 33
116 34
116 35
116 36
116 112
116 113
116 114
116 115
116 117
116 118
116 119
116 481
116 484
116 485
116 488
117 15
117 16
117 17
117 18
117 19
117 31
117 34
117 35
117 36
117 114
117 115
117 116
117 118
117 119
117 190
118 15
118 16
118 17
118 18
118 19
118 20
118 30
118 31
118 34
118 35
118 115
118 116
118 117
118 119
118 120
118 189
118 190
118 191
118 254
118 256
118 257
119 15
119 16
119 17
119 18
119 19
119 20
119 21
119 23
119 27
119 31
119 116
119 117
119 118
119 120
119 121
119 122
119 187
119 188
119 189
119 190
119 191
119 192
119 254
119 257
120 18
120 19
120 20
120 21
120 22
120 23
120 24
120 27
120 28
120 30
120 31
120 118
120 119
120 121
120 122
120 126
120 187
120 188
120 189
120 190
120 191
120 192
120 193
120 195
120 258
120 260
121 19
121 20
121 21
121 22
121 23
121 24
121 27
121 119
121 120
121 122
121 123
121 124
121 125
121 126
121 190
121 191
121 192
121 193
121 194
121 195
121 196
121 197
121 238
121 240
121 260
122 20
122 21
122 22
122 23
122 24
122 27
122 119
122 120
122 121
122 123
122 124
122 125
122 126
122 127
122 128
122 191
122 192
122 193
122 194
122 195
122 196
122 197
122 240
122 260
122 261
123 21
123 22
123 23
123 24
123 121
123 122
123 124
123 125
123 126
123 128
123 129
123 192
123 193
123 194
123 195
123 196
123 197
123 240
123 241
124 22
124 23
124 24
124 121
124 122
124 123
124 125
124 126
124 127
124 128
124 129
124 131
124 132
124 192
124 193
124 194
124 195
124 196
124 241
125 23
125 24
125 121
125 122
125 123
125 124
125 126
125 127
125 128
125 129
125 130
125 131
125 175
125 176
125 178
125 179
125 191
125 192
125 193
125 194
126 22
126 23
126 24
126 25
126 27
126 28
126 120
126 121
126 122
126 123
126 124
126 125
126 127
126 128
126 129
126 130
126 131
126 175
126 176
126 177
126 178
126 179
126 180
126 181
126 182
126 183
126 188
126 191
126 192
126 193
127 22
127 23
127 24
127 25
127 26
127 27
127 28
127 122
127 124
127 125
127 126
127 128
127 129
127 130
127 131
127 132
127 171
127 172
127 174
127 175
127 176
127 177
127 178
127 179
127 180
127 181
127 182
128 22
128 23
128 24
128 25
128 26
128 27
128 28
128 122
128 123
128 124
128 125
128 126
128 127
128 129
128 130
128 131
128 132
128 133
128 175
128 178
128 179
128 193
128 260
128 261
128 262
128 264
128 265
129 22
129 23
129 24
129 25
129 123
129 124
129 125
129 126
129 127
129 128
129 130
129 131
129 132
129 133
129 171
129 175
129 261
129 262
129 263
129 264
129 265
130 24
130 25
130 125
130 126
130 127
130 128
130 129
130 131
130 132
130 133
130 134
130 135
130 170
130 171
130 172
130 173
130 174
130 175
130 176
130 178
130 264
131 24
131 124
131 125
131 126
131 127
131 128
131 129
131 130
131 132
131 133
131 134
131 135
131 171
131 172
131 173
131 174
131 175
131 176
131 178
131 179
132 124
132 127
132 128
132 129
132 130
132 131
132 133
132 134
132 135
132 171
132 172
132 175
132 264
132 283
132 284
132 285
133 128
133 129
133 130
133 131
133 132
133 134
133 135
133 136
133 137
133 139
133 170
133 171
133 172
133 175
133 264
133 283
133 284
133 285
133 311
134 130
134 131
134 132
134 133
134 135
134 136
134 137
134 138
134 139
134 170
134 171
134 172
134 283
134 284
134 285
134 287
134 288
134 311
134 314
134 315
134 318
135 130
135 131
135 132
135 133
135 134
135 136
135 137
135 138
135 139
135 169
135 170
135 171
135 172
135 173
135 174
135 175
135 285
135 288
136 133
136 134
136 135
136 137
136 138
136 139
136 169
136 170
136 171
136 172
136 314
136 318
137 133
137 134
137 135
137 136
137 138
137 139
137 140
137 168
137 169
137 170
137 171
137 172
137 311
137 314
137 317
137 318
138 134
138 135
138 136
138 137
138 139
138 140
138 141
138 142
138 143
138 166
138 167
138 168
138 169
138 170
138 171
138 172
138 314
138 349
138 351
139 133
139 134
139 135
139 136
139 137
139 138
139 140
139 141
139 142
139 143
139 146
139 167
139 168
139 169
139 170
139 171
139 172
139 173
139 174
140 137
140 138
140 139
140 141
140 142
140 143
140 168
140 169
140 170
140 171
140 310
140 344
140 348
140 349
141 138
141 139
141 140
141 142
141 143
141 144
141 145
141 146
141 167
141 168
141 169
141 348
141 469
141 470
141 471
142 138
142 139
142 140
142 141
142 143
142 144
142 145
142 146
142 147
142 166
142 167
142 168
142 169
143 138
143 139
143 140
143 141
143 142
143 144
143 145
143 146
143 147
143 152
143 153
143 154
143 157
143 164
143 166
143 167
143 168
143 169
143 170
143 171
143 173
143 174
144 93
144 101
144 141
144 142
144 143
144 145
144 146
144 147
144 148
144 152
144 153
144 154
144 167
144 168
144 169
144 470
144 471
145 89
145 92
145 93
145 96
145 141
145 142
145 143
145 144
145 146
145 147
145 148
145 152
145 153
145 167
145 168
145 469
145 470
145 471
145 472
146 25
146 139
146 141
146 142
146 143
146 144
146 145
146 147
146 148
146 149
146 152
146 153
146 168
146 169
146 171
146 174
146 177
146 178
146 469
146 470
146 471
146 472
147 25
147 92
147 142
147 143
147 144
147 145
147 146
147 148
147 149
147 150
147 151
147 152
147 153
147 154
147 156
147 174
147 177
147 178
147 181
147 470
147 471
148 25
148 26
148 28
148 29
148 32
148 92
148 144
148 145
148 146
148 147
148 149
148 150
148 151
148 152
148 153
148 177
148 178
148 181
148 470
148 471
148 474
149 28
149 29
149 32
149 33
149 37
149 39
149 92
149 104
149 106
149 107
149 108
149 146
149 147
149 148
149 150
149 151
149 152
149 153
149 181
149 471
149 474
150 32
150 37
150 38
150 39
150 92
150 104
150 106
150 107
150 108
150 109
150 147
150 148
150 149
150 151
150 152
150 153
150 181
150 185
151 108
151 147
151 148
151 149
151 150
151 152
151 153
151 154
151 155
151 156
151 177
151 181
151 184
151 185
152 104
152 143
152 144
152 145
152 146
152 147
152 148
152 149
152 150
152 151
152 153
152 154
152 155
152 156
152 157
152 177
152 181
153 143
153 144
153 145
153 146
153 147
153 148
153 149
153 150
153 151
153 152
153 154
153 155
153 156
153 157
153 158
153 159
153 169
153 173
153 174
153 177
153 178
153 181
154 143
154 144
154 147
154 151
154 152
154 153
154 155
154 156
154 157
154 158
154 159
154 162
154 163
154 164
154 167
155 151
155 152
155 153
155 154
155 156
155 157
155 158
155 159
155 160
156 147
156 151
156 152
156 153
156 154
156 155
156 157
156 158
156 159
156 160
156 161
156 162
156 177
156 180
156 181
157 143
157 152
157 153
157 154
157 155
157 156
157 158
157 159
157 160
157 161
157 162
157 163
157 164
157 173
157 177
158 153
158 154
158 155
158 156
158 157
158 159
158 160
158 161
158 162
158 163
158 164
159 153
159 154
159 155
159 156
159 157
159 158
159 160
159 161
159 162
160 155
160 156
160 157
160 158
160 159
160 161
160 162
160 163
161 156
161 157
161 158
161 159
161 160
161 162
161 163
161 164
162 154
162 156
162 157
162 158
162 159
162 160
162 161
162 163
162 164
162 165
163 154
163 157
163 158
163 160
163 161
163 162
163 164
163 165
163 166
164 143
164 154
164 157
164 158
164 161
164 162
164 163
164 165
164 166
164 167
164 168
164 169
164 170
165 162
165 163
165 164
165 166
165 167
165 168
165 169
166 138
166 142
166 143
166 163
166 164
166 165
166 167
166 168
166 169
166 348
167 138
167 139
167 141
167 142
167 143
167 144
167 145
167 154
167 164
167 165
167 166
167 168
167 169
167 348
168 137
168 138
168 139
168 140
168 141
168 142
168 143
168 144
168 145
168 146
168 164
168 165
168 166
168 167
168 169
168 170
168 171
168 348
168 349
169 135
169 136
169 137
169 138
169 139
169 140
169 141
169 142
169 143
169 144
169 146
169 153
169 164
169 165
169 166
169 167
169 168
169 170
169 171
169 172
169 173
169 174
170 130
170 133
170 134
170 135
170 136
170 137
170 138
170 139
170 140
170 143
170 164
170 168
170 169
170 171
170 172
170 173
170 174
170 175
171 127
171 129
171 130
171 131
171 132
171 133
171 134
171 135
171 136
171 137
171 138
171 139
171 140
171 143
171 146
171 168
171 169
171 170
171 172
171 173
171 174
171 175
171 176
171 177
172 127
172 130
172 131
172 132
172 133
172 134
172 135
172 136
172 137
172 138
172 139
172 169
172 170
172 171
172 173
172 174
172 175
172 176
172 177
173 130
173 131
173 135
173 139
173 143
173 153
173 157
173 169
173 170
173 171
173 172
173 174
173 175
173 176
173 177
173 178
173 179
174 127
174 130
174 131
174 135
174 139
174 143
174 146
174 147
174 153
174 169
174 170
174 171
174 172
174 173
174 175
174 176
174 177
174 178
174 179
174 180
175 24
175 25
175 125
175 126
175 127
175 128
175 129
175 130
175 131
175 132
175 133
175 135
175 170
175 171
175 172
175 173
175 174
175 176
175 177
175 178
175 179
175 180
175 181
176 125
176 126
176 127
176 130
176 131
176 171
176 172
176 173
176 174
176 175
176 177
176 178
176 179
176 180
176 181
177 126
177 127
177 146
177 147
177 148
177 151
177 152
177 153
177 156
177 157
177 171
177 172
177 173
177 174
177 175
177 176
177 178
177 179
177 180
177 181
177 182
177 183
178 23
178 24
178 25
178 28
178 125
178 126
178 127
178 128
178 130
178 131
178 146
178 147
178 148
178 153
178 173
178 174
178 175
178 176
178 177
178 179
178 180
178 181
178 182
178 183
178 184
179 23
179 24
179 28
179 125
179 126
179 127
179 128
179 131
179 173
179 174
179 175
179 176
179 177
179 178
179 180
179 181
179 182
179 183
179 184
179 188
180 126
180 127
180 156
180 174
180 175
180 176
180 177
180 178
180 179
180 181
180 182
180 183
180 184
180 185
180 188
181 28
181 32
181 126
181 127
181 147
181 148
181 149
181 150
181 151
181 152
181 153
181 156
181 175
181 176
181 177
181 178
181 179
181 180
181 182
181 183
181 184
181 185
181 186
181 187
181 188
182 23
182 28
182 29
182 31
182 32
182 126
182 127
182 177
182 178
182 179
182 180
182 181
182 183
182 184
182 185
182 186
182 187
182 188
182 189
182 190
182 191
183 126
183 177
183 178
183 179
183 180
183 181
183 182
183 184
183 185
183 186
183 187
183 188
183 189
184 151
184 178
184 179
184 180
184 181
184 182
184 183
184 185
184 186
184 187
184 188
185 32
185 35
185 37
185 110
185 150
185 151
185 180
185 181
185 182
185 183
185 184
185 186
185 187
185 188
186 32
186 35
186 181
186 182
186 183
186 184
186 185
186 187
186 188
186 189
186 190
187 28
187 31
187 32
187 34
187 35
187 119
187 120
187 181
187 182
187 183
187 184
187 185
187 186
187 188
187 189
187 190
187 191
188 31
188 119
188 120
188 126
188 179
188 180
188 181
188 182
188 183
188 184
188 185
188 186
188 187
188 189
188 190
188 191
188 192
188 193
189 118
189 119
189 120
189 182
189 183
189 186
189 187
189 188
189 190
189 191
189 192
190 19
190 20
190 28
190 31
190 32
190 35
190 117
190 118
190 119
190 120
190 121
190 182
190 186
190 187
190 188
190 189
190 191
190 192
191 20
191 22
191 23
191 27
191 28
191 31
191 118
191 119
191 120
191 121
191 122
191 125
191 126
191 182
191 187
191 188
191 189
191 190
191 192
191 193
191 194
191 195
192 23
192 119
192 120
192 121
192 122
192 123
192 124
192 125
192 126
192 188
192 189
192 190
192 191
192 193
192 194
192 195
192 240
193 22
193 23
193 120
193 121
193 122
193 123
193 124
193 125
193 126
193 128
193 188
193 191
193 192
193 194
193 195
193 196
193 240
193 241
193 242
194 121
194 122
194 123
194 124
194 125
194 191
194 192
194 193
194 195
194 196
194 239
194 240
194 241
194 242
194 243
194 247
195 21
195 22
195 120
195 121
195 122
195 123
195 124
195 191
195 192
195 193
195 194
195 196
195 197
195 198
195 238
195 239
195 240
195 241
195 242
195 247
195 248
195 249
195 250
196 21
196 22
196 121
196 122
196 123
196 124
196 193
196 194
196 195
196 197
196 198
196 199
196 237
196 238
196 239
196 240
196 241
196 247
196 249
196 250
196 420
197 21
197 22
197 121
197 122
197 123
197 195
197 196
197 198
197 199
197 200
197 236
197 237
197 238
197 239
197 240
197 249
197 250
197 251
197 418
197 419
197 420
197 421
198 195
198 196
198 197
198 199
198 200
198 236
198 237
198 238
198 239
198 249
198 250
198 418
198 419
198 420
198 421
199 196
199 197
199 198
199 200
199 201
199 202
199 235
199 236
199 237
199 238
199 251
199 418
199 419
199 420
199 421
199 422
200 21
200 197
200 198
200 199
200 201
200 202
200 203
200 234
200 235
200 236
200 237
200 238
200 252
200 253
200 254
200 257
200 418
200 419
200 420
200 421
200 422
201 199
201 200
201 202
201 203
201 204
201 233
201 234
201 235
201 236
201 237
201 253
201 420
201 421
201 422
202 199
202 200
202 201
202 203
202 204
202 205
202 232
202 233
202 234
202 235
202 236
202 253
202 254
202 255
202 455
202 456
202 457
202 458
203 200
203 201
203 202
203 204
203 205
203 206
203 232
203 233
203 234
203 235
203 236
203 253
203 254
204 201
204 202
204 203
204 205
204 206
204 207
204 232
204 233
204 234
204 235
205 202
205 203
205 204
205 206
205 207
205 208
205 209
205 232
205 233
206 203
206 204
206 205
206 207
206 208
206 209
207 204
207 205
207 206
207 208
207 209
207 210
207 211
208 205
208 206
208 207
208 209
208 210
208 211
208 212
209 205
209 206
209 207
209 208
209 210
209 211
209 212
209 213
210 207
210 208
210 209
210 211
210 212
210 213
211 207
211 208
211 209
211 210
211 212
211 213
211 214
212 208
212 209
212 210
212 211
212 213
212 214
212 215
213 209
213 210
213 211
213 212
213 214
213 215
213 216
214 211
214 212
214 213
214 215
214 216
214 217
215 212
215 213
215 214
215 216
215 217
215 218
216 213
216 214
216 215
216 217
216 218
216 219
217 214
217 215
217 216
217 218
217 219
217 220
218 215
218 216
218 217
218 219
218 220
218 221
219 216
219 217
219 218
219 220
219 221
219 222
220 217
220 218
220 219
220 221
220 222
220 223
221 218
221 219
221 220
221 222
221 223
221 224
222 219
222 220
222 221
222 223
222 224
222 225
223 220
223 221
223 222
223 224
223 225
223 226
224 221
224 222
224 223
224 225
224 226
224 227
225 222
225 223
225 224
225 226
225 227
225 228
225 229
226 223
226 224
226 225
226 227
226 228
226 229
227 224
227 225
227 226
227 228
227 229
227 230
228 17
228 225
228 226
228 227
228 229
228 230
228 231
228 491
229 15
229 17
229 225
229 226
229 227
229 228
229 230
229 231
229 232
229 255
230 15
230 16
230 17
230 18
230 227
230 228
230 229
230 231
230 232
230 233
230 253
230 254
230 255
230 256
231 15
231 16
231 17
231 228
231 229
231 230
231 232
231 233
231 234
231 253
231 254
231 255
231 256
232 14
232 15
232 16
232 17
232 202
232 203
232 204
232 205
232 229
232 230
232 231
232 233
232 234
232 235
232 252
232 253
232 254
232 255
232 256
233 15
233 17
233 201
233 202
233 203
233 204
233 205
233 230
233 231
233 232
233 234
233 235
233 253
233 254
233 255
233 256
233 257
233 456
233 457
233 458
234 15
234 16
234 18
234 19
234 200
234 201
234 202
234 203
234 204
234 231
234 232
234 233
234 235
234 236
234 237
234 252
234 253
234 254
234 255
234 256
234 257
234 457
234 458
235 13
235 15
235 199
235 200
235 201
235 202
235 203
235 204
235 232
235 233
235 234
235 236
235 237
235 251
235 252
235 253
235 254
235 255
235 257
236 19
236 21
236 197
236 198
236 199
236 200
236 201
236 202
236 203
236 234
236 235
236 237
236 238
236 250
236 251
236 252
236 253
236 254
236 257
236 420
237 196
237 197
237 198
237 199
237 200
237 201
237 234
237 235
237 236
237 238
237 239
237 249
237 250
237 251
237 252
237 253
237 420
238 121
238 195
238 196
238 197
238 198
238 199
238 200
238 236
238 237
238 239
238 240
238 241
238 247
238 248
238 249
238 250
238 251
238 252
238 420
239 194
239 195
239 196
239 197
239 198
239 237
239 238
239 240
239 241
239 242
239 246
239 247
239 248
239 249
239 250
239 251
240 121
240 122
240 123
240 192
240 193
240 194
240 195
240 196
240 197
240 238
240 239
240 241
240 242
240 243
240 245
240 246
240 247
240 248
240 249
240 250
241 123
241 124
241 193
241 194
241 195
241 196
241 238
241 239
241 240
241 242
241 243
241 244
241 245
241 246
241 247
241 248
241 249
242 193
242 194
242 195
242 239
242 240
242 241
242 243
242 244
242 245
242 246
242 247
242 248
243 194
243 240
243 241
243 242
243 244
243 245
243 246
243 247
244 241
244 242
244 243
244 245
244 246
244 247
245 240
245 241
245 242
245 243
245 244
245 246
245 247
245 248
246 239
246 240
246 241
246 242
246 243
246 244
246 245
246 247
246 248
246 249
247 194
247 195
247 196
247 238
247 239
247 240
247 241
247 242
247 243
247 244
247 245
247 246
247 248
247 249
247 250
248 8
248 9
248 195
248 238
248 239
248 240
248 241
248 242
248 245
248 246
248 247
248 249
248 250
249 9
249 195
249 196
249 197
249 198
249 237
249 238
249 239
249 240
249 241
249 246
249 247
249 248
249 250
249 251
250 8
250 9
250 10
250 11
250 12
250 13
250 14
250 195
250 196
250 197
250 198
250 236
250 237
250 238
250 239
250 240
250 247
250 248
250 249
250 251
250 252
251 9
251 11
251 12
251 13
251 14
251 15
251 197
251 199
251 235
251 236
251 237
251 238
251 239
251 249
251 250
251 252
251 253
252 9
252 12
252 13
252 14
252 15
252 16
252 19
252 200
252 232
252 234
252 235
252 236
252 237
252 238
252 250
252 251
252 253
252 254
253 13
253 14
253 15
253 16
253 17
253 18
253 19
253 200
253 201
253 202
253 203
253 230
253 231
253 232
253 233
253 234
253 235
253 236
253 237
253 251
253 252
253 254
253 255
253 256
253 257
254 14
254 15
254 16
254 17
254 18
254 19
254 20
254 118
254 119
254 200
254 202
254 203
254 230
254 231
254 232
254 233
254 234
254 235
254 236
254 252
254 253
254 255
254 256
254 257
254 457
255 15
255 16
255 17
255 18
255 19
255 202
255 229
255 230
255 231
255 232
255 233
255 234
255 235
255 253
255 254
255 256
255 257
255 457
255 458
256 16
256 17
256 18
256 19
256 20
256 118
256 230
256 231
256 232
256 233
256 234
256 253
256 254
256 255
256 257
256 258
256 451
256 456
256 457
256 458
256 459
256 484
257 16
257 17
257 18
257 19
257 20
257 21
257 118
257 119
257 200
257 233
257 234
257 235
257 236
257 253
257 254
257 255
257 256
257 258
257 259
257 260
257 451
257 456
257 457
257 458
257 459
257 460
258 18
258 19
258 20
258 21
258 22
258 26
258 27
258 30
258 120
258 256
258 257
258 259
258 260
258 261
258 450
258 451
258 452
258 457
258 458
258 459
258 460
258 461
258 477
258 480
259 19
259 20
259 21
259 22
259 26
259 27
259 257
259 258
259 260
259 261
259 262
259 418
259 443
259 452
259 458
259 459
259 460
259 461
259 462
259 463
259 464
259 465
260 20
260 21
260 22
260 23
260 24
260 25
260 26
260 27
260 28
260 29
260 30
260 120
260 121
260 122
260 128
260 257
260 258
260 259
260 261
260 262
260 459
260 460
260 461
260 462
260 463
260 464
260 465
260 473
260 476
260 477
261 20
261 21
261 22
261 23
261 24
261 25
261 26
261 27
261 122
261 128
261 129
261 258
261 259
261 260
261 262
261 263
261 264
261 265
261 416
261 417
261 418
261 460
261 461
261 462
261 463
261 464
262 21
262 22
262 23
262 24
262 25
262 26
262 128
262 129
262 259
262 260
262 261
262 263
262 264
262 265
262 266
262 414
262 415
262 416
262 417
262 418
262 438
262 461
262 462
262 463
262 464
262 468
263 129
263 261
263 262
263 264
263 265
263 266
263 267
263 413
263 414
263 415
263 416
263 417
263 418
263 436
263 437
263 438
263 462
263 463
263 464
263 468
264 128
264 129
264 130
264 132
264 133
264 261
264 262
264 263
264 265
264 266
264 267
264 268
264 283
264 413
264 414
264 415
264 416
264 417
264 463
265 128
265 129
265 261
265 262
265 263
265 264
265 266
265 267
265 268
265 414
265 415
265 416
265 417
265 418
266 262
266 263
266 264
266 265
266 267
266 268
266 269
266 282
266 283
266 413
266 414
266 415
266 416
266 417
266 418
267 263
267 264
267 265
267 266
267 268
267 269
267 281
267 282
267 283
267 410
267 411
267 412
267 413
267 414
267 415
267 416
267 417
268 264
268 265
268 266
268 267
268 269
268 270
268 271
268 282
268 283
268 410
268 411
268 412
268 413
268 414
268 415
269 266
269 267
269 268
269 270
269 271
269 272
269 275
269 276
269 282
269 410
269 411
269 412
269 413
269 414
270 268
270 269
270 271
270 272
270 273
270 275
270 306
270 381
270 382
270 383
270 384
270 410
270 411
270 412
271 268
271 269
271 270
271 272
271 273
271 274
271 275
271 276
271 383
271 384
272 269
272 270
272 271
272 273
272 274
272 275
272 276
272 382
272 383
272 384
272 385
273 270
273 271
273 272
273 274
273 275
273 276
273 277
273 382
273 383
273 384
273 385
273 386
273 391
274 271
274 272
274 273
274 275
274 276
274 277
274 278
274 279
274 280
274 383
274 384
274 385
274 386
274 387
274 389
274 390
274 391
275 269
275 270
275 271
275 272
275 273
275 274
275 276
275 277
275 278
275 279
275 280
275 281
275 282
275 382
275 383
275 384
275 385
275 386
275 391
275 408
275 410
276 269
276 271
276 272
276 273
276 274
276 275
276 277
276 278
276 279
276 280
276 281
276 282
276 385
277 273
277 274
277 275
277 276
277 278
277 279
277 280
277 281
277 385
277 386
277 387
277 389
277 407
277 408
278 274
278 275
278 276
278 277
278 279
278 280
278 281
278 387
278 389
278 407
278 408
279 274
279 275
279 276
279 277
279 278
279 280
279 281
279 286
279 287
279 290
279 295
279 303
279 385
279 387
279 389
279 405
279 406
279 407
279 408
279 409
280 274
280 275
280 276
280 277
280 278
280 279
280 281
280 282
280 283
280 286
280 287
280 303
280 304
280 305
280 385
280 389
280 405
280 406
280 407
280 408
280 409
280 410
281 267
281 275
281 276
281 277
281 278
281 279
281 280
281 282
281 283
281 284
281 285
281 286
281 287
281 290
281 305
281 407
281 408
281 409
281 410
281 411
282 266
282 267
282 268
282 269
282 275
282 276
282 280
282 281
282 283
282 284
282 285
282 286
282 287
282 306
282 408
282 409
282 410
282 411
282 412
282 413
282 414
283 132
283 133
283 134
283 264
283 266
283 267
283 268
283 280
283 281
283 282
283 284
283 285
283 286
283 287
283 288
283 311
283 312
283 315
283 409
283 410
283 411
283 412
283 413
283 414
284 132
284 133
284 134
284 281
284 282
284 283
284 285
284 286
284 287
284 288
284 289
284 290
284 311
284 312
284 314
284 315
284 318
284 409
284 410
284 411
285 132
285 133
285 134
285 135
285 281
285 282
285 283
285 284
285 286
285 287
285 288
285 289
285 290
285 291
286 279
286 280
286 281
286 282
286 283
286 284
286 285
286 287
286 288
286 289
286 290
286 291
286 292
286 409
287 134
287 279
287 280
287 281
287 282
287 283
287 284
287 285
287 286
287 288
287 289
287 290
287 291
287 292
287 293
287 295
287 296
287 315
287 318
287 319
287 407
287 408
287 409
287 410
288 134
288 135
288 283
288 284
288 285
288 286
288 287
288 289
288 290
288 291
288 292
288 293
288 294
288 315
288 318
288 319
289 284
289 285
289 286
289 287
289 288
289 290
289 291
289 292
289 293
289 294
289 295
290 279
290 281
290 284
290 285
290 286
290 287
290 288
290 289
290 291
290 292
290 293
290 294
290 295
290 296
290 297
290 407
291 285
291 286
291 287
291 288
291 289
291 290
291 292
291 293
291 294
291 295
291 296
291 297
291 318
291 319
291 322
291 324
292 286
292 287
292 288
292 289
292 290
292 291
292 293
292 294
292 295
292 296
292 297
292 322
293 287
293 288
293 289
293 290
293 291
293 292
293 294
293 295
293 296
293 297
294 288
294 289
294 290
294 291
294 292
294 293
294 295
294 296
294 297
294 298
294 299
295 279
295 287
295 289
295 290
295 291
295 292
295 293
295 294
295 296
295 297
295 298
295 299
295 406
295 407
296 287
296 290
296 291
296 292
296 293
296 294
296 295
296 297
296 298
296 299
296 300
296 301
296 302
296 303
296 319
296 322
296 323
296 324
296 325
296 406
296 407
297 290
297 291
297 292
297 293
297 294
297 295
297 296
297 298
297 299
297 300
297 322
297 323
297 324
297 406
298 294
298 295
298 296
298 297
298 299
298 300
298 301
298 323
298 324
299 294
299 295
299 296
299 297
299 298
299 300
299 301
299 302
299 303
299 324
299 325
299 405
299 406
300 296
300 297
300 298
300 299
300 301
300 302
300 303
300 324
300 325
300 404
300 405
300 406
301 296
301 298
301 299
301 300
301 302
301 303
301 304
301 324
301 325
301 326
301 327
301 371
301 389
301 390
301 403
301 404
301 405
301 406
301 407
302 296
302 299
302 300
302 301
302 303
302 304
302 305
302 319
302 324
302 325
302 326
302 327
302 328
302 371
302 372
302 373
302 374
302 375
302 403
302 404
302 405
302 406
302 407
302 408
303 279
303 280
303 296
303 299
303 300
303 301
303 302
303 304
303 305
303 306
303 315
303 316
303 319
303 324
303 325
303 326
303 327
303 328
303 374
303 404
303 405
303 406
303 407
303 408
303 409
304 280
304 301
304 302
304 303
304 305
304 306
304 307
304 315
304 316
304 325
304 326
304 327
304 328
304 329
304 375
304 382
304 390
304 391
304 403
304 404
304 405
304 406
304 407
304 408
304 409
304 410
305 280
305 281
305 302
305 303
305 304
305 306
305 307
305 308
305 312
305 313
305 315
305 316
305 319
305 326
305 327
305 328
305 329
305 330
305 376
305 377
305 407
305 408
305 409
305 410
305 411
305 412
306 270
306 282
306 303
306 304
306 305
306 307
306 308
306 309
306 312
306 313
306 315
306 316
306 327
306 328
306 329
306 330
306 331
306 377
306 380
306 381
306 382
306 408
306 409
306 410
306 411
306 412
307 304
307 305
307 306
307 308
307 309
307 310
307 311
307 312
307 313
307 315
307 328
307 329
307 330
307 331
307 332
307 378
307 381
307 409
307 410
307 411
307 412
307 413
308 305
308 306
308 307
308 309
308 310
308 311
308 312
308 313
308 328
308 329
308 330
308 331
308 332
308 333
308 334
308 339
308 340
308 341
308 355
308 356
308 359
308 378
308 411
308 412
308 413
309 306
309 307
309 308
309 310
309 311
309 312
309 313
309 314
309 330
309 339
309 340
309 341
309 352
309 411
309 412
309 413
310 140
310 307
310 308
310 309
310 311
310 312
310 313
310 314
310 315
310 316
310 339
310 340
310 341
310 352
310 355
310 411
310 412
310 413
311 133
311 134
311 137
311 283
311 284
311 307
311 308
311 309
311 310
311 312
311 313
311 314
311 315
311 316
311 317
311 410
311 411
311 412
311 413
312 283
312 284
312 305
312 306
312 307
312 308
312 309
312 310
312 311
312 313
312 314
312 315
312 316
312 317
312 318
312 328
312 329
312 330
312 355
312 409
312 410
312 411
312 412
312 413
313 305
313 306
313 307
313 308
313 309
313 310
313 311
313 312
313 314
313 315
313 316
313 317
313 318
313 319
313 328
313 341
313 351
313 352
313 353
313 354
313 355
313 356
313 359
313 411
314 134
314 136
314 137
314 138
314 284
314 309
314 310
314 311
314 312
314 313
314 315
314 316
314 317
314 318
314 319
314 320
314 351
314 352
314 355
314 411
315 134
315 283
315 284
315 287
315 288
315 303
315 304
315 305
315 306
315 307
315 310
315 311
315 312
315 313
315 314
315 316
315 317
315 318
315 319
315 320
315 321
315 326
315 328
315 409
315 410
315 411
316 303
316 304
316 305
316 306
316 310
316 311
316 312
316 313
316 314
316 315
316 317
316 318
316 319
316 320
316 321
316 322
316 324
316 325
316 326
316 327
316 328
316 352
316 355
316 374
316 409
317 137
317 311
317 312
317 313
317 314
317 315
317 316
317 318
317 319
317 320
317 321
317 322
317 323
317 324
317 326
317 351
317 352
317 354
317 355
318 134
318 136
318 137
318 284
318 287
318 288
318 291
318 312
318 313
318 314
318 315
318 316
318 317
318 319
318 320
318 321
318 322
318 323
318 324
319 287
319 288
319 291
319 296
319 302
319 303
319 305
319 313
319 314
319 315
319 316
319 317
319 318
319 320
319 321
319 322
319 323
319 324
319 325
319 326
319 373
319 374
320 314
320 315
320 316
320 317
320 318
320 319
320 321
320 322
320 323
320 324
320 325
320 326
320 355
320 373
320 374
321 315
321 316
321 317
321 318
321 319
321 320
321 322
321 323
321 324
322 291
322 292
322 296
322 297
322 316
322 317
322 318
322 319
322 320
322 321
322 323
322 324
322 325
323 296
323 297
323 298
323 317
323 318
323 319
323 320
323 321
323 322
323 324
323 325
323 326
323 373
323 374
324 291
324 296
324 297
324 298
324 299
324 300
324 301
324 302
324 303
324 316
324 317
324 318
324 319
324 320
324 321
324 322
324 323
324 325
324 326
324 373
324 374
324 406
325 296
325 299
325 300
325 301
325 302
325 303
325 304
325 316
325 319
325 320
325 322
325 323
325 324
325 326
325 327
325 328
325 371
325 372
325 373
325 374
325 375
325 405
325 406
326 301
326 302
326 303
326 304
326 305
326 315
326 316
326 317
326 319
326 320
326 323
326 324
326 325
326 327
326 328
326 329
326 371
326 372
326 373
326 374
326 375
326 376
326 405
326 406
326 408
327 301
327 302
327 303
327 304
327 305
327 306
327 316
327 325
327 326
327 328
327 329
327 363
327 364
327 371
327 372
327 373
327 374
327 375
327 376
327 377
327 403
327 405
327 408
328 302
328 303
328 304
328 305
328 306
328 307
328 308
328 312
328 313
328 315
328 316
328 325
328 326
328 327
328 329
328 330
328 358
328 359
328 363
328 364
328 374
328 375
328 376
328 377
328 378
328 380
328 408
328 409
329 304
329 305
329 306
329 307
329 308
329 312
329 326
329 327
329 328
329 330
329 331
329 332
329 359
329 375
329 376
329 377
329 378
329 379
329 380
329 381
329 382
329 393
329 394
329 395
329 410
330 305
330 306
330 307
330 308
330 309
330 312
330 328
330 329
330 331
330 332
330 333
330 334
330 359
330 376
330 377
330 378
330 379
330 380
330 381
330 382
330 395
330 411
330 412
331 306
331 307
331 308
331 329
331 330
331 332
331 333
331 334
331 377
331 378
331 379
331 380
331 381
331 382
331 395
331 396
331 412
332 307
332 308
332 329
332 330
332 331
332 333
332 334
332 335
332 336
332 337
332 338
332 339
332 377
332 378
332 379
332 380
332 381
332 396
333 308
333 330
333 331
333 332
333 334
333 335
333 336
333 337
333 338
333 339
333 359
333 360
333 377
333 378
333 379
333 380
334 308
334 330
334 331
334 332
334 333
334 335
334 336
334 337
334 338
334 339
334 341
334 356
334 357
334 359
334 360
334 361
334 363
334 376
334 377
334 378
334 379
335 332
335 333
335 334
335 336
335 337
335 338
335 339
335 342
335 360
335 378
336 332
336 333
336 334
336 335
336 337
336 338
336 339
336 340
336 342
337 332
337 333
337 334
337 335
337 336
337 338
337 339
337 340
337 341
337 342
337 343
338 332
338 333
338 334
338 335
338 336
338 337
338 339
338 340
338 341
338 342
338 343
339 308
339 309
339 310
339 332
339 333
339 334
339 335
339 336
339 337
339 338
339 340
339 341
339 342
339 343
339 344
339 356
340 308
340 309
340 310
340 336
340 337
340 338
340 339
340 341
340 342
340 343
340 344
340 352
340 356
341 308
341 309
341 310
341 313
341 334
341 337
341 338
341 339
341 340
341 342
341 343
341 344
341 345
341 346
341 349
341 350
341 351
341 352
341 353
341 354
341 355
341 356
341 357
342 335
342 336
342 337
342 338
342 339
342 340
342 341
342 343
342 344
342 345
342 346
342 352
342 353
342 356
343 337
343 338
343 339
343 340
343 341
343 342
343 344
343 345
343 346
344 140
344 339
344 340
344 341
344 342
344 343
344 345
344 346
344 347
344 348
344 349
344 350
344 352
344 353
345 341
345 342
345 343
345 344
345 346
345 347
345 348
345 349
345 350
345 352
345 353
346 341
346 342
346 343
346 344
346 345
346 347
346 348
346 349
346 350
346 351
346 352
346 353
346 354
347 344
347 345
347 346
347 348
347 349
347 350
347 351
347 353
348 140
348 141
348 166
348 167
348 168
348 344
348 345
348 346
348 347
348 349
348 350
348 351
348 352
348 353
349 138
349 140
349 168
349 341
349 344
349 345
349 346
349 347
349 348
349 350
349 351
349 352
349 353
349 354
350 341
350 344
350 345
350 346
350 347
350 348
350 349
350 351
350 352
350 353
350 354
350 355
350 356
351 138
351 313
351 314
351 317
351 341
351 346
351 347
351 348
351 349
351 350
351 352
351 353
351 354
351 355
351 356
351 357
352 309
352 310
352 313
352 314
352 316
352 317
352 340
352 341
352 342
352 344
352 345
352 346
352 348
352 349
352 350
352 351
352 353
352 354
352 355
352 356
352 357
352 358
353 313
353 341
353 342
353 344
353 345
353 346
353 347
353 348
353 349
353 350
353 351
353 352
353 354
353 355
353 356
353 357
353 358
353 359
354 313
354 317
354 341
354 346
354 349
354 350
354 351
354 352
354 353
354 355
354 356
354 357
354 358
354 359
355 308
355 310
355 312
355 313
355 314
355 316
355 317
355 320
355 341
355 350
355 351
355 352
355 353
355 354
355 356
355 357
355 358
355 359
355 360
355 374
355 376
356 308
356 313
356 334
356 339
356 340
356 341
356 342
356 350
356 351
356 352
356 353
356 354
356 355
356 357
356 358
356 359
356 360
356 361
356 376
357 334
357 341
357 351
357 352
357 353
357 354
357 355
357 356
357 358
357 359
357 360
357 361
357 362
358 328
358 352
358 353
358 354
358 355
358 356
358 357
358 359
358 360
358 361
358 362
358 363
358 374
358 375
358 376
359 308
359 313
359 328
359 329
359 330
359 333
359 334
359 353
359 354
359 355
359 356
359 357
359 358
359 360
359 361
359 362
359 363
359 364
359 374
359 375
359 376
359 377
359 378
360 333
360 334
360 335
360 355
360 356
360 357
360 358
360 359
360 361
360 362
360 363
360 375
360 376
360 377
360 378
361 334
361 356
361 357
361 358
361 359
361 360
361 362
361 363
361 364
361 375
361 376
362 357
362 358
362 359
362 360
362 361
362 363
362 364
362 365
362 371
362 372
362 373
362 374
362 375
362 376
362 377
363 327
363 328
363 334
363 358
363 359
363 360
363 361
363 362
363 364
363 365
363 366
363 371
363 372
363 374
363 375
363 376
363 377
363 378
364 327
364 328
364 359
364 361
364 362
364 363
364 365
364 366
364 367
364 368
364 369
364 370
364 371
364 372
364 374
364 375
364 376
364 377
364 378
365 362
365 363
365 364
365 366
365 367
365 368
365 369
365 370
365 371
365 375
365 376
365 377
366 363
366 364
366 365
366 367
366 368
366 369
366 370
367 364
367 365
367 366
367 368
367 369
367 370
368 364
368 365
368 366
368 367
368 369
368 370
368 371
368 372
369 364
369 365
369 366
369 367
369 368
369 370
369 371
369 372
370 364
370 365
370 366
370 367
370 368
370 369
370 371
370 372
370 373
370 375
371 301
371 302
371 325
371 326
371 327
371 362
371 363
371 364
371 365
371 368
371 369
371 370
371 372
371 373
371 374
371 375
371 376
372 302
372 325
372 326
372 327
372 362
372 363
372 364
372 368
372 369
372 370
372 371
372 373
372 374
372 375
372 376
373 302
373 319
373 320
373 323
373 324
373 325
373 326
373 327
373 362
373 370
373 371
373 372
373 374
373 375
374 302
374 303
374 316
374 319
374 320
374 323
374 324
374 325
374 326
374 327
374 328
374 355
374 358
374 359
374 362
374 363
374 364
374 371
374 372
374 373
374 375
374 376
375 302
375 304
375 325
375 326
375 327
375 328
375 329
375 358
375 359
375 360
375 361
375 362
375 363
375 364
375 365
375 370
375 371
375 372
375 373
375 374
375 376
375 377
375 378
376 305
376 326
376 327
376 328
376 329
376 330
376 334
376 355
376 356
376 358
376 359
376 360
376 361
376 362
376 363
376 364
376 365
376 371
376 372
376 374
376 375
376 377
376 378
376 379
376 380
377 305
377 306
377 327
377 328
377 329
377 330
377 331
377 332
377 333
377 334
377 359
377 360
377 362
377 363
377 364
377 365
377 375
377 376
377 378
377 379
377 380
377 381
377 393
377 394
377 395
378 307
378 308
378 328
378 329
378 330
378 331
378 332
378 333
378 334
378 335
378 359
378 360
378 363
378 364
378 375
378 376
378 377
378 379
378 380
378 381
378 395
378 396
379 329
379 330
379 331
379 332
379 333
379 334
379 376
379 377
379 378
379 380
379 381
379 394
379 395
379 396
379 397
380 306
380 328
380 329
380 330
380 331
380 332
380 333
380 376
380 377
380 378
380 379
380 381
380 382
380 383
380 393
380 394
380 395
380 396
380 397
380 398
380 399
380 400
381 270
381 306
381 307
381 329
381 330
381 331
381 332
381 377
381 378
381 379
381 380
381 382
381 383
381 384
381 392
381 393
381 394
381 395
381 396
381 398
381 400
382 270
382 272
382 273
382 275
382 304
382 306
382 329
382 330
382 331
382 380
382 381
382 383
382 384
382 385
382 391
382 392
382 393
382 394
382 395
382 400
382 401
382 402
382 410
383 270
383 271
383 272
383 273
383 274
383 275
383 380
383 381
383 382
383 384
383 385
383 391
383 392
383 393
383 394
383 400
383 401
383 402
384 270
384 271
384 272
384 273
384 274
384 275
384 381
384 382
384 383
384 385
384 386
384 390
384 391
384 392
384 393
384 394
384 402
385 272
385 273
385 274
385 275
385 276
385 277
385 279
385 280
385 382
385 383
385 384
385 386
385 387
385 388
385 389
385 390
385 391
385 392
385 393
385 402
385 403
385 404
385 405
385 408
386 273
386 274
386 275
386 277
386 384
386 385
386 387
386 388
386 389
386 390
386 391
386 392
386 402
386 404
386 405
387 274
387 277
387 278
387 279
387 385
387 386
387 388
387 389
387 390
387 391
388 385
388 386
388 387
388 389
388 390
388 391
388 404
388 405
389 274
389 277
389 278
389 279
389 280
389 301
389 385
389 386
389 387
389 388
389 390
389 391
389 403
389 404
389 405
389 406
389 407
389 408
390 274
390 301
390 304
390 384
390 385
390 386
390 387
390 388
390 389
390 391
390 392
390 393
390 402
390 403
390 404
390 405
390 406
390 407
390 408
391 273
391 274
391 275
391 304
391 382
391 383
391 384
391 385
391 386
391 387
391 388
391 389
391 390
391 392
391 393
391 394
391 401
391 402
391 403
391 404
391 405
391 407
391 408
392 381
392 382
392 383
392 384
392 385
392 386
392 390
392 391
392 393
392 394
392 400
392 401
392 402
392 403
392 404
393 329
393 377
393 380
393 381
393 382
393 383
393 384
393 385
393 390
393 391
393 392
393 394
393 395
393 398
393 399
393 400
393 401
393 402
393 403
394 329
394 377
394 379
394 380
394 381
394 382
394 383
394 384
394 391
394 392
394 393
394 395
394 396
394 397
394 398
394 399
394 400
394 401
394 402
395 329
395 330
395 331
395 377
395 378
395 379
395 380
395 381
395 382
395 393
395 394
395 396
395 397
395 398
395 399
395 400
395 401
396 331
396 332
396 378
396 379
396 380
396 381
396 394
396 395
396 397
396 398
396 399
396 400
397 379
397 380
397 394
397 395
397 396
397 398
397 399
397 400
398 380
398 381
398 393
398 394
398 395
398 396
398 397
398 399
398 400
398 401
399 380
399 393
399 394
399 395
399 396
399 397
399 398
399 400
399 401
400 380
400 381
400 382
400 383
400 392
400 393
400 394
400 395
400 396
400 397
400 398
400 399
400 401
400 402
401 382
401 383
401 391
401 392
401 393
401 394
401 395
401 398
401 399
401 400
401 402
401 403
402 382
402 383
402 384
402 385
402 386
402 390
402 391
402 392
402 393
402 394
402 400
402 401
402 403
402 404
402 405
403 301
403 302
403 304
403 327
403 385
403 389
403 390
403 391
403 392
403 393
403 401
403 402
403 404
403 405
404 300
404 301
404 302
404 303
404 304
404 385
404 386
404 388
404 389
404 390
404 391
404 392
404 402
404 403
404 405
404 406
404 407
405 279
405 280
405 299
405 300
405 301
405 302
405 303
405 304
405 325
405 326
405 327
405 385
405 386
405 388
405 389
405 390
405 391
405 402
405 403
405 404
405 406
405 407
405 408
406 279
406 280
406 295
406 296
406 297
406 299
406 300
406 301
406 302
406 303
406 304
406 324
406 325
406 326
406 389
406 390
406 404
406 405
406 407
406 408
407 277
407 278
407 279
407 280
407 281
407 287
407 290
407 295
407 296
407 301
407 302
407 303
407 304
407 305
407 389
407 390
407 391
407 404
407 405
407 406
407 408
407 409
408 275
408 277
408 278
408 279
408 280
408 281
408 282
408 287
408 302
408 303
408 304
408 305
408 306
408 326
408 327
408 328
408 385
408 389
408 390
408 391
408 405
408 406
408 407
408 409
408 410
408 411
409 279
409 280
409 281
409 282
409 283
409 284
409 286
409 287
409 303
409 304
409 305
409 306
409 307
409 312
409 315
409 316
409 328
409 407
409 408
409 410
409 411
409 412
410 267
410 268
410 269
410 270
410 275
410 280
410 281
410 282
410 283
410 284
410 287
410 304
410 305
410 306
410 307
410 311
410 312
410 315
410 329
410 382
410 408
410 409
410 411
410 412
410 413
411 267
411 268
411 269
411 270
411 281
411 282
411 283
411 284
411 305
411 306
411 307
411 308
411 309
411 310
411 311
411 312
411 313
411 314
411 315
411 330
411 408
411 409
411 410
411 412
411 413
411 414
412 267
412 268
412 269
412 270
412 282
412 283
412 305
412 306
412 307
412 308
412 309
412 310
412 311
412 312
412 330
412 331
412 409
412 410
412 411
412 413
412 414
413 263
413 264
413 266
413 267
413 268
413 269
413 282
413 283
413 307
413 308
413 309
413 310
413 311
413 312
413 410
413 411
413 412
413 414
413 415
414 262
414 263
414 264
414 265
414 266
414 267
414 268
414 269
414 282
414 283
414 411
414 412
414 413
414 415
414 416
414 417
414 437
414 438
415 262
415 263
415 264
415 265
415 266
415 267
415 268
415 413
415 414
415 416
415 417
415 418
415 435
415 436
415 437
415 438
415 464
416 261
416 262
416 263
416 264
416 265
416 266
416 267
416 414
416 415
416 417
416 418
416 419
416 424
416 425
416 435
416 436
416 437
416 438
416 463
416 464
417 261
417 262
417 263
417 264
417 265
417 266
417 267
417 414
417 415
417 416
417 418
417 419
417 420
417 421
417 424
417 425
417 436
418 197
418 198
418 199
418 200
418 259
418 261
418 262
418 263
418 265
418 266
418 415
418 416
418 417
418 419
418 420
418 421
418 422
418 423
418 424
418 425
418 426
418 435
418 436
419 197
419 198
419 199
419 200
419 416
419 417
419 418
419 420
419 421
419 422
419 423
419 424
419 425
420 196
420 197
420 198
420 199
420 200
420 201
420 236
420 237
420 238
420 417
420 418
420 419
420 421
420 422
420 423
420 424
420 425
421 197
421 198
421 199
421 200
421 201
421 417
421 418
421 419
421 420
421 422
421 423
421 424
421 425
421 426
421 427
421 428
422 199
422 200
422 201
422 418
422 419
422 420
422 421
422 423
422 424
422 425
422 426
422 427
423 418
423 419
423 420
423 421
423 422
423 424
423 425
423 426
423 427
423 428
423 433
423 434
423 435
424 416
424 417
424 418
424 419
424 420
424 421
424 422
424 423
424 425
424 426
424 427
424 428
424 434
424 435
424 436
425 416
425 417
425 418
425 419
425 420
425 421
425 422
425 423
425 424
425 426
425 427
425 428
425 429
425 432
425 433
425 434
425 435
425 436
425 443
426 418
426 421
426 422
426 423
426 424
426 425
426 427
426 428
426 429
426 430
426 431
426 432
426 433
426 434
426 435
426 436
426 437
426 441
426 442
426 443
427 421
427 422
427 423
427 424
427 425
427 426
427 428
427 429
427 430
427 431
427 432
427 433
427 434
427 435
427 436
427 443
427 444
427 454
427 455
428 421
428 423
428 424
428 425
428 426
428 427
428 429
428 430
428 431
428 432
428 433
428 434
428 435
428 436
428 441
428 442
428 443
428 444
428 445
428 452
428 453
428 454
428 455
428 458
428 460
429 425
429 426
429 427
429 428
429 430
429 431
429 432
429 433
429 434
429 435
429 436
429 437
429 438
429 440
429 441
429 442
429 443
429 444
429 445
429 452
429 453
429 454
429 464
429 465
430 426
430 427
430 428
430 429
430 431
430 432
430 433
430 434
430 436
430 440
430 441
430 442
430 443
430 444
430 445
430 453
430 454
431 426
431 427
431 428
431 429
431 430
431 432
431 433
431 434
431 435
431 436
431 440
431 441
431 442
431 443
431 444
432 425
432 426
432 427
432 428
432 429
432 430
432 431
432 433
432 434
432 435
432 436
432 441
432 443
432 444
432 454
433 423
433 425
433 426
433 427
433 428
433 429
433 430
433 431
433 432
433 434
433 435
433 436
433 441
434 423
434 424
434 425
434 426
434 427
434 428
434 429
434 430
434 431
434 432
434 433
434 435
434 436
434 437
434 440
434 441
434 442
435 415
435 416
435 418
435 423
435 424
435 425
435 426
435 427
435 428
435 429
435 431
435 432
435 433
435 434
435 436
435 437
435 440
435 441
435 442
435 443
436 263
436 415
436 416
436 417
436 418
436 424
436 425
436 426
436 427
436 428
436 429
436 430
436 431
436 432
436 433
436 434
436 435
436 437
436 438
436 439
436 440
436 441
436 442
436 443
436 444
436 464
436 465
437 263
437 414
437 415
437 416
437 426
437 429
437 434
437 435
437 436
437 438
437 439
437 440
437 441
437 442
437 443
437 463
437 464
437 465
437 466
438 262
438 263
438 414
438 415
438 416
438 429
438 436
438 437
438 439
438 440
438 441
438 442
438 443
438 462
438 463
438 464
438 465
438 466
438 467
438 468
439 436
439 437
439 438
439 440
439 441
439 442
439 463
439 464
439 465
439 466
439 467
439 468
440 429
440 430
440 431
440 434
440 435
440 436
440 437
440 438
440 439
440 441
440 442
440 466
441 426
441 428
441 429
441 430
441 431
441 432
441 433
441 434
441 435
441 436
441 437
441 438
441 439
441 440
441 442
441 443
441 444
441 464
441 465
441 466
442 426
442 428
442 429
442 430
442 431
442 434
442 435
442 436
442 437
442 438
442 439
442 440
442 441
442 443
442 444
442 445
442 460
442 463
442 464
442 465
442 466
442 467
443 259
443 425
443 426
443 427
443 428
443 429
443 430
443 431
443 432
443 435
443 436
443 437
443 438
443 441
443 442
443 444
443 445
443 446
443 450
443 451
443 452
443 453
443 454
443 459
443 460
443 461
443 463
443 464
443 465
443 466
444 427
444 428
444 429
444 430
444 431
444 432
444 436
444 441
444 442
444 443
444 445
444 446
444 447
444 450
444 451
444 452
444 453
444 454
444 455
444 459
444 460
444 464
444 465
444 466
445 82
445 428
445 429
445 430
445 442
445 443
445 444
445 446
445 447
445 448
445 449
445 450
445 451
445 452
445 453
445 454
445 455
445 458
445 459
445 460
445 461
445 464
445 465
446 82
446 443
446 444
446 445
446 447
446 448
446 449
446 450
446 451
446 452
446 453
446 454
446 459
446 460
446 479
447 69
447 70
447 81
447 82
447 83
447 84
447 85
447 444
447 445
447 446
447 448
447 449
447 450
447 451
447 452
447 453
447 465
447 475
447 476
447 479
448 68
448 69
448 70
448 73
448 82
448 83
448 84
448 85
448 445
448 446
448 447
448 449
448 450
448 451
448 475
448 476
448 478
448 479
448 480
448 482
448 483
449 69
449 70
449 84
449 445
449 446
449 447
449 448
449 450
449 451
449 452
449 459
449 460
449 475
449 476
449 477
449 478
449 479
449 480
449 481
449 482
449 483
449 484
450 82
450 84
450 258
450 443
450 444
450 445
450 446
450 447
450 448
450 449
450 451
450 452
450 453
450 458
450 459
450 460
450 461
450 462
450 465
450 475
450 476
450 477
450 478
450 479
450 480
450 481
450 482
450 483
451 256
451 257
451 258
451 443
451 444
451 445
451 446
451 447
451 448
451 449
451 450
451 452
451 453
451 454
451 455
451 456
451 457
451 458
451 459
451 460
451 461
451 476
451 479
451 480
451 483
451 484
452 258
452 259
452 428
452 429
452 443
452 444
452 445
452 446
452 447
452 449
452 450
452 451
452 453
452 454
452 455
452 456
452 457
452 458
452 459
452 460
452 461
452 465
453 428
453 429
453 430
453 443
453 444
453 445
453 446
453 447
453 450
453 451
453 452
453 454
453 455
453 456
453 457
453 458
453 459
454 427
454 428
454 429
454 430
454 432
454 443
454 444
454 445
454 446
454 451
454 452
454 453
454 455
454 456
454 457
454 458
455 202
455 427
455 428
455 444
455 445
455 451
455 452
455 453
455 454
455 456
455 457
455 458
455 459
456 202
456 233
456 256
456 257
456 451
456 452
456 453
456 454
456 455
456 457
456 458
456 459
457 18
457 202
457 233
457 234
457 254
457 255
457 256
457 257
457 258
457 451
457 452
457 453
457 454
457 455
457 456
457 458
457 459
457 484
458 18
458 19
458 202
458 233
458 234
458 255
458 256
458 257
458 258
458 259
458 428
458 445
458 450
458 451
458 452
458 453
458 454
458 455
458 456
458 457
458 459
458 460
458 480
459 18
459 20
459 256
459 257
459 258
459 259
459 260
459 443
459 444
459 445
459 446
459 449
459 450
459 451
459 452
459 453
459 455
459 456
459 457
459 458
459 460
459 461
459 465
459 476
459 477
459 479
459 480
460 20
460 21
460 26
460 257
460 258
460 259
460 260
460 261
460 428
460 442
460 443
460 444
460 445
460 446
460 449
460 450
460 451
460 452
460 458
460 459
460 461
460 462
460 463
460 464
460 465
460 476
460 477
460 480
461 26
461 27
461 30
461 85
461 258
461 259
461 260
461 261
461 262
461 443
461 445
461 450
461 451
461 452
461 459
461 460
461 462
461 463
461 464
461 465
461 466
461 467
461 468
461 472
461 473
461 474
461 475
461 476
461 477
461 479
461 480
462 24
462 25
462 26
462 27
462 85
462 259
462 260
462 261
462 262
462 263
462 438
462 450
462 460
462 461
462 463
462 464
462 465
462 466
462 467
462 468
462 469
462 470
462 471
462 472
462 473
462 474
462 475
462 476
462 477
463 26
463 259
463 260
463 261
463 262
463 263
463 264
463 416
463 437
463 438
463 439
463 442
463 443
463 460
463 461
463 462
463 464
463 465
463 466
463 467
463 468
463 469
463 470
463 472
463 473
464 259
464 260
464 261
464 262
464 263
464 415
464 416
464 429
464 436
464 437
464 438
464 439
464 441
464 442
464 443
464 444
464 445
464 460
464 461
464 462
464 463
464 465
464 466
464 467
464 468
464 473
465 80
465 81
465 82
465 259
465 260
465 429
465 436
465 437
465 438
465 439
465 441
465 442
465 443
465 444
465 445
465 447
465 450
465 452
465 459
465 460
465 461
465 462
465 463
465 464
465 466
465 467
465 468
465 473
465 476
466 80
466 81
466 82
466 437
466 438
466 439
466 440
466 441
466 442
466 443
466 444
466 461
466 462
466 463
466 464
466 465
466 467
466 468
466 469
466 472
466 473
467 26
467 79
467 80
467 81
467 82
467 85
467 86
467 438
467 439
467 442
467 461
467 462
467 463
467 464
467 465
467 466
467 468
467 469
467 470
467 471
467 472
467 473
467 474
467 475
467 476
468 79
468 80
468 262
468 263
468 438
468 439
468 461
468 462
468 463
468 464
468 465
468 466
468 467
468 469
468 470
468 471
468 472
468 473
469 25
469 79
469 80
469 141
469 145
469 146
469 462
469 463
469 466
469 467
469 468
469 470
469 471
469 472
469 473
469 474
470 24
470 25
470 26
470 29
470 89
470 141
470 144
470 145
470 146
470 147
470 148
470 462
470 463
470 467
470 468
470 469
470 471
470 472
470 473
470 474
470 475
471 25
471 26
471 80
471 85
471 86
471 88
471 89
471 90
471 92
471 93
471 141
471 144
471 145
471 146
471 147
471 148
471 149
471 462
471 467
471 468
471 469
471 470
471 472
471 473
471 474
471 475
472 26
472 78
472 79
472 80
472 81
472 82
472 83
472 84
472 85
472 86
472 87
472 88
472 89
472 90
472 92
472 145
472 146
472 461
472 462
472 463
472 466
472 467
472 468
472 469
472 470
472 471
472 473
472 474
472 475
472 476
472 477
473 25
473 26
473 27
473 29
473 30
473 80
473 82
473 84
473 85
473 86
473 88
473 89
473 260
473 461
473 462
473 463
473 464
473 465
473 466
473 467
473 468
473 469
473 470
473 471
473 472
473 474
473 475
473 476
473 477
473 478
474 25
474 26
474 27
474 28
474 29
474 30
474 33
474 84
474 85
474 86
474 87
474 88
474 89
474 92
474 148
474 149
474 461
474 462
474 467
474 469
474 470
474 471
474 472
474 473
474 475
474 476
474 477
474 478
474 479
475 26
475 29
475 30
475 69
475 80
475 82
475 83
475 84
475 85
475 86
475 87
475 88
475 89
475 447
475 448
475 449
475 450
475 461
475 462
475 467
475 470
475 471
475 472
475 473
475 474
475 476
475 477
475 478
475 479
475 480
475 481
476 26
476 27
476 29
476 30
476 82
476 83
476 84
476 85
476 88
476 260
476 447
476 448
476 449
476 450
476 451
476 459
476 460
476 461
476 462
476 465
476 467
476 472
476 473
476 474
476 475
476 477
476 478
476 479
476 480
476 481
476 482
477 25
477 26
477 27
477 28
477 29
477 30
477 31
477 32
477 33
477 34
477 65
477 84
477 85
477 88
477 258
477 260
477 449
477 450
477 459
477 460
477 461
477 462
477 472
477 473
477 474
477 475
477 476
477 478
477 479
477 480
477 481
477 482
478 29
478 30
478 33
478 34
478 38
478 39
478 64
478 65
478 66
478 69
478 84
478 85
478 88
478 448
478 449
478 450
478 473
478 474
478 475
478 476
478 477
478 479
478 480
478 481
478 482
478 483
479 30
479 65
479 69
479 84
479 85
479 88
479 446
479 447
479 448
479 449
479 450
479 451
479 459
479 461
479 474
479 475
479 476
479 477
479 478
479 480
479 481
479 482
479 483
479 484
479 485
480 30
480 33
480 34
480 65
480 258
480 448
480 449
480 450
480 451
480 458
480 459
480 460
480 461
480 475
480 476
480 477
480 478
480 479
480 481
480 482
480 483
480 484
480 485
480 486
481 30
481 31
481 32
481 33
481 34
481 35
481 36
481 38
481 65
481 66
481 114
481 116
481 449
481 450
481 475
481 476
481 477
481 478
481 479
481 480
481 482
481 483
481 484
481 485
481 486
481 487
482 33
482 34
482 64
482 65
482 66
482 67
482 68
482 69
482 448
482 449
482 450
482 476
482 477
482 478
482 479
482 480
482 481
482 483
482 484
482 485
482 486
482 487
482 488
483 65
483 66
483 448
483 449
483 450
483 451
483 478
483 479
483 480
483 481
483 482
483 484
483 485
483 486
483 487
483 488
484 17
484 18
484 34
484 116
484 256
484 449
484 451
484 457
484 479
484 480
484 481
484 482
484 483
484 485
484 486
484 487
484 488
484 489
484 490
485 34
485 65
485 66
485 114
485 115
485 116
485 479
485 480
485 481
485 482
485 483
485 484
485 486
485 487
485 488
485 489
485 490
485 491
486 65
486 66
486 480
486 481
486 482
486 483
486 484
486 485
486 487
486 488
486 489
486 490
486 491
487 481
487 482
487 483
487 484
487 485
487 486
487 488
487 489
487 490
487 491
487 492
488 114
488 116
488 482
488 483
488 484
488 485
488 486
488 487
488 489
488 490
488 491
488 492
488 493
489 484
489 485
489 486
489 487
489 488
489 490
489 491
489 492
489 493
489 494
490 484
490 485
490 486
490 487
490 488
490 489
490 491
490 492
490 493
490 494
490 495
490 496
491 228
491 485
491 486
491 487
491 488
491 489
491 490
491 492
491 493
491 494
491 495
491 496
492 487
492 488
492 489
492 490
492 491
492 493
492 494
492 495
492 496
492 497
492 498
493 488
493 489
493 490
493 491
493 492
493 494
493 495
493 496
493 497
493 498
494 489
494 490
494 491
494 492
494 493
494 495
494 496
494 497
494 498
494 499
495 490
495 491
495 492
495 493
495 494
495 496
495 497
495 498
495 499
495 500
496 490
496 491
496 492
496 493
496 494
496 495
496 497
496 498
496 499
496 500
497 492
497 493
497 494
497 495
497 496
497 498
497 499
497 500
497 501
498 492
498 493
498 494
498 495
498 496
498 497
498 499
498 500
498 501
499 494
499 495
499 496
499 497
499 498
499 500
499 501
499 502
500 495
500 496
500 497
500 498
500 499
500 501
500 502
500 503
501 497
501 498
501 499
501 500
501 502
501 503
501 504
502 499
502 500
502 501
502 503
502 504
503 500
503 501
503 502
503 504
504 501
504 502
504 503
