0 1
0 2
0 3
0 4
0 5
1 0
1 2
1 3
1 4
1 5
1 6
1 7
2 0
2 1
2 3
2 4
2 5
2 6
2 7
2 8
3 0
3 1
3 2
3 4
3 5
3 6
3 7
3 8
3 9
4 0
4 1
4 2
4 3
4 5
4 6
4 7
4 8
4 9
4 10
5 0
5 1
5 2
5 3
5 4
5 6
5 7
5 8
5 9
5 10
5 11
6 1
6 2
6 3
6 4
6 5
6 7
6 8
6 9
6 10
6 11
6 12
7 1
7 2
7 3
7 4
7 5
7 6
7 8
7 9
7 10
7 11
7 12
7 13
8 2
8 3
8 4
8 5
8 6
8 7
8 9
8 10
8 11
8 12
8 13
8 14
9 3
9 4
9 5
9 6
9 7
9 8
9 10
9 11
9 12
9 13
9 14
9 15
10 4
10 5
10 6
10 7
10 8
10 9
10 11
10 12
10 13
10 14
10 15
10 16
10 60
10 63
11 5
11 6
11 7
11 8
11 9
11 10
11 12
11 13
11 14
11 15
11 16
11 59
11 60
11 63
11 64
11 67
12 6
12 7
12 8
12 9
12 10
12 11
12 13
12 14
12 15
12 16
12 17
12 63
12 64
12 67
13 7
13 8
13 9
13 10
13 11
13 12
13 14
13 15
13 16
13 17
13 18
13 20
13 21
14 8
14 9
14 10
14 11
14 12
14 13
14 15
14 16
14 17
14 18
14 19
14 20
14 21
14 22
14 60
14 61
14 63
14 64
15 9
15 10
15 11
15 12
15 13
15 14
15 16
15 17
15 18
15 19
15 21
15 60
15 61
15 63
15 64
15 65
15 66
15 67
15 68
15 149
16 10
16 11
16 12
16 13
16 14
16 15
16 17
16 18
16 19
16 20
16 21
16 64
16 149
17 12
17 13
17 14
17 15
17 16
17 18
17 19
17 20
17 21
17 22
17 145
17 149
18 13
18 14
18 15
18 16
18 17
18 19
18 20
18 21
18 22
18 23
18 24
18 60
18 61
18 64
18 144
18 145
18 146
18 147
18 148
18 149
19 14
19 15
19 16
19 17
19 18
19 20
19 21
19 22
19 23
19 24
19 25
19 144
19 145
19 146
19 147
19 148
19 149
20 13
20 14
20 16
20 17
20 18
20 19
20 21
20 22
20 23
20 24
20 25
20 26
20 145
20 146
20 149
21 13
21 14
21 15
21 16
21 17
21 18
21 19
21 20
21 22
21 23
21 24
21 25
21 26
21 27
21 56
21 57
21 60
21 145
22 14
22 17
22 18
22 19
22 20
22 21
22 23
22 24
22 25
22 26
22 27
22 28
22 57
22 60
22 61
22 143
22 144
22 145
22 146
23 18
23 19
23 20
23 21
23 22
23 24
23 25
23 26
23 27
23 28
23 29
24 18
24 19
24 20
24 21
24 22
24 23
24 25
24 26
24 27
24 28
24 29
24 30
24 53
24 57
25 19
25 20
25 21
25 22
25 23
25 24
25 26
25 27
25 28
25 29
25 30
25 31
25 53
25 54
25 56
25 57
25 60
26 20
26 21
26 22
26 23
26 24
26 25
26 27
26 28
26 29
26 30
26 31
26 32
26 53
26 54
26 57
27 21
27 22
27 23
27 24
27 25
27 26
27 28
27 29
27 30
27 31
27 32
27 53
28 22
28 23
28 24
28 25
28 26
28 27
28 29
28 30
28 31
28 32
28 33
28 34
28 49
28 50
28 52
28 53
28 54
28 56
29 23
29 24
29 25
29 26
29 27
29 28
29 30
29 31
29 32
29 33
29 34
29 35
29 46
29 49
29 50
29 51
29 52
29 53
29 54
29 57
30 24
30 25
30 26
30 27
30 28
30 29
30 31
30 32
30 33
30 34
30 35
30 49
30 50
30 53
31 25
31 26
31 27
31 28
31 29
31 30
31 32
31 33
31 34
31 35
31 36
31 37
31 46
31 49
31 50
31 53
32 26
32 27
32 28
32 29
32 30
32 31
32 33
32 34
32 35
32 36
32 37
32 43
32 45
32 46
32 47
32 48
32 49
32 50
32 51
32 52
32 53
33 28
33 29
33 30
33 31
33 32
33 34
33 35
33 36
33 37
33 38
33 43
33 46
33 47
33 49
33 50
34 28
34 29
34 30
34 31
34 32
34 33
34 35
34 36
34 37
34 38
34 39
34 46
35 29
35 30
35 31
35 32
35 33
35 34
35 36
35 37
35 38
35 39
35 40
35 42
35 43
35 45
35 46
35 47
35 49
35 50
36 31
36 32
36 33
36 34
36 35
36 37
36 38
36 39
36 40
36 41
36 42
36 43
36 44
36 45
36 46
36 47
36 49
36 50
37 31
37 32
37 33
37 34
37 35
37 36
37 38
37 39
37 40
37 41
37 42
37 43
37 46
38 33
38 34
38 35
38 36
38 37
38 39
38 40
38 41
38 42
38 43
38 46
39 34
39 35
39 36
39 37
39 38
39 40
39 41
39 42
39 43
39 45
39 46
40 35
40 36
40 37
40 38
40 39
40 41
40 42
40 43
40 44
40 45
40 46
41 36
41 37
41 38
41 39
41 40
41 42
41 43
41 44
41 45
42 35
42 36
42 37
42 38
42 39
42 40
42 41
42 43
42 44
42 45
42 46
42 47
42 48
43 32
43 33
43 35
43 36
43 37
43 38
43 39
43 40
43 41
43 42
43 44
43 45
43 46
43 47
43 48
43 94
43 97
44 36
44 40
44 41
44 42
44 43
44 45
44 46
44 47
44 48
44 49
44 50
44 93
44 94
44 95
44 96
44 97
44 98
44 100
44 101
45 32
45 35
45 36
45 39
45 40
45 41
45 42
45 43
45 44
45 46
45 47
45 48
45 49
45 50
45 51
45 94
45 97
45 98
46 29
46 31
46 32
46 33
46 34
46 35
46 36
46 37
46 38
46 39
46 40
46 42
46 43
46 44
46 45
46 47
46 48
46 49
46 50
46 51
46 52
46 94
47 32
47 33
47 35
47 36
47 42
47 43
47 44
47 45
47 46
47 48
47 49
47 50
47 51
47 52
47 53
47 90
47 91
47 92
47 93
47 94
47 95
47 97
47 98
48 32
48 42
48 43
48 44
48 45
48 46
48 47
48 49
48 50
48 51
48 52
48 53
48 54
48 90
48 91
48 93
48 94
48 95
48 97
48 98
49 28
49 29
49 30
49 31
49 32
49 33
49 35
49 36
49 44
49 45
49 46
49 47
49 48
49 50
49 51
49 52
49 53
49 54
49 55
49 94
50 28
50 29
50 30
50 31
50 32
50 33
50 35
50 36
50 44
50 45
50 46
50 47
50 48
50 49
50 51
50 52
50 53
50 54
50 55
50 56
50 90
50 91
50 93
50 94
51 29
51 32
51 45
51 46
51 47
51 48
51 49
51 50
51 52
51 53
51 54
51 55
51 56
51 57
51 87
51 88
51 89
51 90
51 91
51 92
51 93
51 94
51 95
52 28
52 29
52 32
52 46
52 47
52 48
52 49
52 50
52 51
52 53
52 54
52 55
52 56
52 57
52 58
52 90
52 91
52 94
53 24
53 25
53 26
53 27
53 28
53 29
53 30
53 31
53 32
53 47
53 48
53 49
53 50
53 51
53 52
53 54
53 55
53 56
53 57
53 58
53 59
53 90
54 25
54 26
54 28
54 29
54 48
54 49
54 50
54 51
54 52
54 53
54 55
54 56
54 57
54 58
54 59
54 60
54 86
54 87
54 89
54 90
54 91
55 49
55 50
55 51
55 52
55 53
55 54
55 56
55 57
55 58
55 59
55 60
55 61
55 86
55 87
55 88
55 89
55 90
55 91
56 21
56 25
56 28
56 50
56 51
56 52
56 53
56 54
56 55
56 57
56 58
56 59
56 60
56 61
56 62
57 21
57 22
57 24
57 25
57 26
57 29
57 51
57 52
57 53
57 54
57 55
57 56
57 58
57 59
57 60
57 61
57 62
57 63
57 142
57 143
58 52
58 53
58 54
58 55
58 56
58 57
58 59
58 60
58 61
58 62
58 63
58 64
58 83
58 86
58 87
58 90
58 140
58 141
58 142
58 143
59 11
59 53
59 54
59 55
59 56
59 57
59 58
59 60
59 61
59 62
59 63
59 64
59 65
59 83
59 87
60 10
60 11
60 14
60 15
60 18
60 21
60 22
60 25
60 54
60 55
60 56
60 57
60 58
60 59
60 61
60 62
60 63
60 64
60 65
60 66
60 143
61 14
61 15
61 18
61 22
61 55
61 56
61 57
61 58
61 59
61 60
61 62
61 63
61 64
61 65
61 66
61 140
61 141
61 142
61 143
61 144
61 145
62 56
62 57
62 58
62 59
62 60
62 61
62 63
62 64
62 65
62 66
62 67
62 71
62 83
62 140
62 142
62 143
63 10
63 11
63 12
63 14
63 15
63 57
63 58
63 59
63 60
63 61
63 62
63 64
63 65
63 66
63 67
63 68
64 11
64 12
64 14
64 15
64 16
64 18
64 58
64 59
64 60
64 61
64 62
64 63
64 65
64 66
64 67
64 68
64 69
64 70
64 71
64 143
64 145
64 148
65 15
65 59
65 60
65 61
65 62
65 63
65 64
65 66
65 67
65 68
65 69
65 70
65 71
65 72
65 143
66 15
66 60
66 61
66 62
66 63
66 64
66 65
66 67
66 68
66 69
66 70
66 71
66 72
67 11
67 12
67 15
67 62
67 63
67 64
67 65
67 66
67 68
67 69
67 70
67 71
68 15
68 63
68 64
68 65
68 66
68 67
68 69
68 70
68 71
68 148
69 64
69 65
69 66
69 67
69 68
69 70
69 71
69 72
70 64
70 65
70 66
70 67
70 68
70 69
70 71
70 72
70 73
70 202
70 205
71 62
71 64
71 65
71 66
71 67
71 68
71 69
71 70
71 72
71 73
71 74
71 75
71 76
71 79
71 205
72 65
72 66
72 69
72 70
72 71
72 73
72 74
72 75
72 76
72 78
72 79
72 140
72 205
72 206
73 70
73 71
73 72
73 74
73 75
73 76
73 79
73 205
73 206
73 207
73 208
74 71
74 72
74 73
74 75
74 76
74 77
74 78
74 79
74 80
74 130
74 132
74 206
74 208
75 71
75 72
75 73
75 74
75 76
75 77
75 78
75 79
75 80
75 81
75 130
76 71
76 72
76 73
76 74
76 75
76 77
76 78
76 79
76 80
76 81
76 82
77 74
77 75
77 76
77 78
77 79
77 80
77 81
77 82
77 83
77 126
77 130
78 72
78 74
78 75
78 76
78 77
78 79
78 80
78 81
78 82
78 83
78 84
78 122
78 125
78 126
78 129
78 130
78 131
78 132
79 71
79 72
79 73
79 74
79 75
79 76
79 77
79 78
79 80
79 81
79 82
79 83
79 84
79 85
79 126
79 139
79 140
80 74
80 75
80 76
80 77
80 78
80 79
80 81
80 82
80 83
80 84
80 85
80 86
81 75
81 76
81 77
81 78
81 79
81 80
81 82
81 83
81 84
81 85
81 86
81 87
81 119
81 122
81 123
81 125
81 126
81 139
82 76
82 77
82 78
82 79
82 80
82 81
82 83
82 84
82 85
82 86
82 87
82 88
82 122
82 123
82 126
82 138
82 139
82 140
83 58
83 59
83 62
83 77
83 78
83 79
83 80
83 81
83 82
83 84
83 85
83 86
83 87
83 88
83 89
83 139
83 140
84 78
84 79
84 80
84 81
84 82
84 83
84 85
84 86
84 87
84 88
84 89
84 90
84 118
84 119
84 122
84 139
85 79
85 80
85 81
85 82
85 83
85 84
85 86
85 87
85 88
85 89
85 90
85 118
85 119
85 120
85 121
85 122
85 123
85 138
85 139
85 140
86 54
86 55
86 58
86 80
86 81
86 82
86 83
86 84
86 85
86 87
86 88
86 89
86 90
86 91
86 119
86 137
86 138
86 139
86 140
86 141
87 51
87 54
87 55
87 58
87 59
87 81
87 82
87 83
87 84
87 85
87 86
87 88
87 89
87 90
87 91
87 92
87 139
88 51
88 55
88 82
88 83
88 84
88 85
88 86
88 87
88 89
88 90
88 91
88 92
88 93
88 95
88 115
88 116
88 118
88 119
89 51
89 54
89 55
89 83
89 84
89 85
89 86
89 87
89 88
89 90
89 91
89 92
89 93
89 94
89 115
89 116
89 119
89 137
89 138
89 139
89 335
90 47
90 48
90 50
90 51
90 52
90 53
90 54
90 55
90 58
90 84
90 85
90 86
90 87
90 88
90 89
90 91
90 92
90 93
90 94
90 95
91 47
91 48
91 50
91 51
91 52
91 54
91 55
91 86
91 87
91 88
91 89
91 90
91 92
91 93
91 94
91 95
91 96
91 115
92 47
92 51
92 87
92 88
92 89
92 90
92 91
92 93
92 94
92 95
92 96
92 97
92 98
92 111
92 112
92 115
92 116
92 119
92 335
93 44
93 47
93 48
93 50
93 51
93 88
93 89
93 90
93 91
93 92
93 94
93 95
93 96
93 97
93 98
93 99
93 112
93 115
93 329
93 330
93 335
94 43
94 44
94 45
94 46
94 47
94 48
94 49
94 50
94 51
94 52
94 89
94 90
94 91
94 92
94 93
94 95
94 96
94 97
94 98
94 99
94 100
95 44
95 47
95 48
95 51
95 88
95 90
95 91
95 92
95 93
95 94
95 96
95 97
95 98
95 99
95 100
95 101
95 108
95 111
95 112
95 115
96 44
96 91
96 92
96 93
96 94
96 95
96 97
96 98
96 99
96 100
96 101
96 105
96 107
96 108
96 109
96 110
96 111
96 112
96 113
96 115
96 329
97 43
97 44
97 45
97 47
97 48
97 92
97 93
97 94
97 95
97 96
97 98
97 99
97 100
97 101
97 102
97 104
97 105
97 107
97 108
97 111
97 112
97 329
98 44
98 45
98 47
98 48
98 92
98 93
98 94
98 95
98 96
98 97
98 99
98 100
98 101
98 102
98 103
98 104
98 107
98 108
98 111
99 93
99 94
99 95
99 96
99 97
99 98
99 100
99 101
99 102
99 103
99 104
99 105
99 106
99 107
99 108
99 109
99 110
99 111
99 112
100 44
100 94
100 95
100 96
100 97
100 98
100 99
100 101
100 102
100 103
100 104
100 105
100 106
100 107
100 108
100 109
100 110
100 111
101 44
101 95
101 96
101 97
101 98
101 99
101 100
101 102
101 103
101 104
101 105
101 107
101 108
102 97
102 98
102 99
102 100
102 101
102 103
102 104
102 105
102 107
102 108
103 98
103 99
103 100
103 101
103 102
103 104
103 105
103 106
103 107
103 108
103 109
103 110
103 111
104 97
104 98
104 99
104 100
104 101
104 102
104 103
104 105
104 106
104 107
104 108
104 109
105 96
105 97
105 99
105 100
105 101
105 102
105 103
105 104
105 106
105 107
105 108
105 109
105 110
106 99
106 100
106 103
106 104
106 105
106 107
106 108
106 109
106 110
106 111
107 96
107 97
107 98
107 99
107 100
107 101
107 102
107 103
107 104
107 105
107 106
107 108
107 109
107 110
107 111
107 112
107 113
108 95
108 96
108 97
108 98
108 99
108 100
108 101
108 102
108 103
108 104
108 105
108 106
108 107
108 109
108 110
108 111
108 112
108 113
109 96
109 99
109 100
109 103
109 104
109 105
109 106
109 107
109 108
109 110
109 111
109 112
109 113
109 114
109 115
109 231
109 235
109 333
110 96
110 99
110 100
110 103
110 105
110 106
110 107
110 108
110 109
110 111
110 112
110 113
110 114
110 115
110 116
111 92
111 95
111 96
111 97
111 98
111 99
111 100
111 103
111 106
111 107
111 108
111 109
111 110
111 112
111 113
111 114
111 115
111 116
111 117
112 92
112 93
112 95
112 96
112 97
112 99
112 107
112 108
112 109
112 110
112 111
112 113
112 114
112 115
112 116
112 117
112 118
112 227
112 228
112 231
112 333
112 334
112 335
113 96
113 107
113 108
113 109
113 110
113 111
113 112
113 114
113 115
113 116
113 117
113 118
113 119
113 227
113 228
113 231
113 232
113 333
114 109
114 110
114 111
114 112
114 113
114 115
114 116
114 117
114 118
114 119
114 120
114 228
115 88
115 89
115 91
115 92
115 93
115 95
115 96
115 109
115 110
115 111
115 112
115 113
115 114
115 116
115 117
115 118
115 119
115 120
115 121
115 335
116 88
116 89
116 92
116 110
116 111
116 112
116 113
116 114
116 115
116 117
116 118
116 119
116 120
116 121
116 122
116 224
116 225
116 226
116 227
116 228
116 231
116 333
116 334
116 335
117 111
117 112
117 113
117 114
117 115
117 116
117 118
117 119
117 120
117 121
117 122
117 123
117 224
117 225
117 227
117 228
118 84
118 85
118 88
118 112
118 113
118 114
118 115
118 116
118 117
118 119
118 120
118 121
118 122
118 123
118 124
119 81
119 84
119 85
119 86
119 88
119 89
119 92
119 113
119 114
119 115
119 116
119 117
119 118
119 120
119 121
119 122
119 123
119 124
119 125
119 224
119 225
119 227
119 335
120 85
120 114
120 115
120 116
120 117
120 118
120 119
120 121
120 122
120 123
120 124
120 125
120 126
120 221
120 223
120 224
120 225
120 226
120 227
120 228
121 85
121 115
121 116
121 117
121 118
121 119
121 120
121 122
121 123
121 124
121 125
121 126
121 127
121 224
121 225
122 78
122 81
122 82
122 84
122 85
122 116
122 117
122 118
122 119
122 120
122 121
122 123
122 124
122 125
122 126
122 127
122 224
123 81
123 82
123 85
123 117
123 118
123 119
123 120
123 121
123 122
123 124
123 125
123 126
123 127
123 128
123 132
123 135
123 139
123 220
123 221
123 224
123 225
124 118
124 119
124 120
124 121
124 122
124 123
124 125
124 126
124 127
124 128
124 129
124 130
124 131
124 132
124 135
124 220
124 221
124 224
124 225
125 78
125 81
125 119
125 120
125 121
125 122
125 123
125 124
125 126
125 127
125 128
125 129
125 130
125 131
125 132
126 77
126 78
126 79
126 81
126 82
126 120
126 121
126 122
126 123
126 124
126 125
126 127
126 128
126 129
126 130
126 131
126 132
126 133
126 134
126 135
127 121
127 122
127 123
127 124
127 125
127 126
127 128
127 129
127 130
127 131
127 132
127 133
127 134
127 135
127 212
127 217
127 220
127 221
127 224
128 123
128 124
128 125
128 126
128 127
128 129
128 130
128 131
128 132
128 133
128 217
128 221
129 78
129 124
129 125
129 126
129 127
129 128
129 130
129 131
129 132
130 74
130 75
130 77
130 78
130 124
130 125
130 126
130 127
130 128
130 129
130 131
130 132
130 133
131 78
131 124
131 125
131 126
131 127
131 128
131 129
131 130
131 132
131 133
131 134
131 209
131 210
131 211
131 212
131 217
132 74
132 78
132 123
132 124
132 125
132 126
132 127
132 128
132 129
132 130
132 131
132 133
132 134
132 135
132 136
132 208
132 209
132 210
132 211
132 212
133 126
133 127
133 128
133 130
133 131
133 132
133 134
133 135
133 136
133 208
133 209
133 210
133 211
133 212
133 213
133 216
133 217
133 220
133 269
134 126
134 127
134 131
134 132
134 133
134 135
134 136
134 137
134 209
134 210
134 211
134 212
134 216
134 217
134 219
134 220
134 223
134 259
134 265
134 268
134 269
134 270
134 272
134 273
135 123
135 124
135 126
135 127
135 132
135 133
135 134
135 136
135 137
135 138
135 139
135 209
135 220
135 223
135 224
135 269
135 272
135 273
136 132
136 133
136 134
136 135
136 137
136 138
136 139
136 140
136 141
136 268
136 269
136 271
136 272
136 273
136 275
136 276
137 86
137 89
137 134
137 135
137 136
137 138
137 139
137 140
137 141
137 272
137 275
137 276
138 82
138 85
138 86
138 89
138 135
138 136
138 137
138 139
138 140
138 141
138 142
138 272
139 79
139 81
139 82
139 83
139 84
139 85
139 86
139 87
139 89
139 123
139 135
139 136
139 137
139 138
139 140
139 141
139 142
140 58
140 61
140 62
140 72
140 79
140 82
140 83
140 85
140 86
140 136
140 137
140 138
140 139
140 141
140 142
140 143
141 58
141 61
141 86
141 136
141 137
141 138
141 139
141 140
141 142
141 143
141 144
141 205
142 57
142 58
142 61
142 62
142 138
142 139
142 140
142 141
142 143
142 144
142 145
143 22
143 57
143 58
143 60
143 61
143 62
143 64
143 65
143 140
143 141
143 142
143 144
143 145
143 146
143 147
143 148
144 18
144 19
144 22
144 61
144 141
144 142
144 143
144 145
144 146
144 147
144 148
144 149
144 198
144 201
145 17
145 18
145 19
145 20
145 21
145 22
145 61
145 64
145 142
145 143
145 144
145 146
145 147
145 148
145 149
145 150
146 18
146 19
146 20
146 22
146 143
146 144
146 145
146 147
146 148
146 149
146 150
146 185
147 18
147 19
147 143
147 144
147 145
147 146
147 148
147 149
147 150
147 151
147 194
147 198
148 18
148 19
148 64
148 68
148 143
148 144
148 145
148 146
148 147
148 149
148 150
148 151
148 152
149 15
149 16
149 17
149 18
149 19
149 20
149 144
149 145
149 146
149 147
149 148
149 150
149 151
149 152
149 185
150 145
150 146
150 147
150 148
150 149
150 151
150 152
150 153
150 154
150 185
151 147
151 148
151 149
151 150
151 152
151 153
151 154
151 155
152 148
152 149
152 150
152 151
152 153
152 154
152 155
152 156
153 150
153 151
153 152
153 154
153 155
153 156
154 150
154 151
154 152
154 153
154 155
154 156
154 157
155 151
155 152
155 153
155 154
155 156
155 157
155 158
155 160
156 152
156 153
156 154
156 155
156 157
156 158
156 159
156 160
156 161
157 154
157 155
157 156
157 158
157 159
157 160
157 161
158 155
158 156
158 157
158 159
158 160
158 161
159 156
159 157
159 158
159 160
159 161
159 162
160 155
160 156
160 157
160 158
160 159
160 161
160 162
160 163
160 179
161 156
161 157
161 158
161 159
161 160
161 162
161 163
161 164
161 179
162 159
162 160
162 161
162 163
162 164
162 165
162 175
162 176
162 178
162 179
162 180
162 191
162 192
163 160
163 161
163 162
163 164
163 165
163 166
163 173
163 174
163 175
163 176
163 177
163 178
163 179
163 191
164 161
164 162
164 163
164 165
164 166
164 167
164 172
164 173
164 174
164 175
164 176
164 177
164 179
164 190
164 191
164 192
165 162
165 163
165 164
165 166
165 167
165 168
165 171
165 172
165 173
165 174
165 175
165 176
165 190
166 163
166 164
166 165
166 167
166 168
166 169
166 170
166 171
166 172
166 173
166 174
166 175
167 164
167 165
167 166
167 168
167 169
167 170
167 171
167 172
167 173
167 174
168 165
168 166
168 167
168 169
168 170
168 171
168 172
168 173
169 166
169 167
169 168
169 170
169 171
169 172
170 166
170 167
170 168
170 169
170 171
170 172
170 173
171 165
171 166
171 167
171 168
171 169
171 170
171 172
171 173
171 174
172 164
172 165
172 166
172 167
172 168
172 169
172 170
172 171
172 173
172 174
172 190
173 163
173 164
173 165
173 166
173 167
173 168
173 170
173 171
173 172
173 174
173 175
173 176
173 189
173 190
173 191
173 192
173 193
174 163
174 164
174 165
174 166
174 167
174 171
174 172
174 173
174 175
174 176
174 177
174 189
174 190
174 191
174 192
175 162
175 163
175 164
175 165
175 166
175 173
175 174
175 176
175 177
175 178
175 179
175 180
175 181
175 189
175 190
175 191
175 192
176 162
176 163
176 164
176 165
176 173
176 174
176 175
176 177
176 178
176 179
176 180
177 163
177 164
177 174
177 175
177 176
177 178
177 179
177 180
177 181
178 162
178 163
178 175
178 176
178 177
178 179
178 180
178 181
179 160
179 161
179 162
179 163
179 164
179 175
179 176
179 177
179 178
179 180
179 181
179 182
180 162
180 175
180 176
180 177
180 178
180 179
180 181
180 182
180 183
180 185
180 186
180 187
181 175
181 177
181 178
181 179
181 180
181 182
181 183
181 184
181 185
181 186
181 187
182 179
182 180
182 181
182 183
182 184
182 185
182 186
182 187
183 180
183 181
183 182
183 184
183 185
183 186
183 187
184 181
184 182
184 183
184 185
184 186
184 187
185 146
185 149
185 150
185 180
185 181
185 182
185 183
185 184
185 186
185 187
185 188
186 180
186 181
186 182
186 183
186 184
186 185
186 187
186 188
186 189
187 180
187 181
187 182
187 183
187 184
187 185
187 186
187 188
187 189
187 190
187 191
187 194
188 185
188 186
188 187
188 189
188 190
188 191
189 173
189 174
189 175
189 186
189 187
189 188
189 190
189 191
189 192
189 193
189 194
190 164
190 165
190 172
190 173
190 174
190 175
190 187
190 188
190 189
190 191
190 192
190 193
190 194
190 195
191 162
191 163
191 164
191 173
191 174
191 175
191 187
191 188
191 189
191 190
191 192
191 193
191 194
191 195
191 196
191 197
192 162
192 164
192 173
192 174
192 175
192 189
192 190
192 191
192 193
192 194
192 195
192 196
192 197
192 198
193 173
193 189
193 190
193 191
193 192
193 194
193 195
193 196
193 197
193 198
193 199
194 147
194 187
194 189
194 190
194 191
194 192
194 193
194 195
194 196
194 197
194 198
194 199
194 200
195 190
195 191
195 192
195 193
195 194
195 196
195 197
195 198
195 199
195 200
195 201
196 191
196 192
196 193
196 194
196 195
196 197
196 198
196 199
196 200
196 201
196 202
197 191
197 192
197 193
197 194
197 195
197 196
197 198
197 199
197 200
197 201
197 202
197 203
198 144
198 147
198 192
198 193
198 194
198 195
198 196
198 197
198 199
198 200
198 201
198 202
198 203
198 204
199 193
199 194
199 195
199 196
199 197
199 198
199 200
199 201
199 202
199 203
199 204
199 205
200 194
200 195
200 196
200 197
200 198
200 199
200 201
200 202
200 203
200 204
200 205
200 206
200 267
201 144
201 195
201 196
201 197
201 198
201 199
201 200
201 202
201 203
201 204
201 205
201 206
201 207
202 70
202 196
202 197
202 198
202 199
202 200
202 201
202 203
202 204
202 205
202 206
202 207
203 197
203 198
203 199
203 200
203 201
203 202
203 204
203 205
203 206
203 207
203 208
203 267
204 198
204 199
204 200
204 201
204 202
204 203
204 205
204 206
204 207
204 208
204 209
204 266
204 267
204 268
204 269
205 70
205 71
205 72
205 73
205 141
205 199
205 200
205 201
205 202
205 203
205 204
205 206
205 207
205 208
205 268
206 72
206 73
206 74
206 200
206 201
206 202
206 203
206 204
206 205
206 207
206 208
206 209
207 73
207 201
207 202
207 203
207 204
207 205
207 206
207 208
207 209
207 210
207 266
207 267
207 268
208 73
208 74
208 132
208 133
208 203
208 204
208 205
208 206
208 207
208 209
208 210
208 211
208 266
209 131
209 132
209 133
209 134
209 135
209 204
209 206
209 207
209 208
209 210
209 211
209 212
209 265
209 266
209 268
209 269
210 131
210 132
210 133
210 134
210 207
210 208
210 209
210 211
210 212
210 213
210 264
210 265
210 266
210 269
211 131
211 132
211 133
211 134
211 208
211 209
211 210
211 212
211 213
211 214
211 216
211 217
211 265
212 127
212 131
212 132
212 133
212 134
212 209
212 210
212 211
212 213
212 214
212 215
212 216
212 217
212 218
212 219
212 220
212 259
212 262
213 133
213 210
213 211
213 212
213 214
213 215
213 216
213 217
213 218
213 219
213 262
214 211
214 212
214 213
214 215
214 216
214 217
214 218
214 219
214 220
215 212
215 213
215 214
215 216
215 217
215 218
215 219
215 220
215 221
215 255
215 258
215 259
215 262
216 133
216 134
216 211
216 212
216 213
216 214
216 215
216 217
216 218
216 219
216 220
216 221
216 222
216 255
216 256
216 257
216 258
216 259
216 260
216 261
216 262
217 127
217 128
217 131
217 133
217 134
217 211
217 212
217 213
217 214
217 215
217 216
217 218
217 219
217 220
217 221
217 222
217 223
217 255
217 258
217 259
218 212
218 213
218 214
218 215
218 216
218 217
218 219
218 220
218 221
218 222
218 223
218 224
218 254
218 255
218 258
218 259
219 134
219 212
219 213
219 214
219 215
219 216
219 217
219 218
219 220
219 221
219 222
219 223
219 224
219 225
219 251
219 252
219 253
219 254
219 255
219 256
219 257
219 258
219 259
220 123
220 124
220 127
220 133
220 134
220 135
220 212
220 214
220 215
220 216
220 217
220 218
220 219
220 221
220 222
220 223
220 224
220 225
220 226
220 252
220 255
220 256
220 258
220 259
221 120
221 123
221 124
221 127
221 128
221 215
221 216
221 217
221 218
221 219
221 220
221 222
221 223
221 224
221 225
221 226
221 255
222 216
222 217
222 218
222 219
222 220
222 221
222 223
222 224
222 225
222 226
222 227
222 229
222 248
222 251
222 252
222 254
222 255
222 256
223 120
223 134
223 135
223 217
223 218
223 219
223 220
223 221
223 222
223 224
223 225
223 226
223 227
223 248
223 251
223 252
223 253
223 254
223 255
223 256
223 276
224 116
224 117
224 119
224 120
224 121
224 122
224 123
224 124
224 127
224 135
224 218
224 219
224 220
224 221
224 222
224 223
224 225
224 226
224 227
224 228
224 229
224 252
224 255
225 116
225 117
225 119
225 120
225 121
225 123
225 124
225 219
225 220
225 221
225 222
225 223
225 224
225 226
225 227
225 228
225 229
225 230
225 248
225 251
226 116
226 120
226 220
226 221
226 222
226 223
226 224
226 225
226 227
226 228
226 229
226 230
226 231
226 232
226 247
226 248
226 249
226 250
226 251
226 252
226 255
226 334
226 335
227 112
227 113
227 116
227 117
227 119
227 120
227 222
227 223
227 224
227 225
227 226
227 228
227 229
227 230
227 231
227 232
227 233
227 248
227 333
227 334
227 335
228 112
228 113
228 114
228 116
228 117
228 120
228 224
228 225
228 226
228 227
228 229
228 230
228 231
228 232
228 233
228 234
228 248
228 334
229 222
229 224
229 225
229 226
229 227
229 228
229 230
229 231
229 232
229 233
229 234
229 244
229 247
229 248
229 251
229 334
230 225
230 226
230 227
230 228
230 229
230 231
230 232
230 233
230 234
230 235
230 236
230 243
230 244
230 245
230 246
230 247
230 248
230 249
230 251
230 333
230 334
231 109
231 112
231 113
231 116
231 226
231 227
231 228
231 229
231 230
231 232
231 233
231 234
231 235
231 236
231 238
231 239
231 244
231 248
231 332
231 333
231 334
232 113
232 226
232 227
232 228
232 229
232 230
232 231
232 233
232 234
232 235
232 236
232 237
232 238
232 244
233 227
233 228
233 229
233 230
233 231
233 232
233 234
233 235
233 236
233 237
233 238
233 239
233 241
233 242
233 243
233 244
233 245
233 247
233 248
234 228
234 229
234 230
234 231
234 232
234 233
234 235
234 236
234 237
234 238
234 239
234 240
234 241
234 242
234 243
234 244
234 245
235 109
235 230
235 231
235 232
235 233
235 234
235 236
235 237
235 238
235 239
235 244
236 230
236 231
236 232
236 233
236 234
236 235
236 237
236 238
236 239
236 241
236 243
236 244
237 232
237 233
237 234
237 235
237 236
237 238
237 239
237 240
237 241
237 242
237 243
237 244
238 231
238 232
238 233
238 234
238 235
238 236
238 237
238 239
238 240
238 241
238 242
238 243
238 244
239 231
239 233
239 234
239 235
239 236
239 237
239 238
239 240
239 241
239 242
239 243
239 244
239 245
239 287
239 288
239 332
240 234
240 237
240 238
240 239
240 241
240 242
240 243
240 244
240 245
240 287
240 288
240 289
240 291
240 292
241 233
241 234
241 236
241 237
241 238
241 239
241 240
241 242
241 243
241 244
241 245
241 246
241 287
241 288
241 289
242 233
242 234
242 237
242 238
242 239
242 240
242 241
242 243
242 244
242 245
242 246
242 247
242 287
242 288
242 289
243 230
243 233
243 234
243 236
243 237
243 238
243 239
243 240
243 241
243 242
243 244
243 245
243 246
243 247
243 248
243 249
243 288
244 229
244 230
244 231
244 232
244 233
244 234
244 235
244 236
244 237
244 238
244 239
244 240
244 241
244 242
244 243
244 245
244 246
244 247
244 248
244 249
244 250
244 287
244 288
245 230
245 233
245 234
245 239
245 240
245 241
245 242
245 243
245 244
245 246
245 247
245 248
245 249
245 250
245 283
245 286
245 287
245 288
245 289
246 230
246 241
246 242
246 243
246 244
246 245
246 247
246 248
246 249
246 250
246 251
246 252
246 283
246 288
247 226
247 229
247 230
247 233
247 242
247 243
247 244
247 245
247 246
247 248
247 249
247 250
247 251
247 252
248 222
248 223
248 225
248 226
248 227
248 228
248 229
248 230
248 231
248 233
248 243
248 244
248 245
248 246
248 247
248 249
248 250
248 251
248 252
248 253
248 254
248 283
248 334
249 226
249 230
249 243
249 244
249 245
249 246
249 247
249 248
249 250
249 251
249 252
249 253
249 254
249 255
249 280
249 283
250 226
250 244
250 245
250 246
250 247
250 248
250 249
250 251
250 252
250 253
250 254
250 255
250 256
251 219
251 222
251 223
251 225
251 226
251 229
251 230
251 246
251 247
251 248
251 249
251 250
251 252
251 253
251 254
251 255
251 256
251 257
252 219
252 220
252 222
252 223
252 224
252 226
252 246
252 247
252 248
252 249
252 250
252 251
252 253
252 254
252 255
252 256
252 257
252 258
252 276
252 277
252 279
252 280
253 219
253 223
253 248
253 249
253 250
253 251
253 252
253 254
253 255
253 256
253 257
253 258
253 259
253 276
253 277
253 280
254 218
254 219
254 222
254 223
254 248
254 249
254 250
254 251
254 252
254 253
254 255
254 256
254 257
254 258
254 259
254 260
255 215
255 216
255 217
255 218
255 219
255 220
255 221
255 222
255 223
255 224
255 226
255 249
255 250
255 251
255 252
255 253
255 254
255 256
255 257
255 258
255 259
255 260
255 276
256 216
256 219
256 220
256 222
256 223
256 250
256 251
256 252
256 253
256 254
256 255
256 257
256 258
256 259
256 260
256 261
256 273
256 274
256 276
256 277
257 216
257 219
257 251
257 252
257 253
257 254
257 255
257 256
257 258
257 259
257 260
257 261
257 262
258 215
258 216
258 217
258 218
258 219
258 220
258 252
258 253
258 254
258 255
258 256
258 257
258 259
258 260
258 261
258 262
259 134
259 212
259 215
259 216
259 217
259 218
259 219
259 220
259 253
259 254
259 255
259 256
259 257
259 258
259 260
259 261
259 262
259 263
259 265
259 273
260 216
260 254
260 255
260 256
260 257
260 258
260 259
260 261
260 262
260 263
260 265
260 270
260 273
260 274
261 216
261 256
261 257
261 258
261 259
261 260
261 262
261 263
261 264
262 212
262 213
262 215
262 216
262 257
262 258
262 259
262 260
262 261
262 263
262 264
262 265
263 259
263 260
263 261
263 262
263 264
263 265
263 266
264 210
264 261
264 262
264 263
264 265
264 266
264 267
264 269
264 270
265 134
265 209
265 210
265 211
265 259
265 260
265 262
265 263
265 264
265 266
265 267
265 268
265 269
265 270
265 271
265 273
266 204
266 207
266 208
266 209
266 210
266 263
266 264
266 265
266 267
266 268
266 269
266 270
266 271
266 272
267 200
267 203
267 204
267 207
267 264
267 265
267 266
267 268
267 269
267 270
267 271
267 272
268 134
268 136
268 204
268 205
268 207
268 209
268 265
268 266
268 267
268 269
268 270
268 271
268 272
268 273
268 274
269 133
269 134
269 135
269 136
269 204
269 209
269 210
269 264
269 265
269 266
269 267
269 268
269 270
269 271
269 272
269 273
269 274
269 275
270 134
270 260
270 264
270 265
270 266
270 267
270 268
270 269
270 271
270 272
270 273
270 274
270 275
270 276
271 136
271 265
271 266
271 267
271 268
271 269
271 270
271 272
271 273
271 274
271 275
271 276
271 277
272 134
272 135
272 136
272 137
272 138
272 266
272 267
272 268
272 269
272 270
272 271
272 273
272 274
272 275
272 276
272 277
272 278
273 134
273 135
273 136
273 256
273 259
273 260
273 265
273 268
273 269
273 270
273 271
273 272
273 274
273 275
273 276
273 277
273 278
273 279
274 256
274 260
274 268
274 269
274 270
274 271
274 272
274 273
274 275
274 276
274 277
274 278
274 279
275 136
275 137
275 269
275 270
275 271
275 272
275 273
275 274
275 276
275 277
275 278
275 279
275 280
276 136
276 137
276 223
276 252
276 253
276 255
276 256
276 270
276 271
276 272
276 273
276 274
276 275
276 277
276 278
276 279
276 280
276 281
277 252
277 253
277 256
277 271
277 272
277 273
277 274
277 275
277 276
277 278
277 279
277 280
277 281
277 282
278 272
278 273
278 274
278 275
278 276
278 277
278 279
278 280
278 281
278 282
279 252
279 273
279 274
279 275
279 276
279 277
279 278
279 280
279 281
279 282
279 283
279 284
280 249
280 252
280 253
280 275
280 276
280 277
280 278
280 279
280 281
280 282
280 283
280 284
281 276
281 277
281 278
281 279
281 280
281 282
281 283
281 284
281 285
281 286
282 277
282 278
282 279
282 280
282 281
282 283
282 284
282 285
282 286
282 290
282 331
283 245
283 246
283 248
283 249
283 279
283 280
283 281
283 282
283 284
283 285
283 286
283 287
283 288
283 289
283 290
283 294
283 331
284 279
284 280
284 281
284 282
284 283
284 285
284 286
284 287
284 288
284 289
284 290
284 291
284 293
284 294
284 295
284 298
284 331
285 281
285 282
285 283
285 284
285 286
285 287
285 288
285 289
285 290
285 291
285 293
285 294
285 295
285 298
285 323
285 324
285 326
285 327
285 328
285 330
285 331
285 332
286 245
286 281
286 282
286 283
286 284
286 285
286 287
286 288
286 289
286 290
286 291
286 294
286 295
286 327
286 328
286 330
286 331
286 332
286 333
286 334
287 239
287 240
287 241
287 242
287 244
287 245
287 283
287 284
287 285
287 286
287 288
287 289
287 290
287 291
287 292
287 293
287 294
287 295
287 327
287 328
287 331
287 332
288 239
288 240
288 241
288 242
288 243
288 244
288 245
288 246
288 283
288 284
288 285
288 286
288 287
288 289
288 290
288 291
288 292
288 293
288 294
288 332
289 240
289 241
289 242
289 245
289 283
289 284
289 285
289 286
289 287
289 288
289 290
289 291
289 292
289 293
289 294
289 295
290 282
290 283
290 284
290 285
290 286
290 287
290 288
290 289
290 291
290 292
290 293
290 294
290 295
290 296
290 297
290 298
290 324
290 327
290 331
291 240
291 284
291 285
291 286
291 287
291 288
291 289
291 290
291 292
291 293
291 294
291 295
291 296
291 324
291 327
292 240
292 287
292 288
292 289
292 290
292 291
292 293
292 294
292 295
292 296
292 297
293 284
293 285
293 287
293 288
293 289
293 290
293 291
293 292
293 294
293 295
293 296
293 297
293 298
294 283
294 284
294 285
294 286
294 287
294 288
294 289
294 290
294 291
294 292
294 293
294 295
294 296
294 297
294 298
294 299
294 300
295 284
295 285
295 286
295 287
295 289
295 290
295 291
295 292
295 293
295 294
295 296
295 297
295 298
295 299
295 300
295 301
295 323
295 324
295 327
296 290
296 291
296 292
296 293
296 294
296 295
296 297
296 298
296 299
296 300
296 301
296 302
297 290
297 292
297 293
297 294
297 295
297 296
297 298
297 299
297 300
297 301
297 302
297 303
298 284
298 285
298 290
298 293
298 294
298 295
298 296
298 297
298 299
298 300
298 301
298 302
298 303
298 304
298 320
298 323
299 294
299 295
299 296
299 297
299 298
299 300
299 301
299 302
299 303
299 304
299 305
299 316
299 317
299 319
299 320
299 321
299 323
300 294
300 295
300 296
300 297
300 298
300 299
300 301
300 302
300 303
300 304
300 305
300 306
300 320
301 295
301 296
301 297
301 298
301 299
301 300
301 302
301 303
301 304
301 305
301 306
301 307
301 316
302 296
302 297
302 298
302 299
302 300
302 301
302 303
302 304
302 305
302 306
302 307
302 312
302 313
302 315
302 316
302 317
302 319
302 320
303 297
303 298
303 299
303 300
303 301
303 302
303 304
303 305
303 306
303 307
303 308
303 312
303 313
303 316
303 317
303 320
304 298
304 299
304 300
304 301
304 302
304 303
304 305
304 306
304 307
304 308
304 309
304 313
304 316
305 299
305 300
305 301
305 302
305 303
305 304
305 306
305 307
305 308
305 309
305 310
305 311
305 312
305 313
305 315
305 316
305 317
306 300
306 301
306 302
306 303
306 304
306 305
306 307
306 308
306 309
306 310
306 311
306 312
306 313
306 314
306 315
306 316
306 317
307 301
307 302
307 303
307 304
307 305
307 306
307 308
307 309
307 310
307 311
307 312
307 313
307 316
307 317
308 303
308 304
308 305
308 306
308 307
308 309
308 310
308 311
308 312
308 313
309 304
309 305
309 306
309 307
309 308
309 310
309 311
309 312
309 313
310 305
310 306
310 307
310 308
310 309
310 311
310 312
310 313
310 314
311 305
311 306
311 307
311 308
311 309
311 310
311 312
311 313
311 314
311 315
311 316
312 302
312 303
312 305
312 306
312 307
312 308
312 309
312 310
312 311
312 313
312 314
312 315
312 316
312 317
313 302
313 303
313 304
313 305
313 306
313 307
313 308
313 309
313 310
313 311
313 312
313 314
313 315
313 316
313 317
313 318
313 319
314 306
314 310
314 311
314 312
314 313
314 315
314 316
314 317
314 318
314 319
315 302
315 305
315 306
315 311
315 312
315 313
315 314
315 316
315 317
315 318
315 319
315 320
316 299
316 301
316 302
316 303
316 304
316 305
316 306
316 307
316 311
316 312
316 313
316 314
316 315
316 317
316 318
316 319
316 320
316 321
316 322
317 299
317 302
317 303
317 305
317 306
317 307
317 312
317 313
317 314
317 315
317 316
317 318
317 319
317 320
317 321
317 322
318 313
318 314
318 315
318 316
318 317
318 319
318 320
318 321
318 322
318 323
319 299
319 302
319 313
319 314
319 315
319 316
319 317
319 318
319 320
319 321
319 322
319 323
319 324
319 326
320 298
320 299
320 300
320 302
320 303
320 315
320 316
320 317
320 318
320 319
320 321
320 322
320 323
320 324
320 325
321 299
321 316
321 317
321 318
321 319
321 320
321 322
321 323
321 324
321 325
321 326
322 316
322 317
322 318
322 319
322 320
322 321
322 323
322 324
322 325
322 326
322 327
323 285
323 295
323 298
323 299
323 318
323 319
323 320
323 321
323 322
323 324
323 325
323 326
323 327
323 328
323 329
324 285
324 290
324 291
324 295
324 319
324 320
324 321
324 322
324 323
324 325
324 326
324 327
324 328
324 329
324 331
325 320
325 321
325 322
325 323
325 324
325 326
325 327
325 328
325 329
325 330
325 331
326 285
326 319
326 321
326 322
326 323
326 324
326 325
326 327
326 328
326 329
326 330
326 331
326 332
327 285
327 286
327 287
327 290
327 291
327 295
327 322
327 323
327 324
327 325
327 326
327 328
327 329
327 330
327 331
327 332
327 333
328 285
328 286
328 287
328 323
328 324
328 325
328 326
328 327
328 329
328 330
328 331
328 332
328 333
329 93
329 96
329 97
329 323
329 324
329 325
329 326
329 327
329 328
329 330
329 331
329 332
329 333
330 93
330 285
330 286
330 325
330 326
330 327
330 328
330 329
330 331
330 332
330 333
330 334
330 335
331 282
331 283
331 284
331 285
331 286
331 287
331 290
331 324
331 325
331 326
331 327
331 328
331 329
331 330
331 332
331 333
331 334
331 335
332 231
332 239
332 285
332 286
332 287
332 288
332 326
332 327
332 328
332 329
332 330
332 331
332 333
332 334
332 335
333 109
333 112
333 113
333 116
333 227
333 230
333 231
333 286
333 327
333 328
333 329
333 330
333 331
333 332
333 334
333 335
334 112
334 116
334 226
334 227
334 228
334 229
334 230
334 231
334 248
334 286
334 330
334 331
334 332
334 333
334 335
335 89
335 92
335 93
335 112
335 115
335 116
335 119
335 226
335 227
335 330
335 331
335 332
335 333
335 334
