0 1
0 2
1 0
1 2
1 3
1 4
2 0
2 1
2 3
2 4
2 5
3 1
3 2
3 4
3 5
3 6
4 1
4 2
4 3
4 5
4 6
4 7
5 2
5 3
5 4
5 6
5 7
5 8
6 3
6 4
6 5
6 7
6 8
6 9
6 105
7 4
7 5
7 6
7 8
7 9
7 10
7 20
7 104
7 105
7 106
7 107
8 5
8 6
8 7
8 9
8 10
8 11
8 20
8 104
8 105
8 106
9 6
9 7
9 8
9 10
9 11
9 12
9 101
9 102
9 103
9 104
9 105
9 106
10 7
10 8
10 9
10 11
10 12
10 13
10 14
10 15
10 18
10 19
10 20
10 82
10 83
10 101
10 102
10 103
10 104
10 105
11 8
11 9
11 10
11 12
11 13
11 14
11 15
11 81
11 82
11 83
11 101
11 102
12 9
12 10
12 11
12 13
12 14
12 15
12 16
12 81
12 82
12 83
12 84
12 85
12 86
12 101
12 102
13 10
13 11
13 12
13 14
13 15
13 16
13 80
13 81
13 82
13 83
13 84
14 10
14 11
14 12
14 13
14 15
14 16
14 17
14 18
14 19
14 79
14 80
14 81
14 82
14 83
14 84
15 10
15 11
15 12
15 13
15 14
15 16
15 17
15 18
15 19
15 76
15 77
15 78
15 79
15 80
15 81
15 82
15 83
15 84
15 85
16 12
16 13
16 14
16 15
16 17
16 18
16 19
16 20
16 24
16 72
16 73
16 75
16 76
16 77
16 78
16 79
16 80
16 81
16 82
16 83
16 84
16 85
17 14
17 15
17 16
17 18
17 19
17 20
17 72
17 73
17 75
17 76
17 77
17 78
17 79
17 80
17 81
17 82
18 10
18 14
18 15
18 16
18 17
18 19
18 20
18 21
18 24
18 76
18 81
18 82
19 10
19 14
19 15
19 16
19 17
19 18
19 20
19 21
19 22
19 23
19 24
19 72
19 76
19 81
19 82
19 101
20 7
20 8
20 10
20 16
20 17
20 18
20 19
20 21
20 22
20 23
20 24
20 25
20 104
21 18
21 19
21 20
21 22
21 23
21 24
21 25
21 26
21 27
22 19
22 20
22 21
22 23
22 24
22 25
22 26
22 27
22 28
22 104
23 19
23 20
23 21
23 22
23 24
23 25
23 26
23 27
23 28
23 29
23 97
23 100
23 101
23 104
24 16
24 18
24 19
24 20
24 21
24 22
24 23
24 25
24 26
24 27
24 28
24 29
24 30
24 68
24 69
24 72
24 100
24 101
25 20
25 21
25 22
25 23
25 24
25 26
25 27
25 28
25 29
25 30
25 66
25 68
25 69
26 21
26 22
26 23
26 24
26 25
26 27
26 28
26 29
26 30
26 31
26 97
26 100
26 101
27 21
27 22
27 23
27 24
27 25
27 26
27 28
27 29
27 30
27 31
27 32
27 33
27 68
27 69
27 96
27 97
27 98
27 100
27 101
28 22
28 23
28 24
28 25
28 26
28 27
28 29
28 30
28 31
28 32
28 33
28 34
28 39
28 40
28 66
28 67
28 68
28 69
28 70
28 72
28 97
29 23
29 24
29 25
29 26
29 27
29 28
29 30
29 31
29 32
29 33
29 34
29 66
29 68
29 69
29 97
30 24
30 25
30 26
30 27
30 28
30 29
30 31
30 32
30 33
30 34
30 38
30 39
30 40
30 68
30 94
30 96
30 97
30 100
31 26
31 27
31 28
31 29
31 30
31 32
31 33
31 34
31 35
31 38
31 39
31 40
31 41
31 42
31 43
31 66
31 67
31 68
31 69
31 94
31 96
31 97
32 27
32 28
32 29
32 30
32 31
32 33
32 34
32 35
32 38
32 39
32 40
32 41
32 61
32 65
32 66
32 67
32 68
32 69
33 27
33 28
33 29
33 30
33 31
33 32
33 34
33 35
33 38
33 39
33 40
33 66
34 28
34 29
34 30
34 31
34 32
34 33
34 35
34 36
34 37
34 38
34 39
34 40
34 41
34 42
35 31
35 32
35 33
35 34
35 36
35 37
35 38
35 39
35 40
35 41
35 42
36 34
36 35
36 37
36 38
36 39
36 40
36 41
36 42
36 43
37 34
37 35
37 36
37 38
37 39
37 40
37 41
37 42
37 43
37 44
37 45
37 46
37 92
37 93
37 94
38 30
38 31
38 32
38 33
38 34
38 35
38 36
38 37
38 39
38 40
38 41
38 42
38 43
38 89
38 92
38 93
38 94
39 28
39 30
39 31
39 32
39 33
39 34
39 35
39 36
39 37
39 38
39 40
39 41
39 42
39 43
39 44
39 67
39 68
39 92
39 94
40 28
40 30
40 31
40 32
40 33
40 34
40 35
40 36
40 37
40 38
40 39
40 41
40 42
40 43
40 44
40 45
40 54
40 57
40 58
40 66
40 67
40 68
40 69
40 70
40 71
40 72
41 31
41 32
41 34
41 35
41 36
41 37
41 38
41 39
41 40
41 42
41 43
41 44
41 45
41 46
41 47
41 54
41 57
41 58
41 67
41 68
41 71
42 31
42 34
42 35
42 36
42 37
42 38
42 39
42 40
42 41
42 43
42 44
42 45
42 46
42 47
42 88
42 89
42 92
43 31
43 36
43 37
43 38
43 39
43 40
43 41
43 42
43 44
43 45
43 46
43 47
43 48
43 54
43 67
43 68
43 71
43 72
43 85
43 88
43 89
43 91
43 92
44 37
44 39
44 40
44 41
44 42
44 43
44 45
44 46
44 47
44 48
44 49
44 50
44 51
44 53
44 54
44 55
44 57
44 67
44 68
44 71
44 72
44 75
45 37
45 40
45 41
45 42
45 43
45 44
45 46
45 47
45 48
45 49
45 50
45 51
45 53
45 54
46 37
46 41
46 42
46 43
46 44
46 45
46 47
46 48
46 49
46 88
46 89
46 91
46 92
47 41
47 42
47 43
47 44
47 45
47 46
47 48
47 49
47 50
47 53
47 54
47 71
47 72
47 74
47 75
47 84
47 85
47 88
48 43
48 44
48 45
48 46
48 47
48 49
48 50
48 51
48 52
48 53
48 54
48 71
48 74
48 75
49 44
49 45
49 46
49 47
49 48
49 50
49 51
49 52
49 53
49 54
49 133
50 44
50 45
50 47
50 48
50 49
50 51
50 52
50 53
50 54
50 55
51 44
51 45
51 48
51 49
51 50
51 52
51 53
51 54
51 55
51 56
52 48
52 49
52 50
52 51
52 53
52 54
52 55
52 56
52 57
52 58
53 44
53 45
53 47
53 48
53 49
53 50
53 51
53 52
53 54
53 55
53 56
53 57
53 58
53 71
53 74
54 40
54 41
54 43
54 44
54 45
54 47
54 48
54 49
54 50
54 51
54 52
54 53
54 55
54 56
54 57
54 58
54 59
54 67
54 71
55 44
55 50
55 51
55 52
55 53
55 54
55 56
55 57
55 58
55 59
55 60
55 61
56 51
56 52
56 53
56 54
56 55
56 57
56 58
56 59
56 60
56 61
56 67
56 70
56 71
57 40
57 41
57 44
57 52
57 53
57 54
57 55
57 56
57 58
57 59
57 60
57 61
57 62
57 63
57 65
57 66
57 67
57 68
57 69
57 70
57 71
57 74
58 40
58 41
58 52
58 53
58 54
58 55
58 56
58 57
58 59
58 60
58 61
58 62
58 63
58 64
58 65
58 66
58 67
58 70
59 54
59 55
59 56
59 57
59 58
59 60
59 61
59 62
59 63
59 64
59 65
59 67
60 55
60 56
60 57
60 58
60 59
60 61
60 62
60 63
60 64
60 65
60 66
60 67
60 70
61 32
61 55
61 56
61 57
61 58
61 59
61 60
61 62
61 63
61 64
61 65
61 66
61 67
61 68
61 70
62 57
62 58
62 59
62 60
62 61
62 63
62 64
62 65
62 66
62 67
63 57
63 58
63 59
63 60
63 61
63 62
63 64
63 65
63 66
64 58
64 59
64 60
64 61
64 62
64 63
64 65
64 66
64 67
65 32
65 57
65 58
65 59
65 60
65 61
65 62
65 63
65 64
65 66
65 67
65 68
65 69
65 70
66 25
66 28
66 29
66 31
66 32
66 33
66 40
66 57
66 58
66 60
66 61
66 62
66 63
66 64
66 65
66 67
66 68
66 69
66 70
66 71
67 28
67 31
67 32
67 39
67 40
67 41
67 43
67 44
67 54
67 56
67 57
67 58
67 59
67 60
67 61
67 62
67 64
67 65
67 66
67 68
67 69
67 70
67 71
67 72
67 73
68 24
68 25
68 27
68 28
68 29
68 30
68 31
68 32
68 39
68 40
68 41
68 43
68 44
68 57
68 61
68 65
68 66
68 67
68 69
68 70
68 71
68 72
68 73
68 74
69 24
69 25
69 27
69 28
69 29
69 31
69 32
69 40
69 57
69 65
69 66
69 67
69 68
69 70
69 71
69 72
69 73
69 74
69 75
70 28
70 40
70 56
70 57
70 58
70 60
70 61
70 65
70 66
70 67
70 68
70 69
70 71
70 72
70 73
70 74
70 75
70 76
71 40
71 41
71 43
71 44
71 47
71 48
71 53
71 54
71 56
71 57
71 66
71 67
71 68
71 69
71 70
71 72
71 73
71 74
71 75
71 76
72 16
72 17
72 19
72 24
72 28
72 40
72 43
72 44
72 47
72 67
72 68
72 69
72 70
72 71
72 73
72 74
72 75
72 76
72 77
72 78
72 80
72 85
73 16
73 17
73 67
73 68
73 69
73 70
73 71
73 72
73 74
73 75
73 76
73 77
73 78
74 47
74 48
74 53
74 57
74 68
74 69
74 70
74 71
74 72
74 73
74 75
74 76
74 77
74 78
74 79
74 80
75 16
75 17
75 44
75 47
75 48
75 69
75 70
75 71
75 72
75 73
75 74
75 76
75 77
75 78
75 79
75 80
75 81
75 85
76 15
76 16
76 17
76 18
76 19
76 70
76 71
76 72
76 73
76 74
76 75
76 77
76 78
76 79
76 80
76 81
76 82
76 85
77 15
77 16
77 17
77 72
77 73
77 74
77 75
77 76
77 78
77 79
77 80
78 15
78 16
78 17
78 72
78 73
78 74
78 75
78 76
78 77
78 79
78 80
78 81
78 134
78 135
78 136
79 14
79 15
79 16
79 17
79 74
79 75
79 76
79 77
79 78
79 80
79 81
79 84
79 134
79 135
79 136
80 13
80 14
80 15
80 16
80 17
80 72
80 74
80 75
80 76
80 77
80 78
80 79
80 81
80 82
80 83
80 84
80 85
80 134
80 135
80 136
81 11
81 12
81 13
81 14
81 15
81 16
81 17
81 18
81 19
81 75
81 76
81 78
81 79
81 80
81 82
81 83
81 84
81 85
81 86
81 135
82 10
82 11
82 12
82 13
82 14
82 15
82 16
82 17
82 18
82 19
82 76
82 80
82 81
82 83
82 84
82 85
82 86
82 87
82 88
82 101
82 102
83 10
83 11
83 12
83 13
83 14
83 15
83 16
83 80
83 81
83 82
83 84
83 85
83 86
83 87
83 88
83 89
83 101
84 12
84 13
84 14
84 15
84 16
84 47
84 79
84 80
84 81
84 82
84 83
84 85
84 86
84 87
84 88
84 89
84 90
84 134
84 135
85 12
85 15
85 16
85 43
85 47
85 72
85 75
85 76
85 80
85 81
85 82
85 83
85 84
85 86
85 87
85 88
85 89
85 90
85 91
85 97
85 98
85 101
86 12
86 81
86 82
86 83
86 84
86 85
86 87
86 88
86 89
86 90
86 91
86 92
86 94
86 95
86 97
86 98
86 99
86 101
86 102
87 82
87 83
87 84
87 85
87 86
87 88
87 89
87 90
87 91
87 92
87 93
87 98
88 42
88 43
88 46
88 47
88 82
88 83
88 84
88 85
88 86
88 87
88 89
88 90
88 91
88 92
88 93
88 94
88 98
89 38
89 42
89 43
89 46
89 83
89 84
89 85
89 86
89 87
89 88
89 90
89 91
89 92
89 93
89 94
89 95
89 96
89 97
89 98
90 84
90 85
90 86
90 87
90 88
90 89
90 91
90 92
90 93
90 94
90 95
90 97
90 98
91 43
91 46
91 85
91 86
91 87
91 88
91 89
91 90
91 92
91 93
91 94
92 37
92 38
92 39
92 42
92 43
92 46
92 86
92 87
92 88
92 89
92 90
92 91
92 93
92 94
92 95
93 37
93 38
93 87
93 88
93 89
93 90
93 91
93 92
93 94
93 95
93 96
93 97
93 98
94 30
94 31
94 37
94 38
94 39
94 86
94 88
94 89
94 90
94 91
94 92
94 93
94 95
94 96
94 97
94 98
94 99
95 86
95 89
95 90
95 92
95 93
95 94
95 96
95 97
95 98
95 99
95 100
96 27
96 30
96 31
96 89
96 93
96 94
96 95
96 97
96 98
96 99
96 100
96 101
96 102
97 23
97 26
97 27
97 28
97 29
97 30
97 31
97 85
97 86
97 89
97 90
97 93
97 94
97 95
97 96
97 98
97 99
97 100
97 101
97 102
98 27
98 85
98 86
98 87
98 88
98 89
98 90
98 93
98 94
98 95
98 96
98 97
98 99
98 100
98 101
98 102
98 103
98 104
99 86
99 94
99 95
99 96
99 97
99 98
99 100
99 101
99 102
99 103
99 104
100 23
100 24
100 26
100 27
100 30
100 95
100 96
100 97
100 98
100 99
100 101
100 102
100 103
100 104
100 105
100 106
101 9
101 10
101 11
101 12
101 19
101 23
101 24
101 26
101 27
101 82
101 83
101 85
101 86
101 96
101 97
101 98
101 99
101 100
101 102
101 103
101 104
101 105
102 9
102 10
102 11
102 12
102 82
102 86
102 96
102 97
102 98
102 99
102 100
102 101
102 103
102 104
102 105
102 106
103 9
103 10
103 98
103 99
103 100
103 101
103 102
103 104
103 105
103 106
103 107
103 108
104 7
104 8
104 9
104 10
104 20
104 22
104 23
104 98
104 99
104 100
104 101
104 102
104 103
104 105
104 106
104 107
105 6
105 7
105 8
105 9
105 10
105 100
105 101
105 102
105 103
105 104
105 106
105 107
105 108
106 7
106 8
106 9
106 100
106 102
106 103
106 104
106 105
106 107
106 108
106 109
107 7
107 103
107 104
107 105
107 106
107 108
107 109
107 110
108 103
108 105
108 106
108 107
108 109
108 110
108 111
109 106
109 107
109 108
109 110
109 111
109 112
110 107
110 108
110 109
110 111
110 112
111 108
111 109
111 110
111 112
111 113
112 109
112 110
112 111
112 113
112 114
113 111
113 112
113 114
113 115
113 116
114 112
114 113
114 115
114 116
114 117
115 113
115 114
115 116
115 117
115 118
116 113
116 114
116 115
116 117
116 118
117 114
117 115
117 116
117 118
117 119
117 120
118 115
118 116
118 117
118 119
118 120
119 117
119 118
119 120
119 121
119 122
120 117
120 118
120 119
120 121
120 122
120 123
121 119
121 120
121 122
121 123
121 124
122 119
122 120
122 121
122 123
122 124
122 125
123 120
123 121
123 122
123 124
123 125
123 126
124 121
124 122
124 123
124 125
124 126
124 127
125 122
125 123
125 124
125 126
125 127
125 128
126 123
126 124
126 125
126 127
126 128
126 129
127 124
127 125
127 126
127 128
127 129
127 130
128 125
128 126
128 127
128 129
128 130
129 126
129 127
129 128
129 130
129 131
129 132
130 127
130 128
130 129
130 131
130 132
130 133
131 129
131 130
131 132
131 133
131 134
132 129
132 130
132 131
132 133
132 134
132 135
133 49
133 130
133 131
133 132
133 134
133 135
133 136
133 202
134 78
134 79
134 80
134 84
134 131
134 132
134 133
134 135
134 136
134 137
135 78
135 79
135 80
135 81
135 84
135 132
135 133
135 134
135 136
135 137
135 138
136 78
136 79
136 80
136 133
136 134
136 135
136 137
136 138
136 139
136 209
137 134
137 135
137 136
137 138
137 139
137 140
138 135
138 136
138 137
138 139
138 140
138 141
139 136
139 137
139 138
139 140
139 141
139 142
139 143
139 144
140 137
140 138
140 139
140 141
140 142
140 143
141 138
141 139
141 140
141 142
141 143
141 144
142 139
142 140
142 141
142 143
142 144
142 145
142 231
142 232
143 139
143 140
143 141
143 142
143 144
143 145
143 146
143 231
143 232
144 139
144 141
144 142
144 143
144 145
144 146
144 147
144 153
144 229
144 230
144 231
145 142
145 143
145 144
145 146
145 147
145 148
145 149
145 150
145 152
145 153
145 154
145 228
145 229
145 230
145 231
145 232
146 143
146 144
146 145
146 147
146 148
146 149
146 150
146 227
146 228
146 229
146 230
147 144
147 145
147 146
147 148
147 149
147 150
147 216
147 226
147 227
147 228
147 229
148 145
148 146
148 147
148 149
148 150
148 151
148 152
148 226
148 227
148 228
149 145
149 146
149 147
149 148
149 150
149 151
149 152
149 227
149 228
150 145
150 146
150 147
150 148
150 149
150 151
150 152
150 153
150 227
150 228
151 148
151 149
151 150
151 152
151 153
151 156
151 183
151 184
151 228
152 145
152 148
152 149
152 150
152 151
152 153
152 154
152 155
152 156
152 157
152 183
152 184
152 227
152 228
152 229
152 239
153 144
153 145
153 150
153 151
153 152
153 154
153 155
153 156
153 157
153 158
153 183
153 228
153 229
153 230
154 145
154 152
154 153
154 155
154 156
154 157
154 158
154 159
154 160
154 228
154 229
154 230
154 231
154 232
154 233
154 235
154 237
155 152
155 153
155 154
155 156
155 157
155 158
155 159
155 160
155 161
155 163
156 151
156 152
156 153
156 154
156 155
156 157
156 158
156 159
156 160
156 161
156 162
156 163
156 181
156 182
156 183
156 184
157 152
157 153
157 154
157 155
157 156
157 158
157 159
157 160
157 161
157 162
157 163
157 164
157 179
157 180
157 181
157 182
157 183
157 188
157 189
157 190
157 230
157 237
157 239
158 153
158 154
158 155
158 156
158 157
158 159
158 160
158 161
158 162
158 163
158 164
158 165
158 181
159 154
159 155
159 156
159 157
159 158
159 160
159 161
159 162
159 163
159 164
159 181
159 182
159 183
160 154
160 155
160 156
160 157
160 158
160 159
160 161
160 162
160 163
160 164
160 165
160 168
160 179
160 180
160 181
160 182
160 183
160 187
160 188
161 155
161 156
161 157
161 158
161 159
161 160
161 162
161 163
161 164
161 165
161 166
161 167
161 168
161 169
161 179
161 180
161 181
161 182
161 183
161 189
161 190
162 156
162 157
162 158
162 159
162 160
162 161
162 163
162 164
162 165
162 166
162 167
162 168
162 181
163 155
163 156
163 157
163 158
163 159
163 160
163 161
163 162
163 164
163 165
163 166
163 168
164 157
164 158
164 159
164 160
164 161
164 162
164 163
164 165
164 166
164 167
164 168
164 169
164 177
164 178
164 179
164 180
164 181
164 190
164 192
165 158
165 160
165 161
165 162
165 163
165 164
165 166
165 167
165 168
165 169
165 179
165 180
166 161
166 162
166 163
166 164
166 165
166 167
166 168
166 169
166 170
166 171
166 179
167 161
167 162
167 164
167 165
167 166
167 168
167 169
167 170
167 179
167 180
168 160
168 161
168 162
168 163
168 164
168 165
168 166
168 167
168 169
168 170
168 171
168 178
168 179
168 180
168 181
168 189
168 190
168 507
169 161
169 164
169 165
169 166
169 167
169 168
169 170
169 171
169 172
169 177
169 178
169 179
169 180
169 181
169 189
169 190
169 191
169 507
169 508
169 509
170 166
170 167
170 168
170 169
170 171
170 172
170 177
170 178
170 179
170 180
170 181
170 189
170 190
170 191
170 506
170 507
170 508
170 509
170 510
170 511
170 512
170 513
171 166
171 168
171 169
171 170
171 172
171 173
171 176
171 177
171 178
171 179
171 180
171 191
171 507
171 508
171 509
171 510
171 511
171 512
171 513
171 514
172 169
172 170
172 171
172 173
172 174
172 175
172 176
172 177
172 178
172 179
172 191
172 192
172 194
172 509
172 510
172 511
172 512
172 513
172 514
173 171
173 172
173 174
173 175
173 176
173 177
173 178
173 191
173 193
173 194
173 335
173 511
173 512
173 513
173 514
174 172
174 173
174 175
174 176
174 177
174 193
174 194
174 204
174 333
174 334
174 335
174 512
174 513
175 172
175 173
175 174
175 176
175 177
175 178
175 191
175 192
175 193
175 194
175 195
175 196
175 200
175 201
175 203
175 204
175 205
175 207
175 208
175 312
175 512
176 171
176 172
176 173
176 174
176 175
176 177
176 178
176 179
176 190
176 191
176 192
176 193
176 194
176 195
176 204
176 208
176 236
176 237
176 238
176 511
176 512
177 164
177 169
177 170
177 171
177 172
177 173
177 174
177 175
177 176
177 178
177 179
177 190
177 191
177 192
177 193
177 194
177 237
177 512
177 513
178 164
178 168
178 169
178 170
178 171
178 172
178 173
178 175
178 176
178 177
178 179
178 180
178 181
178 189
178 190
178 191
178 192
178 193
178 237
178 238
178 239
178 509
178 510
178 511
178 512
178 513
179 157
179 160
179 161
179 164
179 165
179 166
179 167
179 168
179 169
179 170
179 171
179 172
179 176
179 177
179 178
179 180
179 181
179 188
179 189
179 190
179 191
179 192
179 239
179 510
180 157
180 160
180 161
180 164
180 165
180 167
180 168
180 169
180 170
180 171
180 178
180 179
180 181
180 182
180 187
180 188
180 189
180 190
180 191
180 239
180 240
180 241
180 242
180 508
180 510
181 156
181 157
181 158
181 159
181 160
181 161
181 162
181 164
181 168
181 169
181 170
181 178
181 179
181 180
181 182
181 183
181 186
181 187
181 188
181 189
181 190
181 239
181 240
181 241
181 242
182 156
182 157
182 159
182 160
182 161
182 180
182 181
182 183
182 184
182 185
182 186
182 187
182 188
182 189
182 242
183 151
183 152
183 153
183 156
183 157
183 159
183 160
183 161
183 181
183 182
183 184
183 185
183 186
183 187
183 188
184 151
184 152
184 156
184 182
184 183
184 185
184 186
184 187
185 182
185 183
185 184
185 186
185 187
185 188
186 181
186 182
186 183
186 184
186 185
186 187
186 188
186 241
186 242
187 160
187 180
187 181
187 182
187 183
187 184
187 185
187 186
187 188
187 189
187 190
187 240
187 241
187 242
187 243
187 244
188 157
188 160
188 179
188 180
188 181
188 182
188 183
188 185
188 186
188 187
188 189
188 190
188 191
188 227
188 239
188 240
188 241
188 242
188 243
188 244
189 157
189 161
189 168
189 169
189 170
189 178
189 179
189 180
189 181
189 182
189 187
189 188
189 190
189 191
189 192
189 227
189 238
189 239
189 240
189 241
189 242
189 243
189 510
190 157
190 161
190 164
190 168
190 169
190 170
190 176
190 177
190 178
190 179
190 180
190 181
190 187
190 188
190 189
190 191
190 192
190 193
190 228
190 229
190 237
190 238
190 239
190 240
190 241
190 242
191 169
191 170
191 171
191 172
191 173
191 175
191 176
191 177
191 178
191 179
191 180
191 188
191 189
191 190
191 192
191 193
191 194
191 229
191 236
191 237
191 238
191 239
191 240
191 510
192 164
192 172
192 175
192 176
192 177
192 178
192 179
192 189
192 190
192 191
192 193
192 194
192 195
192 229
192 230
192 235
192 236
192 237
192 238
192 239
193 173
193 174
193 175
193 176
193 177
193 178
193 190
193 191
193 192
193 194
193 195
193 196
193 204
193 205
193 208
193 235
193 236
193 237
193 238
194 172
194 173
194 174
194 175
194 176
194 177
194 191
194 192
194 193
194 195
194 196
194 197
194 201
194 204
194 205
194 235
194 236
194 237
195 175
195 176
195 192
195 193
195 194
195 196
195 197
195 198
195 200
195 201
195 204
195 205
195 234
195 235
195 236
196 175
196 193
196 194
196 195
196 197
196 198
196 199
196 200
196 201
197 194
197 195
197 196
197 198
197 199
197 200
197 201
198 195
198 196
198 197
198 199
198 200
198 201
198 202
199 196
199 197
199 198
199 200
199 201
199 202
199 203
199 204
200 175
200 195
200 196
200 197
200 198
200 199
200 201
200 202
200 203
200 204
200 205
201 175
201 194
201 195
201 196
201 197
201 198
201 199
201 200
201 202
201 203
201 204
201 205
201 206
201 207
202 133
202 198
202 199
202 200
202 201
202 203
202 204
202 205
202 206
202 207
202 208
203 175
203 199
203 200
203 201
203 202
203 204
203 205
203 206
203 207
203 208
203 331
204 174
204 175
204 176
204 193
204 194
204 195
204 199
204 200
204 201
204 202
204 203
204 205
204 206
204 207
204 208
204 209
204 210
204 312
205 175
205 193
205 194
205 195
205 200
205 201
205 202
205 203
205 204
205 206
205 207
205 208
205 209
205 210
205 211
205 312
206 201
206 202
206 203
206 204
206 205
206 207
206 208
206 209
206 210
206 211
206 212
206 312
206 313
207 175
207 201
207 202
207 203
207 204
207 205
207 206
207 208
207 209
207 210
207 211
207 212
207 213
207 310
207 311
207 312
207 313
207 314
208 175
208 176
208 193
208 202
208 203
208 204
208 205
208 206
208 207
208 209
208 210
208 211
208 212
208 213
208 236
208 237
208 238
208 310
208 311
208 312
208 313
209 136
209 204
209 205
209 206
209 207
209 208
209 210
209 211
209 212
209 213
209 214
209 215
209 311
209 312
210 204
210 205
210 206
210 207
210 208
210 209
210 211
210 212
210 213
210 214
210 215
210 310
210 311
210 312
210 313
210 314
210 315
210 316
211 205
211 206
211 207
211 208
211 209
211 210
211 212
211 213
211 214
211 215
211 216
211 226
211 238
211 290
211 309
211 310
211 311
211 312
211 313
211 314
211 315
212 206
212 207
212 208
212 209
212 210
212 211
212 213
212 214
212 215
212 216
212 217
212 226
212 229
212 238
212 310
212 311
212 312
213 207
213 208
213 209
213 210
213 211
213 212
213 214
213 215
213 216
213 217
213 218
213 311
213 312
213 314
214 209
214 210
214 211
214 212
214 213
214 215
214 216
214 217
214 218
214 219
214 226
214 280
214 288
214 290
214 310
214 311
214 312
214 314
214 315
214 316
215 209
215 210
215 211
215 212
215 213
215 214
215 216
215 217
215 218
215 219
215 220
215 223
215 224
215 225
215 226
215 227
215 309
215 310
215 311
216 147
216 211
216 212
216 213
216 214
216 215
216 217
216 218
216 219
216 225
216 226
216 227
216 228
217 212
217 213
217 214
217 215
217 216
217 218
217 219
217 283
217 284
218 213
218 214
218 215
218 216
218 217
218 219
218 220
218 223
218 225
218 279
218 280
218 283
218 284
218 288
219 214
219 215
219 216
219 217
219 218
219 220
219 221
219 222
219 223
219 224
219 225
219 226
219 276
219 279
219 280
220 215
220 218
220 219
220 221
220 222
220 223
220 224
220 225
220 272
220 275
220 276
220 277
220 279
220 280
220 307
220 308
221 219
221 220
221 222
221 223
221 224
221 225
221 272
221 273
221 275
221 276
221 305
221 306
221 307
221 308
222 219
222 220
222 221
222 223
222 224
222 225
222 269
222 271
222 272
222 273
222 274
222 275
222 276
222 277
222 279
222 298
222 299
222 300
222 305
222 306
222 307
222 308
222 309
223 215
223 218
223 219
223 220
223 221
223 222
223 224
223 225
223 226
223 272
223 273
223 275
223 276
223 277
223 279
223 280
223 298
223 299
223 306
223 307
223 308
223 309
223 310
224 215
224 219
224 220
224 221
224 222
224 223
224 225
224 226
224 227
224 240
224 241
224 242
224 243
224 276
224 298
224 299
224 300
224 301
224 306
224 307
224 308
224 309
224 310
225 215
225 216
225 218
225 219
225 220
225 221
225 222
225 223
225 224
225 226
225 227
225 228
225 239
225 240
225 241
225 307
225 308
225 309
226 147
226 148
226 211
226 212
226 214
226 215
226 216
226 219
226 223
226 224
226 225
226 227
226 228
226 229
226 238
226 239
226 240
226 241
227 146
227 147
227 148
227 149
227 150
227 152
227 188
227 189
227 215
227 216
227 224
227 225
227 226
227 228
227 229
227 238
227 239
227 240
227 241
228 145
228 146
228 147
228 148
228 149
228 150
228 151
228 152
228 153
228 154
228 190
228 216
228 225
228 226
228 227
228 229
228 230
228 237
228 238
228 239
228 240
228 241
229 144
229 145
229 146
229 147
229 152
229 153
229 154
229 190
229 191
229 192
229 212
229 226
229 227
229 228
229 230
229 231
229 232
229 236
229 237
229 238
229 239
229 240
230 144
230 145
230 146
230 153
230 154
230 157
230 192
230 228
230 229
230 231
230 232
230 233
230 234
230 235
230 236
230 237
230 238
230 239
231 142
231 143
231 144
231 145
231 154
231 229
231 230
231 232
231 233
231 234
231 235
231 236
231 237
231 238
232 142
232 143
232 145
232 154
232 229
232 230
232 231
232 233
232 234
232 235
232 236
232 237
233 154
233 230
233 231
233 232
233 234
233 235
233 236
234 195
234 230
234 231
234 232
234 233
234 235
234 236
235 154
235 192
235 193
235 194
235 195
235 230
235 231
235 232
235 233
235 234
235 236
235 237
236 176
236 191
236 192
236 193
236 194
236 195
236 208
236 229
236 230
236 231
236 232
236 233
236 234
236 235
236 237
236 238
237 154
237 157
237 176
237 177
237 178
237 190
237 191
237 192
237 193
237 194
237 208
237 228
237 229
237 230
237 231
237 232
237 235
237 236
237 238
237 239
237 240
238 176
238 178
238 189
238 190
238 191
238 192
238 193
238 208
238 211
238 212
238 226
238 227
238 228
238 229
238 230
238 231
238 236
238 237
238 239
238 240
239 152
239 157
239 178
239 179
239 180
239 181
239 188
239 189
239 190
239 191
239 192
239 225
239 226
239 227
239 228
239 229
239 230
239 237
239 238
239 240
239 241
239 242
240 180
240 181
240 187
240 188
240 189
240 190
240 191
240 224
240 225
240 226
240 227
240 228
240 229
240 237
240 238
240 239
240 241
240 242
240 243
241 180
241 181
241 186
241 187
241 188
241 189
241 190
241 224
241 225
241 226
241 227
241 228
241 239
241 240
241 242
241 243
241 244
241 301
242 180
242 181
242 182
242 186
242 187
242 188
242 189
242 190
242 224
242 239
242 240
242 241
242 243
242 244
242 245
242 246
242 299
242 300
242 301
242 302
242 510
243 187
243 188
243 189
243 224
243 240
243 241
243 242
243 244
243 245
243 246
243 247
243 299
243 300
243 301
243 302
243 303
243 304
243 305
243 306
243 307
243 508
243 509
243 510
244 187
244 188
244 241
244 242
244 243
244 245
244 246
244 247
244 299
244 300
244 301
244 302
244 303
244 304
244 508
244 509
244 510
245 242
245 243
245 244
245 246
245 247
245 248
245 250
245 251
245 258
245 299
245 300
245 301
245 302
245 303
245 304
245 305
245 306
245 508
245 509
245 510
246 242
246 243
246 244
246 245
246 247
246 248
246 249
246 250
246 251
246 255
246 296
246 297
246 298
246 299
246 300
246 301
246 302
246 304
246 507
246 508
246 509
246 510
246 511
247 243
247 244
247 245
247 246
247 248
247 249
247 250
247 251
247 252
247 253
247 255
247 294
247 295
247 296
247 297
247 298
247 299
247 300
247 301
247 306
247 307
247 308
247 309
247 508
247 509
247 510
247 511
247 512
248 245
248 246
248 247
248 249
248 250
248 251
248 252
248 253
248 254
248 261
248 266
248 269
248 294
248 295
248 296
248 297
248 298
248 299
248 300
248 304
248 306
248 307
248 362
248 365
248 366
248 510
248 511
249 246
249 247
249 248
249 250
249 251
249 252
249 253
249 254
249 255
249 294
249 295
249 296
249 297
249 298
249 299
249 362
249 365
249 366
249 369
249 370
249 371
249 372
249 509
249 511
249 514
250 245
250 246
250 247
250 248
250 249
250 251
250 252
250 253
250 254
250 255
250 256
250 257
250 258
250 295
250 296
250 299
250 508
250 509
250 510
250 511
250 514
251 245
251 246
251 247
251 248
251 249
251 250
251 252
251 253
251 254
251 255
251 256
251 257
251 258
251 259
251 260
251 261
251 295
251 299
251 300
251 366
251 369
252 247
252 248
252 249
252 250
252 251
252 253
252 254
252 255
252 258
252 259
252 260
252 261
252 266
252 295
252 365
252 366
252 367
252 368
252 369
252 370
252 371
252 403
252 405
253 247
253 248
253 249
253 250
253 251
253 252
253 254
253 255
253 256
253 257
253 258
253 259
253 260
253 261
253 365
253 366
253 369
253 370
253 371
253 405
254 248
254 249
254 250
254 251
254 252
254 253
254 255
254 256
254 257
254 258
254 259
254 260
254 261
254 369
254 405
255 246
255 247
255 249
255 250
255 251
255 252
255 253
255 254
255 256
255 257
255 258
255 259
255 260
255 506
255 507
255 508
255 509
256 250
256 251
256 253
256 254
256 255
256 257
256 258
256 259
256 505
256 506
256 507
256 508
257 250
257 251
257 253
257 254
257 255
257 256
257 258
257 259
257 260
258 245
258 250
258 251
258 252
258 253
258 254
258 255
258 256
258 257
258 259
258 260
258 261
259 251
259 252
259 253
259 254
259 255
259 256
259 257
259 258
259 260
259 261
259 262
259 405
259 406
260 251
260 252
260 253
260 254
260 255
260 257
260 258
260 259
260 261
260 262
260 263
260 266
260 369
260 403
260 404
260 405
260 406
261 248
261 251
261 252
261 253
261 254
261 258
261 259
261 260
261 262
261 263
261 264
261 265
261 266
261 304
261 366
261 369
261 405
261 406
262 259
262 260
262 261
262 263
262 264
262 265
262 266
262 267
262 405
262 406
262 407
262 408
262 409
263 260
263 261
263 262
263 264
263 265
263 266
263 267
263 268
263 269
263 366
263 367
263 403
263 406
263 407
263 408
263 409
263 413
263 414
263 446
263 449
264 261
264 262
264 263
264 265
264 266
264 267
264 268
264 269
264 409
264 446
264 449
264 450
265 261
265 262
265 263
265 264
265 266
265 267
265 268
265 269
265 270
265 271
265 303
265 304
265 305
265 306
266 248
266 252
266 260
266 261
266 262
266 263
266 264
266 265
266 267
266 268
266 269
266 270
266 271
266 304
266 306
266 363
266 366
266 367
266 446
267 262
267 263
267 264
267 265
267 266
267 268
267 269
267 270
267 271
267 272
267 273
267 363
267 366
267 367
267 413
267 417
267 442
267 443
267 445
267 446
267 449
268 263
268 264
268 265
268 266
268 267
268 269
268 270
268 271
268 272
268 273
268 274
268 304
268 305
268 306
268 442
268 443
268 446
269 222
269 248
269 263
269 264
269 265
269 266
269 267
269 268
269 270
269 271
269 272
269 273
269 274
269 275
269 298
269 299
269 300
269 304
269 305
269 306
269 307
269 363
269 366
270 265
270 266
270 267
270 268
270 269
270 271
270 272
270 273
270 274
270 275
270 298
270 305
270 306
270 359
270 362
270 363
270 366
270 438
270 439
270 442
270 443
271 222
271 265
271 266
271 267
271 268
271 269
271 270
271 272
271 273
271 274
271 275
271 276
271 305
271 306
271 438
271 439
271 440
271 441
271 442
271 443
271 446
272 220
272 221
272 222
272 223
272 267
272 268
272 269
272 270
272 271
272 273
272 274
272 275
272 276
272 277
272 278
272 305
272 306
272 307
272 308
272 439
273 221
273 222
273 223
273 267
273 268
273 269
273 270
273 271
273 272
273 274
273 275
273 276
273 277
273 278
273 279
273 293
273 298
273 305
273 306
273 307
273 308
273 359
273 439
274 222
274 268
274 269
274 270
274 271
274 272
274 273
274 275
274 276
274 277
274 278
274 279
274 280
274 308
274 356
274 359
274 435
274 436
274 438
274 439
274 440
274 442
275 220
275 221
275 222
275 223
275 269
275 270
275 271
275 272
275 273
275 274
275 276
275 277
275 278
275 279
275 280
275 281
275 435
275 436
275 438
275 439
276 219
276 220
276 221
276 222
276 223
276 224
276 271
276 272
276 273
276 274
276 275
276 277
276 278
276 279
276 280
276 281
276 306
276 307
276 308
276 435
277 220
277 222
277 223
277 272
277 273
277 274
277 275
277 276
277 278
277 279
277 280
277 281
277 282
277 288
277 289
277 290
277 293
277 308
277 352
277 355
277 356
277 359
277 435
277 436
277 439
278 272
278 273
278 274
278 275
278 276
278 277
278 279
278 280
278 281
278 282
278 283
278 287
278 288
278 352
278 355
278 356
278 434
278 435
278 436
278 437
278 438
278 439
279 218
279 219
279 220
279 222
279 223
279 273
279 274
279 275
279 276
279 277
279 278
279 280
279 281
279 282
279 283
279 284
279 287
279 288
279 435
279 436
280 214
280 218
280 219
280 220
280 223
280 274
280 275
280 276
280 277
280 278
280 279
280 281
280 282
280 283
280 284
280 286
280 287
280 288
280 289
280 290
280 316
280 352
281 275
281 276
281 277
281 278
281 279
281 280
281 282
281 283
281 284
281 286
281 287
281 288
281 289
281 290
281 316
281 317
281 319
281 351
281 352
281 353
281 355
281 434
281 435
281 436
282 277
282 278
282 279
282 280
282 281
282 283
282 284
282 285
282 286
282 287
282 288
282 289
282 319
282 435
282 436
283 217
283 218
283 278
283 279
283 280
283 281
283 282
283 284
283 285
283 286
283 287
283 288
283 319
284 217
284 218
284 279
284 280
284 281
284 282
284 283
284 285
284 286
284 287
284 288
284 318
284 319
285 282
285 283
285 284
285 286
285 287
285 288
285 316
285 317
285 318
285 319
285 320
286 280
286 281
286 282
286 283
286 284
286 285
286 287
286 288
286 289
286 315
286 316
286 317
286 318
286 319
286 320
286 321
287 278
287 279
287 280
287 281
287 282
287 283
287 284
287 285
287 286
287 288
287 289
287 290
287 315
287 316
287 317
287 318
287 319
287 323
287 352
288 214
288 218
288 277
288 278
288 279
288 280
288 281
288 282
288 283
288 284
288 285
288 286
288 287
288 289
288 290
288 291
288 311
288 314
288 315
288 316
288 317
288 318
288 351
288 352
289 277
289 280
289 281
289 282
289 286
289 287
289 288
289 290
289 291
289 292
289 293
289 311
289 313
289 314
289 315
289 316
289 317
289 350
289 351
289 352
289 353
289 354
289 355
289 356
290 211
290 214
290 277
290 280
290 281
290 287
290 288
290 289
290 291
290 292
290 293
290 308
290 309
290 310
290 311
290 312
290 313
290 314
290 315
290 316
290 350
290 351
290 352
290 354
290 355
290 358
291 288
291 289
291 290
291 292
291 293
291 294
291 310
291 311
291 312
291 313
291 314
291 315
291 332
291 333
291 336
291 339
291 340
291 350
291 351
291 352
291 353
291 354
291 355
291 356
291 358
292 289
292 290
292 291
292 293
292 294
292 295
292 296
292 297
292 308
292 309
292 310
292 311
292 312
292 313
292 314
292 332
292 333
292 335
292 336
292 337
292 339
292 340
292 354
292 355
292 358
292 359
293 273
293 277
293 289
293 290
293 291
293 292
293 294
293 295
293 296
293 297
293 298
293 308
293 309
293 310
293 311
293 313
293 314
293 336
293 339
293 340
293 354
293 355
293 356
293 357
293 358
293 359
293 360
293 361
293 362
294 247
294 248
294 249
294 291
294 292
294 293
294 295
294 296
294 297
294 298
294 308
294 309
294 310
294 335
294 336
294 338
294 339
294 340
294 355
294 358
294 359
294 360
294 361
294 362
294 363
294 365
294 372
294 511
295 247
295 248
295 249
295 250
295 251
295 252
295 292
295 293
295 294
295 296
295 297
295 298
295 299
295 308
295 339
295 358
295 359
295 361
295 362
295 363
295 365
295 366
295 371
295 372
295 511
296 246
296 247
296 248
296 249
296 250
296 292
296 293
296 294
296 295
296 297
296 298
296 299
296 308
296 309
296 310
296 336
296 362
296 509
296 510
296 511
296 512
296 513
296 514
297 246
297 247
297 248
297 249
297 292
297 293
297 294
297 295
297 296
297 298
297 299
297 300
297 306
297 307
297 308
297 309
297 310
297 311
297 510
297 511
297 512
298 222
298 223
298 224
298 246
298 247
298 248
298 249
298 269
298 270
298 273
298 293
298 294
298 295
298 296
298 297
298 299
298 300
298 305
298 306
298 307
298 308
298 309
298 310
298 362
298 510
298 511
299 222
299 223
299 224
299 242
299 243
299 244
299 245
299 246
299 247
299 248
299 249
299 250
299 251
299 269
299 295
299 296
299 297
299 298
299 300
299 301
299 304
299 305
299 306
299 307
299 308
299 309
299 509
299 510
299 511
300 222
300 224
300 242
300 243
300 244
300 245
300 246
300 247
300 248
300 251
300 269
300 297
300 298
300 299
300 301
300 302
300 303
300 304
300 305
300 306
300 307
300 308
300 510
301 224
301 241
301 242
301 243
301 244
301 245
301 246
301 247
301 299
301 300
301 302
301 303
301 304
301 305
301 306
301 307
302 242
302 243
302 244
302 245
302 246
302 300
302 301
302 303
302 304
302 305
302 306
303 243
303 244
303 245
303 265
303 300
303 301
303 302
303 304
303 305
303 306
304 243
304 244
304 245
304 246
304 248
304 261
304 265
304 266
304 268
304 269
304 299
304 300
304 301
304 302
304 303
304 305
304 306
304 307
305 221
305 222
305 243
305 245
305 265
305 268
305 269
305 270
305 271
305 272
305 273
305 298
305 299
305 300
305 301
305 302
305 303
305 304
305 306
305 307
306 221
306 222
306 223
306 224
306 243
306 245
306 247
306 248
306 265
306 266
306 268
306 269
306 270
306 271
306 272
306 273
306 276
306 297
306 298
306 299
306 300
306 301
306 302
306 303
306 304
306 305
306 307
306 308
306 309
307 220
307 221
307 222
307 223
307 224
307 225
307 243
307 247
307 248
307 269
307 272
307 273
307 276
307 297
307 298
307 299
307 300
307 301
307 304
307 305
307 306
307 308
307 309
308 220
308 221
308 222
308 223
308 224
308 225
308 247
308 272
308 273
308 274
308 276
308 277
308 290
308 292
308 293
308 294
308 295
308 296
308 297
308 298
308 299
308 300
308 306
308 307
308 309
308 310
308 311
309 211
309 215
309 222
309 223
309 224
309 225
309 247
309 290
309 292
309 293
309 294
309 296
309 297
309 298
309 299
309 306
309 307
309 308
309 310
309 311
309 312
309 510
309 511
310 207
310 208
310 210
310 211
310 212
310 214
310 215
310 223
310 224
310 290
310 291
310 292
310 293
310 294
310 296
310 297
310 298
310 308
310 309
310 311
310 312
310 313
310 314
310 511
310 512
311 207
311 208
311 209
311 210
311 211
311 212
311 213
311 214
311 215
311 288
311 289
311 290
311 291
311 292
311 293
311 297
311 308
311 309
311 310
311 312
311 313
311 314
311 315
312 175
312 204
312 205
312 206
312 207
312 208
312 209
312 210
312 211
312 212
312 213
312 214
312 290
312 291
312 292
312 309
312 310
312 311
312 313
312 314
312 315
312 333
313 206
313 207
313 208
313 210
313 211
313 289
313 290
313 291
313 292
313 293
313 310
313 311
313 312
313 314
313 315
313 331
313 332
313 333
314 207
314 210
314 211
314 213
314 214
314 288
314 289
314 290
314 291
314 292
314 293
314 310
314 311
314 312
314 313
314 315
314 316
314 317
315 210
315 211
315 214
315 286
315 287
315 288
315 289
315 290
315 291
315 311
315 312
315 313
315 314
315 316
315 317
315 318
315 327
315 350
315 351
315 352
316 210
316 214
316 280
316 281
316 285
316 286
316 287
316 288
316 289
316 290
316 314
316 315
316 317
316 318
316 319
316 327
317 281
317 285
317 286
317 287
317 288
317 289
317 314
317 315
317 316
317 318
317 319
317 320
317 321
317 322
317 323
317 325
317 326
317 327
317 351
317 352
318 284
318 285
318 286
318 287
318 288
318 315
318 316
318 317
318 319
318 320
318 321
318 322
318 323
319 281
319 282
319 283
319 284
319 285
319 286
319 287
319 316
319 317
319 318
319 320
319 321
319 322
319 323
320 285
320 286
320 317
320 318
320 319
320 321
320 322
320 323
321 286
321 317
321 318
321 319
321 320
321 322
321 323
321 324
321 325
321 326
322 317
322 318
322 319
322 320
322 321
322 323
322 324
322 325
322 326
323 287
323 317
323 318
323 319
323 320
323 321
323 322
323 324
323 325
323 326
323 351
323 352
323 353
324 321
324 322
324 323
324 325
324 326
324 351
324 352
324 353
324 429
324 430
325 317
325 321
325 322
325 323
325 324
325 326
325 327
325 328
325 349
325 350
325 351
325 352
326 317
326 321
326 322
326 323
326 324
326 325
326 327
326 328
326 329
326 343
326 344
326 347
326 348
326 349
326 350
326 351
326 352
326 353
326 354
327 315
327 316
327 317
327 325
327 326
327 328
327 329
327 344
327 347
327 348
327 349
327 350
327 351
328 325
328 326
328 327
328 329
328 330
328 331
328 344
328 347
328 348
328 349
328 350
328 351
329 326
329 327
329 328
329 330
329 331
329 332
329 344
329 345
329 347
329 348
329 349
329 350
330 328
330 329
330 331
330 332
330 344
330 345
330 347
330 348
330 349
331 203
331 313
331 328
331 329
331 330
331 332
331 333
331 334
331 348
332 291
332 292
332 313
332 329
332 330
332 331
332 333
332 334
332 335
332 336
332 337
332 340
332 344
332 345
332 348
333 174
333 291
333 292
333 312
333 313
333 331
333 332
333 334
333 335
333 336
333 337
334 174
334 331
334 332
334 333
334 335
334 336
334 337
334 338
335 173
335 174
335 292
335 294
335 332
335 333
335 334
335 336
335 337
335 338
335 339
335 512
335 513
335 514
336 291
336 292
336 293
336 294
336 296
336 332
336 333
336 334
336 335
336 337
336 338
336 339
336 340
336 358
337 292
337 332
337 333
337 334
337 335
337 336
337 338
337 339
337 340
337 341
337 342
337 344
337 345
337 358
338 294
338 334
338 335
338 336
338 337
338 339
338 340
338 341
338 345
338 358
338 361
338 372
338 373
338 381
338 382
338 383
339 291
339 292
339 293
339 294
339 295
339 335
339 336
339 337
339 338
339 340
339 341
339 342
339 354
339 355
339 357
339 358
339 359
339 360
339 361
339 362
339 372
339 381
339 383
339 425
340 291
340 292
340 293
340 294
340 332
340 336
340 337
340 338
340 339
340 341
340 342
340 343
340 344
340 345
340 350
340 354
340 355
340 357
340 358
340 361
340 425
341 337
341 338
341 339
341 340
341 342
341 343
341 344
341 345
341 346
341 348
341 349
341 350
341 353
341 354
341 355
341 356
341 357
341 358
341 425
341 426
341 427
341 428
341 429
342 337
342 339
342 340
342 341
342 343
342 344
342 345
342 346
342 347
342 348
342 349
342 354
342 426
342 427
342 428
342 429
343 326
343 340
343 341
343 342
343 344
343 345
343 346
343 347
343 348
343 349
343 350
343 351
343 354
343 427
343 428
343 429
344 326
344 327
344 328
344 329
344 330
344 332
344 337
344 340
344 341
344 342
344 343
344 345
344 346
344 347
344 348
344 349
344 350
344 351
344 354
345 329
345 330
345 332
345 337
345 338
345 340
345 341
345 342
345 343
345 344
345 346
345 347
345 348
345 349
345 350
346 341
346 342
346 343
346 344
346 345
346 347
346 348
346 349
347 326
347 327
347 328
347 329
347 330
347 342
347 343
347 344
347 345
347 346
347 348
347 349
347 350
348 326
348 327
348 328
348 329
348 330
348 331
348 332
348 341
348 342
348 343
348 344
348 345
348 346
348 347
348 349
348 350
348 351
349 325
349 326
349 327
349 328
349 329
349 330
349 341
349 342
349 343
349 344
349 345
349 346
349 347
349 348
349 350
349 351
349 353
349 354
350 289
350 290
350 291
350 315
350 325
350 326
350 327
350 328
350 329
350 340
350 341
350 343
350 344
350 345
350 347
350 348
350 349
350 351
350 352
350 353
350 354
350 355
351 281
351 288
351 289
351 290
351 291
351 315
351 317
351 323
351 324
351 325
351 326
351 327
351 328
351 343
351 344
351 348
351 349
351 350
351 352
351 353
351 354
351 355
351 356
351 429
352 277
352 278
352 280
352 281
352 287
352 288
352 289
352 290
352 291
352 315
352 317
352 323
352 324
352 325
352 326
352 350
352 351
352 353
352 354
352 355
352 356
352 357
352 429
352 434
352 435
353 281
353 289
353 291
353 323
353 324
353 326
353 341
353 349
353 350
353 351
353 352
353 354
353 355
353 356
353 357
353 358
353 359
353 424
353 425
353 426
353 428
353 429
353 430
353 431
353 432
353 433
353 434
353 435
354 289
354 290
354 291
354 292
354 293
354 326
354 339
354 340
354 341
354 342
354 343
354 344
354 349
354 350
354 351
354 352
354 353
354 355
354 356
354 357
354 358
354 359
354 360
354 424
354 425
354 429
354 432
355 277
355 278
355 281
355 289
355 290
355 291
355 292
355 293
355 294
355 339
355 340
355 341
355 350
355 351
355 352
355 353
355 354
355 356
355 357
355 358
355 359
355 360
355 424
355 425
355 434
355 435
356 274
356 277
356 278
356 289
356 291
356 293
356 341
356 351
356 352
356 353
356 354
356 355
356 357
356 358
356 359
356 360
356 361
356 362
356 421
356 423
356 424
356 425
356 426
356 429
356 432
356 433
356 434
356 435
356 438
357 293
357 339
357 340
357 341
357 352
357 353
357 354
357 355
357 356
357 358
357 359
357 360
357 361
357 362
357 421
357 422
357 423
357 424
357 425
357 426
357 427
357 428
357 429
357 432
357 433
358 290
358 291
358 292
358 293
358 294
358 295
358 336
358 337
358 338
358 339
358 340
358 341
358 353
358 354
358 355
358 356
358 357
358 359
358 360
358 361
358 362
358 363
358 421
358 424
358 425
359 270
359 273
359 274
359 277
359 292
359 293
359 294
359 295
359 339
359 353
359 354
359 355
359 356
359 357
359 358
359 360
359 361
359 362
359 363
359 364
359 365
359 421
359 424
359 425
359 435
359 438
360 293
360 294
360 339
360 354
360 355
360 356
360 357
360 358
360 359
360 361
360 362
360 363
360 364
360 365
360 383
360 417
360 418
360 419
360 420
360 421
360 422
360 423
360 424
360 425
360 426
360 432
360 438
361 293
361 294
361 295
361 338
361 339
361 340
361 356
361 357
361 358
361 359
361 360
361 362
361 363
361 364
361 365
361 366
361 367
361 371
361 372
361 381
361 382
361 383
361 421
361 422
361 424
361 425
362 248
362 249
362 270
362 293
362 294
362 295
362 296
362 298
362 339
362 356
362 357
362 358
362 359
362 360
362 361
362 363
362 364
362 365
362 366
362 367
362 368
362 371
362 372
362 383
362 421
362 425
363 266
363 267
363 269
363 270
363 294
363 295
363 358
363 359
363 360
363 361
363 362
363 364
363 365
363 366
363 367
363 368
363 369
363 417
363 418
363 420
363 421
363 422
363 424
363 425
364 359
364 360
364 361
364 362
364 363
364 365
364 366
364 367
364 368
364 369
364 370
364 371
364 372
364 382
364 383
364 386
364 401
364 402
364 417
364 418
364 420
364 421
364 422
364 425
365 248
365 249
365 252
365 253
365 294
365 295
365 359
365 360
365 361
365 362
365 363
365 364
365 366
365 367
365 368
365 369
365 370
365 371
365 372
365 373
365 382
365 383
365 402
365 403
365 421
366 248
366 249
366 251
366 252
366 253
366 261
366 263
366 266
366 267
366 269
366 270
366 295
366 361
366 362
366 363
366 364
366 365
366 367
366 368
366 369
366 370
366 371
366 402
366 403
366 417
367 252
367 263
367 266
367 267
367 361
367 362
367 363
367 364
367 365
367 366
367 368
367 369
367 370
367 398
367 399
367 401
367 402
367 403
367 404
367 409
367 414
367 417
367 418
367 421
368 252
368 362
368 363
368 364
368 365
368 366
368 367
368 369
368 370
368 371
368 382
368 386
368 398
368 399
368 400
368 401
368 402
368 403
368 404
368 405
368 418
369 249
369 251
369 252
369 253
369 254
369 260
369 261
369 363
369 364
369 365
369 366
369 367
369 368
369 370
369 371
369 372
369 401
369 402
369 403
369 404
369 405
369 406
370 249
370 252
370 253
370 364
370 365
370 366
370 367
370 368
370 369
370 371
370 372
370 373
370 374
370 375
370 382
370 401
370 402
370 403
371 249
371 252
371 253
371 295
371 361
371 362
371 364
371 365
371 366
371 368
371 369
371 370
371 372
371 373
371 374
371 375
371 381
371 382
372 249
372 294
372 295
372 338
372 339
372 361
372 362
372 364
372 365
372 369
372 370
372 371
372 373
372 374
372 375
372 379
372 380
372 381
372 382
372 383
372 384
373 338
373 365
373 370
373 371
373 372
373 374
373 375
373 376
373 378
373 379
373 380
373 381
373 382
373 383
373 384
373 385
374 370
374 371
374 372
374 373
374 375
374 376
374 377
374 378
374 379
374 380
374 381
374 382
374 383
374 385
375 370
375 371
375 372
375 373
375 374
375 376
375 377
375 378
375 379
375 380
375 381
376 373
376 374
376 375
376 377
376 378
376 379
376 380
376 381
377 374
377 375
377 376
377 378
377 379
377 380
378 373
378 374
378 375
378 376
378 377
378 379
378 380
378 381
379 372
379 373
379 374
379 375
379 376
379 377
379 378
379 380
379 381
379 382
380 372
380 373
380 374
380 375
380 376
380 377
380 378
380 379
380 381
380 382
380 383
380 384
380 385
381 338
381 339
381 361
381 371
381 372
381 373
381 374
381 375
381 376
381 378
381 379
381 380
381 382
381 383
381 384
381 385
381 386
381 387
382 338
382 361
382 364
382 365
382 368
382 370
382 371
382 372
382 373
382 374
382 379
382 380
382 381
382 383
382 384
382 385
382 386
382 387
383 338
383 339
383 360
383 361
383 362
383 364
383 365
383 372
383 373
383 374
383 380
383 381
383 382
383 384
383 385
383 386
383 387
383 388
383 389
383 421
383 422
383 425
383 426
384 372
384 373
384 380
384 381
384 382
384 383
384 385
384 386
384 387
384 388
384 389
384 390
384 425
385 373
385 374
385 380
385 381
385 382
385 383
385 384
385 386
385 387
385 388
385 389
385 390
385 398
386 364
386 368
386 381
386 382
386 383
386 384
386 385
386 387
386 388
386 389
386 390
386 391
386 392
386 395
386 397
386 398
386 401
386 418
386 421
386 422
387 381
387 382
387 383
387 384
387 385
387 386
387 388
387 389
387 390
387 391
387 392
387 393
387 394
387 395
387 398
387 418
387 421
387 422
387 423
387 425
387 426
388 383
388 384
388 385
388 386
388 387
388 389
388 390
388 391
388 392
388 393
388 394
388 398
389 383
389 384
389 385
389 386
389 387
389 388
389 390
389 391
389 392
389 393
389 394
389 395
389 396
389 397
389 398
390 384
390 385
390 386
390 387
390 388
390 389
390 391
390 392
390 393
390 394
390 395
390 396
390 397
390 398
390 418
390 419
390 422
391 386
391 387
391 388
391 389
391 390
391 392
391 393
391 394
391 395
391 397
391 422
392 386
392 387
392 388
392 389
392 390
392 391
392 393
392 394
392 395
392 397
393 387
393 388
393 389
393 390
393 391
393 392
393 394
393 395
393 396
393 397
393 398
394 387
394 388
394 389
394 390
394 391
394 392
394 393
394 395
394 396
394 397
394 398
395 386
395 387
395 389
395 390
395 391
395 392
395 393
395 394
395 396
395 397
395 398
395 399
395 414
395 415
395 416
395 418
395 419
395 422
396 389
396 390
396 393
396 394
396 395
396 397
396 398
396 399
396 400
396 401
396 411
396 412
396 414
396 415
396 418
397 386
397 389
397 390
397 391
397 392
397 393
397 394
397 395
397 396
397 398
397 399
397 400
397 401
397 415
398 367
398 368
398 385
398 386
398 387
398 388
398 389
398 390
398 393
398 394
398 395
398 396
398 397
398 399
398 400
398 401
398 402
398 414
398 415
398 418
398 419
399 367
399 368
399 395
399 396
399 397
399 398
399 400
399 401
399 402
399 403
399 408
399 409
399 411
399 414
399 415
399 418
400 368
400 396
400 397
400 398
400 399
400 401
400 402
400 403
400 404
401 364
401 367
401 368
401 369
401 370
401 386
401 396
401 397
401 398
401 399
401 400
401 402
401 403
401 404
402 364
402 365
402 366
402 367
402 368
402 369
402 370
402 398
402 399
402 400
402 401
402 403
402 404
402 405
402 406
402 407
402 408
402 409
402 414
402 418
403 252
403 260
403 263
403 365
403 366
403 367
403 368
403 369
403 370
403 399
403 400
403 401
403 402
403 404
403 405
403 406
403 407
403 408
403 409
404 260
404 367
404 368
404 369
404 400
404 401
404 402
404 403
404 405
404 406
404 407
404 408
405 252
405 253
405 254
405 259
405 260
405 261
405 262
405 368
405 369
405 402
405 403
405 404
405 406
405 407
405 408
406 259
406 260
406 261
406 262
406 263
406 369
406 402
406 403
406 404
406 405
406 407
406 408
406 409
407 262
407 263
407 402
407 403
407 404
407 405
407 406
407 408
407 409
407 410
408 262
408 263
408 399
408 402
408 403
408 404
408 405
408 406
408 407
408 409
408 410
408 411
408 414
409 262
409 263
409 264
409 367
409 399
409 402
409 403
409 406
409 407
409 408
409 410
409 411
409 412
409 413
409 414
409 448
409 449
409 450
409 452
409 454
410 407
410 408
410 409
410 411
410 412
410 413
410 414
410 415
410 448
410 449
410 450
410 451
410 452
410 453
410 454
410 455
411 396
411 399
411 408
411 409
411 410
411 412
411 413
411 414
411 415
411 416
411 448
411 449
411 452
411 453
411 454
411 455
412 396
412 409
412 410
412 411
412 413
412 414
412 415
412 416
412 417
412 445
412 448
412 449
412 452
412 453
412 454
412 455
413 263
413 267
413 409
413 410
413 411
413 412
413 414
413 415
413 416
413 417
413 418
413 442
413 444
413 445
413 446
413 447
413 448
413 449
413 450
413 452
413 454
414 263
414 367
414 395
414 396
414 398
414 399
414 402
414 408
414 409
414 410
414 411
414 412
414 413
414 415
414 416
414 417
414 418
414 419
414 420
414 445
414 448
414 449
415 395
415 396
415 397
415 398
415 399
415 410
415 411
415 412
415 413
415 414
415 416
415 417
415 418
415 419
415 420
415 421
415 445
416 395
416 411
416 412
416 413
416 414
416 415
416 417
416 418
416 419
416 420
416 421
416 441
416 442
416 444
416 445
416 448
417 267
417 360
417 363
417 364
417 366
417 367
417 412
417 413
417 414
417 415
417 416
417 418
417 419
417 420
417 421
417 422
417 423
417 438
417 441
417 442
417 445
417 446
418 360
418 363
418 364
418 367
418 368
418 386
418 387
418 390
418 395
418 396
418 398
418 399
418 402
418 413
418 414
418 415
418 416
418 417
418 419
418 420
418 421
418 422
418 423
418 424
419 360
419 390
419 395
419 398
419 414
419 415
419 416
419 417
419 418
419 420
419 421
419 422
419 423
419 424
420 360
420 363
420 364
420 414
420 415
420 416
420 417
420 418
420 419
420 421
420 422
420 423
420 424
420 425
420 426
420 432
420 433
420 437
420 438
420 441
420 442
421 356
421 357
421 358
421 359
421 360
421 361
421 362
421 363
421 364
421 365
421 367
421 383
421 386
421 387
421 415
421 416
421 417
421 418
421 419
421 420
421 422
421 423
421 424
421 425
421 426
421 432
421 438
422 357
422 360
422 361
422 363
422 364
422 383
422 386
422 387
422 390
422 391
422 395
422 417
422 418
422 419
422 420
422 421
422 423
422 424
422 425
422 426
422 427
422 432
423 356
423 357
423 360
423 387
423 417
423 418
423 419
423 420
423 421
423 422
423 424
423 425
423 426
423 427
423 428
423 429
423 431
423 432
423 433
423 438
424 353
424 354
424 355
424 356
424 357
424 358
424 359
424 360
424 361
424 363
424 418
424 419
424 420
424 421
424 422
424 423
424 425
424 426
424 427
424 428
424 429
424 431
424 432
424 433
424 434
424 435
424 438
425 339
425 340
425 341
425 353
425 354
425 355
425 356
425 357
425 358
425 359
425 360
425 361
425 362
425 363
425 364
425 383
425 384
425 387
425 420
425 421
425 422
425 423
425 424
425 426
425 427
425 428
425 429
425 431
425 432
425 433
426 341
426 342
426 353
426 356
426 357
426 360
426 383
426 387
426 420
426 421
426 422
426 423
426 424
426 425
426 427
426 428
426 429
426 430
426 431
426 432
426 433
427 341
427 342
427 343
427 357
427 422
427 423
427 424
427 425
427 426
427 428
427 429
427 430
427 431
427 432
428 341
428 342
428 343
428 353
428 357
428 423
428 424
428 425
428 426
428 427
428 429
428 430
428 431
428 432
429 324
429 341
429 342
429 343
429 351
429 352
429 353
429 354
429 356
429 357
429 423
429 424
429 425
429 426
429 427
429 428
429 430
429 431
429 432
429 433
430 324
430 353
430 426
430 427
430 428
430 429
430 431
430 432
430 433
430 434
431 353
431 423
431 424
431 425
431 426
431 427
431 428
431 429
431 430
431 432
431 433
431 434
432 353
432 354
432 356
432 357
432 360
432 420
432 421
432 422
432 423
432 424
432 425
432 426
432 427
432 428
432 429
432 430
432 431
432 433
432 434
432 435
432 437
432 438
433 353
433 356
433 357
433 420
433 423
433 424
433 425
433 426
433 429
433 430
433 431
433 432
433 434
433 435
433 436
433 437
433 438
434 278
434 281
434 352
434 353
434 355
434 356
434 424
434 430
434 431
434 432
434 433
434 435
434 436
434 437
434 438
434 439
435 274
435 275
435 276
435 277
435 278
435 279
435 281
435 282
435 352
435 353
435 355
435 356
435 359
435 424
435 432
435 433
435 434
435 436
435 437
435 438
435 439
435 440
435 441
436 274
436 275
436 277
436 278
436 279
436 281
436 282
436 433
436 434
436 435
436 437
436 438
436 439
436 440
436 441
436 442
437 278
437 420
437 432
437 433
437 434
437 435
437 436
437 438
437 439
437 440
437 441
437 442
438 270
438 271
438 274
438 275
438 278
438 356
438 359
438 360
438 417
438 420
438 421
438 423
438 424
438 432
438 433
438 434
438 435
438 436
438 437
438 439
438 440
438 441
438 442
438 443
439 270
439 271
439 272
439 273
439 274
439 275
439 277
439 278
439 434
439 435
439 436
439 437
439 438
439 440
439 441
439 442
439 443
439 444
439 445
440 271
440 274
440 435
440 436
440 437
440 438
440 439
440 441
440 442
440 443
440 444
440 445
441 271
441 416
441 417
441 420
441 435
441 436
441 437
441 438
441 439
441 440
441 442
441 443
441 444
441 445
441 446
442 267
442 268
442 270
442 271
442 274
442 413
442 416
442 417
442 420
442 436
442 437
442 438
442 439
442 440
442 441
442 443
442 444
442 445
442 446
442 447
442 448
443 267
443 268
443 270
443 271
443 438
443 439
443 440
443 441
443 442
443 444
443 445
443 446
443 447
443 448
444 413
444 416
444 439
444 440
444 441
444 442
444 443
444 445
444 446
444 447
444 448
444 449
445 267
445 412
445 413
445 414
445 415
445 416
445 417
445 439
445 440
445 441
445 442
445 443
445 444
445 446
445 447
445 448
445 449
445 450
446 263
446 264
446 266
446 267
446 268
446 271
446 413
446 417
446 441
446 442
446 443
446 444
446 445
446 447
446 448
446 449
446 450
446 451
447 413
447 442
447 443
447 444
447 445
447 446
447 448
447 449
447 450
447 451
447 452
448 409
448 410
448 411
448 412
448 413
448 414
448 416
448 442
448 443
448 444
448 445
448 446
448 447
448 449
448 450
448 451
448 452
448 453
448 454
449 263
449 264
449 267
449 409
449 410
449 411
449 412
449 413
449 414
449 444
449 445
449 446
449 447
449 448
449 450
449 451
449 452
449 453
450 264
450 409
450 410
450 413
450 445
450 446
450 447
450 448
450 449
450 451
450 452
450 453
451 410
451 446
451 447
451 448
451 449
451 450
451 452
451 453
451 454
452 409
452 410
452 411
452 412
452 413
452 447
452 448
452 449
452 450
452 451
452 453
452 454
452 455
453 410
453 411
453 412
453 448
453 449
453 450
453 451
453 452
453 454
453 455
453 456
453 462
453 463
453 465
454 409
454 410
454 411
454 412
454 413
454 448
454 451
454 452
454 453
454 455
454 456
454 457
454 461
454 462
455 410
455 411
455 412
455 452
455 453
455 454
455 456
455 457
455 458
455 461
455 462
456 453
456 454
456 455
456 457
456 458
456 459
456 460
456 461
456 462
456 463
457 454
457 455
457 456
457 458
457 459
457 460
457 461
457 462
458 455
458 456
458 457
458 459
458 460
458 461
458 462
459 456
459 457
459 458
459 460
459 461
459 462
459 463
460 456
460 457
460 458
460 459
460 461
460 462
460 463
461 454
461 455
461 456
461 457
461 458
461 459
461 460
461 462
461 463
461 464
462 453
462 454
462 455
462 456
462 457
462 458
462 459
462 460
462 461
462 463
462 464
462 465
463 453
463 456
463 459
463 460
463 461
463 462
463 464
463 465
463 466
464 461
464 462
464 463
464 465
464 466
464 467
465 453
465 462
465 463
465 464
465 466
465 467
465 468
465 469
465 470
466 463
466 464
466 465
466 467
466 468
466 469
466 470
467 464
467 465
467 466
467 468
467 469
467 470
467 471
468 465
468 466
468 467
468 469
468 470
468 471
469 465
469 466
469 467
469 468
469 470
469 471
469 472
469 473
470 465
470 466
470 467
470 468
470 469
470 471
470 472
470 473
470 474
471 467
471 468
471 469
471 470
471 472
471 473
471 474
472 469
472 470
472 471
472 473
472 474
472 475
473 469
473 470
473 471
473 472
473 474
473 475
473 476
474 470
474 471
474 472
474 473
474 475
474 476
474 477
475 472
475 473
475 474
475 476
475 477
475 478
476 473
476 474
476 475
476 477
476 478
476 479
477 474
477 475
477 476
477 478
477 479
477 480
478 475
478 476
478 477
478 479
478 480
478 481
479 476
479 477
479 478
479 480
479 481
480 477
480 478
480 479
480 481
480 482
480 483
481 478
481 479
481 480
481 482
481 483
482 480
482 481
482 483
482 484
483 480
483 481
483 482
483 484
483 485
484 482
484 483
484 485
484 486
485 483
485 484
485 486
485 487
486 484
486 485
486 487
486 488
487 485
487 486
487 488
487 489
488 486
488 487
488 489
488 490
489 487
489 488
489 490
489 491
490 488
490 489
490 491
490 492
491 489
491 490
491 492
491 493
492 490
492 491
492 493
492 494
493 491
493 492
493 494
493 495
494 492
494 493
494 495
494 496
495 493
495 494
495 496
495 497
496 494
496 495
496 497
496 498
497 495
497 496
497 498
497 499
498 496
498 497
498 499
498 500
499 497
499 498
499 500
499 501
500 498
500 499
500 501
500 502
501 499
501 500
501 502
501 503
501 504
502 500
502 501
502 503
502 504
503 501
503 502
503 504
503 505
503 506
504 501
504 502
504 503
504 505
504 506
504 507
505 256
505 503
505 504
505 506
505 507
505 508
506 170
506 255
506 256
506 503
506 504
506 505
506 507
506 508
506 509
507 168
507 169
507 170
507 171
507 246
507 255
507 256
507 504
507 505
507 506
507 508
507 509
507 510
508 169
508 170
508 171
508 180
508 243
508 244
508 245
508 246
508 247
508 250
508 255
508 256
508 505
508 506
508 507
508 509
508 510
508 511
509 169
509 170
509 171
509 172
509 178
509 243
509 244
509 245
509 246
509 247
509 249
509 250
509 255
509 296
509 299
509 506
509 507
509 508
509 510
509 511
509 512
509 513
509 514
510 170
510 171
510 172
510 178
510 179
510 180
510 189
510 191
510 242
510 243
510 244
510 245
510 246
510 247
510 248
510 250
510 296
510 297
510 298
510 299
510 300
510 309
510 507
510 508
510 509
510 511
510 512
510 513
511 170
511 171
511 172
511 173
511 176
511 178
511 246
511 247
511 248
511 249
511 250
511 294
511 295
511 296
511 297
511 298
511 299
511 309
511 310
511 508
511 509
511 510
511 512
511 513
511 514
512 170
512 171
512 172
512 173
512 174
512 175
512 176
512 177
512 178
512 247
512 296
512 297
512 310
512 335
512 509
512 510
512 511
512 513
512 514
513 170
513 171
513 172
513 173
513 174
513 177
513 178
513 296
513 335
513 509
513 510
513 511
513 512
513 514
513 515
514 171
514 172
514 173
514 249
514 250
514 296
514 335
514 509
514 511
514 512
514 513
514 515
514 516
514 517
515 513
515 514
515 516
515 517
515 518
516 514
516 515
516 517
516 518
516 519
517 514
517 515
517 516
517 518
517 519
517 520
518 515
518 516
518 517
518 519
518 520
518 521
519 516
519 517
519 518
519 520
519 521
519 522
520 517
520 518
520 519
520 521
520 522
520 523
521 518
521 519
521 520
521 522
521 523
521 524
522 519
522 520
522 521
522 523
522 524
522 525
523 520
523 521
523 522
523 524
523 525
523 526
524 521
524 522
524 523
524 525
524 526
524 527
525 522
525 523
525 524
525 526
525 527
526 523
526 524
526 525
526 527
526 528
527 524
527 525
527 526
527 528
527 529
528 526
528 527
528 529
528 530
529 527
529 528
529 530
529 531
530 528
530 529
530 531
530 532
531 529
531 530
531 532
531 533
532 530
532 531
532 533
532 534
533 531
533 532
533 534
533 535
534 532
534 533
534 535
534 536
535 533
535 534
535 536
535 537
536 534
536 535
536 537
536 538
537 535
537 536
537 538
537 539
538 536
538 537
538 539
538 540
539 537
539 538
539 540
539 541
540 538
540 539
540 541
540 542
541 539
541 540
541 542
541 543
542 540
542 541
542 543
542 544
543 541
543 542
543 544
543 545
544 542
544 543
544 545
544 546
545 543
545 544
545 546
545 547
546 544
546 545
546 547
546 548
547 545
547 546
547 548
547 549
548 546
548 547
548 549
548 550
549 547
549 548
549 550
549 551
550 548
550 549
550 551
550 552
551 549
551 550
551 552
551 553
552 550
552 551
552 553
552 554
553 551
553 552
553 554
553 555
554 552
554 553
554 555
554 556
555 553
555 554
555 556
555 557
556 554
556 555
556 557
556 558
557 555
557 556
557 558
557 559
558 556
558 557
558 559
558 560
559 557
559 558
559 560
559 561
560 558
560 559
560 561
560 562
561 559
561 560
561 562
561 563
562 560
562 561
562 563
562 564
563 561
563 562
563 564
563 565
564 562
564 563
564 565
564 566
565 563
565 564
565 566
565 567
566 564
566 565
566 567
566 568
567 565
567 566
567 568
567 569
567 570
568 566
568 567
568 569
568 570
569 567
569 568
569 570
569 571
569 572
570 567
570 568
570 569
570 571
570 572
571 569
571 570
571 572
571 573
572 569
572 570
572 571
572 573
572 574
573 571
573 572
573 574
573 575
573 576
574 572
574 573
574 575
574 576
575 573
575 574
575 576
575 577
575 578
576 573
576 574
576 575
576 577
576 578
576 579
577 575
577 576
577 578
577 579
577 580
578 575
578 576
578 577
578 579
578 580
578 581
579 576
579 577
579 578
579 580
579 581
579 582
580 577
580 578
580 579
580 581
580 582
580 583
581 578
581 579
581 580
581 582
581 583
581 584
582 579
582 580
582 581
582 583
582 584
582 585
583 580
583 581
583 582
583 584
583 585
583 586
584 581
584 582
584 583
584 585
584 586
584 587
585 582
585 583
585 584
585 586
585 587
586 583
586 584
586 585
586 587
586 588
587 584
587 585
587 586
587 588
587 589
587 590
588 586
588 587
588 589
588 590
588 591
589 587
589 588
589 590
589 591
589 592
590 587
590 588
590 589
590 591
590 592
590 593
591 588
591 589
591 590
591 592
591 593
591 594
592 589
592 590
592 591
592 593
592 594
592 595
593 590
593 591
593 592
593 594
593 595
594 591
594 592
594 593
594 595
595 592
595 593
595 594
